Cass	1.0	0.0	0.0	0.0	3.823e-05	0.0	5.0	2.0	1.25	0.00019115	7.646e-05	4.77875e-05	2020-03-22
Cass	1.0	0.0	0.0	0.0	3.823e-05	0.0	5.0	2.0	1.25	0.00019115	7.646e-05	4.77875e-05	2020-03-23
Cass	2.0	0.0	0.0	0.0	7.646e-05	0.0	10.0	4.0	2.5	0.0003823	0.00015292	9.5575e-05	2020-03-24
Cass	2.0	0.0	0.0	0.0	7.646e-05	0.0	10.0	4.0	2.5	0.0003823	0.00015292	9.5575e-05	2020-03-25
Cass	2.0	0.0	0.0	0.0	7.646e-05	0.0	10.0	4.0	2.5	0.0003823	0.00015292	9.5575e-05	2020-03-26
Cass	2.0	0.0	0.0	0.0	7.646e-05	0.0	10.0	4.0	2.5	0.0003823	0.00015292	9.5575e-05	2020-03-27
Cass	2.0	0.0	0.0	0.0	7.646e-05	0.0	10.0	4.0	2.5	0.0003823	0.00015292	9.5575e-05	2020-03-28
Cass	2.0	0.0	0.0	0.0	7.646e-05	0.0	10.0	4.0	2.5	0.0003823	0.00015292	9.5575e-05	2020-03-29
Cass	2.0	0.0	0.0	0.0	7.646e-05	0.0	10.0	4.0	2.5	0.0003823	0.00015292	9.5575e-05	2020-03-30
Cass	2.0	0.0	0.0	0.0	7.646e-05	0.0	10.0	4.0	2.5	0.0003823	0.00015292	9.5575e-05	2020-03-31
Cass	2.0	0.0	0.0	0.0	7.646e-05	0.0	10.0	4.0	2.5	0.0003823	0.00015292	9.5575e-05	2020-04-01
Cass	2.0	0.0	0.0	0.0	7.646e-05	0.0	10.0	4.0	2.5	0.0003823	0.00015292	9.5575e-05	2020-04-02
Cass	2.0	0.0	0.0	0.0	7.646e-05	0.0	10.0	4.0	2.5	0.0003823	0.00015292	9.5575e-05	2020-04-03
Cass	2	0	0	0	_2020-3-24
Cass	2	0	0	0	_2020-3-25
Cass	2	0	0	0	_2020-3-26
