Name	Predicted_New_Cases	Total_Predicted_New_Cases	Total_Predicted_Cases	Predicted_New_Deaths	Total_Predicted_New_Deaths	Total_Predicted_Deaths	Predicted_New_per_capita	Predicted_Total_New_per_capita	Predicted_Total_Cases_per_capita	Predicted_New_Deaths_per_capita	Total_Predicted_New_Deaths_per_capita	Total_Predicted_Deaths_per_capita
Wright	0.0	1.69	10.69	0.023	282.757	282.757	0.0	9.196e-05	0.00058167	1.25e-06	0.01538562	0.01538562
Linn	0.0	0.0	5.0	0.0	0.0	1.0	0.0	0.0	0.00041539	0.0	0.0	8.308e-05
Pike	0.0	1.713	7.713	0.0	0.0	0.0	0.0	9.257e-05	0.00041683	0.0	0.0	0.0
Wayne	0.0	0.0	0.0	0.0	0.0	0.0	0.0	0.0	0.0	0.0	0.0	0.0
Andrew	0.0	0.0	1.0	0.0	0.0	0.0	0.0	0.0	5.68e-05	0.0	0.0	0.0
Pemiscot	1.081	298.763	306.763	0.0	0.0	0.0	6.643e-05	0.01836056	0.0188522	0.0	0.0	0.0
Lewis	0.0	0.0	0.0	0.0	0.0	0.0	0.0	0.0	0.0	0.0	0.0	0.0
Montgomery	0.0	1.129	7.129	0.0	0.0	0.0	0.0	9.788e-05	0.00061809	0.0	0.0	0.0
Platte	0.018	45.503	71.503	0.0	0.0	0.0	1.7e-07	0.00044184	0.0006943	0.0	0.0	0.0
Webster	1.053	290.998	295.998	0.0	0.0	0.0	2.692e-05	0.00744069	0.00756854	0.0	0.0	0.0
Reynolds	0.0	0.0	2.0	0.0	0.0	0.0	0.0	0.0	0.0003198	0.0	0.0	0.0
Dent	0.0	0.0	0.0	0.0	0.0	0.0	0.0	0.0	0.0	0.0	0.0	0.0
St. Louis City	0.092	1117.393	1840.393	0.092	99.528	125.528	N/A	N/A	N/A	N/A	N/A	N/A
Taney	0.0	0.725	8.725	0.0	0.0	1.0	0.0	1.298e-05	0.00015622	0.0	0.0	1.79e-05
Lincoln	0.002	20.269	55.269	0.0	0.0	1.0	3e-08	0.00035137	0.0009581	0.0	0.0	1.734e-05
Ralls	0.0	0.0	1.0	0.0	0.0	0.0	0.0	0.0	9.792e-05	0.0	0.0	0.0
Camden	0.0	2.342	28.342	0.0	0.0	1.0	0.0	5.112e-05	0.00061862	0.0	0.0	2.183e-05
New Madrid	0.0	0.0	8.0	0.0	0.0	0.0	0.0	0.0	0.00046253	0.0	0.0	0.0
Howell	0.0	0.0	4.0	0.0	0.0	0.0	0.0	0.0	9.981e-05	0.0	0.0	0.0
Caldwell	0.0	0.0	1.0	0.0	0.0	0.0	0.0	0.0	0.00010979	0.0	0.0	0.0
Washington	0.0	0.0	1.0	0.0	0.0	0.0	0.0	0.0	4.009e-05	0.0	0.0	0.0
Gasconade	0.0	0.0	2.0	0.0	0.0	0.0	0.0	0.0	0.00013601	0.0	0.0	0.0
Macon	0.0	0.0	2.0	0.0	0.0	0.0	0.0	0.0	0.00013199	0.0	0.0	0.0
Dunklin	0.273	147.62	164.62	0.0	0.0	0.0	9.28e-06	0.00501716	0.00559494	0.0	0.0	0.0
Bates	0.035	31.673	37.673	0.0	0.0	1.0	2.14e-06	0.00194075	0.00230839	0.0	0.0	6.127e-05
Cass	0.04	68.439	113.439	0.0	0.0	4.0	3.8e-07	0.00065209	0.00108084	0.0	0.0	3.811e-05
Jefferson	0.005	161.461	300.461	0.0	0.0	3.0	2e-08	0.00071969	0.00133927	0.0	0.0	1.337e-05
Newton	0.912	252.2	261.2	0.0	0.0	0.0	1.565e-05	0.00432842	0.00448289	0.0	0.0	0.0
Pulaski	0.0	0.177	16.177	0.0	0.0	1.0	0.0	3.4e-06	0.00031101	0.0	0.0	1.923e-05
Ripley	0.0	3.375	6.375	0.0	0.0	0.0	0.0	0.00025185	0.00047571	0.0	0.0	0.0
Barton	0.0	0.0	0.0	0.0	0.0	0.0	0.0	0.0	0.0	0.0	0.0	0.0
Maries	0.0	0.0	2.0	0.0	0.0	0.0	0.0	0.0	0.00022808	0.0	0.0	0.0
Saint Louis	0.213	2595.007	4446.007	0.076	152.886	205.886	2.1e-07	0.00260296	0.00445963	8e-08	0.00015335	0.00020652
Mississippi	0.0	0.0	0.0	0.0	0.0	0.0	0.0	0.0	0.0	0.0	0.0	0.0
Monroe	0.0	0.0	0.0	0.0	0.0	0.0	0.0	0.0	0.0	0.0	0.0	0.0
Douglas	0.0	0.0	0.0	0.0	0.0	0.0	0.0	0.0	0.0	0.0	0.0	0.0
Saint Francois	0.0	3.708	26.708	0.0	0.0	1.0	0.0	5.56e-05	0.00040047	0.0	0.0	1.499e-05
Pettis	0.0	0.0	3.0	0.0	0.0	0.0	0.0	0.0	7.052e-05	0.0	0.0	0.0
Lawrence	0.0	0.0	0.0	0.0	0.0	0.0	0.0	0.0	0.0	0.0	0.0	0.0
Marion	0.0	0.0	0.0	0.0	0.0	0.0	0.0	0.0	0.0	0.0	0.0	0.0
Mercer	0.0	0.0	0.0	0.0	0.0	0.0	0.0	0.0	0.0	0.0	0.0	0.0
McDonald	0.0	5.853	9.853	0.0	0.0	0.0	0.0	0.00025362	0.00042694	0.0	0.0	0.0
Livingston	0.0	3.375	5.375	0.0	0.0	0.0	0.0	0.00022283	0.00035488	0.0	0.0	0.0
Benton	0.0	0.0	3.0	0.0	0.0	0.0	0.0	0.0	0.00015562	0.0	0.0	0.0
Saint Charles	0.058	709.641	1109.641	0.045	49.174	65.174	1.5e-07	0.00177774	0.00277979	1.1e-07	0.00012319	0.00016327
Henry	0.371	136.621	141.621	0.0	0.0	1.0	1.702e-05	0.00626932	0.00649876	0.0	0.0	4.589e-05
Ozark	0.0	0.0	0.0	0.0	0.0	0.0	0.0	0.0	0.0	0.0	0.0	0.0
Carter	0.0	0.0	3.0	0.0	0.0	1.0	0.0	0.0	0.00049554	0.0	0.0	0.00016518
Madison	0.0	0.0	1.0	0.0	0.0	0.0	0.0	0.0	8.205e-05	0.0	0.0	0.0
Boone	0.0	14.915	101.915	0.0	0.0	1.0	0.0	8.286e-05	0.00056618	0.0	0.0	5.56e-06
Holt	0.0	0.0	0.0	0.0	0.0	0.0	0.0	0.0	0.0	0.0	0.0	0.0
Schuyler	0.0	0.0	0.0	0.0	0.0	0.0	0.0	0.0	0.0	0.0	0.0	0.0
Laclede	0.0	0.0	0.0	0.0	0.0	0.0	0.0	0.0	0.0	0.0	0.0	0.0
Buchanan	0.0	4.991	26.991	0.0	0.0	1.0	0.0	5.635e-05	0.00030474	0.0	0.0	1.129e-05
Hickory	0.0	0.0	0.0	0.0	0.0	0.0	0.0	0.0	0.0	0.0	0.0	0.0
Scott	0.15	110.743	136.743	0.0	0.0	0.0	3.9e-06	0.00287958	0.00355565	0.0	0.0	0.0
Miller	0.0	0.0	0.0	0.0	0.0	0.0	0.0	0.0	0.0	0.0	0.0	0.0
Howard	0.0	0.0	2.0	0.0	0.0	0.0	0.0	0.0	0.0001973	0.0	0.0	0.0
Nodaway	0.0	0.0	3.0	0.0	0.0	0.0	0.0	0.0	0.00013451	0.0	0.0	0.0
Scotland	0.0	0.0	3.0	0.0	0.0	0.0	0.0	0.0	0.00060411	0.0	0.0	0.0
Cole	0.002	27.589	65.589	0.0	0.0	1.0	3e-08	0.00035925	0.00085407	0.0	0.0	1.302e-05
Saline	0.0	0.0	35.0	0.0	0.0	0.0	0.0	0.0	0.00152872	0.0	0.0	0.0
Christian	0.0	0.187	19.187	0.0	0.0	0.0	0.0	2.15e-06	0.00022058	0.0	0.0	0.0
Stoddard	0.001	10.13	22.13	0.0	0.0	0.0	3e-08	0.00034685	0.00075772	0.0	0.0	0.0
Dade	0.0	0.0	0.0	0.0	0.0	0.0	0.0	0.0	0.0	0.0	0.0	0.0
Osage	0.0	0.0	4.0	0.0	0.0	0.0	0.0	0.0	0.00029167	0.0	0.0	0.0
Unassigned	0.0	0.0	1.0	0.0	0.0	1.0	N/A	N/A	N/A	N/A	N/A	N/A
Randolph	0.0	0.24	8.24	0.0	0.0	0.0	0.0	9.69e-06	0.00033275	0.0	0.0	0.0
Shannon	0.0	0.0	0.0	0.0	0.0	0.0	0.0	0.0	0.0	0.0	0.0	0.0
Dallas	0.0	0.0	2.0	0.0	0.0	0.0	0.0	0.0	0.00011932	0.0	0.0	0.0
Barry	0.0	1.69	3.69	0.0	0.0	0.0	0.0	4.709e-05	0.00010283	0.0	0.0	0.0
Cape Girardeau	0.026	52.655	82.655	0.0	0.0	1.0	3.3e-07	0.00066861	0.00104955	0.0	0.0	1.27e-05
Atchison	0.0	0.0	2.0	0.0	0.0	0.0	0.0	0.0	0.00038677	0.0	0.0	0.0
Clay	0.004	52.923	103.923	0.0	0.0	2.0	2e-08	0.00021482	0.00042183	0.0	0.0	8.12e-06
De Kalb	0.0	0.0	3.0	0.0	0.0	0.0	0.0	0.0	0.00023753	0.0	0.0	0.0
Shelby	0.0	0.0	1.0	0.0	0.0	0.0	0.0	0.0	0.00016529	0.0	0.0	0.0
Putnam	0.0	0.0	0.0	0.0	0.0	0.0	0.0	0.0	0.0	0.0	0.0	0.0
Franklin	0.489	481.901	568.901	0.0	0.0	4.0	4.72e-06	0.00464841	0.00548761	0.0	0.0	3.858e-05
Cooper	0.856	236.683	240.683	0.0	0.0	0.0	4.863e-05	0.01344561	0.01367284	0.0	0.0	0.0
Butler	0.0	0.0	16.0	0.0	0.0	0.0	0.0	0.0	0.00037524	0.0	0.0	0.0
Iron	0.0	0.0	1.0	0.0	0.0	0.0	0.0	0.0	9.826e-05	0.0	0.0	0.0
Greene	0.0	8.739	88.739	0.0	1.421	9.421	0.0	2.994e-05	0.00030398	0.0	4.87e-06	3.227e-05
Lafayette	0.0	0.267	28.267	0.0	0.0	1.0	0.0	8.19e-06	0.00086714	0.0	0.0	3.068e-05
Stone	0.0	0.212	3.212	0.0	0.0	0.0	0.0	6.68e-06	0.00010117	0.0	0.0	0.0
Daviess	0.0	0.0	0.0	0.0	0.0	0.0	0.0	0.0	0.0	0.0	0.0	0.0
Sainte Genevieve	0.0	5.073	12.073	0.0	0.0	1.0	0.0	0.0002836	0.00067492	0.0	0.0	5.59e-05
Chariton	0.0	0.0	4.0	0.0	0.0	0.0	0.0	0.0	0.00053684	0.0	0.0	0.0
Perry	0.0	22.667	60.667	0.0	0.0	0.0	0.0	0.00118366	0.00316799	0.0	0.0	0.0
Texas	0.0	0.0	1.0	0.0	0.0	0.0	0.0	0.0	3.911e-05	0.0	0.0	0.0
Worth	0.0	0.0	1.0	0.0	0.0	0.0	0.0	0.0	0.0004902	0.0	0.0	0.0
Clark	0.0	0.0	1.0	0.0	0.0	0.0	0.0	0.0	0.00014616	0.0	0.0	0.0
Carroll	0.0	0.0	0.0	0.0	0.0	0.0	0.0	0.0	0.0	0.0	0.0	0.0
Moniteau	0.0	1.243	5.243	0.0	0.0	0.0	0.0	7.71e-05	0.00032523	0.0	0.0	0.0
Morgan	0.0	0.0	1.0	0.0	0.0	0.0	0.0	0.0	4.912e-05	0.0	0.0	0.0
Knox	0.0	0.0	0.0	0.0	0.0	0.0	0.0	0.0	0.0	0.0	0.0	0.0
Warren	0.002	20.269	37.269	0.0	0.0	0.0	6e-08	0.00058394	0.00107369	0.0	0.0	0.0
Johnson	0.003	38.286	83.286	0.0	0.0	0.0	6e-08	0.0007136	0.00155234	0.0	0.0	0.0
Kansas City	0.038	468.102	819.102	0.0	0.0	12.0	N/A	N/A	N/A	N/A	N/A	N/A
Oregon	0.0	0.0	1.0	0.0	0.0	0.0	0.0	0.0	9.487e-05	0.0	0.0	0.0
Harrison	0.0	1.01	7.01	0.0	0.0	0.0	0.0	0.00012004	0.00083314	0.0	0.0	0.0
Phelps	0.0	0.0	1.0	0.0	0.0	0.0	0.0	0.0	2.236e-05	0.0	0.0	0.0
Vernon	0.0	0.0	3.0	0.0	0.0	0.0	0.0	0.0	0.00014614	0.0	0.0	0.0
Sullivan	0.0	0.0	0.0	0.0	0.0	0.0	0.0	0.0	0.0	0.0	0.0	0.0
Cedar	0.001	6.758	11.758	0.0	0.0	0.0	7e-08	0.00047709	0.00083007	0.0	0.0	0.0
Clinton	0.001	14.637	25.637	0.0	0.0	0.0	5e-08	0.00071505	0.00125242	0.0	0.0	0.0
Crawford	0.0	5.073	10.073	0.0	0.0	0.0	0.0	0.00021175	0.00042046	0.0	0.0	0.0
Gentry	0.0	0.0	1.0	0.0	0.0	0.0	0.0	0.0	0.00015088	0.0	0.0	0.0
Grundy	0.0	0.0	0.0	0.0	0.0	0.0	0.0	0.0	0.0	0.0	0.0	0.0
Ray	0.0	0.0	7.0	0.0	0.0	0.0	0.0	0.0	0.0003059	0.0	0.0	0.0
Jasper	0.025	50.334	77.334	0.0	0.0	0.0	2.1e-07	0.00041724	0.00064105	0.0	0.0	0.0
Audrain	0.0	0.0	0.0	0.0	0.0	0.0	0.0	0.0	0.0	0.0	0.0	0.0
Polk	0.0	0.0	1.0	0.0	0.0	0.0	0.0	0.0	3.105e-05	0.0	0.0	0.0
Callaway	0.0	5.728	25.728	0.0	0.0	1.0	0.0	0.0001276	0.00057315	0.0	0.0	2.228e-05
Bollinger	0.0	3.375	6.375	0.0	0.0	0.0	0.0	0.00027734	0.00052387	0.0	0.0	0.0
Adair	0.0	0.605	12.605	0.0	0.0	0.0	0.0	2.388e-05	0.00049745	0.0	0.0	0.0
Saint Clair	0.0	0.0	2.0	0.0	0.0	0.0	0.0	0.0	0.00021288	0.0	0.0	0.0
Jackson	0.024	295.934	532.934	0.026	27.768	36.768	3e-08	0.00042258	0.000761	4e-08	3.965e-05	5.25e-05
