Name	Predicted_New_Cases	Total_Predicted_New_Cases	Total_Predicted_Cases	Predicted_New_Deaths	Total_Predicted_New_Deaths	Total_Predicted_Deaths	Predicted_New_per_capita	Predicted_Total_New_per_capita	Predicted_Total_Cases_per_capita	Predicted_New_Deaths_per_capita	Total_Predicted_New_Deaths_per_capita	Total_Predicted_Deaths_per_capita
Choctaw	0.143	5.519	16.519	0.0	0.0	1.0	1.727e-05	0.00066671	0.00199553	0.0	0.0	0.0001208
Jones	9.967	203.908	245.908	0.0	0.0	0.0	0.00014559	0.00297845	0.00359194	0.0	0.0	0.0
Pike	11.652	238.369	310.369	0.474	18.273	20.273	0.00029452	0.00602505	0.00784493	1.198e-05	0.00046187	0.00051242
Wayne	0.0	0.0	9.0	0.474	18.273	18.273	0.0	0.0	0.00044339	2.335e-05	0.00090024	0.00090024
Oktibbeha	0.763	29.405	70.405	0.0	0.0	1.0	1.538e-05	0.00059285	0.00141948	0.0	0.0	2.016e-05
Montgomery	0.144	7.592	22.592	0.0	0.0	1.0	1.437e-05	0.00075746	0.00225402	0.0	0.0	9.977e-05
Rankin	1.826	70.338	183.338	0.0	0.0	2.0	1.186e-05	0.00045703	0.00119126	0.0	0.0	1.3e-05
Webster	0.0	1.37	15.37	0.0	0.0	1.0	0.0	0.00013997	0.00157029	0.0	0.0	0.00010217
Jefferson Davis	0.0	0.0	7.0	0.0	0.0	1.0	0.0	0.0	0.00062311	0.0	0.0	8.902e-05
Attala	0.331	12.75	37.75	0.0	0.0	0.0	1.802e-05	0.00069426	0.00205554	0.0	0.0	0.0
George	0.657	16.515	24.515	0.0	0.0	0.0	2.709e-05	0.00068103	0.00101093	0.0	0.0	0.0
Lincoln	5.703	155.35	236.35	0.0	0.0	4.0	0.00016673	0.00454173	0.00690981	0.0	0.0	0.00011694
Kemper	0.0	1.004	16.004	0.0	0.0	0.0	0.0	0.00010013	0.00159609	0.0	0.0	0.0
Quitman	0.0	0.0	13.0	0.0	0.0	0.0	0.0	0.0	0.00184371	0.0	0.0	0.0
Hinds	8.947	304.23	584.23	0.0	0.0	4.0	3.774e-05	0.00128321	0.00246422	0.0	0.0	1.687e-05
Lee	0.89	34.274	80.274	0.386	10.948	14.948	1.045e-05	0.00040227	0.00094216	4.53e-06	0.00012849	0.00017544
Washington	1.197	46.133	108.133	0.0	0.0	2.0	2.656e-05	0.00102374	0.0023996	0.0	0.0	4.438e-05
Alcorn	0.063	2.435	9.435	0.0	0.0	0.0	1.71e-06	6.594e-05	0.00025552	0.0	0.0	0.0
Leake	1.535	53.705	93.705	0.0	0.0	1.0	6.743e-05	0.00235931	0.00411655	0.0	0.0	4.393e-05
Desoto	2.779	109.325	308.325	0.095	3.656	6.656	1.527e-05	0.00060068	0.00169408	5.2e-07	2.009e-05	3.657e-05
Yalobusha	0.253	9.746	23.746	0.095	3.656	3.656	2.042e-05	0.00078648	0.00191624	7.67e-06	0.00029503	0.00029503
Tallahatchie	0.0	0.626	6.626	0.0	3.561	3.561	0.0	4.476e-05	0.00047373	0.0	0.00025459	0.00025459
Jefferson	0.0	0.0	4.0	0.0	1.515	1.515	0.0	0.0	0.0005629	0.0	0.0002132	0.0002132
Newton	0.293	11.29	25.29	0.095	3.656	3.656	1.366e-05	0.00052651	0.00117941	4.43e-06	0.0001705	0.0001705
Smith	1.581	52.084	88.084	0.0	0.0	1.0	9.88e-05	0.00325484	0.00550456	0.0	0.0	6.249e-05
Covington	0.664	25.584	44.584	0.0	0.0	0.0	3.522e-05	0.00135703	0.00236482	0.0	0.0	0.0
Panola	0.0	8.197	34.197	0.0	3.561	5.561	0.0	0.00023983	0.00100056	0.0	0.00010419	0.00016271
Monroe	4.185	109.526	155.526	0.0	0.0	2.0	0.00011768	0.00307969	0.00437313	0.0	0.0	5.624e-05
Lamar	4.46	116.736	164.736	0.0	0.0	1.0	7.142e-05	0.00186936	0.00263801	0.0	0.0	1.601e-05
Lawrence	0.131	5.034	12.034	0.0	0.0	0.0	1.052e-05	0.00040418	0.0009662	0.0	0.0	0.0
Marion	0.837	32.243	66.243	0.0	0.0	0.0	3.387e-05	0.00130459	0.00268028	0.0	0.0	0.0
Benton	0.0	0.0	5.0	0.0	0.0	0.0	0.0	0.0	0.00060452	0.0	0.0	0.0
Simpson	0.0	1.498	13.498	0.0	0.0	0.0	0.0	5.598e-05	0.00050445	0.0	0.0	0.0
Madison	2.098	80.814	192.814	0.0	0.0	3.0	1.986e-05	0.00076507	0.00182537	0.0	0.0	2.84e-05
Wilkinson	1.166	44.917	95.917	0.0	0.0	3.0	0.00013262	0.00510885	0.01090958	0.0	0.0	0.00034122
Bolivar	0.013	23.805	93.805	0.01	2.204	7.204	4.1e-07	0.00075974	0.00299381	3.2e-07	7.034e-05	0.00022992
Scott	2.657	95.439	174.439	0.01	2.204	2.204	9.393e-05	0.00337395	0.00616676	3.5e-07	7.792e-05	7.792e-05
Pearl River	2.827	104.061	206.061	0.0	0.0	8.0	5.104e-05	0.0018788	0.00372039	0.0	0.0	0.00014444
Calhoun	1.108	37.683	64.683	0.474	18.273	20.273	7.675e-05	0.00261035	0.00448067	3.283e-05	0.00126579	0.00140434
Pontotoc	0.101	5.535	20.535	0.0	0.0	2.0	3.17e-06	0.00017388	0.00064509	0.0	0.0	6.283e-05
Clarke	0.0	4.694	23.694	0.0	0.0	1.0	0.0	0.00030082	0.00151846	0.0	0.0	6.409e-05
Marshall	0.92	32.206	67.206	0.0	0.0	2.0	2.595e-05	0.00090847	0.00189574	0.0	0.0	5.642e-05
Coahoma	0.717	27.613	70.613	0.0	0.0	1.0	3.169e-05	0.0012203	0.0031206	0.0	0.0	4.419e-05
Unassigned	0.0	0.0	0.0	0.0	0.0	0.0	N/A	N/A	N/A	N/A	N/A	N/A
Issaquena	0.0	0.0	0.0	0.0	0.0	0.0	0.0	0.0	0.0	0.0	0.0	0.0
Leflore	6.741	162.19	217.19	2.91	37.161	43.161	0.0002331	0.00560842	0.00751029	0.00010063	0.001285	0.00149248
Adams	21.847	393.49	457.49	0.949	36.55	39.55	0.0007004	0.01261509	0.0146669	3.042e-05	0.00117177	0.00126795
Claiborne	0.316	12.183	20.183	0.949	36.55	36.55	3.51e-05	0.00135337	0.00224206	0.00010542	0.00406021	0.00406021
Clay	1.01	34.332	55.332	0.949	36.55	36.55	5.21e-05	0.00177097	0.00285422	4.895e-05	0.00188538	0.00188538
Chickasaw	33.424	328.306	361.306	0.0	0.0	2.0	0.00194654	0.0191198	0.02104164	0.0	0.0	0.00011648
Itawamba	0.479	16.754	27.754	0.0	0.0	0.0	2.037e-05	0.00071242	0.00118017	0.0	0.0	0.0
Forrest	4.944	168.094	290.094	0.0	0.0	2.0	6.589e-05	0.00224018	0.00386606	0.0	0.0	2.665e-05
Franklin	0.54	18.347	28.347	0.0	0.0	0.0	6.934e-05	0.0023558	0.00363983	0.0	0.0	0.0
Humphreys	1.22	31.932	43.932	0.474	18.273	20.273	0.00014775	0.00386726	0.00532058	5.741e-05	0.00221303	0.00245525
Greene	0.0	0.0	3.0	0.474	18.273	18.273	0.0	0.0	0.00022082	3.489e-05	0.00134499	0.00134499
Lafayette	0.305	15.805	51.805	0.063	2.435	4.435	5.57e-06	0.00028845	0.00094547	1.15e-06	4.444e-05	8.094e-05
Lauderdale	5.091	196.145	361.145	0.0	0.0	12.0	6.759e-05	0.00260426	0.004795	0.0	0.0	0.00015933
Stone	0.0	0.0	15.0	0.0	0.0	0.0	0.0	0.0	0.00080141	0.0	0.0	0.0
Hancock	0.713	27.453	76.453	0.68	19.273	24.273	1.506e-05	0.00057998	0.00161518	1.437e-05	0.00040717	0.0005128
Union	0.091	3.492	12.492	0.0	0.0	1.0	3.18e-06	0.00012207	0.00043669	0.0	0.0	3.496e-05
Perry	0.282	10.881	30.881	0.0	0.0	1.0	2.364e-05	0.00091199	0.0025883	0.0	0.0	8.382e-05
Sharkey	0.0	0.0	3.0	0.0	0.0	0.0	0.0	0.0	0.0006854	0.0	0.0	0.0
Tunica	0.272	10.478	33.478	0.0	0.0	1.0	2.735e-05	0.0010537	0.00336665	0.0	0.0	0.00010056
Carroll	0.095	3.656	12.656	0.0	0.0	0.0	9.59e-06	0.00036888	0.00127696	0.0	0.0	0.0
Grenada	0.24	10.679	24.679	0.0	0.0	0.0	1.14e-05	0.0005072	0.00117212	0.0	0.0	0.0
Tate	0.642	23.63	49.63	0.0	0.0	0.0	2.232e-05	0.00082166	0.00172572	0.0	0.0	0.0
Copiah	1.2	45.206	80.206	0.0	0.0	0.0	4.204e-05	0.00158379	0.00281001	0.0	0.0	0.0
Noxubee	0.074	2.845	12.845	0.0	0.0	0.0	7.02e-06	0.00027005	0.00121927	0.0	0.0	0.0
Holmes	2.447	80.611	132.611	0.093	3.575	6.575	0.00013886	0.00457445	0.00752531	5.28e-06	0.00020287	0.00037311
Yazoo	2.433	93.728	158.728	0.0	0.0	1.0	8.613e-05	0.00331804	0.00561909	0.0	0.0	3.54e-05
Lowndes	1.463	41.469	68.469	0.0	0.0	0.0	2.483e-05	0.0007037	0.00116187	0.0	0.0	0.0
Tippah	0.599	24.493	69.493	0.108	3.427	9.427	2.723e-05	0.00111357	0.00315949	4.91e-06	0.00015581	0.0004286
Warren	0.193	10.598	25.598	0.108	3.427	3.427	4.18e-06	0.00022951	0.00055436	2.34e-06	7.422e-05	7.422e-05
Neshoba	1.549	59.697	94.697	0.0	0.0	1.0	5.318e-05	0.00204968	0.0032514	0.0	0.0	3.433e-05
Harrison	1.97	83.428	212.428	0.218	7.399	12.399	9.53e-06	0.00040372	0.00102796	1.05e-06	3.58e-05	6e-05
Prentiss	0.251	9.665	24.665	0.218	7.399	7.399	9.92e-06	0.00038179	0.00097432	8.61e-06	0.00029228	0.00029228
Walthall	0.422	16.245	38.245	0.218	7.399	7.399	2.917e-05	0.00112306	0.00264397	1.507e-05	0.00051151	0.00051151
Jasper	0.0	0.0	15.0	0.218	7.399	7.399	0.0	0.0	0.00091308	1.327e-05	0.00045039	0.00045039
Amite	0.474	18.273	33.273	0.0	0.0	1.0	3.846e-05	0.00148248	0.00269942	0.0	0.0	8.113e-05
Winston	0.003	5.975	27.975	0.0	0.0	0.0	1.7e-07	0.00032893	0.00154005	0.0	0.0	0.0
Tishomingo	0.032	1.218	3.218	0.0	0.0	0.0	1.64e-06	6.261e-05	0.00016542	0.0	0.0	0.0
Sunflower	1.229	47.354	89.354	0.0	0.0	2.0	4.776e-05	0.00184006	0.00347208	0.0	0.0	7.772e-05
Jackson	2.67	123.104	305.104	0.0	0.0	5.0	1.864e-05	0.0008592	0.00212947	0.0	0.0	3.49e-05
