Name	Predicted_New_Cases	Total_Predicted_New_Cases	Total_Predicted_Cases	Predicted_New_Deaths	Total_Predicted_New_Deaths	Total_Predicted_Deaths	Predicted_New_per_capita	Predicted_Total_New_per_capita	Predicted_Total_Cases_per_capita	Predicted_New_Deaths_per_capita	Total_Predicted_New_Deaths_per_capita	Total_Predicted_Deaths_per_capita
Millard	0.0	0.0	0.0	0.0	0.0	0.0	0.0	0.0	0.0	0.0	0.0	0.0
Sevier	0.0	0.0	0.0	0.0	0.0	0.0	0.0	0.0	0.0	0.0	0.0	0.0
Wayne	0.0	0.0	0.0	0.0	0.0	0.0	0.0	0.0	0.0	0.0	0.0	0.0
Davis	1.462	100.851	486.851	0.0	0.0	2.0	4.16e-06	0.00028674	0.00138423	0.0	0.0	5.69e-06
Weber	1.303	89.876	201.876	0.0	0.0	1.0	5.08e-06	0.00035059	0.00078747	0.0	0.0	3.9e-06
Washington	0.76	52.415	129.415	0.0	0.0	1.0	4.43e-06	0.00030527	0.00075373	0.0	0.0	5.82e-06
Cache	0.0	14.734	51.734	0.0	0.0	0.0	0.0	0.00011595	0.00040714	0.0	0.0	0.0
Uintah	0.0	0.646	6.646	0.0	0.0	0.0	0.0	1.823e-05	0.00018754	0.0	0.0	0.0
Carbon	0.0	0.0	2.0	0.0	0.0	0.0	0.0	0.0	9.867e-05	0.0	0.0	0.0
Utah	5.869	453.705	2022.705	0.009	0.507	13.507	9.43e-06	0.00072918	0.00325082	1e-08	8.1e-07	2.171e-05
San Juan	4.526	244.237	490.237	0.507	16.615	20.615	0.00029296	0.01580924	0.0317326	3.282e-05	0.00107547	0.00133439
Summit	0.949	57.189	460.189	0.507	16.615	16.615	2.263e-05	0.00136382	0.01097439	1.209e-05	0.00039623	0.00039623
Grand	0.0	0.0	1.0	0.507	16.615	16.615	0.0	0.0	0.00010242	5.193e-05	0.00170166	0.00170166
Wasatch	1.894	106.323	323.323	0.0	0.0	1.0	5.698e-05	0.00319865	0.00972693	0.0	0.0	3.008e-05
Sanpete	0.0	0.0	0.0	0.0	0.0	0.0	0.0	0.0	0.0	0.0	0.0	0.0
Beaver	0.0	0.0	0.0	0.0	0.0	0.0	0.0	0.0	0.0	0.0	0.0	0.0
Unassigned	0.617	42.575	46.575	0.0	0.0	7.0	N/A	N/A	N/A	N/A	N/A	N/A
Box Elder	0.291	20.056	72.056	0.0	0.0	0.0	5.3e-06	0.00036499	0.0013113	0.0	0.0	0.0
Tooele	1.801	93.158	197.158	0.0	0.0	0.0	2.576e-05	0.0013326	0.00282029	0.0	0.0	0.0
Daggett	0.0	0.0	0.0	0.0	0.0	0.0	0.0	0.0	0.0	0.0	0.0	0.0
Iron	0.123	8.515	23.515	0.0	0.0	0.0	2.33e-06	0.00016135	0.00044557	0.0	0.0	0.0
Rich	0.0	0.0	0.0	0.0	0.0	0.0	0.0	0.0	0.0	0.0	0.0	0.0
Emery	0.0	0.0	3.0	0.0	0.0	0.0	0.0	0.0	0.00029958	0.0	0.0	0.0
Salt Lake	26.016	1795.013	5918.013	0.171	21.193	83.193	2.257e-05	0.00155732	0.00513434	1.5e-07	1.839e-05	7.218e-05
Morgan	0.0	0.0	0.0	0.0	0.0	0.0	0.0	0.0	0.0	0.0	0.0	0.0
Duchesne	0.0	0.0	3.0	0.171	21.193	21.193	0.0	0.0	0.00015027	8.57e-06	0.00106156	0.00106156
Washington County	0.0	0.0	5.0	0.171	21.193	21.193	N/A	N/A	N/A	N/A	N/A	N/A
Kane	0.0	0.0	3.0	0.171	21.193	21.193	0.0	0.0	0.00038916	2.218e-05	0.00274912	0.00274912
Juab	0.0	0.0	0.0	0.0	0.0	0.0	0.0	0.0	0.0	0.0	0.0	0.0
Garfield	0.0	0.0	1.0	0.171	21.193	21.193	0.0	0.0	0.00019685	3.366e-05	0.00417185	0.00417185
Piute	0.0	0.0	0.0	0.0	0.0	0.0	0.0	0.0	0.0	0.0	0.0	0.0
Out of UT	0.0	0.0	22.0	0.171	21.193	21.193	N/A	N/A	N/A	N/A	N/A	N/A
