Name	Predicted_New_Cases	Total_Predicted_New_Cases	Total_Predicted_Cases	Predicted_New_Deaths	Total_Predicted_New_Deaths	Total_Predicted_Deaths	Predicted_New_per_capita	Predicted_Total_New_per_capita	Predicted_Total_Cases_per_capita	Predicted_New_Deaths_per_capita	Total_Predicted_New_Deaths_per_capita	Total_Predicted_Deaths_per_capita
Millard	0.0	0.0	0.0	0.0	0.0	0.0	0.0	0.0	0.0	0.0	0.0	0.0
Sevier	0.0	0.0	0.0	0.0	0.0	0.0	0.0	0.0	0.0	0.0	0.0	0.0
Wayne	0.0	0.0	0.0	0.0	0.0	0.0	0.0	0.0	0.0	0.0	0.0	0.0
Davis	0.002	126.14	522.14	0.0	0.0	2.0	1e-08	0.00035864	0.00148456	0.0	0.0	5.69e-06
Weber	0.002	106.993	218.993	0.0	0.0	1.0	1e-08	0.00041736	0.00085424	0.0	0.0	3.9e-06
Washington	0.001	62.394	139.394	0.0	0.0	1.0	1e-08	0.00036339	0.00081185	0.0	0.0	5.82e-06
Cache	0.0	14.734	51.734	0.0	0.0	0.0	0.0	0.00011595	0.00040714	0.0	0.0	0.0
Uintah	0.0	0.646	6.646	0.0	0.0	0.0	0.0	1.823e-05	0.00018754	0.0	0.0	0.0
Carbon	0.0	0.0	2.0	0.0	0.0	0.0	0.0	0.0	9.867e-05	0.0	0.0	0.0
Utah	0.009	570.057	2162.057	0.001	2.982	15.982	1e-08	0.00091618	0.00347479	0.0	4.79e-06	2.569e-05
San Juan	21.646	8614.861	8865.861	0.0	0.624	4.624	0.00140113	0.55763227	0.57387928	0.0	4.039e-05	0.00029931
Summit	0.001	54.397	458.397	0.0	0.624	0.624	2e-08	0.00129724	0.01093165	0.0	1.488e-05	1.488e-05
Grand	0.0	0.0	1.0	0.0	0.624	0.624	0.0	0.0	0.00010242	0.0	6.391e-05	6.391e-05
Wasatch	0.014	131.7	353.7	0.0	0.0	1.0	4.2e-07	0.00396209	0.01064079	0.0	0.0	3.008e-05
Sanpete	0.0	0.0	0.0	0.0	0.0	0.0	0.0	0.0	0.0	0.0	0.0	0.0
Beaver	0.0	0.0	0.0	0.0	0.0	0.0	0.0	0.0	0.0	0.0	0.0	0.0
Unassigned	0.001	50.683	54.683	0.0	0.0	7.0	N/A	N/A	N/A	N/A	N/A	N/A
Box Elder	0.0	23.874	75.874	0.0	0.0	0.0	0.0	0.00043447	0.00138078	0.0	0.0	0.0
Tooele	0.018	105.786	209.786	0.0	0.0	0.0	2.6e-07	0.00151324	0.00300093	0.0	0.0	0.0
Daggett	0.0	0.0	0.0	0.0	0.0	0.0	0.0	0.0	0.0	0.0	0.0	0.0
Iron	0.0	10.131	25.131	0.0	0.0	0.0	0.0	0.00019197	0.00047619	0.0	0.0	0.0
Rich	0.0	0.0	0.0	0.0	0.0	0.0	0.0	0.0	0.0	0.0	0.0	0.0
Emery	0.0	0.0	3.0	0.0	0.0	0.0	0.0	0.0	0.00029958	0.0	0.0	0.0
Salt Lake	0.041	2148.313	6365.313	0.0	32.194	96.194	4e-08	0.00186383	0.00552241	0.0	2.793e-05	8.346e-05
Morgan	0.0	0.0	0.0	0.0	0.0	0.0	0.0	0.0	0.0	0.0	0.0	0.0
Duchesne	0.0	0.0	3.0	0.0	32.194	32.194	0.0	0.0	0.00015027	0.0	0.0016126	0.0016126
Washington County	0.0	0.0	5.0	0.0	32.194	32.194	N/A	N/A	N/A	N/A	N/A	N/A
Kane	0.0	0.0	3.0	0.0	32.194	32.194	0.0	0.0	0.00038916	0.0	0.00417616	0.00417616
Juab	0.0	0.0	0.0	0.0	0.0	0.0	0.0	0.0	0.0	0.0	0.0	0.0
Garfield	0.0	0.0	1.0	0.0	32.194	32.194	0.0	0.0	0.00019685	0.0	0.0063374	0.0063374
Piute	0.0	0.0	0.0	0.0	0.0	0.0	0.0	0.0	0.0	0.0	0.0	0.0
Out of UT	0.0	0.0	22.0	0.0	32.194	32.194	N/A	N/A	N/A	N/A	N/A	N/A
