Name	Predicted_New_Cases	Total_Predicted_New_Cases	Total_Predicted_Cases	Predicted_New_Deaths	Total_Predicted_New_Deaths	Total_Predicted_Deaths	Predicted_New_per_capita	Predicted_Total_New_per_capita	Predicted_Total_Cases_per_capita	Predicted_New_Deaths_per_capita	Total_Predicted_New_Deaths_per_capita	Total_Predicted_Deaths_per_capita
Millard	0.0	0.0	0.0	0.0	0.0	0.0	0.0	0.0	0.0	0.0	0.0	0.0
Sevier	0.0	0.0	0.0	0.0	0.0	0.0	0.0	0.0	0.0	0.0	0.0	0.0
Wayne	0.0	0.0	0.0	0.0	0.0	0.0	0.0	0.0	0.0	0.0	0.0	0.0
Davis	13.441	51.115	631.115	0.017	0.07	3.07	3.822e-05	0.00014533	0.0017944	5e-08	2e-07	8.73e-06
Weber	4.067	16.601	128.601	0.0	0.0	1.0	1.586e-05	6.476e-05	0.00050164	0.0	0.0	3.9e-06
Washington	2.372	9.682	86.682	0.0	0.0	1.0	1.381e-05	5.639e-05	0.00050485	0.0	0.0	5.82e-06
Cache	1.42	6.632	43.632	0.0	0.0	0.0	1.118e-05	5.219e-05	0.00034338	0.0	0.0	0.0
Uintah	0.094	0.577	6.577	0.0	0.0	0.0	2.65e-06	1.628e-05	0.00018559	0.0	0.0	0.0
Carbon	0.0	0.0	2.0	0.0	0.0	0.0	0.0	0.0	9.867e-05	0.0	0.0	0.0
Utah	46.998	185.256	2522.256	0.012	0.042	18.042	7.553e-05	0.00029774	0.00405369	2e-08	7e-08	2.9e-05
San Juan	4.675	19.083	356.083	0.0	0.0	5.0	0.00030261	0.00123523	0.02304894	0.0	0.0	0.00032365
Summit	1.93	7.838	447.838	0.0	0.0	0.0	4.603e-05	0.00018692	0.01067985	0.0	0.0	0.0
Grand	0.0	0.0	1.0	0.0	0.0	0.0	0.0	0.0	0.00010242	0.0	0.0	0.0
Wasatch	6.892	28.136	363.136	0.06	0.279	2.279	0.00020734	0.00084645	0.01092467	1.81e-06	8.39e-06	6.856e-05
Sanpete	0.0	0.0	0.0	0.0	0.0	0.0	0.0	0.0	0.0	0.0	0.0	0.0
Beaver	0.0	0.0	0.0	0.0	0.0	0.0	0.0	0.0	0.0	0.0	0.0	0.0
Unassigned	1.926	7.864	11.864	0.0	0.0	7.0	N/A	N/A	N/A	N/A	N/A	N/A
Box Elder	0.908	3.705	55.705	0.0	0.0	0.0	1.652e-05	6.742e-05	0.00101374	0.0	0.0	0.0
Tooele	2.895	11.538	164.538	0.0	0.0	0.0	4.141e-05	0.00016505	0.00235367	0.0	0.0	0.0
Daggett	0.0	0.0	0.0	0.0	0.0	0.0	0.0	0.0	0.0	0.0	0.0	0.0
Iron	0.385	1.572	16.572	0.0	0.0	0.0	7.3e-06	2.979e-05	0.00031401	0.0	0.0	0.0
Rich	0.0	0.0	0.0	0.0	0.0	0.0	0.0	0.0	0.0	0.0	0.0	0.0
Emery	0.0	0.0	3.0	0.0	0.0	0.0	0.0	0.0	0.00029958	0.0	0.0	0.0
Salt Lake	136.448	543.863	6964.863	1.3	5.043	90.043	0.00011838	0.00047184	0.00604257	1.13e-06	4.38e-06	7.812e-05
Morgan	0.0	0.0	0.0	0.0	0.0	0.0	0.0	0.0	0.0	0.0	0.0	0.0
Duchesne	0.0	0.0	3.0	1.3	5.043	5.043	0.0	0.0	0.00015027	6.512e-05	0.0002526	0.0002526
Washington County	0.0	0.0	5.0	1.3	5.043	5.043	N/A	N/A	N/A	N/A	N/A	N/A
Kane	0.0	0.0	3.0	1.3	5.043	5.043	0.0	0.0	0.00038916	0.00016863	0.00065417	0.00065417
Juab	0.0	0.0	0.0	0.0	0.0	0.0	0.0	0.0	0.0	0.0	0.0	0.0
Garfield	0.0	0.0	1.0	1.3	5.043	5.043	0.0	0.0	0.00019685	0.00025591	0.00099272	0.00099272
Piute	0.0	0.0	0.0	0.0	0.0	0.0	0.0	0.0	0.0	0.0	0.0	0.0
Out of UT	0.0	0.0	22.0	1.3	5.043	5.043	N/A	N/A	N/A	N/A	N/A	N/A
