Name	Predicted_New_Cases	Total_Predicted_New_Cases	Total_Predicted_Cases	Predicted_New_Deaths	Total_Predicted_New_Deaths	Total_Predicted_Deaths	Predicted_New_per_capita	Predicted_Total_New_per_capita	Predicted_Total_Cases_per_capita	Predicted_New_Deaths_per_capita	Total_Predicted_New_Deaths_per_capita	Total_Predicted_Deaths_per_capita
Davis	4.382	859.381	4053.381	0.194	27.795	48.795	1.246e-05	0.00244342	0.01152468	5.5e-07	7.903e-05	0.00013874
Weber	0.564	100.881	212.881	0.0	0.0	1.0	2.2e-06	0.00039351	0.0008304	0.0	0.0	3.9e-06
Washington	0.329	58.833	135.833	0.0	0.0	1.0	1.92e-06	0.00034265	0.00079111	0.0	0.0	5.82e-06
Carbon	0.0	0.0	2.0	0.0	0.0	0.0	0.0	0.0	9.867e-05	0.0	0.0	0.0
Utah	18.344	3053.868	11683.868	0.353	36.132	73.132	2.948e-05	0.00490807	0.01877792	5.7e-07	5.807e-05	0.00011754
San Juan	0.512	108.969	756.969	0.066	10.69	35.69	3.314e-05	0.00705347	0.04899793	4.27e-06	0.00069195	0.00231018
Summit	0.193	56.223	762.223	0.0	0.0	1.0	4.6e-06	0.00134078	0.01817716	0.0	0.0	2.385e-05
Grand	0.0	0.0	1.0	0.0	0.0	0.0	0.0	0.0	0.00010242	0.0	0.0	0.0
Wasatch	0.417	71.053	629.053	0.0	0.0	4.0	1.255e-05	0.00213758	0.01892458	0.0	0.0	0.00012034
Unassigned	0.267	47.788	51.788	0.0	0.0	7.0	N/A	N/A	N/A	N/A	N/A	N/A
Box Elder	0.126	22.511	74.511	0.0	0.0	0.0	2.29e-06	0.00040966	0.00135598	0.0	0.0	0.0
Tooele	0.907	162.154	741.154	0.0	0.0	0.0	1.297e-05	0.00231957	0.010602	0.0	0.0	0.0
Iron	0.053	9.555	24.555	0.0	0.0	0.0	1e-06	0.00018105	0.00046528	0.0	0.0	0.0
Emery	0.0	0.0	3.0	0.0	0.0	0.0	0.0	0.0	0.00029958	0.0	0.0	0.0
Salt Lake	22.691	4172.556	24618.556	0.258	53.546	242.546	1.969e-05	0.00362002	0.02135854	2.2e-07	4.646e-05	0.00021043
Duchesne	0.0	0.0	3.0	0.258	53.546	53.546	0.0	0.0	0.00015027	1.292e-05	0.00268213	0.00268213
Washington County	0.0	0.0	5.0	0.258	53.546	53.546	N/A	N/A	N/A	N/A	N/A	N/A
Kane	0.0	0.0	3.0	0.258	53.546	53.546	0.0	0.0	0.00038916	3.347e-05	0.00694591	0.00694591
Garfield	0.0	0.0	1.0	0.258	53.546	53.546	0.0	0.0	0.00019685	5.079e-05	0.01054055	0.01054055
Out of UT	0.0	0.0	22.0	0.258	53.546	53.546	N/A	N/A	N/A	N/A	N/A	N/A
