Name	Confirmed	Deaths	Recovered	Active	Confirmed_per_capita	Deaths_per_capita	IFR_0.30_expected	IFR_0.65_expected	IFR_1.0_expected	IFR_0.30_expected_per_capita	IFR_0.65_expected_per_capita	IFR_1.0_expected_per_capita	Date
Hyde	1.0	0.0	0.0	0.0	0.0001912	0.0	5.0	2.0	1.25	0.000956	0.0003824	0.000239	2020-03-22
Hyde	1	0	0	0	1.912e-4	0	5	2	1.25	9.56e-4	3.824e-4	2.39e-4	2020-03-23
Hyde	1	0	0	0	1.912e-4	0	5	2	1.25	9.56e-4	3.824e-4	2.39e-4	2020-03-24
Hyde	1	0	0	0	0.0001912	0.0	5	2	1.25	0.000956	0.0003824	0.000239	2020-03-25
Hyde	1	0	0	0	1.912e-4	0	5	2	1.25	9.56e-4	3.824e-4	2.39e-4	2020-03-26
Hyde	1	0	0	0	1.912e-4	0	5	2	1.25	9.56e-4	3.824e-4	2.39e-4	2020-03-27
Hyde	1	0	0	0	1.912e-4	0	5	2	1.25	9.56e-4	3.824e-4	2.39e-4	2020-03-28
Hyde	1.0	0.0	0.0	0.0	0.0001912	0.0	5.0	2.0	1.25	0.000956	0.0003824	0.000239	2020-03-29
Hyde	0.0	0.0	0.0	0.0	0.0	0.0	0.0	0.0	0.0	0.0	0.0	0.0	2020-03-30
Hyde	1.0	0.0	0.0	1.0	0.0001912	0.0	5.0	2.0	1.25	0.000956	0.0003824	0.000239	2020-04-25
Hyde	1.0	0.0	0.0	1.0	0.0001912	0.0	5.0	2.0	1.25	0.000956	0.0003824	0.000239	2020-04-26
Hyde	1.0	0.0	0.0	1.0	0.0001912	0.0	5.0	2.0	1.25	0.000956	0.0003824	0.000239	2020-04-27
Hyde	1.0	0.0	0.0	1.0	0.0001912	0.0	5.0	2.0	1.25	0.000956	0.0003824	0.000239	2020-04-28
Hyde	1.0	0.0	0.0	1.0	0.0001912	0.0	5.0	2.0	1.25	0.000956	0.0003824	0.000239	2020-04-29
Hyde	1.0	0.0	0.0	1.0	0.0001912	0.0	5.0	2.0	1.25	0.000956	0.0003824	0.000239	2020-04-30
Hyde	1.0	0.0	0.0	1.0	0.0001912	0.0	5.0	2.0	1.25	0.000956	0.0003824	0.000239	2020-05-01
Hyde	1.0	0.0	0.0	1.0	0.0001912	0.0	5.0	2.0	1.25	0.000956	0.0003824	0.000239	2020-05-02
Hyde	1.0	0.0	0.0	1.0	0.0001912	0.0	5.0	2.0	1.25	0.000956	0.0003824	0.000239	2020-05-03
Hyde	1.0	0.0	0.0	1.0	0.0001912	0.0	5.0	2.0	1.25	0.000956	0.0003824	0.000239	2020-05-04
Hyde	1.0	0.0	0.0	1.0	0.0001912	0.0	5.0	2.0	1.25	0.000956	0.0003824	0.000239	2020-05-05
Hyde	1.0	0.0	0.0	1.0	0.0001912	0.0	5.0	2.0	1.25	0.000956	0.0003824	0.000239	2020-05-06
Hyde	1.0	0.0	0.0	1.0	0.0001912	0.0	5.0	2.0	1.25	0.000956	0.0003824	0.000239	2020-05-07
Hyde	1.0	0.0	0.0	1.0	0.0001912	0.0	5.0	2.0	1.25	0.000956	0.0003824	0.000239	2020-05-08
Hyde	1.0	0.0	0.0	1.0	0.0001912	0.0	5.0	2.0	1.25	0.000956	0.0003824	0.000239	2020-05-09
Hyde	1.0	0.0	0.0	1.0	0.0001912	0.0	5.0	2.0	1.25	0.000956	0.0003824	0.000239	2020-05-10
Hyde	1.0	0.0	0.0	1.0	0.0001912	0.0	5.0	2.0	1.25	0.000956	0.0003824	0.000239	2020-05-11
Hyde	1.0	0.0	0.0	1.0	0.0001912	0.0	5.0	2.0	1.25	0.000956	0.0003824	0.000239	2020-05-12
Hyde	1.0	0.0	0.0	1.0	0.0001912	0.0	5.0	2.0	1.25	0.000956	0.0003824	0.000239	2020-05-13
Hyde	1.0	0.0	0.0	1.0	0.0001912	0.0	5.0	2.0	1.25	0.000956	0.0003824	0.000239	2020-05-14
Hyde	1.0	0.0	0.0	1.0	0.0001912	0.0	5.0	2.0	1.25	0.000956	0.0003824	0.000239	2020-05-15
Hyde	1.0	0.0	0.0	1.0	0.0001912	0.0	5.0	2.0	1.25	0.000956	0.0003824	0.000239	2020-05-16
Hyde	1.0	0.0	0.0	1.0	0.0001912	0.0	5.0	2.0	1.25	0.000956	0.0003824	0.000239	2020-05-17
Hyde	1.0	0.0	0.0	1.0	0.0001912	0.0	5.0	2.0	1.25	0.000956	0.0003824	0.000239	2020-05-18
Hyde	1.0	0.0	0.0	1.0	0.0001912	0.0	5.0	2.0	1.25	0.000956	0.0003824	0.000239	2020-05-19
Hyde	1.0	0.0	0.0	1.0	0.0001912	0.0	5.0	2.0	1.25	0.000956	0.0003824	0.000239	2020-05-20
Hyde	1.0	0.0	0.0	1.0	0.0001912	0.0	5.0	2.0	1.25	0.000956	0.0003824	0.000239	2020-05-21
Hyde	1.0	0.0	0.0	1.0	0.0001912	0.0	5.0	2.0	1.25	0.000956	0.0003824	0.000239	2020-05-22
Hyde	1.0	0.0	0.0	1.0	0.0001912	0.0	5.0	2.0	1.25	0.000956	0.0003824	0.000239	2020-05-23
Hyde	1.0	0.0	0.0	1.0	0.0001912	0.0	5.0	2.0	1.25	0.000956	0.0003824	0.000239	2020-05-24
Hyde	1.0	0.0	0.0	1.0	0.0001912	0.0	5.0	2.0	1.25	0.000956	0.0003824	0.000239	2020-05-25
Hyde	1.0	0.0	0.0	1.0	0.0001912	0.0	5.0	2.0	1.25	0.000956	0.0003824	0.000239	2020-05-26
Hyde	1.0	0.0	0.0	1.0	0.0001912	0.0	5.0	2.0	1.25	0.000956	0.0003824	0.000239	2020-05-27
Hyde	1.0	0.0	0.0	1.0	0.0001912	0.0	5.0	2.0	1.25	0.000956	0.0003824	0.000239	2020-05-28
Hyde	1.0	0.0	0.0	1.0	0.0001912	0.0	5.0	2.0	1.25	0.000956	0.0003824	0.000239	2020-05-29
Hyde	1.0	0.0	0.0	1.0	0.0001912	0.0	5.0	2.0	1.25	0.000956	0.0003824	0.000239	2020-05-30
Hyde	1.0	0.0	0.0	1.0	0.0001912	0.0	5.0	2.0	1.25	0.000956	0.0003824	0.000239	2020-05-31
Hyde	1.0	0.0	0.0	1.0	0.0001912	0.0	5.0	2.0	1.25	0.000956	0.0003824	0.000239	2020-06-01
Hyde	1.0	0.0	0.0	1.0	0.0001912	0.0	5.0	2.0	1.25	0.000956	0.0003824	0.000239	2020-06-02
Hyde	1.0	0.0	0.0	1.0	0.0001912	0.0	5.0	2.0	1.25	0.000956	0.0003824	0.000239	2020-06-03
Hyde	1.0	0.0	0.0	1.0	0.0001912	0.0	5.0	2.0	1.25	0.000956	0.0003824	0.000239	2020-06-04
Hyde	2.0	0.0	0.0	2.0	0.00038241	0.0	10.0	4.0	2.5	0.00191205	0.00076482	0.0004780125	2020-06-05
Hyde	2.0	0.0	0.0	2.0	0.00038241	0.0	10.0	4.0	2.5	0.00191205	0.00076482	0.0004780125	2020-06-06
Hyde	2.0	0.0	0.0	2.0	0.00038241	0.0	10.0	4.0	2.5	0.00191205	0.00076482	0.0004780125	2020-06-07
Hyde	2.0	0.0	0.0	2.0	0.00038241	0.0	10.0	4.0	2.5	0.00191205	0.00076482	0.0004780125	2020-06-08
Hyde	2.0	0.0	0.0	2.0	0.00038241	0.0	10.0	4.0	2.5	0.00191205	0.00076482	0.0004780125	2020-06-09
Hyde	2.0	0.0	0.0	2.0	0.00038241	0.0	10.0	4.0	2.5	0.00191205	0.00076482	0.0004780125	2020-06-10
Hyde	2.0	0.0	0.0	2.0	0.00038241	0.0	10.0	4.0	2.5	0.00191205	0.00076482	0.0004780125	2020-06-11
Hyde	2.0	0.0	0.0	2.0	0.00038241	0.0	10.0	4.0	2.5	0.00191205	0.00076482	0.0004780125	2020-06-12
Hyde	2.0	0.0	0.0	2.0	0.00038241	0.0	10.0	4.0	2.5	0.00191205	0.00076482	0.0004780125	2020-06-13
Hyde	3.0	0.0	0.0	3.0	0.00057361	0.0	15.0	6.0	3.75	0.00286805	0.00114722	0.0007170125	2020-06-14
Hyde	3.0	0.0	0.0	3.0	0.00057361	0.0	15.0	6.0	3.75	0.00286805	0.00114722	0.0007170125	2020-06-15
Hyde	3.0	0.0	0.0	3.0	0.00057361	0.0	15.0	6.0	3.75	0.00286805	0.00114722	0.0007170125	2020-06-16
Hyde	3.0	0.0	0.0	3.0	0.00057361	0.0	15.0	6.0	3.75	0.00286805	0.00114722	0.0007170125	2020-06-17
Hyde	3.0	0.0	0.0	3.0	0.00057361	0.0	15.0	6.0	3.75	0.00286805	0.00114722	0.0007170125	2020-06-18
Hyde	3.0	0.0	0.0	3.0	0.00057361	0.0	15.0	6.0	3.75	0.00286805	0.00114722	0.0007170125	2020-06-19
Hyde	6.0	0.0	0.0	6.0	0.00114723	0.0	30.0	12.0	7.5	0.00573615	0.00229446	0.0014340375	2020-06-20
Hyde	6.0	0.0	0.0	6.0	0.00114723	0.0	30.0	12.0	7.5	0.00573615	0.00229446	0.0014340375	2020-06-21
Hyde	6.0	0.0	0.0	6.0	0.00114723	0.0	30.0	12.0	7.5	0.00573615	0.00229446	0.0014340375	2020-06-22
Hyde	6.0	0.0	0.0	6.0	0.00114723	0.0	30.0	12.0	7.5	0.00573615	0.00229446	0.0014340375	2020-06-23
Hyde	6.0	0.0	0.0	6.0	0.00114723	0.0	30.0	12.0	7.5	0.00573615	0.00229446	0.0014340375	2020-06-24
Hyde	6.0	0.0	0.0	6.0	0.00114723	0.0	30.0	12.0	7.5	0.00573615	0.00229446	0.0014340375	2020-06-25
Hyde	6.0	0.0	0.0	6.0	0.00114723	0.0	30.0	12.0	7.5	0.00573615	0.00229446	0.0014340375	2020-06-26
Hyde	9.0	0.0	0.0	9.0	0.00172084	0.0	45.0	18.0	11.25	0.0086042	0.00344168	0.00215105	2020-06-27
Hyde	10.0	0.0	0.0	10.0	0.00191205	0.0	50.0	20.0	12.5	0.00956025	0.0038241	0.0023900625	2020-06-28
Hyde	11.0	0.0	0.0	11.0	0.00210325	0.0	55.0	22.0	13.75	0.01051625	0.0042065	0.0026290625	2020-06-29
Hyde	11.0	0.0	0.0	11.0	0.00210325	0.0	55.0	22.0	13.75	0.01051625	0.0042065	0.0026290625	2020-06-30
Hyde	12.0	0.0	0.0	12.0	0.00229446	0.0	60.0	24.0	15.0	0.0114723	0.00458892	0.002868075	2020-07-01
Hyde	12.0	0.0	0.0	12.0	0.00229446	0.0	60.0	24.0	15.0	0.0114723	0.00458892	0.002868075	2020-07-02
Hyde	0.533	1.071	13.071	0.391	0.747	0.747	0.00010191	0.00020478	0.00249924	7.476e-05	0.00014283	0.00014283	2020-07-03
Hyde	0.526	1.597	13.597	0.426	1.173	1.173	0.00010057	0.00030535	0.00259981	8.145e-05	0.00022428	0.00022428	2020-07-04
Hyde	0.518	2.115	14.115	0.463	1.636	1.636	9.904e-05	0.0004044	0.00269885	8.853e-05	0.00031281	0.00031281	2020-07-05
Hyde	0.286	0.286	0.804	0.0	0.0	2.115	5.468e-05	5.468e-05	0.00015373	0.0	0.0	0.0004044	2020-07-06
Hyde	0.283	0.569	1.087	0.0	0.0	2.115	5.411e-05	0.0001088	0.00020784	0.0	0.0	0.0004044	2020-07-07
Hyde	0.279	0.848	1.366	0.0	0.0	2.115	5.335e-05	0.00016214	0.00026119	0.0	0.0	0.0004044	2020-07-08
Hyde	1.416	1.416	1.695	0.0	0.0	0.848	0.00027075	0.00027075	0.00032409	0.0	0.0	0.00016214	2020-07-09
Hyde	1.403	2.819	3.098	0.0	0.0	0.848	0.00026826	0.00053901	0.00059235	0.0	0.0	0.00016214	2020-07-10
Hyde	1.641	1.641	3.044	0.0	0.0	2.819	0.00031377	0.00031377	0.00058203	0.0	0.0	0.00053901	2020-07-11
Hyde	1.626	3.267	4.67	0.0	0.0	2.819	0.0003109	0.00062467	0.00089293	0.0	0.0	0.00053901	2020-07-12
Hyde	1.605	4.872	6.275	0.0	0.0	2.819	0.00030688	0.00093155	0.00119981	0.0	0.0	0.00053901	2020-07-13
Hyde	0.398	0.398	2.003	0.0	0.0	4.872	7.61e-05	7.61e-05	0.00038298	0.0	0.0	0.00093155	2020-07-14
Hyde	0.316	0.714	2.319	0.0	0.0	4.872	6.042e-05	0.00013652	0.0004434	0.0	0.0	0.00093155	2020-07-15
Hyde	0.247	0.961	2.566	0.0	0.0	4.872	4.723e-05	0.00018375	0.00049063	0.0	0.0	0.00093155	2020-07-16
Hyde	0.187	1.148	2.753	0.0	0.0	4.872	3.576e-05	0.0002195	0.00052639	0.0	0.0	0.00093155	2020-07-17
Hyde	33.0	0.0	0.0	33.0	0.00630975	0.0	165.0	66.0	41.25	0.03154875	0.0126195	0.0078871875	2020-07-18
Hyde	33.0	0.0	0.0	33.0	0.00630975	0.0	165.0	66.0	41.25	0.03154875	0.0126195	0.0078871875	2020-07-19
