Name	Predicted_New_Cases	Total_Predicted_New_Cases	Total_Predicted_Cases	Predicted_New_Deaths	Total_Predicted_New_Deaths	Total_Predicted_Deaths	Predicted_New_per_capita	Predicted_Total_New_per_capita	Predicted_Total_Cases_per_capita	Predicted_New_Deaths_per_capita	Total_Predicted_New_Deaths_per_capita	Total_Predicted_Deaths_per_capita
Logan	0.062	1.525	635.525	0.0	0.0	5.0	2.88e-06	7.084e-05	0.02952086	0.0	0.0	0.00023226
Mesa	1.063	8.992	85.992	0.0	0.0	0.0	6.94e-06	5.869e-05	0.00056128	0.0	0.0	0.0
San Miguel	0.7	3.31	31.31	0.0	0.0	0.0	8.546e-05	0.0004041	0.00382249	0.0	0.0	0.0
Delta	0.229	1.986	81.986	0.0	0.0	1.0	7.4e-06	6.416e-05	0.00264873	0.0	0.0	3.231e-05
Weld	6.564	66.758	2764.758	0.069	0.874	136.874	2.088e-05	0.0002124	0.00879642	2.2e-07	2.78e-06	0.00043548
Lincoln	0.0	0.0	3.0	0.069	0.874	0.874	0.0	0.0	0.00053476	1.23e-05	0.00015579	0.00015579
Ouray	0.0	0.0	9.0	0.0	0.0	1.0	0.0	0.0	0.0018622	0.0	0.0	0.00020691
Washington	0.078	0.96	44.96	0.0	0.0	0.0	1.589e-05	0.00019556	0.00915869	0.0	0.0	0.0
Crowley	0.175	1.515	69.515	0.0	0.0	1.0	2.987e-05	0.00025862	0.01186668	0.0	0.0	0.00017071
Kiowa	0.0	0.0	0.0	0.0	0.0	0.0	0.0	0.0	0.0	0.0	0.0	0.0
Huerfano	0.0	0.0	3.0	0.0	0.0	0.0	0.0	0.0	0.00043548	0.0	0.0	0.0
Broomfield	1.247	10.803	281.803	0.185	1.249	29.249	1.8e-05	0.00015596	0.00406836	2.67e-06	1.803e-05	0.00042226
Jefferson	7.382	73.535	2581.535	1.869	16.186	218.186	1.272e-05	0.00012673	0.00444914	3.22e-06	2.79e-05	0.00037603
Park	0.0	0.0	23.0	1.869	16.186	16.186	0.0	0.0	0.00123949	0.00010072	0.00087228	0.00087228
Custer	0.0	0.0	2.0	1.869	16.186	16.186	0.0	0.0	0.00040371	0.00037727	0.00326726	0.00326726
Douglas	6.892	56.392	881.392	0.693	4.125	54.125	2.011e-05	0.00016452	0.00257134	2.02e-06	1.203e-05	0.0001579
San Juan	0.0	0.0	1.0	0.693	4.125	4.125	0.0	0.0	0.00131234	0.00090945	0.00541339	0.00541339
Summit	0.659	8.114	270.114	0.159	0.751	3.751	2.125e-05	0.00026168	0.00871139	5.13e-06	2.422e-05	0.00012097
Rio Grande	0.701	7.603	64.603	0.0	0.0	1.0	6.231e-05	0.00067582	0.00574249	0.0	0.0	8.889e-05
Fremont	1.686	7.973	37.973	0.0	0.0	0.0	3.511e-05	0.00016603	0.00079076	0.0	0.0	0.0
Gilpin	0.148	1.28	7.28	0.0	0.0	0.0	2.418e-05	0.00020912	0.00118935	0.0	0.0	0.0
Pueblo	4.86	38.978	389.978	1.154	6.873	29.873	2.901e-05	0.00023266	0.00232782	6.89e-06	4.103e-05	0.00017832
Grand	0.716	3.385	20.385	1.154	6.873	6.873	4.612e-05	0.00021804	0.00131304	7.433e-05	0.00044271	0.00044271
Eagle	2.087	18.071	651.071	0.0	0.0	8.0	3.795e-05	0.00032861	0.01183916	0.0	0.0	0.00014547
La Plata	0.182	1.736	87.736	0.0	0.0	1.0	3.23e-06	3.083e-05	0.00155809	0.0	0.0	1.776e-05
Teller	0.102	1.937	40.937	0.0	0.0	2.0	4.07e-06	7.722e-05	0.00163206	0.0	0.0	7.974e-05
Montrose	0.859	7.437	205.437	0.0	0.0	12.0	2.035e-05	0.00017617	0.00486656	0.0	0.0	0.00028427
Las Animas	0.14	1.212	8.212	0.0	0.0	0.0	9.65e-06	8.357e-05	0.00056623	0.0	0.0	0.0
El Paso	8.153	81.894	2105.894	0.982	7.878	121.878	1.142e-05	0.00011472	0.00295003	1.38e-06	1.104e-05	0.00017073
Moffat	0.0	0.0	9.0	0.982	7.878	7.878	0.0	0.0	0.00068244	7.446e-05	0.00059736	0.00059736
Prowers	0.003	0.159	16.159	0.982	7.878	7.878	2.5e-07	1.307e-05	0.00132843	8.073e-05	0.00064765	0.00064765
Hinsdale	0.0	0.0	3.0	0.982	7.878	7.878	0.0	0.0	0.00369914	0.00121085	0.00971393	0.00971393
Mineral	0.0	0.0	2.0	0.982	7.878	7.878	0.0	0.0	0.00257732	0.00126546	0.01015206	0.01015206
Yuma	0.0	0.732	49.732	0.982	7.878	7.878	0.0	7.305e-05	0.00496327	9.8e-05	0.00078623	0.00078623
Elbert	0.128	1.11	55.11	0.0	0.0	2.0	4.87e-06	4.223e-05	0.00209687	0.0	0.0	7.61e-05
Larimer	3.031	26.248	687.248	0.096	0.648	29.648	8.65e-06	7.488e-05	0.00196066	2.7e-07	1.85e-06	8.458e-05
Lake	0.027	0.896	42.896	0.096	0.648	0.648	3.45e-06	0.00011452	0.00548262	1.227e-05	8.282e-05	8.282e-05
Unassigned	0.077	2.039	127.039	0.21	1.818	2.818	N/A	N/A	N/A	N/A	N/A	N/A
Adams	16.626	157.652	3976.652	0.068	3.252	152.252	3.248e-05	0.00030799	0.0077689	1.3e-07	6.35e-06	0.00029744
Gunnison	0.012	0.584	181.584	0.0	0.0	6.0	7e-07	3.386e-05	0.01052905	0.0	0.0	0.00034791
Chaffee	0.001	0.014	78.014	0.0	0.0	20.0	5e-08	7e-07	0.00389544	0.0	0.0	0.00099865
Baca	0.0	0.0	12.0	0.0	0.0	0.0	0.0	0.0	0.00334728	0.0	0.0	0.0
Costilla	0.828	7.168	24.168	0.0	0.0	0.0	0.0002163	0.00187252	0.00631348	0.0	0.0	0.0
Phillips	0.0	0.124	15.124	0.0	0.0	0.0	0.0	2.893e-05	0.0035287	0.0	0.0	0.0
Routt	0.167	1.447	64.447	0.0	0.0	6.0	6.49e-06	5.623e-05	0.00250445	0.0	0.0	0.00023316
Otero	0.0	0.167	22.167	0.0	0.0	1.0	0.0	9.06e-06	0.00120264	0.0	0.0	5.425e-05
Saguache	0.606	5.249	103.249	0.0	0.124	2.124	8.856e-05	0.00076706	0.01508827	0.0	1.812e-05	0.00031039
Denver	28.428	246.189	6739.189	1.452	14.469	380.469	3.968e-05	0.0003436	0.00940581	2.03e-06	2.019e-05	0.00053102
Out of CO	0.039	0.336	1.336	1.452	14.469	14.469	N/A	N/A	N/A	N/A	N/A	N/A
Cheyenne	0.0	0.0	5.0	1.452	14.469	14.469	0.0	0.0	0.00266525	0.00077399	0.00771269	0.00771269
Archuleta	0.0	0.0	8.0	1.452	14.469	14.469	0.0	0.0	0.00058118	0.00010548	0.00105114	0.00105114
Pitkin	1.456	10.23	88.23	0.0	0.0	2.0	8.111e-05	0.00056992	0.00491532	0.0	0.0	0.00011142
Morgan	0.023	1.141	648.141	0.037	0.456	46.456	8.1e-07	3.995e-05	0.0226956	1.3e-06	1.597e-05	0.00162672
Montezuma	0.37	4.55	70.55	0.0	0.0	3.0	1.414e-05	0.00017394	0.00269707	0.0	0.0	0.00011469
Rio Blanco	0.159	0.751	2.751	0.0	0.0	0.0	2.509e-05	0.00011853	0.00043419	0.0	0.0	0.0
Clear Creek	0.016	0.135	18.135	0.0	0.0	1.0	1.67e-06	1.406e-05	0.00188808	0.0	0.0	0.00010411
Bent	0.003	0.067	3.067	0.0	0.0	0.0	5.1e-07	1.139e-05	0.00052142	0.0	0.0	0.0
Alamosa	3.307	28.636	168.636	0.286	1.354	4.354	0.00019823	0.00171648	0.01010825	1.714e-05	8.116e-05	0.00026098
Dolores	0.0	0.0	0.0	0.0	0.0	0.0	0.0	0.0	0.0	0.0	0.0	0.0
Boulder	18.533	112.086	1285.086	0.941	5.394	75.394	5.684e-05	0.00034374	0.00394104	2.89e-06	1.654e-05	0.00023121
Conejos	0.093	0.808	7.808	0.941	5.394	5.394	1.134e-05	9.854e-05	0.0009522	0.00011476	0.0006578	0.0006578
Kit Carson	0.105	0.909	31.909	0.0	0.0	3.0	1.466e-05	0.0001269	0.0044547	0.0	0.0	0.00041882
Garfield	4.128	32.242	237.242	0.0	0.0	2.0	6.906e-05	0.00053943	0.00396925	0.0	0.0	3.346e-05
Sedgwick	0.0	0.0	0.0	0.0	0.0	0.0	0.0	0.0	0.0	0.0	0.0	0.0
Arapahoe	18.681	163.941	5048.941	1.026	9.024	349.024	2.869e-05	0.00025175	0.00775311	1.58e-06	1.386e-05	0.00053596
Jackson	0.0	0.0	0.0	0.0	0.0	0.0	0.0	0.0	0.0	0.0	0.0	0.0
