Name	Predicted_New_Cases	Total_Predicted_New_Cases	Total_Predicted_Cases	Predicted_New_Deaths	Total_Predicted_New_Deaths	Total_Predicted_Deaths	Predicted_New_per_capita	Predicted_Total_New_per_capita	Predicted_Total_Cases_per_capita	Predicted_New_Deaths_per_capita	Total_Predicted_New_Deaths_per_capita	Total_Predicted_Deaths_per_capita
Broomfield	0.001	167.997	418.997	0.006	39.956	66.956	1e-08	0.00242535	0.00604901	9e-08	0.00057684	0.00096664
Rio Grande	1.688	2323.615	2361.615	0.0	0.0	1.0	0.00015004	0.20654356	0.20992133	0.0	0.0	8.889e-05
Eagle	0.0	49.437	648.437	0.0	0.0	8.0	0.0	0.00089897	0.01179126	0.0	0.0	0.00014547
Teller	0.053	72.367	105.367	0.0	0.0	2.0	2.11e-06	0.0028851	0.00420073	0.0	0.0	7.974e-05
Lake	0.385	530.652	564.652	0.0	50.798	50.798	4.921e-05	0.06782362	0.07216922	0.0	0.00649259	0.00649259
Saguache	0.046	1235.605	1324.605	0.0	0.0	1.0	6.72e-06	0.18056481	0.1935708	0.0	0.0	0.00014613
Pitkin	0.111	152.763	211.763	0.0	0.0	2.0	6.18e-06	0.00851047	0.01179738	0.0	0.0	0.00011142
Montezuma	0.003	161.118	207.118	0.0	0.0	3.0	1.1e-07	0.00615942	0.00791796	0.0	0.0	0.00011469
Clear Creek	0.053	72.367	89.367	0.0	0.0	1.0	5.52e-06	0.00753431	0.00930422	0.0	0.0	0.00010411
Alamosa	0.011	409.033	493.033	0.0	0.0	2.0	6.6e-07	0.02451795	0.02955302	0.0	0.0	0.00011988
Boulder	0.0	124.392	1128.392	0.0	36.545	103.545	0.0	0.00038148	0.0034605	0.0	0.00011207	0.00031755
Conejos	0.079	108.543	111.543	0.0	36.545	36.545	9.63e-06	0.01323695	0.0136028	0.0	0.00445671	0.00445671
