Name	Predicted_New_Cases	Total_Predicted_New_Cases	Total_Predicted_Cases	Predicted_New_Deaths	Total_Predicted_New_Deaths	Total_Predicted_Deaths	Predicted_New_per_capita	Predicted_Total_New_per_capita	Predicted_Total_Cases_per_capita	Predicted_New_Deaths_per_capita	Total_Predicted_New_Deaths_per_capita	Total_Predicted_Deaths_per_capita
Logan	0.171	19.208	666.208	0.0	0.0	5.0	7.94e-06	0.00089223	0.03094612	0.0	0.0	0.00023226
Mesa	0.867	132.968	392.968	0.0	0.0	3.0	5.66e-06	0.0008679	0.00256495	0.0	0.0	1.958e-05
San Miguel	0.0	4.023	80.023	0.0	0.0	0.0	0.0	0.00049115	0.00976963	0.0	0.0	0.0
Delta	0.203	30.039	135.039	0.0	0.0	1.0	6.56e-06	0.00097047	0.00436271	0.0	0.0	3.231e-05
Weld	3.699	556.179	4081.179	2.804	96.026	237.026	1.177e-05	0.00176955	0.01298477	8.92e-06	0.00030552	0.00075413
Lincoln	0.0	0.0	6.0	2.804	96.026	96.026	0.0	0.0	0.00106952	0.00049982	0.01711693	0.01711693
Ouray	0.0	0.0	12.0	0.0	0.0	1.0	0.0	0.0	0.00248293	0.0	0.0	0.00020691
Washington	0.003	0.417	47.417	0.0	0.0	0.0	6.1e-07	8.495e-05	0.0096592	0.0	0.0	0.0
Crowley	0.0	0.0	72.0	0.0	0.0	1.0	0.0	0.0	0.01229088	0.0	0.0	0.00017071
Huerfano	0.019	2.817	8.817	0.0	0.0	1.0	2.76e-06	0.00040891	0.00127987	0.0	0.0	0.00014516
Broomfield	0.268	50.495	456.495	0.007	1.116	33.116	3.87e-06	0.00072899	0.00659037	1e-07	1.611e-05	0.00047809
Jefferson	8.377	1237.191	5152.191	0.636	53.362	280.362	1.444e-05	0.00213223	0.00887952	1.1e-06	9.197e-05	0.00048319
Park	0.119	17.522	58.522	0.0	0.0	1.0	6.41e-06	0.00094428	0.0031538	0.0	0.0	5.389e-05
Douglas	3.792	559.98	2183.98	0.057	8.448	67.448	1.106e-05	0.00163366	0.00637145	1.7e-07	2.465e-05	0.00019677
San Juan	0.0	0.0	2.0	0.057	8.448	8.448	0.0	0.0	0.00262467	7.48e-05	0.01108661	0.01108661
Summit	0.125	24.246	346.246	0.0	0.0	4.0	4.03e-06	0.00078195	0.0111667	0.0	0.0	0.000129
Rio Grande	0.062	9.179	96.179	0.0	0.0	2.0	5.51e-06	0.00081591	0.00854924	0.0	0.0	0.00017778
Fremont	0.371	53.703	163.703	0.0	0.0	0.0	7.73e-06	0.00111832	0.00340899	0.0	0.0	0.0
Gilpin	0.0	0.067	16.067	0.0	0.0	0.0	0.0	1.095e-05	0.0026249	0.0	0.0	0.0
Grand	0.035	6.256	49.256	0.0	0.0	1.0	2.25e-06	0.00040296	0.00317269	0.0	0.0	6.441e-05
Eagle	2.584	381.63	1422.63	0.0	0.0	9.0	4.699e-05	0.00693961	0.02586929	0.0	0.0	0.00016366
La Plata	0.0	22.147	220.147	0.0	0.0	2.0	0.0	0.0003933	0.00390955	0.0	0.0	3.552e-05
Teller	0.381	57.326	169.326	0.003	0.417	3.417	1.519e-05	0.00228545	0.00675063	1.2e-07	1.662e-05	0.00013623
Montrose	0.507	74.888	352.888	0.021	2.083	15.083	1.201e-05	0.00177401	0.0083595	5e-07	4.934e-05	0.0003573
Las Animas	0.052	7.614	22.614	0.021	2.083	2.083	3.59e-06	0.00052499	0.00155926	1.45e-06	0.00014363	0.00014363
El Paso	12.365	1826.166	6367.166	0.197	26.793	161.793	1.732e-05	0.00255817	0.0089194	2.8e-07	3.753e-05	0.00022665
Moffat	0.094	13.873	38.873	0.0	0.0	1.0	7.13e-06	0.00105194	0.0029476	0.0	0.0	7.583e-05
Prowers	0.057	6.708	54.708	0.0	0.0	0.0	4.69e-06	0.00055146	0.00449753	0.0	0.0	0.0
Hinsdale	0.0	0.0	3.0	0.0	0.0	0.0	0.0	0.0	0.00369914	0.0	0.0	0.0
Mineral	0.019	2.817	20.817	0.0	0.0	0.0	2.448e-05	0.00363015	0.02682603	0.0	0.0	0.0
Yuma	0.046	6.319	68.319	0.0	0.0	0.0	4.59e-06	0.00063064	0.00681826	0.0	0.0	0.0
Elbert	0.172	25.344	110.344	0.0	0.0	2.0	6.54e-06	0.00096431	0.00419846	0.0	0.0	7.61e-05
Larimer	2.255	419.336	1795.336	0.037	5.529	40.529	6.43e-06	0.00119633	0.00512195	1.1e-07	1.577e-05	0.00011563
Lake	16.514	565.498	635.498	0.037	5.529	5.529	0.00211069	0.07227735	0.08122418	4.73e-06	0.00070667	0.00070667
Unassigned	0.0	2.14	127.14	0.038	5.633	6.633	N/A	N/A	N/A	N/A	N/A	N/A
Adams	11.951	1765.045	7783.045	0.0	1.768	172.768	2.335e-05	0.00344824	0.01520518	0.0	3.45e-06	0.00033752
Gunnison	0.552	81.455	327.455	0.0	0.0	6.0	3.201e-05	0.00472312	0.0189873	0.0	0.0	0.00034791
Chaffee	1.641	237.468	523.468	0.0	0.0	19.0	8.194e-05	0.01185739	0.02613811	0.0	0.0	0.00094872
Baca	0.0	0.0	14.0	0.0	0.0	0.0	0.0	0.0	0.00390516	0.0	0.0	0.0
Costilla	0.0	0.0	22.0	0.0	0.0	0.0	0.0	0.0	0.00574713	0.0	0.0	0.0
Phillips	0.0	0.673	19.673	0.0	0.0	0.0	0.0	0.00015702	0.00459006	0.0	0.0	0.0
Otero	0.319	47.142	101.142	0.142	13.735	19.735	1.731e-05	0.00255762	0.0054873	7.7e-06	0.00074517	0.00107069
Saguache	0.0	0.454	107.454	0.0	0.0	2.0	0.0	6.635e-05	0.01570276	0.0	0.0	0.00029227
Denver	17.8	2628.846	12321.846	0.118	18.905	431.905	2.484e-05	0.00366905	0.01719746	1.6e-07	2.639e-05	0.00060281
Out of CO	0.007	1.042	2.042	0.118	18.905	18.905	N/A	N/A	N/A	N/A	N/A	N/A
Cheyenne	2.181	74.687	82.687	0.118	18.905	18.905	0.00116258	0.03981183	0.04407623	6.29e-05	0.01007729	0.01007729
Archuleta	0.177	26.178	59.178	0.118	18.905	18.905	1.286e-05	0.00190178	0.00429916	8.57e-06	0.00137341	0.00137341
Pitkin	0.106	15.644	183.644	0.0	0.0	2.0	5.91e-06	0.00087153	0.01023086	0.0	0.0	0.00011142
Morgan	0.158	23.364	699.364	0.0	0.0	46.0	5.53e-06	0.00081812	0.02448925	0.0	0.0	0.00161076
Montezuma	0.461	57.241	165.241	0.019	1.438	5.438	1.762e-05	0.00218828	0.00631703	7.3e-07	5.497e-05	0.00020789
Rio Blanco	0.0	0.0	7.0	0.019	1.438	1.438	0.0	0.0	0.0011048	3e-06	0.00022696	0.00022696
Clear Creek	0.051	7.509	34.509	0.0	0.0	1.0	5.31e-06	0.00078178	0.00359282	0.0	0.0	0.00010411
Bent	0.0	0.0	5.0	0.0	0.0	0.0	0.0	0.0	0.00085005	0.0	0.0	0.0
Boulder	3.407	492.945	2382.945	1.402	48.014	123.014	1.045e-05	0.00151174	0.0073079	4.3e-06	0.00014725	0.00037725
Conejos	0.007	1.042	24.042	1.402	48.014	48.014	8.5e-07	0.00012707	0.00293195	0.00017098	0.00585537	0.00585537
Kit Carson	0.0	6.652	49.652	0.0	0.0	3.0	0.0	0.00092866	0.00693173	0.0	0.0	0.00041882
Garfield	2.268	335.004	1040.004	0.0	0.0	4.0	3.795e-05	0.00560489	0.0174001	0.0	0.0	6.692e-05
Sedgwick	0.0	0.0	11.0	0.0	0.0	1.0	0.0	0.0	0.00477638	0.0	0.0	0.00043422
Arapahoe	11.964	1767.028	8699.028	0.0	8.722	371.722	1.837e-05	0.00271343	0.01335815	0.0	1.339e-05	0.00057081
Jackson	0.0	0.0	8.0	0.0	8.722	8.722	0.0	0.0	0.00571837	0.0	0.00623445	0.00623445
