Name	Predicted_New_Cases	Total_Predicted_New_Cases	Total_Predicted_Cases	Predicted_New_Deaths	Total_Predicted_New_Deaths	Total_Predicted_Deaths	Predicted_New_per_capita	Predicted_Total_New_per_capita	Predicted_Total_Cases_per_capita	Predicted_New_Deaths_per_capita	Total_Predicted_New_Deaths_per_capita	Total_Predicted_Deaths_per_capita
Logan	155.285	10218.036	10701.036	0.015	4.019	7.019	0.00721316	0.47463935	0.49707525	7e-07	0.00018669	0.00032604
Mesa	0.0	4.417	55.417	0.015	4.019	4.019	0.0	2.883e-05	0.00036171	1e-07	2.623e-05	2.623e-05
San Miguel	0.013	3.256	25.256	0.015	4.019	4.019	1.59e-06	0.00039751	0.00308338	1.83e-06	0.00049066	0.00049066
Delta	0.0	1.989	55.989	0.0	0.0	1.0	0.0	6.426e-05	0.00180884	0.0	0.0	3.231e-05
Weld	3.26	870.969	3102.969	0.0	21.791	140.791	1.037e-05	0.00277109	0.00987248	0.0	6.933e-05	0.00044794
Lincoln	0.0	0.0	3.0	0.0	21.791	21.791	0.0	0.0	0.00053476	0.0	0.00388431	0.00388431
Ouray	0.035	6.704	12.704	0.0	0.0	1.0	7.24e-06	0.00138713	0.0026286	0.0	0.0	0.00020691
Washington	0.0	0.272	9.272	0.0	0.0	0.0	0.0	5.541e-05	0.00188878	0.0	0.0	0.0
Crowley	3.779	490.126	529.126	0.0	0.0	1.0	0.0006451	0.0836678	0.09032537	0.0	0.0	0.00017071
Kiowa	0.0	0.0	0.0	0.0	0.0	0.0	0.0	0.0	0.0	0.0	0.0	0.0
Huerfano	0.035	6.704	9.704	0.0	0.0	0.0	5.08e-06	0.00097315	0.00140862	0.0	0.0	0.0
Broomfield	0.339	94.807	298.807	0.112	22.52	42.52	4.89e-06	0.00136872	0.00431384	1.62e-06	0.00032512	0.00061386
Jefferson	3.086	801.154	2549.154	0.074	30.513	137.513	5.32e-06	0.00138075	0.00439333	1.3e-07	5.259e-05	0.000237
Park	0.0	1.586	17.586	0.074	30.513	30.513	0.0	8.547e-05	0.00094773	3.99e-06	0.00164437	0.00164437
Custer	0.0	0.0	2.0	0.074	30.513	30.513	0.0	0.0	0.00040371	1.494e-05	0.00615927	0.00615927
Douglas	0.459	188.056	809.056	0.068	18.607	48.607	1.34e-06	0.00054863	0.00236031	2e-07	5.428e-05	0.0001418
San Juan	0.0	0.0	1.0	0.068	18.607	18.607	0.0	0.0	0.00131234	8.924e-05	0.02441864	0.02441864
Summit	0.032	50.617	225.617	0.0	0.0	1.0	1.03e-06	0.00163244	0.00727632	0.0	0.0	3.225e-05
Rio Grande	0.0	0.0	7.0	0.0	0.0	0.0	0.0	0.0	0.00062222	0.0	0.0	0.0
Fremont	0.014	3.692	28.692	0.0	0.0	0.0	2.9e-07	7.688e-05	0.00059749	0.0	0.0	0.0
Gilpin	0.013	3.474	5.474	0.0	0.0	0.0	2.12e-06	0.00056755	0.0008943	0.0	0.0	0.0
Pueblo	0.515	115.089	301.089	0.109	15.065	28.065	3.07e-06	0.00068698	0.00179724	6.5e-07	8.992e-05	0.00016752
Grand	0.0	0.0	5.0	0.109	15.065	15.065	0.0	0.0	0.00032206	7.02e-06	0.00097037	0.00097037
Eagle	0.462	73.422	637.422	0.24	20.33	28.33	8.4e-06	0.00133512	0.01159097	4.36e-06	0.00036968	0.00051516
La Plata	7.482	380.539	446.539	0.0	0.0	1.0	0.00013287	0.00675793	0.00793001	0.0	0.0	1.776e-05
Teller	0.03	7.819	38.819	0.0	0.0	2.0	1.2e-06	0.00031173	0.00154762	0.0	0.0	7.974e-05
Montrose	0.279	72.34	201.34	0.0	0.0	11.0	6.61e-06	0.00171365	0.00476951	0.0	0.0	0.00026058
Las Animas	0.0	0.62	4.62	0.0	0.0	0.0	0.0	4.275e-05	0.00031855	0.0	0.0	0.0
El Paso	1.62	432.901	1636.901	0.0	3.613	84.613	2.27e-06	0.00060643	0.00229304	0.0	5.06e-06	0.00011853
Moffat	0.0	0.0	6.0	0.0	3.613	3.613	0.0	0.0	0.00045496	0.0	0.00027396	0.00027396
Prowers	0.083	21.503	30.503	0.0	3.613	3.613	6.82e-06	0.00176776	0.00250765	0.0	0.00029702	0.00029702
Hinsdale	0.0	0.0	3.0	0.0	3.613	3.613	0.0	0.0	0.00369914	0.0	0.00445499	0.00445499
Mineral	0.0	0.0	2.0	0.0	3.613	3.613	0.0	0.0	0.00257732	0.0	0.00465593	0.00465593
Yuma	0.04	8.572	19.572	0.0	3.613	3.613	3.99e-06	0.00085549	0.00195329	0.0	0.00036058	0.00036058
Elbert	0.001	12.838	53.838	0.551	31.873	33.873	4e-08	0.00048847	0.00204847	2.096e-05	0.00121273	0.00128883
Larimer	0.474	155.493	618.493	0.008	1.989	20.989	1.35e-06	0.00044361	0.00176451	2e-08	5.67e-06	5.988e-05
Lake	0.0	2.593	25.593	0.008	1.989	1.989	0.0	0.00033142	0.00327109	1.02e-06	0.00025422	0.00025422
Unassigned	0.877	227.66	298.66	0.0	0.231	1.231	N/A	N/A	N/A	N/A	N/A	N/A
Adams	6.198	1608.825	4056.825	0.168	43.555	134.555	1.211e-05	0.00314305	0.00792553	3.3e-07	8.509e-05	0.00026287
Gunnison	0.042	17.043	199.043	0.01	2.771	8.771	2.44e-06	0.00098823	0.0115414	5.8e-07	0.00016067	0.00050858
Chaffee	0.0	0.317	69.317	0.0	0.167	17.167	0.0	1.583e-05	0.00346118	0.0	8.34e-06	0.00085719
Baca	0.0	0.131	12.131	0.0	0.167	0.167	0.0	3.654e-05	0.00338382	0.0	4.658e-05	4.658e-05
Costilla	0.002	0.435	4.435	0.0	0.168	0.168	5.2e-07	0.00011364	0.00115857	0.0	4.389e-05	4.389e-05
Phillips	0.092	18.408	27.408	0.0	0.168	0.168	2.147e-05	0.00429491	0.00639477	0.0	3.92e-05	3.92e-05
Routt	0.0	0.954	59.954	0.0	0.379	6.379	0.0	3.707e-05	0.00232985	0.0	1.473e-05	0.00024789
Otero	0.002	0.435	11.435	0.0	0.0	1.0	1.1e-07	2.36e-05	0.00062039	0.0	0.0	5.425e-05
Saguache	5.509	318.731	333.731	0.0	0.0	0.0	0.00080506	0.04657767	0.04876969	0.0	0.0	0.0
Denver	7.571	2167.08	6526.08	0.304	104.722	341.722	1.057e-05	0.00302457	0.00910838	4.2e-07	0.00014616	0.00047694
Out of CO	0.004	1.085	2.085	0.304	104.722	104.722	N/A	N/A	N/A	N/A	N/A	N/A
Cheyenne	20.785	1057.064	1062.064	0.304	104.722	104.722	0.01107942	0.56346695	0.5661322	0.00016205	0.05582196	0.05582196
Archuleta	0.0	0.0	8.0	0.304	104.722	104.722	0.0	0.0	0.00058118	2.208e-05	0.00760785	0.00760785
Pitkin	0.027	7.059	61.059	0.0	0.0	2.0	1.5e-06	0.00039326	0.00340162	0.0	0.0	0.00011142
Morgan	1.873	418.562	952.562	0.156	21.567	45.567	6.559e-05	0.01465656	0.03335535	5.46e-06	0.0007552	0.00159559
Montezuma	0.088	22.918	47.918	0.992	57.373	60.373	3.36e-06	0.00087614	0.00183187	3.792e-05	0.00219333	0.00230801
Rio Blanco	0.0	0.0	1.0	0.992	57.373	57.373	0.0	0.0	0.00015783	0.00015657	0.00905508	0.00905508
Clear Creek	2.589	149.805	164.805	0.0	0.0	1.0	0.00026955	0.01559656	0.01715825	0.0	0.0	0.00010411
Bent	0.0	0.0	1.0	0.0	0.0	0.0	0.0	0.0	0.00017001	0.0	0.0	0.0
Alamosa	0.2	52.021	89.021	0.0	0.0	2.0	1.199e-05	0.0031182	0.00533603	0.0	0.0	0.00011988
Dolores	0.0	0.0	0.0	0.0	0.0	0.0	0.0	0.0	0.0	0.0	0.0	0.0
Boulder	0.538	266.626	1071.626	0.166	38.638	96.638	1.65e-06	0.00081768	0.00328641	5.1e-07	0.00011849	0.00029636
Conejos	0.0	0.0	1.0	0.166	38.638	38.638	0.0	0.0	0.00012195	2.024e-05	0.00471195	0.00471195
Kit Carson	0.051	13.248	38.248	0.0	0.0	2.0	7.12e-06	0.0018495	0.00533966	0.0	0.0	0.00027921
Garfield	0.117	30.413	142.413	0.0	0.0	2.0	1.96e-06	0.00050883	0.00238268	0.0	0.0	3.346e-05
Sedgwick	0.0	0.0	0.0	0.0	0.0	0.0	0.0	0.0	0.0	0.0	0.0	0.0
Arapahoe	6.826	1823.935	5349.935	0.101	54.425	267.425	1.048e-05	0.00280082	0.00821531	1.6e-07	8.357e-05	0.00041066
Jackson	0.0	0.0	0.0	0.0	0.0	0.0	0.0	0.0	0.0	0.0	0.0	0.0
