McMinn	1.0	0.0	0.0	0.0	1.877e-05	0.0	5.0	2.0	1.25	9.385e-05	3.754e-05	2.34625e-05	2020-03-22
McMinn	2.0	0.0	0.0	0.0	3.753e-05	0.0	10.0	4.0	2.5	0.00018765	7.506e-05	4.69125e-05	2020-03-23
McMinn	2.0	0.0	0.0	0.0	3.753e-05	0.0	10.0	4.0	2.5	0.00018765	7.506e-05	4.69125e-05	2020-03-24
McMinn	2.0	0.0	0.0	0.0	3.753e-05	0.0	10.0	4.0	2.5	0.00018765	7.506e-05	4.69125e-05	2020-03-25
McMinn	3.0	0.0	0.0	0.0	5.63e-05	0.0	15.0	6.0	3.75	0.0002815	0.0001126	7.0375e-05	2020-03-26
McMinn	3.0	0.0	0.0	0.0	5.63e-05	0.0	15.0	6.0	3.75	0.0002815	0.0001126	7.0375e-05	2020-03-27
McMinn	3.0	0.0	0.0	0.0	5.63e-05	0.0	15.0	6.0	3.75	0.0002815	0.0001126	7.0375e-05	2020-03-28
McMinn	3.0	0.0	0.0	0.0	5.63e-05	0.0	15.0	6.0	3.75	0.0002815	0.0001126	7.0375e-05	2020-03-29
McMinn	3.0	0.0	0.0	0.0	5.63e-05	0.0	15.0	6.0	3.75	0.0002815	0.0001126	7.0375e-05	2020-03-30
McMinn	3.0	0.0	0.0	0.0	5.63e-05	0.0	15.0	6.0	3.75	0.0002815	0.0001126	7.0375e-05	2020-03-31
McMinn	3.0	0.0	0.0	0.0	5.63e-05	0.0	15.0	6.0	3.75	0.0002815	0.0001126	7.0375e-05	2020-04-01
McMinn	3.0	0.0	0.0	0.0	5.63e-05	0.0	15.0	6.0	3.75	0.0002815	0.0001126	7.0375e-05	2020-04-02
McMinn	3.0	0.0	0.0	0.0	5.63e-05	0.0	15.0	6.0	3.75	0.0002815	0.0001126	7.0375e-05	2020-04-03
McMinn	2	0	0	0	_2020-3-24
McMinn	2	0	0	0	_2020-3-25
McMinn	3	0	0	0	_2020-3-26
