Name	Predicted_New_Cases	Total_Predicted_New_Cases	Total_Predicted_Cases	Predicted_New_Deaths	Total_Predicted_New_Deaths	Total_Predicted_Deaths	Predicted_New_per_capita	Predicted_Total_New_per_capita	Predicted_Total_Cases_per_capita	Predicted_New_Deaths_per_capita	Total_Predicted_New_Deaths_per_capita	Total_Predicted_Deaths_per_capita
Yakutat	0.0	0.0	7.0	0.04	19.122	19.122	0.0	0.0	0.0115894	6.623e-05	0.03165894	0.03165894
Southeast Fairbanks	0.003	2.918	18.918	0.04	19.122	19.122	4.3e-07	0.0004218	0.00273461	5.78e-06	0.00276409	0.00276409
Kenai Peninsula	0.0	21.44	337.44	0.0	0.0	2.0	0.0	0.00036629	0.00576495	0.0	0.0	3.417e-05
Bethel	0.015	13.791	35.791	0.0	0.0	0.0	8.2e-07	0.00075708	0.00196481	0.0	0.0	0.0
Kusilvak	0.536	107.842	113.842	0.0	0.0	0.0	6.455e-05	0.01298832	0.01371095	0.0	0.0	0.0
Bristol Bay	0.651	96.654	105.654	0.0	0.0	0.0	0.0007423	0.11020981	0.12047206	0.0	0.0	0.0
Fairbanks North Star	0.003	88.378	519.378	0.0	0.399	5.399	3e-08	0.00089297	0.00524778	0.0	4.03e-06	5.455e-05
Denali	0.0	0.0	1.0	0.0	0.399	0.399	0.0	0.0	0.00048567	0.0	0.00019378	0.00019378
Haines	0.0	0.0	4.0	0.0	0.399	0.399	0.0	0.0	0.00161681	0.0	0.00016128	0.00016128
North Slope	0.013	13.052	31.052	0.0	0.399	0.399	1.32e-06	0.00132212	0.00314546	0.0	4.042e-05	4.042e-05
Dillingham	0.0	0.0	1.0	0.0	0.399	0.399	0.0	0.0	0.0002	0.0	7.98e-05	7.98e-05
Yukon-Koyukuk	0.023	19.408	70.408	0.0	0.0	1.0	4.32e-06	0.00364333	0.0132172	0.0	0.0	0.00018772
Wrangell	0.1	41.506	50.506	0.0	0.0	0.0	3.995e-05	0.0165825	0.02017819	0.0	0.0	0.0
Unassigned	0.0	0.0	1.0	0.018	12.804	14.804	N/A	N/A	N/A	N/A	N/A	N/A
Northwest Arctic	0.001	33.692	72.692	0.018	12.804	12.804	1.3e-07	0.00439213	0.00947621	2.35e-06	0.00166914	0.00166914
Matanuska-Susitna	0.262	237.47	561.47	0.0	0.0	2.0	2.43e-06	0.00220677	0.00521764	0.0	0.0	1.859e-05
Petersburg	0.0	0.0	6.0	0.0	0.0	1.0	0.0	0.0	0.00186278	0.0	0.0	0.00031046
Aleutians East	0.006	5.051	7.051	0.0	0.0	0.0	1.71e-06	0.00143698	0.00200597	0.0	0.0	0.0
Prince of Wales-Hyder	0.012	11.101	19.101	0.0	0.0	0.0	1.87e-06	0.00172859	0.00297431	0.0	0.0	0.0
Anchorage	1.66	1638.375	3738.375	0.049	23.746	37.746	5.69e-06	0.00561976	0.01282294	1.7e-07	8.145e-05	0.00012947
Nome	1.351	200.732	219.732	0.049	23.746	23.746	0.00013499	0.02005715	0.02195564	4.9e-06	0.0023727	0.0023727
Juneau	0.001	23.325	124.325	0.003	3.028	4.028	3e-08	0.00072634	0.00387149	9e-08	9.429e-05	0.00012543
Ketchikan Gateway	0.01	9.302	46.302	0.003	3.028	3.028	7.2e-07	0.00066834	0.00332677	2.2e-07	0.00021756	0.00021756
Valdez-Cordova	0.019	22.765	72.765	0.003	3.028	3.028	2.07e-06	0.00248418	0.00794031	3.3e-07	0.00033042	0.00033042
Kodiak Island	0.0	0.62	6.62	0.003	3.028	3.028	0.0	4.646e-05	0.00049607	2.2e-07	0.0002269	0.0002269
Sitka	0.013	12.222	38.222	0.003	3.028	3.028	1.5e-06	0.00141344	0.00442026	3.5e-07	0.00035018	0.00035018
