Name	Predicted_New_Cases	Total_Predicted_New_Cases	Total_Predicted_Cases	Predicted_New_Deaths	Total_Predicted_New_Deaths	Total_Predicted_Deaths	Predicted_New_per_capita	Predicted_Total_New_per_capita	Predicted_Total_Cases_per_capita	Predicted_New_Deaths_per_capita	Total_Predicted_New_Deaths_per_capita	Total_Predicted_Deaths_per_capita
Yakutat	0.0	0.0	7.0	0.263	29.925	29.925	0.0	0.0	0.0115894	0.00043543	0.0495447	0.0495447
Southeast Fairbanks	0.0	1.344	15.344	0.263	29.925	29.925	0.0	0.00019428	0.00221798	3.802e-05	0.00432567	0.00432567
Kenai Peninsula	0.613	109.593	413.593	0.0	0.0	2.0	1.047e-05	0.00187233	0.00706598	0.0	0.0	3.417e-05
Bethel	0.03	5.417	27.417	0.0	0.0	0.0	1.65e-06	0.00029738	0.00150511	0.0	0.0	0.0
Kusilvak	0.02	3.61	8.61	0.0	0.0	0.0	2.41e-06	0.00043478	0.00103697	0.0	0.0	0.0
Bristol Bay	0.0	0.0	6.0	0.0	0.0	0.0	0.0	0.0	0.00684151	0.0	0.0	0.0
Fairbanks North Star	0.0	81.797	491.797	0.001	3.623	8.623	0.0	0.00082647	0.0049691	1e-08	3.661e-05	8.713e-05
Denali	0.0	0.0	1.0	0.001	3.623	3.623	0.0	0.0	0.00048567	4.9e-07	0.00175959	0.00175959
Haines	0.0	0.62	4.62	0.001	3.623	3.623	0.0	0.00025061	0.00186742	4e-07	0.00146443	0.00146443
North Slope	0.099	17.733	32.733	0.001	3.623	3.623	1.003e-05	0.00179629	0.00331574	1e-07	0.000367	0.000367
Dillingham	0.0	0.0	1.0	0.001	3.623	3.623	0.0	0.0	0.0002	2e-07	0.0007246	0.0007246
Wrangell	0.039	7.006	16.006	0.0	0.0	0.0	1.558e-05	0.00279904	0.00639473	0.0	0.0	0.0
Aleutians West	0.06	10.265	15.265	0.0	0.0	0.0	1.048e-05	0.00179364	0.00266731	0.0	0.0	0.0
Unassigned	0.0	0.0	1.0	0.072	12.046	14.046	N/A	N/A	N/A	N/A	N/A	N/A
Northwest Arctic	0.486	73.078	106.078	0.072	12.046	12.046	6.336e-05	0.00952653	0.01382844	9.39e-06	0.00157033	0.00157033
Matanuska-Susitna	1.246	207.423	512.423	0.0	0.0	2.0	1.158e-05	0.00192754	0.00476185	0.0	0.0	1.859e-05
Petersburg	0.0	0.0	6.0	0.0	0.0	1.0	0.0	0.0	0.00186278	0.0	0.0	0.00031046
Prince of Wales-Hyder	0.063	11.257	19.257	0.0	0.0	0.0	9.81e-06	0.00175288	0.0029986	0.0	0.0	0.0
Anchorage	11.195	1906.803	3824.803	0.133	14.355	27.355	3.84e-05	0.0065405	0.0131194	4.6e-07	4.924e-05	9.383e-05
Nome	0.0	0.158	17.158	0.133	14.355	14.355	0.0	1.579e-05	0.00171443	1.329e-05	0.00143435	0.00143435
Juneau	0.302	53.949	144.949	1.247	51.914	52.914	9.4e-06	0.00167997	0.00451372	3.883e-05	0.0016166	0.00164774
Ketchikan Gateway	0.0	1.763	36.763	1.247	51.914	51.914	0.0	0.00012667	0.0026414	8.96e-05	0.00372999	0.00372999
Valdez-Cordova	0.0	3.791	52.791	1.247	51.914	51.914	0.0	0.00041368	0.00576069	0.00013608	0.00566499	0.00566499
Kodiak Island	1.87	77.869	83.869	1.247	51.914	51.914	0.00014013	0.00583507	0.00628468	9.344e-05	0.00389015	0.00389015
Sitka	0.037	9.088	32.088	1.247	51.914	51.914	4.28e-06	0.001051	0.00371088	0.00014421	0.0060037	0.0060037
