Name	Predicted_New_Cases	Total_Predicted_New_Cases	Total_Predicted_Cases	Predicted_New_Deaths	Total_Predicted_New_Deaths	Total_Predicted_Deaths	Predicted_New_per_capita	Predicted_Total_New_per_capita	Predicted_Total_Cases_per_capita	Predicted_New_Deaths_per_capita	Total_Predicted_New_Deaths_per_capita	Total_Predicted_Deaths_per_capita
Yakutat	0.0	0.0	0.0	0.0	0.0	0.0	0.0	0.0	0.0	0.0	0.0	0.0
Southeast Fairbanks	0.0	0.0	3.0	0.597	9.837	9.837	0.0	0.0	0.00043365	8.63e-05	0.00142194	0.00142194
Kenai Peninsula	2.417	66.069	179.069	0.0	0.0	2.0	4.129e-05	0.00112875	0.00305928	0.0	0.0	3.417e-05
Bethel	1.209	9.488	14.488	0.0	0.0	0.0	6.637e-05	0.00052086	0.00079534	0.0	0.0	0.0
Sterling	0.0	0.0	0.0	0.0	0.0	0.0	N/A	N/A	N/A	N/A	N/A	N/A
Kusilvak	0.0	0.0	0.0	0.0	0.0	0.0	0.0	0.0	0.0	0.0	0.0	0.0
Bristol Bay	0.0	0.0	0.0	0.0	0.0	0.0	0.0	0.0	0.0	0.0	0.0	0.0
Lake and Peninsula	0.0	0.0	0.0	0.0	0.0	0.0	0.0	0.0	0.0	0.0	0.0	0.0
Fairbanks North Star	14.984	117.555	213.555	0.0	0.0	2.0	0.0001514	0.00118777	0.00215775	0.0	0.0	2.021e-05
Denali	0.0	0.0	0.0	0.0	0.0	0.0	0.0	0.0	0.0	0.0	0.0	0.0
Haines	0.0	0.0	1.0	0.0	0.0	0.0	0.0	0.0	0.0004042	0.0	0.0	0.0
North Slope	0.0	0.0	1.0	0.0	0.0	0.0	0.0	0.0	0.0001013	0.0	0.0	0.0
Dillingham	0.0	0.0	0.0	0.0	0.0	0.0	0.0	0.0	0.0	0.0	0.0	0.0
Yukon-Koyukuk	0.0	0.0	1.0	0.0	0.0	0.0	0.0	0.0	0.00018772	0.0	0.0	0.0
Wrangell	0.0	0.0	2.0	0.0	0.0	0.0	0.0	0.0	0.00079904	0.0	0.0	0.0
Hoonah-Angoon	0.0	0.0	0.0	0.0	0.0	0.0	0.0	0.0	0.0	0.0	0.0	0.0
Aleutians West	0.0	0.0	0.0	0.0	0.0	0.0	0.0	0.0	0.0	0.0	0.0	0.0
Unassigned	0.0	0.0	1.0	0.0	0.0	4.0	N/A	N/A	N/A	N/A	N/A	N/A
Northwest Arctic	0.242	5.631	9.631	0.0	0.0	0.0	3.155e-05	0.00073406	0.00125551	0.0	0.0	0.0
Soldotna	0.0	0.0	0.0	0.0	0.0	0.0	N/A	N/A	N/A	N/A	N/A	N/A
Matanuska-Susitna	0.713	17.364	63.364	0.0	0.0	1.0	6.63e-06	0.00016136	0.00058883	0.0	0.0	9.29e-06
Petersburg	0.0	0.0	4.0	0.0	0.0	1.0	0.0	0.0	0.00124185	0.0	0.0	0.00031046
Aleutians East	0.0	0.0	0.0	0.0	0.0	0.0	0.0	0.0	0.0	0.0	0.0	0.0
Prince of Wales-Hyder	0.0	0.0	2.0	0.0	0.0	0.0	0.0	0.0	0.00031143	0.0	0.0	0.0
Anchorage	3.868	100.299	426.299	0.361	7.24	13.24	1.327e-05	0.00034403	0.00146224	1.24e-06	2.483e-05	4.541e-05
Skagway	0.0	0.0	0.0	0.0	0.0	0.0	0.0	0.0	0.0	0.0	0.0	0.0
Nome	0.389	7.131	12.131	0.361	7.24	7.24	3.887e-05	0.00071253	0.00121213	3.607e-05	0.00072342	0.00072342
Juneau	0.303	7.858	44.858	0.361	7.24	7.24	9.44e-06	0.0002447	0.00139688	1.124e-05	0.00022545	0.00022545
Ketchikan Gateway	3.628	28.464	47.464	0.361	7.24	7.24	0.00026067	0.00204512	0.00341026	2.594e-05	0.00052019	0.00052019
Valdez-Cordova	0.0	0.0	0.0	0.0	0.0	0.0	0.0	0.0	0.0	0.0	0.0	0.0
Kodiak Island	2.285	17.922	19.922	0.361	7.24	7.24	0.00017123	0.00134297	0.00149284	2.705e-05	0.00054253	0.00054253
Sitka	11.289	88.562	96.562	0.361	7.24	7.24	0.00130554	0.01024193	0.01116711	4.175e-05	0.00083728	0.00083728
