Name	Predicted_New_Cases	Total_Predicted_New_Cases	Total_Predicted_Cases	Predicted_New_Deaths	Total_Predicted_New_Deaths	Total_Predicted_Deaths	Predicted_New_per_capita	Predicted_Total_New_per_capita	Predicted_Total_Cases_per_capita	Predicted_New_Deaths_per_capita	Total_Predicted_New_Deaths_per_capita	Total_Predicted_Deaths_per_capita
Southeast Fairbanks	0.0	0.0	3.0	0.012	18.04	18.04	0.0	0.0	0.00043365	1.73e-06	0.00260769	0.00260769
Kenai Peninsula	0.001	105.511	214.511	0.0	0.0	2.0	2e-08	0.00180259	0.00366479	0.0	0.0	3.417e-05
Bethel	0.099	39.373	43.373	0.0	0.0	0.0	5.43e-06	0.00216145	0.00238104	0.0	0.0	0.0
Fairbanks North Star	1.434	570.913	666.913	0.0	0.0	2.0	1.449e-05	0.00576849	0.00673847	0.0	0.0	2.021e-05
Haines	0.0	0.0	1.0	0.0	0.0	0.0	0.0	0.0	0.0004042	0.0	0.0	0.0
North Slope	0.0	0.0	1.0	0.0	0.0	0.0	0.0	0.0	0.0001013	0.0	0.0	0.0
Yukon-Koyukuk	0.0	0.0	1.0	0.0	0.0	0.0	0.0	0.0	0.00018772	0.0	0.0	0.0
Wrangell	0.0	0.0	2.0	0.0	0.0	0.0	0.0	0.0	0.00079904	0.0	0.0	0.0
Unassigned	0.0	0.0	1.0	0.0	0.0	4.0	N/A	N/A	N/A	N/A	N/A	N/A
Northwest Arctic	0.366	166.353	170.353	0.0	0.0	0.0	4.771e-05	0.02168596	0.0222074	0.0	0.0	0.0
Matanuska-Susitna	0.0	22.295	67.295	0.0	0.0	1.0	0.0	0.00020718	0.00062536	0.0	0.0	9.29e-06
Petersburg	0.0	0.0	4.0	0.0	0.0	1.0	0.0	0.0	0.00124185	0.0	0.0	0.00031046
Prince of Wales-Hyder	0.0	0.0	2.0	0.0	0.0	0.0	0.0	0.0	0.00031143	0.0	0.0	0.0
Anchorage	0.004	170.377	490.377	0.008	14.391	20.391	1e-08	0.00058441	0.00168203	3e-08	4.936e-05	6.994e-05
Nome	0.465	185.057	190.057	0.008	14.391	14.391	4.646e-05	0.01849091	0.01899051	8e-07	0.00143795	0.00143795
Juneau	0.002	18.158	55.158	0.008	14.391	14.391	6e-08	0.00056544	0.00171762	2.5e-07	0.00044814	0.00044814
Ketchikan Gateway	0.297	118.121	137.121	0.008	14.391	14.391	2.134e-05	0.00848692	0.00985206	5.7e-07	0.00103398	0.00103398
Kodiak Island	0.267	106.307	108.307	0.008	14.391	14.391	2.001e-05	0.00796605	0.00811592	6e-07	0.00107838	0.00107838
Sitka	1.247	496.1	504.1	0.008	14.391	14.391	0.00014421	0.0573725	0.05829768	9.3e-07	0.00166428	0.00166428
