Name	Confirmed	Deaths	Recovered	Active	Confirmed_per_capita	Deaths_per_capita	IFR_0.30_expected	IFR_0.65_expected	IFR_1.0_expected	IFR_0.30_expected_per_capita	IFR_0.65_expected_per_capita	IFR_1.0_expected_per_capita	Date
Iredell	6.0	0.0	0.0	0.0	3.363e-05	0.0	30.0	12.0	7.5	0.00016815	6.726e-05	4.20375e-05	2020-03-22
Iredell	8.0	0.0	0.0	0.0	4.483e-05	0.0	40.0	16.0	10.0	0.00022415	8.966e-05	5.60375e-05	2020-03-23
Iredell	9.0	0.0	0.0	0.0	5.044e-05	0.0	45.0	18.0	11.25	0.0002522	0.00010088	6.305e-05	2020-03-24
Iredell	11.0	0.0	0.0	0.0	6.165e-05	0.0	55.0	22.0	13.75	0.00030825	0.0001233	7.70625e-05	2020-03-25
Iredell	13.0	0.0	0.0	0.0	7.286e-05	0.0	65.0	26.0	16.25	0.0003643	0.00014572	9.1075e-05	2020-03-26
Iredell	15.0	0.0	0.0	0.0	8.406e-05	0.0	75.0	30.0	18.75	0.0004203	0.00016812	0.000105075	2020-03-27
Iredell	18.0	0.0	0.0	0.0	0.00010088	0.0	90.0	36.0	22.5	0.0005044	0.00020176	0.0001261	2020-03-28
Iredell	21.0	0.0	0.0	0.0	0.00011769	0.0	105.0	42.0	26.25	0.00058845	0.00023538	0.0001471125	2020-03-29
Iredell	25.0	0.0	0.0	0.0	0.00014011	0.0	125.0	50.0	31.25	0.00070055	0.00028022	0.0001751375	2020-03-30
Iredell	25.0	0.0	0.0	0.0	0.00014011	0.0	125.0	50.0	31.25	0.00070055	0.00028022	0.0001751375	2020-03-31
Iredell	25.0	0.0	0.0	0.0	0.00014011	0.0	125.0	50.0	31.25	0.00070055	0.00028022	0.0001751375	2020-04-01
Iredell	36.0	0.0	0.0	0.0	0.00020175	0.0	180.0	72.0	45.0	0.00100875	0.0004035	0.0002521875	2020-04-02
Iredell	36.0	0.0	0.0	0.0	0.00020175	0.0	180.0	72.0	45.0	0.00100875	0.0004035	0.0002521875	2020-04-03
Iredell	9	0	0	0	_2020-3-24
Iredell	11	0	0	0	_2020-3-25
Iredell	13	0	0	0	_2020-3-26
