Name	Predicted_New_Cases	Total_Predicted_New_Cases	Total_Predicted_Cases	Predicted_New_Deaths	Total_Predicted_New_Deaths	Total_Predicted_Deaths	Predicted_New_per_capita	Predicted_Total_New_per_capita	Predicted_Total_Cases_per_capita	Predicted_New_Deaths_per_capita	Total_Predicted_New_Deaths_per_capita	Total_Predicted_Deaths_per_capita
Lincoln	0.0	0.0	1.0	0.0	0.0	0.0	0.0	0.0	0.00019227	0.0	0.0	0.0
Lander	0.0	0.0	0.0	0.0	0.0	0.0	0.0	0.0	0.0	0.0	0.0	0.0
Eureka	0.0	0.0	0.0	0.0	0.0	0.0	0.0	0.0	0.0	0.0	0.0	0.0
Elko County	0.0	0.0	2.0	0.031	280.227	280.227	N/A	N/A	N/A	N/A	N/A	N/A
Esmeralda	0.0	0.0	0.0	0.0	0.0	0.0	0.0	0.0	0.0	0.0	0.0	0.0
Lyon	0.05	57.649	67.649	0.031	280.227	280.227	9e-07	0.00103299	0.00121217	5.6e-07	0.00502127	0.00502127
Douglas	0.003	15.639	28.639	0.031	280.227	280.227	6e-08	0.00032267	0.0005909	6.4e-07	0.00578181	0.00578181
Carson City	0.001	31.318	56.318	0.031	280.227	280.227	2e-08	0.00056516	0.00101631	5.6e-07	0.00505697	0.00505697
Humboldt	0.001	23.651	43.651	0.0	0.0	1.0	6e-08	0.00140897	0.00260044	0.0	0.0	5.957e-05
Mineral	0.0	0.0	0.0	0.0	0.0	0.0	0.0	0.0	0.0	0.0	0.0	0.0
Unassigned	0.0	30.176	35.176	0.0	0.0	6.0	N/A	N/A	N/A	N/A	N/A	N/A
Pershing	0.0	0.0	0.0	0.0	0.0	0.0	0.0	0.0	0.0	0.0	0.0	0.0
Clark	0.034	2659.035	5218.035	0.043	248.85	363.85	2e-08	0.00119151	0.0023382	2e-08	0.00011151	0.00016304
Washoe	0.015	610.411	1159.411	0.023	42.469	56.469	3e-08	0.00131064	0.00248942	5e-08	9.119e-05	0.00012125
Nye	0.0	15.421	30.421	0.023	42.469	42.469	0.0	0.00034007	0.00067086	5.1e-07	0.00093655	0.00093655
Storey	0.0	0.0	0.0	0.0	0.0	0.0	0.0	0.0	0.0	0.0	0.0	0.0
Churchill	0.0	0.0	0.0	0.0	0.0	0.0	0.0	0.0	0.0	0.0	0.0	0.0
Elko	0.0	8.44	19.44	0.0	0.0	1.0	0.0	0.00016088	0.00037057	0.0	0.0	1.906e-05
White Pine	0.0	6.758	9.758	0.0	0.0	0.0	0.0	0.00071325	0.00102987	0.0	0.0	0.0
