Name	Confirmed	Deaths	Recovered	Active	Confirmed_per_capita	Deaths_per_capita	IFR_0.30_expected	IFR_0.65_expected	IFR_1.0_expected	IFR_0.30_expected_per_capita	IFR_0.65_expected_per_capita	IFR_1.0_expected_per_capita	Date
Henry	1.0	0.0	0.0	0.0	4.983e-05	0.0	5.0	2.0	1.25	0.00024915	9.966e-05	6.22875e-05	2020-03-22
Henry	1	0	0	0	4.983e-5	0	5	2	1.25	2.4915e-4	9.966e-5	6.22875e-5	2020-03-23
Henry	1	0	0	0	4.983e-05	0.0	5	2	1.25	0.00024915	9.966e-05	6.22875e-05	2020-03-24
Henry	1	0	0	0	4.983e-5	0	5	2	1.25	2.4915e-4	9.966e-5	6.22875e-5	2020-03-25
Henry	1	0	0	0	4.983e-5	0	5	2	1.25	2.4915e-4	9.966e-5	6.22875e-5	2020-03-26
Henry	2	0	0	0	9.967e-5	0	10	4	2.5	4.9835e-4	1.9934e-4	1.245875e-4	2020-03-27
Henry	2	0	0	0	9.967e-5	0	10	4	2.5	4.9835e-4	1.9934e-4	1.245875e-4	2020-03-28
Henry	3.0	0.0	0.0	0.0	0.0001495	0.0	15.0	6.0	3.75	0.0007475	0.000299	0.000186875	2020-03-29
Henry	3.0	0.0	0.0	0.0	0.0001495	0.0	15.0	6.0	3.75	0.0007475	0.000299	0.000186875	2020-03-30
Henry	3.0	0.0	0.0	0.0	0.0001495	0.0	15.0	6.0	3.75	0.0007475	0.000299	0.000186875	2020-03-31
Henry	5.0	0.0	0.0	0.0	0.00024917	0.0	25.0	10.0	6.25	0.00124585	0.00049834	0.0003114625	2020-04-01
Henry	5.0	0.0	0.0	0.0	0.00024917	0.0	25.0	10.0	6.25	0.00124585	0.00049834	0.0003114625	2020-04-02
Henry	6.0	0.0	0.0	0.0	0.000299	0.0	30.0	12.0	7.5	0.001495	0.000598	0.00037375	2020-04-03
Henry	6.0	0.0	0.0	0.0	0.000299	0.0	30.0	12.0	7.5	0.001495	0.000598	0.00037375	2020-04-04
Henry	8.0	1.0	0.0	0.0	0.00039866	4.983e-05	333.333333333	153.846153846	100.0	0.01661	0.00766615384615	0.004983	2020-04-05
Henry	9.0	1.0	0.0	0.0	0.0004485	4.983e-05	333.333333333	153.846153846	100.0	0.01661	0.00766615384615	0.004983	2020-04-06
Henry	13.0	1.0	0.0	0.0	0.00064783	4.983e-05	333.333333333	153.846153846	100.0	0.01661	0.00766615384615	0.004983	2020-04-07
Henry	15.0	1.0	0.0	0.0	0.0007475	4.983e-05	333.333333333	153.846153846	100.0	0.01661	0.00766615384615	0.004983	2020-04-08
Henry	15.0	1.0	0.0	0.0	0.0007475	4.983e-05	333.333333333	153.846153846	100.0	0.01661	0.00766615384615	0.004983	2020-04-09
Henry	17.0	1.0	0.0	0.0	0.00084716	4.983e-05	333.333333333	153.846153846	100.0	0.01661	0.00766615384615	0.004983	2020-04-10
Henry	19.0	1.0	0.0	0.0	0.00094683	4.983e-05	333.333333333	153.846153846	100.0	0.01661	0.00766615384615	0.004983	2020-04-11
Henry	19.0	1.0	0.0	18.0	0.00094683	4.983e-05	333.333333333	153.846153846	100.0	0.01661	0.00766615384615	0.004983	2020-04-12
Henry	20.0	1.0	0.0	19.0	0.00099666	4.983e-05	333.333333333	153.846153846	100.0	0.01661	0.00766615384615	0.004983	2020-04-13
Henry	22.0	1.0	0.0	21.0	0.00109633	4.983e-05	333.333333333	153.846153846	100.0	0.01661	0.00766615384615	0.004983	2020-04-14
Henry	22.0	1.0	0.0	21.0	0.00109633	4.983e-05	333.333333333	153.846153846	100.0	0.01661	0.00766615384615	0.004983	2020-04-15
Henry	22.0	1.0	0.0	21.0	0.00109633	4.983e-05	333.333333333	153.846153846	100.0	0.01661	0.00766615384615	0.004983	2020-04-16
Henry	26.0	1.0	0.0	25.0	0.00129566	4.983e-05	333.333333333	153.846153846	100.0	0.01661	0.00766615384615	0.004983	2020-04-17
Henry	27.0	1.0	0.0	26.0	0.00134549	4.983e-05	333.333333333	153.846153846	100.0	0.01661	0.00766615384615	0.004983	2020-04-18
Henry	27.0	1.0	0.0	26.0	0.00134549	4.983e-05	333.333333333	153.846153846	100.0	0.01661	0.00766615384615	0.004983	2020-04-19
Henry	27.0	1.0	0.0	26.0	0.00134549	4.983e-05	333.333333333	153.846153846	100.0	0.01661	0.00766615384615	0.004983	2020-04-20
Henry	29.0	1.0	0.0	28.0	0.00144516	4.983e-05	333.333333333	153.846153846	100.0	0.01661	0.00766615384615	0.004983	2020-04-21
Henry	30.0	1.0	0.0	29.0	0.00149499	4.983e-05	333.333333333	153.846153846	100.0	0.01661	0.00766615384615	0.004983	2020-04-22
Henry	30.0	1.0	0.0	29.0	0.00149499	4.983e-05	333.333333333	153.846153846	100.0	0.01661	0.00766615384615	0.004983	2020-04-23
Henry	31.0	1.0	0.0	30.0	0.00154482	4.983e-05	333.333333333	153.846153846	100.0	0.01661	0.00766615384615	0.004983	2020-04-24
Henry	31.0	1.0	0.0	30.0	0.00154482	4.983e-05	333.333333333	153.846153846	100.0	0.01661	0.00766615384615	0.004983	2020-04-25
Henry	31.0	1.0	0.0	30.0	0.00154482	4.983e-05	333.333333333	153.846153846	100.0	0.01661	0.00766615384615	0.004983	2020-04-26
Henry	32.0	1.0	0.0	31.0	0.00159466	4.983e-05	333.333333333	153.846153846	100.0	0.01661	0.00766615384615	0.004983	2020-04-27
Henry	32.0	1.0	0.0	31.0	0.00159466	4.983e-05	333.333333333	153.846153846	100.0	0.01661	0.00766615384615	0.004983	2020-04-28
Henry	32.0	1.0	0.0	31.0	0.00159466	4.983e-05	333.333333333	153.846153846	100.0	0.01661	0.00766615384615	0.004983	2020-04-29
Henry	32.0	1.0	0.0	31.0	0.00159466	4.983e-05	333.333333333	153.846153846	100.0	0.01661	0.00766615384615	0.004983	2020-04-30
Henry	32.0	1.0	0.0	31.0	0.00159466	4.983e-05	333.333333333	153.846153846	100.0	0.01661	0.00766615384615	0.004983	2020-05-01
Henry	32.0	1.0	0.0	31.0	0.00159466	4.983e-05	333.333333333	153.846153846	100.0	0.01661	0.00766615384615	0.004983	2020-05-02
Henry	33.0	1.0	0.0	32.0	0.00164449	4.983e-05	333.333333333	153.846153846	100.0	0.01661	0.00766615384615	0.004983	2020-05-03
Henry	34.0	1.0	0.0	33.0	0.00169432	4.983e-05	333.333333333	153.846153846	100.0	0.01661	0.00766615384615	0.004983	2020-05-04
Henry	37.0	1.0	0.0	36.0	0.00184382	4.983e-05	333.333333333	153.846153846	100.0	0.01661	0.00766615384615	0.004983	2020-05-05
Henry	40.0	1.0	0.0	39.0	0.00199332	4.983e-05	333.333333333	153.846153846	100.0	0.01661	0.00766615384615	0.004983	2020-05-06
Henry	42.0	1.0	0.0	41.0	0.00209299	4.983e-05	333.333333333	153.846153846	100.0	0.01661	0.00766615384615	0.004983	2020-05-07
Henry	42.0	1.0	0.0	41.0	0.00209299	4.983e-05	333.333333333	153.846153846	100.0	0.01661	0.00766615384615	0.004983	2020-05-08
Henry	43.0	1.0	0.0	42.0	0.00214282	4.983e-05	333.333333333	153.846153846	100.0	0.01661	0.00766615384615	0.004983	2020-05-09
Henry	43.0	1.0	0.0	42.0	0.00214282	4.983e-05	333.333333333	153.846153846	100.0	0.01661	0.00766615384615	0.004983	2020-05-10
Henry	43.0	1.0	0.0	42.0	0.00214282	4.983e-05	333.333333333	153.846153846	100.0	0.01661	0.00766615384615	0.004983	2020-05-11
Henry	43.0	1.0	0.0	42.0	0.00214282	4.983e-05	333.333333333	153.846153846	100.0	0.01661	0.00766615384615	0.004983	2020-05-12
Henry	43.0	1.0	0.0	42.0	0.00214282	4.983e-05	333.333333333	153.846153846	100.0	0.01661	0.00766615384615	0.004983	2020-05-13
Henry	43.0	1.0	0.0	42.0	0.00214282	4.983e-05	333.333333333	153.846153846	100.0	0.01661	0.00766615384615	0.004983	2020-05-14
Henry	44.0	1.0	0.0	43.0	0.00219265	4.983e-05	333.333333333	153.846153846	100.0	0.01661	0.00766615384615	0.004983	2020-05-15
Henry	44.0	1.0	0.0	43.0	0.00219265	4.983e-05	333.333333333	153.846153846	100.0	0.01661	0.00766615384615	0.004983	2020-05-16
Henry	47.0	1.0	0.0	46.0	0.00234215	4.983e-05	333.333333333	153.846153846	100.0	0.01661	0.00766615384615	0.004983	2020-05-17
Henry	46.0	1.0	0.0	45.0	0.00229232	4.983e-05	333.333333333	153.846153846	100.0	0.01661	0.00766615384615	0.004983	2020-05-18
Henry	47.0	1.0	0.0	46.0	0.00234215	4.983e-05	333.333333333	153.846153846	100.0	0.01661	0.00766615384615	0.004983	2020-05-19
Henry	49.0	1.0	0.0	48.0	0.00244182	4.983e-05	333.333333333	153.846153846	100.0	0.01661	0.00766615384615	0.004983	2020-05-20
Henry	50.0	1.0	0.0	49.0	0.00249165	4.983e-05	333.333333333	153.846153846	100.0	0.01661	0.00766615384615	0.004983	2020-05-21
Henry	56.0	1.0	0.0	55.0	0.00279065	4.983e-05	333.333333333	153.846153846	100.0	0.01661	0.00766615384615	0.004983	2020-05-22
Henry	57.0	1.0	0.0	56.0	0.00284048	4.983e-05	333.333333333	153.846153846	100.0	0.01661	0.00766615384615	0.004983	2020-05-23
Henry	61.0	1.0	0.0	60.0	0.00303982	4.983e-05	333.333333333	153.846153846	100.0	0.01661	0.00766615384615	0.004983	2020-05-24
Henry	61.0	1.0	0.0	60.0	0.00303982	4.983e-05	333.333333333	153.846153846	100.0	0.01661	0.00766615384615	0.004983	2020-05-25
Henry	67.0	1.0	0.0	66.0	0.00333881	4.983e-05	333.333333333	153.846153846	100.0	0.01661	0.00766615384615	0.004983	2020-05-26
Henry	67.0	1.0	0.0	66.0	0.00333881	4.983e-05	333.333333333	153.846153846	100.0	0.01661	0.00766615384615	0.004983	2020-05-27
Henry	67.0	1.0	0.0	66.0	0.00333881	4.983e-05	333.333333333	153.846153846	100.0	0.01661	0.00766615384615	0.004983	2020-05-28
Henry	70.0	1.0	0.0	69.0	0.00348831	4.983e-05	333.333333333	153.846153846	100.0	0.01661	0.00766615384615	0.004983	2020-05-29
Henry	71.0	1.0	0.0	70.0	0.00353815	4.983e-05	333.333333333	153.846153846	100.0	0.01661	0.00766615384615	0.004983	2020-05-30
Henry	71.0	1.0	0.0	70.0	0.00353815	4.983e-05	333.333333333	153.846153846	100.0	0.01661	0.00766615384615	0.004983	2020-05-31
Henry	71.0	1.0	0.0	70.0	0.00353815	4.983e-05	333.333333333	153.846153846	100.0	0.01661	0.00766615384615	0.004983	2020-06-01
Henry	72.0	2.0	0.0	70.0	0.00358798	9.967e-05	666.666666667	307.692307692	200.0	0.0332233333333	0.0153338461538	0.009967	2020-06-02
Henry	72.0	2.0	0.0	70.0	0.00358798	9.967e-05	666.666666667	307.692307692	200.0	0.0332233333333	0.0153338461538	0.009967	2020-06-03
Henry	72.0	2.0	0.0	70.0	0.00358798	9.967e-05	666.666666667	307.692307692	200.0	0.0332233333333	0.0153338461538	0.009967	2020-06-04
Henry	73.0	2.0	0.0	71.0	0.00363781	9.967e-05	666.666666667	307.692307692	200.0	0.0332233333333	0.0153338461538	0.009967	2020-06-05
Henry	74.0	2.0	0.0	72.0	0.00368765	9.967e-05	666.666666667	307.692307692	200.0	0.0332233333333	0.0153338461538	0.009967	2020-06-06
Henry	74.0	2.0	0.0	72.0	0.00368765	9.967e-05	666.666666667	307.692307692	200.0	0.0332233333333	0.0153338461538	0.009967	2020-06-07
Henry	73.0	2.0	0.0	71.0	0.00363781	9.967e-05	666.666666667	307.692307692	200.0	0.0332233333333	0.0153338461538	0.009967	2020-06-08
Henry	73.0	2.0	0.0	71.0	0.00363781	9.967e-05	666.666666667	307.692307692	200.0	0.0332233333333	0.0153338461538	0.009967	2020-06-09
Henry	74.0	2.0	0.0	72.0	0.00368765	9.967e-05	666.666666667	307.692307692	200.0	0.0332233333333	0.0153338461538	0.009967	2020-06-10
Henry	73.0	2.0	0.0	71.0	0.00363781	9.967e-05	666.666666667	307.692307692	200.0	0.0332233333333	0.0153338461538	0.009967	2020-06-11
Henry	73.0	2.0	0.0	71.0	0.00363781	9.967e-05	666.666666667	307.692307692	200.0	0.0332233333333	0.0153338461538	0.009967	2020-06-12
Henry	73.0	2.0	0.0	71.0	0.00363781	9.967e-05	666.666666667	307.692307692	200.0	0.0332233333333	0.0153338461538	0.009967	2020-06-13
Henry	73.0	2.0	0.0	71.0	0.00363781	9.967e-05	666.666666667	307.692307692	200.0	0.0332233333333	0.0153338461538	0.009967	2020-06-14
Henry	74.0	2.0	0.0	72.0	0.00368765	9.967e-05	666.666666667	307.692307692	200.0	0.0332233333333	0.0153338461538	0.009967	2020-06-15
Henry	74.0	2.0	0.0	72.0	0.00368765	9.967e-05	666.666666667	307.692307692	200.0	0.0332233333333	0.0153338461538	0.009967	2020-06-16
Henry	75.0	3.0	0.0	72.0	0.00373748	0.0001495	1000.0	461.538461538	300.0	0.0498333333333	0.023	0.01495	2020-06-17
Henry	75.0	3.0	0.0	72.0	0.00373748	0.0001495	1000.0	461.538461538	300.0	0.0498333333333	0.023	0.01495	2020-06-18
Henry	75.0	3.0	0.0	72.0	0.00373748	0.0001495	1000.0	461.538461538	300.0	0.0498333333333	0.023	0.01495	2020-06-19
Henry	76.0	3.0	0.0	73.0	0.00378731	0.0001495	1000.0	461.538461538	300.0	0.0498333333333	0.023	0.01495	2020-06-20
Henry	78.0	3.0	0.0	75.0	0.00388698	0.0001495	1000.0	461.538461538	300.0	0.0498333333333	0.023	0.01495	2020-06-21
Henry	78.0	3.0	0.0	75.0	0.00388698	0.0001495	1000.0	461.538461538	300.0	0.0498333333333	0.023	0.01495	2020-06-22
Henry	79.0	3.0	0.0	76.0	0.00393681	0.0001495	1000.0	461.538461538	300.0	0.0498333333333	0.023	0.01495	2020-06-23
Henry	79.0	3.0	0.0	76.0	0.00393681	0.0001495	1000.0	461.538461538	300.0	0.0498333333333	0.023	0.01495	2020-06-24
Henry	79.0	3.0	0.0	76.0	0.00393681	0.0001495	1000.0	461.538461538	300.0	0.0498333333333	0.023	0.01495	2020-06-25
Henry	80.0	3.0	0.0	77.0	0.00398664	0.0001495	1000.0	461.538461538	300.0	0.0498333333333	0.023	0.01495	2020-06-26
Henry	80.0	3.0	0.0	77.0	0.00398664	0.0001495	1000.0	461.538461538	300.0	0.0498333333333	0.023	0.01495	2020-06-27
Henry	81.0	3.0	0.0	78.0	0.00403648	0.0001495	1000.0	461.538461538	300.0	0.0498333333333	0.023	0.01495	2020-06-28
Henry	81.0	3.0	0.0	78.0	0.00403648	0.0001495	1000.0	461.538461538	300.0	0.0498333333333	0.023	0.01495	2020-06-29
Henry	82.0	3.0	0.0	79.0	0.00408631	0.0001495	1000.0	461.538461538	300.0	0.0498333333333	0.023	0.01495	2020-06-30
Henry	82.0	3.0	0.0	79.0	0.00408631	0.0001495	1000.0	461.538461538	300.0	0.0498333333333	0.023	0.01495	2020-07-01
Henry	85.0	3.0	0.0	82.0	0.00423581	0.0001495	1000.0	461.538461538	300.0	0.0498333333333	0.023	0.01495	2020-07-02
Henry	0.432	0.908	82.908	0.0	0.0	3.0	2.153e-05	4.525e-05	0.00413156	0.0	0.0	0.0001495	2020-07-03
Henry	0.389	1.297	83.297	0.0	0.0	3.0	1.939e-05	6.463e-05	0.00415094	0.0	0.0	0.0001495	2020-07-04
Henry	0.349	1.646	83.646	0.0	0.0	3.0	1.739e-05	8.203e-05	0.00416834	0.0	0.0	0.0001495	2020-07-05
Henry	3.24	3.24	3.589	0.076	0.076	1.722	0.00016146	0.00016146	0.00017885	3.79e-06	3.79e-06	8.581e-05	2020-07-06
Henry	3.21	6.45	6.799	0.075	0.151	1.797	0.00015996	0.00032142	0.00033881	3.74e-06	7.52e-06	8.955e-05	2020-07-07
Henry	3.168	9.618	9.967	0.074	0.225	1.871	0.00015787	0.00047929	0.00049669	3.69e-06	1.121e-05	9.324e-05	2020-07-08
Henry	12.037	12.037	15.205	0.102	0.102	9.72	0.00059984	0.00059984	0.00075771	5.08e-06	5.08e-06	0.00048438	2020-07-09
Henry	14.855	26.892	30.06	0.073	0.175	9.793	0.00074027	0.00134011	0.00149798	3.64e-06	8.72e-06	0.00048802	2020-07-10
Henry	11.789	11.789	26.644	0.427	0.427	27.319	0.00058748	0.00058748	0.00132775	2.128e-05	2.128e-05	0.00136139	2020-07-11
Henry	11.68	23.469	38.324	0.464	0.891	27.783	0.00058205	0.00116953	0.0019098	2.312e-05	4.44e-05	0.00138451	2020-07-12
Henry	11.528	34.997	49.852	0.505	1.396	28.288	0.00057448	0.00174401	0.00248428	2.517e-05	6.957e-05	0.00140968	2020-07-13
Henry	2.157	2.157	13.685	2.012	2.012	37.009	0.00010749	0.00010749	0.00068197	0.00010026	0.00010026	0.00184427	2020-07-14
Henry	1.589	3.746	15.274	1.294	3.306	38.303	7.918e-05	0.00018667	0.00076115	6.448e-05	0.00016475	0.00190876	2020-07-15
Henry	0.0	3.746	15.274	0.798	4.104	39.101	0.0	0.00018667	0.00076115	3.977e-05	0.00020451	0.00194852	2020-07-16
Henry	0.0	3.746	15.274	0.503	4.607	39.604	0.0	0.00018667	0.00076115	2.507e-05	0.00022958	0.00197359	2020-07-17
Henry	100.0	3.0	0.0	97.0	0.00498331	0.0001495	1000.0	461.538461538	300.0	0.0498333333333	0.023	0.01495	2020-07-18
Henry	100.0	3.0	0.0	97.0	0.00498331	0.0001495	1000.0	461.538461538	300.0	0.0498333333333	0.023	0.01495	2020-07-19
