Name	Predicted_New_Cases	Total_Predicted_New_Cases	Total_Predicted_Cases	Predicted_New_Deaths	Total_Predicted_New_Deaths	Total_Predicted_Deaths	Predicted_New_per_capita	Predicted_Total_New_per_capita	Predicted_Total_Cases_per_capita	Predicted_New_Deaths_per_capita	Total_Predicted_New_Deaths_per_capita	Total_Predicted_Deaths_per_capita
Logan	0.0	0.0	0.0	0.0	0.0	0.0	0.0	0.0	0.0	0.0	0.0	0.0
Linn	0.0	0.0	6.0	1.968	49.381	49.381	0.0	0.0	0.00061538	0.00020185	0.00506472	0.00506472
Brown	0.0	0.0	3.0	1.968	49.381	49.381	0.0	0.0	0.00031257	0.00020504	0.00514493	0.00514493
Cowley	0.616	4.598	8.598	0.0	0.0	1.0	1.749e-05	0.00013056	0.00024414	0.0	0.0	2.839e-05
Gray	0.925	14.817	26.817	0.0	0.0	0.0	0.00015332	0.00245599	0.00444505	0.0	0.0	0.0
Cherokee	0.0	0.0	8.0	0.0	0.0	0.0	0.0	0.0	0.0003997	0.0	0.0	0.0
Ellis	0.0	0.0	8.0	0.0	0.0	0.0	0.0	0.0	0.00027865	0.0	0.0	0.0
Wilson	0.0	0.0	1.0	0.0	0.0	0.0	0.0	0.0	0.00011541	0.0	0.0	0.0
Harper	0.0	0.0	1.0	0.0	0.0	0.0	0.0	0.0	0.00018162	0.0	0.0	0.0
Montgomery	0.0	0.062	20.062	0.0	0.0	2.0	0.0	1.93e-06	0.0006246	0.0	0.0	6.227e-05
Lane	0.0	0.0	0.0	0.0	0.0	0.0	0.0	0.0	0.0	0.0	0.0	0.0
Republic	0.0	0.0	4.0	0.0	0.0	0.0	0.0	0.0	0.00085763	0.0	0.0	0.0
Rawlins	0.0	0.0	0.0	0.0	0.0	0.0	0.0	0.0	0.0	0.0	0.0	0.0
Harvey	0.039	0.936	10.936	0.0	0.0	0.0	1.14e-06	2.736e-05	0.00031967	0.0	0.0	0.0
Ford	28.004	667.458	1978.458	1.003	18.607	26.607	0.00082637	0.019696	0.05838226	2.96e-05	0.00054907	0.00078515
Russell	0.0	0.0	0.0	0.0	0.0	0.0	0.0	0.0	0.0	0.0	0.0	0.0
Comanche	0.0	0.0	0.0	0.0	0.0	0.0	0.0	0.0	0.0	0.0	0.0	0.0
Lincoln	0.0	0.0	0.0	0.0	0.0	0.0	0.0	0.0	0.0	0.0	0.0	0.0
Pratt	0.0	0.0	1.0	1.003	18.607	18.607	0.0	0.0	0.00010663	0.00010695	0.00198411	0.00198411
Wichita	0.0	0.0	1.0	1.003	18.607	18.607	0.0	0.0	0.00047506	0.00047648	0.00883943	0.00883943
Chase	0.0	0.0	3.0	1.003	18.607	18.607	0.0	0.0	0.00114112	0.00038151	0.0070776	0.0070776
Riley	0.116	4.866	64.866	0.0	0.0	1.0	1.57e-06	6.602e-05	0.0008801	0.0	0.0	1.357e-05
Mitchell	0.0	0.0	3.0	0.0	0.0	0.0	0.0	0.0	0.0004878	0.0	0.0	0.0
Hamilton	0.255	6.179	15.179	0.0	0.0	0.0	9.781e-05	0.00237016	0.0058224	0.0	0.0	0.0
Washington	0.0	0.0	1.0	0.0	0.0	0.0	0.0	0.0	0.0001845	0.0	0.0	0.0
Ellsworth	0.0	0.0	2.0	0.0	0.0	0.0	0.0	0.0	0.00032279	0.0	0.0	0.0
Wyandotte	7.155	277.951	1430.951	0.006	2.735	72.735	4.328e-05	0.00168125	0.00865543	4e-08	1.654e-05	0.00043995
Shawnee	3.493	83.255	268.255	0.0	0.0	5.0	1.968e-05	0.00046904	0.0015113	0.0	0.0	2.817e-05
Jewell	0.0	0.0	4.0	0.0	0.0	0.0	0.0	0.0	0.00140795	0.0	0.0	0.0
Finney	29.754	734.714	1968.714	0.253	5.07	10.07	0.00081271	0.02006812	0.05377384	6.91e-06	0.00013848	0.00027505
Stevens	0.764	17.156	43.156	0.253	5.07	5.07	0.00013743	0.00308617	0.00776327	4.551e-05	0.00091203	0.00091203
Kiowa	0.0	0.0	2.0	0.253	5.07	5.07	0.0	0.0	0.00079491	0.00010056	0.0020151	0.0020151
Rice	1.109	8.279	12.279	0.253	5.07	5.07	0.00011636	0.00086864	0.00128832	2.654e-05	0.00053195	0.00053195
Pawnee	0.0	0.0	0.0	0.0	0.0	0.0	0.0	0.0	0.0	0.0	0.0	0.0
Osborne	0.0	0.0	2.0	0.253	5.07	5.07	0.0	0.0	0.00057554	7.281e-05	0.00145899	0.00145899
Morton	2.095	15.637	19.637	0.253	5.07	5.07	0.00078553	0.00586314	0.00736295	9.486e-05	0.00190101	0.00190101
Jefferson	1.637	24.845	43.845	0.253	5.07	5.07	8.627e-05	0.00130935	0.00231067	1.333e-05	0.00026719	0.00026719
Reno	0.0	0.287	41.287	0.253	5.07	5.07	0.0	4.6e-06	0.00066227	4.06e-06	8.133e-05	8.133e-05
Barton	1.218	29.023	59.023	0.0	0.0	1.0	4.665e-05	0.00111152	0.00226046	0.0	0.0	3.83e-05
Decatur	0.0	0.0	0.0	0.0	0.0	0.0	0.0	0.0	0.0	0.0	0.0	0.0
Gove	0.0	0.0	1.0	0.0	0.0	0.0	0.0	0.0	0.00038285	0.0	0.0	0.0
Kearny	0.567	16.109	52.109	0.0	0.0	0.0	0.0001438	0.00408547	0.01321557	0.0	0.0	0.0
Smith	0.0	0.0	2.0	0.0	0.0	0.0	0.0	0.0	0.00055509	0.0	0.0	0.0
Geary	0.002	1.163	15.163	0.0	0.0	0.0	6e-08	3.568e-05	0.00046521	0.0	0.0	0.0
Lyon	0.049	27.077	337.077	0.014	0.333	3.333	1.47e-06	0.00081054	0.01009031	4.2e-07	9.97e-06	9.977e-05
Chautauqua	0.0	0.0	4.0	0.014	0.333	0.333	0.0	0.0	0.00120882	4.23e-06	0.00010063	0.00010063
Douglas	0.0	2.393	62.393	0.014	0.333	0.333	0.0	1.971e-05	0.00051379	1.2e-07	2.74e-06	2.74e-06
Rooks	0.0	0.0	6.0	0.014	0.333	0.333	0.0	0.0	0.00119689	2.79e-06	6.643e-05	6.643e-05
Marion	0.0	0.0	5.0	0.0	0.0	1.0	0.0	0.0	0.00041841	0.0	0.0	8.368e-05
Rush	0.0	0.0	0.0	0.0	0.0	0.0	0.0	0.0	0.0	0.0	0.0	0.0
Morris	0.0	0.0	3.0	0.0	0.0	0.0	0.0	0.0	0.00054338	0.0	0.0	0.0
Leavenworth	0.0	85.153	1043.153	0.0	0.016	6.016	0.0	0.00104672	0.01282271	0.0	2e-07	7.395e-05
Dickinson	0.0	0.0	2.0	0.0	0.016	0.016	0.0	0.0	0.00010685	0.0	8.5e-07	8.5e-07
Labette	0.0	0.0	22.0	0.0	0.016	0.016	0.0	0.0	0.00110198	0.0	8e-07	8e-07
Doniphan	0.306	7.29	16.29	0.0	0.016	0.016	3.983e-05	0.00094897	0.00212054	0.0	2.08e-06	2.08e-06
Neosho	0.0	0.0	2.0	0.0	0.016	0.016	0.0	0.0	0.00012538	0.0	1e-06	1e-06
Graham	0.0	0.0	0.0	0.0	0.0	0.0	0.0	0.0	0.0	0.0	0.0	0.0
Haskell	0.631	15.045	31.045	0.0	0.016	0.016	0.00015787	0.00376407	0.00776708	0.0	4e-06	4e-06
Elk	0.0	0.0	1.0	0.0	0.016	0.016	0.0	0.0	0.00039872	0.0	6.38e-06	6.38e-06
Barber	0.0	0.0	1.0	0.0	0.016	0.016	0.0	0.0	0.00022361	0.0	3.58e-06	3.58e-06
Scott	0.951	15.239	23.239	0.0	0.016	0.016	0.0001942	0.00311191	0.00474556	0.0	3.27e-06	3.27e-06
Stanton	0.132	3.425	12.425	0.0	0.016	0.016	6.643e-05	0.0017237	0.00625315	0.0	8.05e-06	8.05e-06
Seward	3.267	142.061	900.061	0.0	0.0	1.0	0.00015	0.00652254	0.04132511	0.0	0.0	4.591e-05
Stafford	0.0	0.0	1.0	0.0	0.0	0.0	0.0	0.0	0.00023935	0.0	0.0	0.0
Sherman	0.0	0.0	6.0	0.0	0.0	0.0	0.0	0.0	0.00101712	0.0	0.0	0.0
Saline	3.328	24.836	48.836	0.0	0.0	2.0	6.118e-05	0.00045654	0.0008977	0.0	0.0	3.676e-05
Marshall	0.0	0.0	0.0	0.0	0.0	0.0	0.0	0.0	0.0	0.0	0.0	0.0
Nemaha	0.0	0.0	1.0	0.0	0.0	0.0	0.0	0.0	9.847e-05	0.0	0.0	0.0
Sumner	0.062	1.47	7.47	0.0	0.0	1.0	2.7e-06	6.392e-05	0.00032484	0.0	0.0	4.349e-05
Osage	2.095	15.637	21.637	0.0	0.0	0.0	0.00013142	0.00098093	0.00135732	0.0	0.0	0.0
Woodson	0.0	0.0	6.0	0.0	0.0	0.0	0.0	0.0	0.00188501	0.0	0.0	0.0
Unassigned	27.73	206.985	208.985	0.0	0.0	0.0	N/A	N/A	N/A	N/A	N/A	N/A
Sheridan	0.0	0.0	2.0	0.0	0.0	0.0	0.0	0.0	0.00078958	0.0	0.0	0.0
Kingman	0.0	0.0	0.0	0.0	0.0	0.0	0.0	0.0	0.0	0.0	0.0	0.0
Greeley	0.0	0.0	0.0	0.0	0.0	0.0	0.0	0.0	0.0	0.0	0.0	0.0
Edwards	0.0	0.0	4.0	0.0	0.0	0.0	0.0	0.0	0.001404	0.0	0.0	0.0
Atchison	0.342	7.369	22.369	0.0	0.0	0.0	2.112e-05	0.00045507	0.0013814	0.0	0.0	0.0
Clay	0.0	0.0	4.0	0.0	0.0	1.0	0.0	0.0	0.00050019	0.0	0.0	0.00012505
Hodgeman	0.0	0.0	0.0	0.0	0.0	0.0	0.0	0.0	0.0	0.0	0.0	0.0
Phillips	0.616	4.598	6.598	0.0	0.0	0.0	0.00011585	0.00086477	0.00124093	0.0	0.0	0.0
Coffey	0.0	0.129	50.129	0.0	0.0	8.0	0.0	1.567e-05	0.00608879	0.0	0.0	0.0009717
Allen	0.0	0.0	0.0	0.0	0.0	0.0	0.0	0.0	0.0	0.0	0.0	0.0
Franklin	12.759	110.169	142.169	0.0	0.0	0.0	0.0004978	0.00429827	0.00554676	0.0	0.0	0.0
Cloud	0.0	0.0	4.0	0.0	0.0	0.0	0.0	0.0	0.00045824	0.0	0.0	0.0
Butler	0.045	1.069	19.069	0.0	0.0	0.0	6.7e-07	1.601e-05	0.00028561	0.0	0.0	0.0
Cheyenne	0.0	0.0	2.0	0.0	0.0	0.0	0.0	0.0	0.00075188	0.0	0.0	0.0
Bourbon	0.0	0.0	6.0	0.0	0.0	1.0	0.0	0.0	0.00040947	0.0	0.0	6.825e-05
Norton	0.0	0.0	2.0	0.0	0.0	0.0	0.0	0.0	0.00036832	0.0	0.0	0.0
Anderson	0.0	0.0	1.0	0.0	0.0	0.0	0.0	0.0	0.00012694	0.0	0.0	0.0
Trego	0.0	0.0	0.0	0.0	0.0	0.0	0.0	0.0	0.0	0.0	0.0	0.0
Clark	0.0	4.229	24.229	0.0	0.0	1.0	0.0	0.00210923	0.01208429	0.0	0.0	0.00049875
Greenwood	0.0	0.0	3.0	0.0	0.0	0.0	0.0	0.0	0.00049546	0.0	0.0	0.0
Miami	0.095	2.275	8.275	0.0	0.0	0.0	2.82e-06	6.755e-05	0.00024569	0.0	0.0	0.0
Meade	0.277	11.147	33.147	0.0	0.0	0.0	6.681e-05	0.00268862	0.00799493	0.0	0.0	0.0
Thomas	0.0	0.0	0.0	0.0	0.0	0.0	0.0	0.0	0.0	0.0	0.0	0.0
Johnson	6.281	162.666	804.666	0.8	19.059	75.059	1.051e-05	0.00027222	0.0013466	1.34e-06	3.189e-05	0.00012561
Wallace	0.0	0.0	0.0	0.0	0.0	0.0	0.0	0.0	0.0	0.0	0.0	0.0
Ottawa	0.0	0.0	4.0	0.8	19.059	19.059	0.0	0.0	0.00068942	0.00013788	0.0032849	0.0032849
Crawford	0.0	0.0	8.0	0.0	0.0	1.0	0.0	0.0	0.00020503	0.0	0.0	2.563e-05
Pottawatomie	0.348	8.294	27.294	0.0	0.0	0.0	1.433e-05	0.00034164	0.00112427	0.0	0.0	0.0
Ness	0.0	0.0	0.0	0.0	0.0	0.0	0.0	0.0	0.0	0.0	0.0	0.0
Sedgwick	4.998	116.881	650.881	0.728	12.924	32.924	9.73e-06	0.00022757	0.00126727	1.42e-06	2.516e-05	6.41e-05
McPherson	0.0	1.012	27.012	0.728	12.924	12.924	0.0	3.546e-05	0.00094656	2.551e-05	0.00045289	0.00045289
Grant	0.177	5.787	19.787	0.728	12.924	12.924	2.413e-05	0.00078885	0.00269725	9.924e-05	0.00176172	0.00176172
Wabaunsee	0.0	0.1	28.1	0.728	12.924	12.924	0.0	1.449e-05	0.00407305	0.00010552	0.00187331	0.00187331
Jackson	20.027	149.487	173.487	0.728	12.924	12.924	0.00150806	0.01125655	0.01306378	5.482e-05	0.00097319	0.00097319
