Name	Predicted_New_Cases	Total_Predicted_New_Cases	Total_Predicted_Cases	Predicted_New_Deaths	Total_Predicted_New_Deaths	Total_Predicted_Deaths	Predicted_New_per_capita	Predicted_Total_New_per_capita	Predicted_Total_Cases_per_capita	Predicted_New_Deaths_per_capita	Total_Predicted_New_Deaths_per_capita	Total_Predicted_Deaths_per_capita
Logan	0.0	0.0	2.0	0.003	132.197	132.197	0.0	0.0	0.00070323	1.05e-06	0.04648277	0.04648277
Linn	0.0	18.24	53.24	0.003	132.197	132.197	0.0	0.00187077	0.00546051	3.1e-07	0.01355867	0.01355867
Brown	0.004	35.54	67.54	0.003	132.197	132.197	4.2e-07	0.00370285	0.00703688	3.1e-07	0.01377339	0.01377339
Cowley	0.001	84.36	244.36	0.0	0.0	2.0	3e-08	0.00239537	0.0069385	0.0	0.0	5.679e-05
Gray	0.001	77.942	148.942	0.0	0.0	0.0	1.7e-07	0.01291928	0.02468788	0.0	0.0	0.0
Cherokee	0.001	41.379	119.379	0.0	0.0	1.0	5e-08	0.0020674	0.00596448	0.0	0.0	4.996e-05
Ellis	0.001	89.308	222.308	0.0	0.0	1.0	3e-08	0.00311069	0.00774323	0.0	0.0	3.483e-05
Wilson	0.0	6.08	14.08	0.0	0.0	0.0	0.0	0.00070167	0.00162493	0.0	0.0	0.0
Montgomery	0.004	136.874	298.874	0.007	11.553	16.553	1.2e-07	0.00426133	0.00930492	2.2e-07	0.00035968	0.00051535
Lane	0.0	0.0	5.0	0.007	11.553	11.553	0.0	0.0	0.00320513	4.49e-06	0.00740577	0.00740577
Republic	0.0	15.316	47.316	0.007	11.553	11.553	0.0	0.00328388	0.01014494	1.5e-06	0.00247706	0.00247706
Harvey	0.004	122.565	291.565	0.0	0.0	1.0	1.2e-07	0.00358272	0.0085228	0.0	0.0	2.923e-05
Ford	0.085	250.383	2292.383	0.0	0.0	8.0	2.51e-06	0.00738854	0.06764586	0.0	0.0	0.00023607
Russell	0.0	6.297	19.297	0.0	0.0	0.0	0.0	0.00091168	0.00279383	0.0	0.0	0.0
Comanche	0.0	0.0	3.0	0.0	0.0	0.0	0.0	0.0	0.00171625	0.0	0.0	0.0
Lincoln	0.0	0.067	6.067	0.0	0.0	0.0	0.0	2.216e-05	0.00200695	0.0	0.0	0.0
Pratt	0.0	0.41	33.41	0.0	0.0	0.0	0.0	4.372e-05	0.00356259	0.0	0.0	0.0
Wichita	0.0	5.073	9.073	0.0	0.0	0.0	0.0	0.00240998	0.00431021	0.0	0.0	0.0
Chase	0.0	12.61	51.61	0.0	0.0	0.0	0.0	0.0047965	0.01963104	0.0	0.0	0.0
Riley	0.003	127.339	579.339	0.006	12.481	17.481	4e-08	0.00172773	0.00786045	8e-08	0.00016934	0.00023718
Mitchell	0.0	1.906	28.906	0.006	12.481	12.481	0.0	0.00030992	0.00470016	9.8e-07	0.00202943	0.00202943
Hamilton	0.0	7.295	44.295	0.006	12.481	12.481	0.0	0.00279824	0.01699079	2.3e-06	0.0047875	0.0047875
Washington	0.0	0.0	2.0	0.006	12.481	12.481	0.0	0.0	0.000369	1.11e-06	0.00230277	0.00230277
Ellsworth	0.0	11.376	29.376	0.006	12.481	12.481	0.0	0.00183602	0.00474112	9.7e-07	0.00201436	0.00201436
Wyandotte	0.0	1273.664	5891.664	0.0	18.917	114.917	0.0	0.00770405	0.03563708	0.0	0.00011442	0.0006951
Shawnee	0.005	462.786	1903.786	0.003	10.627	29.627	3e-08	0.00260726	0.01072562	2e-08	5.987e-05	0.00016691
Jewell	0.0	3.945	13.945	0.003	10.627	10.627	0.0	0.0013886	0.00490848	1.06e-06	0.00374058	0.00374058
Finney	0.01	297.987	2052.987	0.0	0.0	10.0	2.7e-07	0.00813928	0.05607569	0.0	0.0	0.00027314
Stevens	0.0	10.697	54.697	0.0	0.0	0.0	0.0	0.00192427	0.00983936	0.0	0.0	0.0
Kiowa	0.0	0.0	6.0	0.0	0.0	0.0	0.0	0.0	0.00238474	0.0	0.0	0.0
Rice	0.0	22.975	52.975	0.0	0.0	0.0	0.0	0.00241056	0.00555818	0.0	0.0	0.0
Pawnee	0.0	0.051	7.051	0.0	0.0	0.0	0.0	7.77e-06	0.00107452	0.0	0.0	0.0
Osborne	0.234	106.791	110.791	0.0	0.0	0.0	6.734e-05	0.03073122	0.0318823	0.0	0.0	0.0
Morton	0.0	0.0	9.0	0.0	0.0	2.0	0.0	0.0	0.00337458	0.0	0.0	0.00074991
Jefferson	0.014	87.692	157.692	0.0	0.0	0.0	7.4e-07	0.00462145	0.00831051	0.0	0.0	0.0
Barton	0.001	84.474	210.474	0.0	0.0	3.0	4e-08	0.00323519	0.00806074	0.0	0.0	0.00011489
Decatur	0.0	0.0	5.0	0.0	0.0	0.0	0.0	0.0	0.00174155	0.0	0.0	0.0
Gove	0.0	1.8	7.8	0.0	0.0	0.0	0.0	0.00068913	0.00298622	0.0	0.0	0.0
Kearny	1.629	649.505	706.505	0.0	0.0	1.0	0.00041314	0.16472356	0.17917956	0.0	0.0	0.00025361
Smith	0.0	0.0	3.0	0.0	0.0	0.0	0.0	0.0	0.00083264	0.0	0.0	0.0
Geary	0.0	41.005	171.005	0.0	3.827	5.827	0.0	0.00125805	0.00524652	0.0	0.00011741	0.00017878
Lyon	0.002	181.442	861.442	0.007	29.05	42.05	6e-08	0.00543142	0.02578704	2.1e-07	0.0008696	0.00125876
Chautauqua	0.0	0.0	5.0	0.007	29.05	29.05	0.0	0.0	0.00151103	2.12e-06	0.00877909	0.00877909
Rush	0.0	0.449	6.449	0.0	0.0	0.0	0.0	0.00014517	0.00208503	0.0	0.0	0.0
Morris	0.002	12.372	21.372	0.0	0.0	0.0	3.6e-07	0.0022409	0.00387104	0.0	0.0	0.0
Dickinson	0.0	18.139	61.139	0.0	0.0	1.0	0.0	0.00096912	0.0032665	0.0	0.0	5.343e-05
Neosho	0.0	7.428	60.428	0.0	0.0	0.0	0.0	0.00046568	0.00378835	0.0	0.0	0.0
Graham	0.0	22.414	38.414	0.0	0.0	0.0	0.0	0.00899438	0.01541493	0.0	0.0	0.0
Scott	0.0	23.314	51.314	0.0	0.0	0.0	0.0	0.00476087	0.01047866	0.0	0.0	0.0
Seward	0.001	115.778	1319.778	0.0	0.0	4.0	5e-08	0.00531579	0.06059587	0.0	0.0	0.00018365
Stafford	0.001	7.112	10.112	0.0	0.0	0.0	2.4e-07	0.00170225	0.0024203	0.0	0.0	0.0
Sherman	0.088	104.584	119.584	0.0	0.0	0.0	1.492e-05	0.01772911	0.02027191	0.0	0.0	0.0
Saline	0.001	97.573	440.573	0.006	16.762	21.762	2e-08	0.00179359	0.00809862	1.1e-07	0.00030812	0.00040003
Marshall	0.0	7.21	16.21	0.006	16.762	16.762	0.0	0.00074162	0.00166735	6.2e-07	0.00172413	0.00172413
Sumner	0.0	34.792	132.792	0.001	7.112	10.112	0.0	0.00151296	0.00577457	4e-08	0.00030927	0.00043973
Osage	0.052	67.99	105.99	0.001	7.112	7.112	3.26e-06	0.0042651	0.00664889	6e-08	0.00044615	0.00044615
Woodson	0.0	0.0	11.0	0.001	7.112	7.112	0.0	0.0	0.00345586	3.1e-07	0.00223437	0.00223437
Unassigned	0.0	0.0	1.0	0.001	7.112	7.112	N/A	N/A	N/A	N/A	N/A	N/A
Sheridan	0.0	0.0	7.0	0.001	7.112	7.112	0.0	0.0	0.00276352	3.9e-07	0.00280774	0.00280774
Kingman	0.0	8.557	18.557	0.001	7.112	7.112	0.0	0.00117059	0.00253858	1.4e-07	0.00097291	0.00097291
Greeley	0.0	0.0	3.0	0.001	7.112	7.112	0.0	0.0	0.00244499	8.1e-07	0.00579625	0.00579625
Edwards	0.0	0.925	10.925	0.001	7.112	7.112	0.0	0.00032468	0.00383468	3.5e-07	0.00249631	0.00249631
Atchison	0.0	3.059	65.059	0.001	7.112	7.112	0.0	0.00018891	0.00401772	6e-08	0.0004392	0.0004392
Clay	0.0	1.636	19.636	0.0	0.0	2.0	0.0	0.00020458	0.00245542	0.0	0.0	0.00025009
Hodgeman	0.0	3.041	14.041	0.0	0.0	0.0	0.0	0.00167272	0.00772332	0.0	0.0	0.0
Phillips	0.001	24.837	74.837	0.01	14.511	22.511	1.9e-07	0.00467124	0.01407504	1.88e-06	0.00272917	0.00423378
Allen	0.0	11.15	26.15	0.0	0.0	0.0	0.0	0.00089601	0.00210141	0.0	0.0	0.0
Franklin	0.001	73.097	228.097	0.0	0.0	1.0	4e-08	0.0028519	0.00889926	0.0	0.0	3.902e-05
Cloud	0.0	9.566	39.566	0.0	0.0	0.0	0.0	0.00109589	0.00453271	0.0	0.0	0.0
Butler	0.002	165.448	383.448	0.0	0.0	0.0	3e-08	0.00247806	0.00574325	0.0	0.0	0.0
Cheyenne	0.0	0.0	2.0	0.0	0.0	0.0	0.0	0.0	0.00075188	0.0	0.0	0.0
Bourbon	0.0	15.421	88.421	0.0	0.0	1.0	0.0	0.00105241	0.00603433	0.0	0.0	6.825e-05
Norton	0.156	71.199	94.199	0.0	0.0	0.0	2.873e-05	0.01311215	0.01734788	0.0	0.0	0.0
Anderson	0.0	10.163	39.163	0.0	0.0	0.0	0.0	0.00129005	0.00497119	0.0	0.0	0.0
Trego	0.0	0.0	5.0	0.0	0.0	1.0	0.0	0.0	0.00179019	0.0	0.0	0.00035804
Greenwood	0.0	12.726	31.726	0.0	0.0	0.0	0.0	0.00210173	0.00523964	0.0	0.0	0.0
Miami	0.001	93.14	213.14	0.0	0.0	0.0	3e-08	0.00276544	0.00632838	0.0	0.0	0.0
Meade	0.0	10.47	50.47	0.0	0.0	0.0	0.0	0.00252533	0.01217318	0.0	0.0	0.0
Thomas	0.0	26.58	59.58	0.0	0.0	0.0	0.0	0.00344702	0.00772662	0.0	0.0	0.0
Johnson	0.018	2121.524	7361.524	1.007	458.81	556.81	3e-08	0.00355034	0.01231941	1.69e-06	0.00076781	0.00093181
Ottawa	0.0	1.166	31.166	1.007	458.81	458.81	0.0	0.00020097	0.0053716	0.00017356	0.0790779	0.0790779
Pottawatomie	0.0	12.226	117.226	0.0	0.0	0.0	0.0	0.0005036	0.00482869	0.0	0.0	0.0
Ness	0.0	0.449	6.449	0.0	0.0	0.0	0.0	0.0001581	0.00227077	0.0	0.0	0.0
McPherson	0.004	80.071	210.071	0.0	0.0	1.0	1.4e-07	0.00280587	0.00736136	0.0	0.0	3.504e-05
Grant	0.0	16.709	113.709	0.0	0.0	2.0	0.0	0.00227767	0.01550014	0.0	0.0	0.00027263
Wabaunsee	0.234	106.791	145.791	0.0	0.0	0.0	3.392e-05	0.0154792	0.02113219	0.0	0.0	0.0
Jackson	0.053	124.994	269.994	0.0	0.0	1.0	3.99e-06	0.0094122	0.02033087	0.0	0.0	7.53e-05
