Name	Predicted_New_Cases	Total_Predicted_New_Cases	Total_Predicted_Cases	Predicted_New_Deaths	Total_Predicted_New_Deaths	Total_Predicted_Deaths	Predicted_New_per_capita	Predicted_Total_New_per_capita	Predicted_Total_Cases_per_capita	Predicted_New_Deaths_per_capita	Total_Predicted_New_Deaths_per_capita	Total_Predicted_Deaths_per_capita
Logan	0.0	0.0	0.0	0.0	0.0	0.0	0.0	0.0	0.0	0.0	0.0	0.0
Linn	12.494	294.431	305.431	0.35	32.872	32.872	0.00128144	0.03019805	0.03132626	3.59e-05	0.00337149	0.00337149
Brown	0.0	0.067	6.067	0.35	32.872	32.872	0.0	6.98e-06	0.00063211	3.647e-05	0.00342488	0.00342488
Cowley	7.717	181.854	196.854	0.0	0.0	1.0	0.00021912	0.00516367	0.00558958	0.0	0.0	2.839e-05
Gray	0.0	0.541	23.541	0.0	0.0	0.0	0.0	8.967e-05	0.00390204	0.0	0.0	0.0
Cherokee	0.03	2.781	12.781	0.0	0.0	0.0	1.5e-06	0.00013895	0.00063857	0.0	0.0	0.0
Ellis	0.0	0.0	9.0	0.0	0.0	0.0	0.0	0.0	0.00031348	0.0	0.0	0.0
Wilson	0.0	0.0	1.0	0.0	0.0	0.0	0.0	0.0	0.00011541	0.0	0.0	0.0
Harper	0.036	3.377	5.377	0.0	0.0	0.0	6.54e-06	0.00061333	0.00097657	0.0	0.0	0.0
Montgomery	0.0	0.0	20.0	0.0	0.0	2.0	0.0	0.0	0.00062267	0.0	0.0	6.227e-05
Lane	0.238	22.343	26.343	0.0	0.0	0.0	0.00015256	0.01432244	0.01688654	0.0	0.0	0.0
Republic	0.0	0.0	4.0	0.0	0.0	0.0	0.0	0.0	0.00085763	0.0	0.0	0.0
Rawlins	0.0	0.0	0.0	0.0	0.0	0.0	0.0	0.0	0.0	0.0	0.0	0.0
Harvey	0.0	0.0	11.0	0.0	0.0	0.0	0.0	0.0	0.00032154	0.0	0.0	0.0
Ford	6.349	595.668	2389.668	0.0	0.0	8.0	0.00018735	0.01757755	0.07051664	0.0	0.0	0.00023607
Russell	0.0	0.0	0.0	0.0	0.0	0.0	0.0	0.0	0.0	0.0	0.0	0.0
Comanche	0.0	0.0	2.0	0.0	0.0	0.0	0.0	0.0	0.00114416	0.0	0.0	0.0
Lincoln	0.0	0.0	0.0	0.0	0.0	0.0	0.0	0.0	0.0	0.0	0.0	0.0
Pratt	3.124	73.608	75.608	0.0	0.0	0.0	0.00033312	0.00784901	0.00806227	0.0	0.0	0.0
Wichita	0.0	0.0	1.0	0.0	0.0	0.0	0.0	0.0	0.00047506	0.0	0.0	0.0
Chase	0.0	0.067	4.067	0.0	0.0	0.0	0.0	2.548e-05	0.00154698	0.0	0.0	0.0
Riley	0.106	9.929	76.929	0.0	0.0	1.0	1.44e-06	0.00013472	0.00104377	0.0	0.0	1.357e-05
Mitchell	3.124	73.608	77.608	0.0	0.0	0.0	0.00050797	0.01196878	0.01261919	0.0	0.0	0.0
Hamilton	0.263	24.629	44.629	0.0	0.0	0.0	0.00010088	0.00944726	0.01711891	0.0	0.0	0.0
Washington	0.0	0.0	1.0	0.0	0.0	0.0	0.0	0.0	0.0001845	0.0	0.0	0.0
Ellsworth	0.0	0.0	2.0	0.0	0.0	0.0	0.0	0.0	0.00032279	0.0	0.0	0.0
Wyandotte	3.021	283.433	1702.433	0.069	6.454	80.454	1.827e-05	0.00171441	0.01029756	4.2e-07	3.904e-05	0.00048664
Shawnee	1.777	166.741	500.741	0.08	5.219	12.219	1.001e-05	0.00093939	0.00282109	4.5e-07	2.94e-05	6.884e-05
Jewell	0.0	0.0	4.0	0.08	5.219	5.219	0.0	0.0	0.00140795	2.816e-05	0.00183703	0.00183703
Finney	1.271	163.207	1681.207	0.052	5.603	15.603	3.472e-05	0.00445787	0.04592082	1.42e-06	0.00015304	0.00042618
Stevens	4.589	130.181	160.181	0.052	5.603	5.603	0.00082551	0.02341806	0.02881471	9.35e-06	0.00100792	0.00100792
Kiowa	0.0	0.0	3.0	0.052	5.603	5.603	0.0	0.0	0.00119237	2.067e-05	0.00222695	0.00222695
Rice	0.0	0.0	4.0	0.052	5.603	5.603	0.0	0.0	0.00041968	5.46e-06	0.00058787	0.00058787
Pawnee	0.0	0.0	0.0	0.0	0.0	0.0	0.0	0.0	0.0	0.0	0.0	0.0
Osborne	0.0	0.0	2.0	0.052	5.603	5.603	0.0	0.0	0.00057554	1.496e-05	0.00161237	0.00161237
Morton	4.042	95.256	101.256	0.052	5.603	5.603	0.00151556	0.03571654	0.03796625	1.95e-05	0.00210086	0.00210086
Jefferson	0.0	0.303	22.303	0.052	5.603	5.603	0.0	1.597e-05	0.00117539	2.74e-06	0.00029528	0.00029528
Reno	0.0	0.0	43.0	0.052	5.603	5.603	0.0	0.0	0.00068974	8.3e-07	8.988e-05	8.988e-05
Barton	0.0	0.373	44.373	0.0	0.0	1.0	0.0	1.429e-05	0.0016994	0.0	0.0	3.83e-05
Decatur	0.0	0.0	0.0	0.0	0.0	0.0	0.0	0.0	0.0	0.0	0.0	0.0
Gove	0.0	0.0	1.0	0.0	0.0	0.0	0.0	0.0	0.00038285	0.0	0.0	0.0
Kearny	0.18	16.883	61.883	0.0	0.0	1.0	4.565e-05	0.00428177	0.0156944	0.0	0.0	0.00025361
Smith	0.0	0.0	2.0	0.0	0.0	0.0	0.0	0.0	0.00055509	0.0	0.0	0.0
Geary	0.125	11.721	34.721	0.0	0.0	0.0	3.84e-06	0.00035961	0.00106526	0.0	0.0	0.0
Lyon	5.472	292.088	669.088	0.0	0.0	5.0	0.0001638	0.00874358	0.02002898	0.0	0.0	0.00014967
Chautauqua	0.0	0.0	4.0	0.0	0.0	0.0	0.0	0.0	0.00120882	0.0	0.0	0.0
Douglas	0.923	44.222	111.222	0.0	0.0	0.0	7.6e-06	0.00036416	0.00091589	0.0	0.0	0.0
Rooks	0.0	0.0	6.0	0.0	0.0	0.0	0.0	0.0	0.00119689	0.0	0.0	0.0
Marion	0.0	0.0	5.0	0.0	0.0	1.0	0.0	0.0	0.00041841	0.0	0.0	8.368e-05
Rush	0.0	0.0	0.0	0.0	0.0	0.0	0.0	0.0	0.0	0.0	0.0	0.0
Morris	0.022	2.858	7.858	0.0	0.0	0.0	3.98e-06	0.00051766	0.00142329	0.0	0.0	0.0
Leavenworth	1.07	81.819	1175.819	0.0	0.0	7.0	1.315e-05	0.00100574	0.01445347	0.0	0.0	8.605e-05
Dickinson	0.006	0.596	4.596	0.0	0.0	0.0	3.2e-07	3.184e-05	0.00024555	0.0	0.0	0.0
Labette	0.0	0.0	22.0	0.0	0.0	0.0	0.0	0.0	0.00110198	0.0	0.0	0.0
Doniphan	0.235	17.976	35.976	0.0	0.0	0.0	3.059e-05	0.00234002	0.00468316	0.0	0.0	0.0
Neosho	0.0	0.0	2.0	0.0	0.0	0.0	0.0	0.0	0.00012538	0.0	0.0	0.0
Graham	0.0	0.0	0.0	0.0	0.0	0.0	0.0	0.0	0.0	0.0	0.0	0.0
Haskell	0.191	15.16	37.16	0.0	0.0	0.0	4.779e-05	0.00379284	0.00929697	0.0	0.0	0.0
Elk	0.0	0.0	1.0	0.0	0.0	0.0	0.0	0.0	0.00039872	0.0	0.0	0.0
Barber	0.0	0.0	1.0	0.0	0.0	0.0	0.0	0.0	0.00022361	0.0	0.0	0.0
Scott	3.124	73.608	87.608	0.0	0.0	0.0	0.00063794	0.01503124	0.01789014	0.0	0.0	0.0
Stanton	0.919	21.65	31.65	0.0	0.0	0.0	0.00046251	0.01089582	0.01592854	0.0	0.0	0.0
Seward	2.638	222.843	1110.843	0.036	3.377	5.377	0.00012112	0.01023154	0.05100289	1.65e-06	0.00015505	0.00024688
Stafford	0.0	0.0	1.0	0.036	3.377	3.377	0.0	0.0	0.00023935	8.62e-06	0.00080828	0.00080828
Sherman	0.084	5.936	12.936	0.036	3.377	3.377	1.424e-05	0.00100627	0.00219291	6.1e-06	0.00057247	0.00057247
Saline	0.084	5.936	30.936	0.0	0.0	2.0	1.54e-06	0.00010912	0.00056867	0.0	0.0	3.676e-05
Marshall	0.0	0.0	0.0	0.0	0.0	0.0	0.0	0.0	0.0	0.0	0.0	0.0
Nemaha	0.0	5.098	24.098	0.0	0.0	0.0	0.0	0.00050202	0.00237302	0.0	0.0	0.0
Sumner	6.247	147.216	155.216	0.0	0.0	1.0	0.00027166	0.00640181	0.0067497	0.0	0.0	4.349e-05
Osage	0.0	0.0	8.0	0.0	0.0	0.0	0.0	0.0	0.00050185	0.0	0.0	0.0
Woodson	0.0	0.0	6.0	0.0	0.0	0.0	0.0	0.0	0.00188501	0.0	0.0	0.0
Unassigned	41.341	974.222	976.222	0.0	0.0	0.0	N/A	N/A	N/A	N/A	N/A	N/A
Sheridan	0.0	0.0	2.0	0.0	0.0	0.0	0.0	0.0	0.00078958	0.0	0.0	0.0
Kingman	0.0	0.0	0.0	0.0	0.0	0.0	0.0	0.0	0.0	0.0	0.0	0.0
Greeley	0.0	0.0	0.0	0.0	0.0	0.0	0.0	0.0	0.0	0.0	0.0	0.0
Edwards	0.0	0.0	5.0	0.0	0.0	0.0	0.0	0.0	0.001755	0.0	0.0	0.0
Atchison	0.0	1.577	24.577	0.0	0.0	0.0	0.0	9.739e-05	0.00151775	0.0	0.0	0.0
Clay	0.0	0.0	5.0	3.124	73.608	75.608	0.0	0.0	0.00062523	0.00039065	0.00920445	0.00945455
Hodgeman	0.0	0.0	5.0	3.124	73.608	73.608	0.0	0.0	0.00275028	0.00171837	0.04048845	0.04048845
Phillips	0.0	0.0	2.0	3.124	73.608	73.608	0.0	0.0	0.00037615	0.00058755	0.0138439	0.0138439
Coffey	0.0	0.0	50.0	0.0	0.0	8.0	0.0	0.0	0.00607312	0.0	0.0	0.0009717
Allen	0.0	0.0	1.0	0.0	0.0	0.0	0.0	0.0	8.036e-05	0.0	0.0	0.0
Franklin	0.058	5.462	40.462	0.0	0.0	0.0	2.26e-06	0.0002131	0.00157864	0.0	0.0	0.0
Cloud	0.0	0.124	5.124	0.0	0.0	0.0	0.0	1.421e-05	0.00058701	0.0	0.0	0.0
Butler	0.0	3.474	40.474	0.0	0.0	0.0	0.0	5.203e-05	0.00060622	0.0	0.0	0.0
Cheyenne	0.0	0.0	2.0	0.0	0.0	0.0	0.0	0.0	0.00075188	0.0	0.0	0.0
Bourbon	0.0	0.0	7.0	0.0	0.0	1.0	0.0	0.0	0.00047772	0.0	0.0	6.825e-05
Norton	0.0	0.0	2.0	0.0	0.0	0.0	0.0	0.0	0.00036832	0.0	0.0	0.0
Anderson	0.0	0.0	1.0	0.0	0.0	0.0	0.0	0.0	0.00012694	0.0	0.0	0.0
Trego	0.0	0.0	1.0	0.0	0.0	0.0	0.0	0.0	0.00035804	0.0	0.0	0.0
Clark	0.0	1.177	34.177	0.0	0.0	1.0	0.0	0.00058703	0.01704589	0.0	0.0	0.00049875
Greenwood	18.098	426.491	435.491	0.0	0.0	0.0	0.00298893	0.07043617	0.07192254	0.0	0.0	0.0
Miami	0.0	0.62	8.62	0.0	0.0	0.0	0.0	1.841e-05	0.00025594	0.0	0.0	0.0
Meade	0.885	49.765	80.765	0.0	0.0	0.0	0.00021346	0.01200314	0.01948022	0.0	0.0	0.0
Thomas	0.0	0.0	0.0	0.0	0.0	0.0	0.0	0.0	0.0	0.0	0.0	0.0
Johnson	3.842	360.403	1225.403	0.07	7.084	73.084	6.43e-06	0.00060313	0.00205069	1.2e-07	1.185e-05	0.00012231
Wallace	0.0	0.0	0.0	0.0	0.0	0.0	0.0	0.0	0.0	0.0	0.0	0.0
Ottawa	0.0	0.0	4.0	0.07	7.084	7.084	0.0	0.0	0.00068942	1.206e-05	0.00122096	0.00122096
Crawford	0.0	0.0	8.0	0.0	0.0	1.0	0.0	0.0	0.00020503	0.0	0.0	2.563e-05
Pottawatomie	0.114	9.64	35.64	0.0	0.0	0.0	4.7e-06	0.00039708	0.00146806	0.0	0.0	0.0
Ness	8.268	194.844	197.844	0.0	0.0	0.0	0.00291127	0.06860704	0.06966338	0.0	0.0	0.0
Sedgwick	1.48	121.082	737.082	0.0	0.0	21.0	2.88e-06	0.00023575	0.00143511	0.0	0.0	4.089e-05
McPherson	0.011	0.993	30.993	0.0	0.0	0.0	3.9e-07	3.48e-05	0.00108606	0.0	0.0	0.0
Grant	0.0	0.0	18.0	0.0	0.0	0.0	0.0	0.0	0.00245365	0.0	0.0	0.0
Wabaunsee	0.055	5.163	36.163	0.0	0.0	0.0	7.97e-06	0.00074837	0.00524177	0.0	0.0	0.0
Jackson	0.0	4.976	106.976	0.0	0.0	1.0	0.0	0.0003747	0.00805542	0.0	0.0	7.53e-05
