Name	Predicted_New_Cases	Total_Predicted_New_Cases	Total_Predicted_Cases	Predicted_New_Deaths	Total_Predicted_New_Deaths	Total_Predicted_Deaths	Predicted_New_per_capita	Predicted_Total_New_per_capita	Predicted_Total_Cases_per_capita	Predicted_New_Deaths_per_capita	Total_Predicted_New_Deaths_per_capita	Total_Predicted_Deaths_per_capita
Logan	0.0	0.0	0.0	0.0	0.0	0.0	0.0	0.0	0.0	0.0	0.0	0.0
Linn	0.0	0.0	5.0	4.089	4.089	4.089	0.0	0.0	0.00051282	0.00041938	0.00041938	0.00041938
Brown	0.0	0.0	0.0	0.0	0.0	0.0	0.0	0.0	0.0	0.0	0.0	0.0
Cowley	0.0	0.0	1.0	0.0	0.0	1.0	0.0	0.0	2.839e-05	0.0	0.0	2.839e-05
Gray	0.0	0.0	0.0	0.0	0.0	0.0	0.0	0.0	0.0	0.0	0.0	0.0
Cherokee	0.107	0.107	6.107	0.0	0.0	0.0	5.35e-06	5.35e-06	0.00030512	0.0	0.0	0.0
Ellis	1.0	1.0	3.0	0.0	0.0	0.0	3.483e-05	3.483e-05	0.00010449	0.0	0.0	0.0
Wilson	0.0	0.0	0.0	0.0	0.0	0.0	0.0	0.0	0.0	0.0	0.0	0.0
Harper	0.0	0.0	0.0	0.0	0.0	0.0	0.0	0.0	0.0	0.0	0.0	0.0
Montgomery	0.867	0.867	14.867	0.0	0.0	2.0	2.699e-05	2.699e-05	0.00046286	0.0	0.0	6.227e-05
Lane	0.0	0.0	0.0	0.0	0.0	0.0	0.0	0.0	0.0	0.0	0.0	0.0
Republic	0.0	0.0	4.0	0.0	0.0	0.0	0.0	0.0	0.00085763	0.0	0.0	0.0
Rawlins	0.0	0.0	0.0	0.0	0.0	0.0	0.0	0.0	0.0	0.0	0.0	0.0
Harvey	0.067	0.067	4.067	0.0	0.0	0.0	1.96e-06	1.96e-06	0.00011888	0.0	0.0	0.0
Ford	3.0	3.0	19.0	0.0	0.0	0.0	8.853e-05	8.853e-05	0.00056067	0.0	0.0	0.0
Russell	0.0	0.0	0.0	0.0	0.0	0.0	0.0	0.0	0.0	0.0	0.0	0.0
Comanche	0.0	0.0	0.0	0.0	0.0	0.0	0.0	0.0	0.0	0.0	0.0	0.0
Lincoln	0.0	0.0	0.0	0.0	0.0	0.0	0.0	0.0	0.0	0.0	0.0	0.0
Pratt	0.0	0.0	1.0	0.0	0.0	0.0	0.0	0.0	0.00010663	0.0	0.0	0.0
Wichita	0.0	0.0	0.0	0.0	0.0	0.0	0.0	0.0	0.0	0.0	0.0	0.0
Chase	0.0	0.0	0.0	0.0	0.0	0.0	0.0	0.0	0.0	0.0	0.0	0.0
Riley	0.667	0.667	21.667	0.0	0.0	0.0	9.05e-06	9.05e-06	0.00029398	0.0	0.0	0.0
Mitchell	0.0	0.0	2.0	0.0	0.0	0.0	0.0	0.0	0.0003252	0.0	0.0	0.0
Hamilton	0.0	0.0	1.0	0.0	0.0	0.0	0.0	0.0	0.00038358	0.0	0.0	0.0
Washington	0.0	0.0	0.0	0.0	0.0	0.0	0.0	0.0	0.0	0.0	0.0	0.0
Ellsworth	0.0	0.0	0.0	0.0	0.0	0.0	0.0	0.0	0.0	0.0	0.0	0.0
Wyandotte	22.431	22.431	359.431	1.551	1.551	29.551	0.00013568	0.00013568	0.0021741	9.38e-06	9.38e-06	0.00017875
Shawnee	5.6	5.6	83.6	0.067	0.067	4.067	3.155e-05	3.155e-05	0.00047099	3.8e-07	3.8e-07	2.291e-05
Jewell	0.0	0.0	3.0	0.067	0.067	0.067	0.0	0.0	0.00105597	2.358e-05	2.358e-05	2.358e-05
Finney	0.0	0.0	17.0	0.067	0.067	0.067	0.0	0.0	0.00046434	1.83e-06	1.83e-06	1.83e-06
Stevens	0.2	0.2	2.2	0.067	0.067	0.067	3.598e-05	3.598e-05	0.00039575	1.205e-05	1.205e-05	1.205e-05
Kiowa	0.0	0.0	0.0	0.0	0.0	0.0	0.0	0.0	0.0	0.0	0.0	0.0
Rice	0.0	0.0	0.0	0.0	0.0	0.0	0.0	0.0	0.0	0.0	0.0	0.0
Pawnee	0.0	0.0	0.0	0.0	0.0	0.0	0.0	0.0	0.0	0.0	0.0	0.0
Osborne	0.0	0.0	2.0	0.067	0.067	0.067	0.0	0.0	0.00057554	1.928e-05	1.928e-05	1.928e-05
Morton	0.0	0.0	1.0	0.0	0.0	0.0	0.0	0.0	0.00037495	0.0	0.0	0.0
Jefferson	0.267	0.267	5.267	0.067	0.067	0.067	1.407e-05	1.407e-05	0.00027758	3.53e-06	3.53e-06	3.53e-06
Reno	0.32	0.32	13.32	0.067	0.067	0.067	5.13e-06	5.13e-06	0.00021366	1.07e-06	1.07e-06	1.07e-06
Barton	0.0	0.0	4.0	0.067	0.067	0.067	0.0	0.0	0.00015319	2.57e-06	2.57e-06	2.57e-06
Decatur	0.0	0.0	0.0	0.0	0.0	0.0	0.0	0.0	0.0	0.0	0.0	0.0
Gove	0.0	0.0	1.0	0.0	0.0	0.0	0.0	0.0	0.00038285	0.0	0.0	0.0
Kearny	0.0	0.0	1.0	0.0	0.0	0.0	0.0	0.0	0.00025361	0.0	0.0	0.0
Smith	0.0	0.0	0.0	0.0	0.0	0.0	0.0	0.0	0.0	0.0	0.0	0.0
Geary	0.0	0.0	8.0	0.067	0.067	0.067	0.0	0.0	0.00024544	2.06e-06	2.06e-06	2.06e-06
Lyon	1.347	1.347	31.347	0.067	0.067	0.067	4.032e-05	4.032e-05	0.00093836	2.01e-06	2.01e-06	2.01e-06
Chautauqua	0.0	0.0	3.0	0.067	0.067	0.067	0.0	0.0	0.00090662	2.025e-05	2.025e-05	2.025e-05
Douglas	1.058	1.058	41.058	0.067	0.067	0.067	8.71e-06	8.71e-06	0.0003381	5.5e-07	5.5e-07	5.5e-07
Rooks	0.0	0.0	2.0	0.0	0.0	0.0	0.0	0.0	0.00039896	0.0	0.0	0.0
Marion	0.0	0.0	4.0	0.067	0.067	0.067	0.0	0.0	0.00033473	5.61e-06	5.61e-06	5.61e-06
Rush	0.0	0.0	0.0	0.0	0.0	0.0	0.0	0.0	0.0	0.0	0.0	0.0
Morris	0.0	0.0	2.0	0.0	0.0	0.0	0.0	0.0	0.00036225	0.0	0.0	0.0
Leavenworth	5.293	5.293	95.293	0.0	0.0	1.0	6.506e-05	6.506e-05	0.00117137	0.0	0.0	1.229e-05
Dickinson	0.0	0.0	0.0	0.0	0.0	0.0	0.0	0.0	0.0	0.0	0.0	0.0
Labette	0.0	0.0	18.0	0.0	0.0	0.0	0.0	0.0	0.00090162	0.0	0.0	0.0
Doniphan	0.0	0.0	1.0	0.0	0.0	0.0	0.0	0.0	0.00013017	0.0	0.0	0.0
Neosho	0.067	0.067	2.067	0.0	0.0	0.0	4.2e-06	4.2e-06	0.00012958	0.0	0.0	0.0
Graham	0.0	0.0	0.0	0.0	0.0	0.0	0.0	0.0	0.0	0.0	0.0	0.0
Haskell	0.0	0.0	0.0	0.0	0.0	0.0	0.0	0.0	0.0	0.0	0.0	0.0
Elk	0.0	0.0	0.0	0.0	0.0	0.0	0.0	0.0	0.0	0.0	0.0	0.0
Barber	0.0	0.0	1.0	0.0	0.0	0.0	0.0	0.0	0.00022361	0.0	0.0	0.0
Scott	0.0	0.0	1.0	0.0	0.0	0.0	0.0	0.0	0.00020421	0.0	0.0	0.0
Stanton	1.0	1.0	3.0	0.0	0.0	0.0	0.00050327	0.00050327	0.00150981	0.0	0.0	0.0
Seward	0.0	0.0	6.0	0.0	0.0	0.0	0.0	0.0	0.00027548	0.0	0.0	0.0
Stafford	0.0	0.0	1.0	0.0	0.0	0.0	0.0	0.0	0.00023935	0.0	0.0	0.0
Sherman	0.0	0.0	0.0	0.0	0.0	0.0	0.0	0.0	0.0	0.0	0.0	0.0
Saline	0.0	0.0	10.0	0.0	0.0	1.0	0.0	0.0	0.00018382	0.0	0.0	1.838e-05
Marshall	0.0	0.0	0.0	0.0	0.0	0.0	0.0	0.0	0.0	0.0	0.0	0.0
Nemaha	0.0	0.0	0.0	0.0	0.0	0.0	0.0	0.0	0.0	0.0	0.0	0.0
Sumner	0.0	0.0	2.0	0.0	0.0	1.0	0.0	0.0	8.697e-05	0.0	0.0	4.349e-05
Osage	0.133	0.133	4.133	0.0	0.0	0.0	8.34e-06	8.34e-06	0.00025927	0.0	0.0	0.0
Woodson	0.0	0.0	3.0	0.0	0.0	0.0	0.0	0.0	0.00094251	0.0	0.0	0.0
Unassigned	1.0	1.0	6.0	0.0	0.0	0.0	N/A	N/A	N/A	N/A	N/A	N/A
Sheridan	0.0	0.0	0.0	0.0	0.0	0.0	0.0	0.0	0.0	0.0	0.0	0.0
Kingman	0.0	0.0	0.0	0.0	0.0	0.0	0.0	0.0	0.0	0.0	0.0	0.0
Greeley	0.0	0.0	0.0	0.0	0.0	0.0	0.0	0.0	0.0	0.0	0.0	0.0
Edwards	0.0	0.0	0.0	0.0	0.0	0.0	0.0	0.0	0.0	0.0	0.0	0.0
Atchison	0.0	0.0	3.0	0.0	0.0	0.0	0.0	0.0	0.00018527	0.0	0.0	0.0
Clay	0.0	0.0	1.0	0.0	0.0	0.0	0.0	0.0	0.00012505	0.0	0.0	0.0
Hodgeman	0.0	0.0	0.0	0.0	0.0	0.0	0.0	0.0	0.0	0.0	0.0	0.0
Phillips	0.0	0.0	1.0	0.0	0.0	0.0	0.0	0.0	0.00018808	0.0	0.0	0.0
Coffey	1.2	1.2	41.2	0.0	0.0	1.0	0.00014575	0.00014575	0.00500425	0.0	0.0	0.00012146
Allen	0.0	0.0	0.0	0.0	0.0	0.0	0.0	0.0	0.0	0.0	0.0	0.0
Franklin	0.329	0.329	12.329	0.0	0.0	0.0	1.284e-05	1.284e-05	0.00048102	0.0	0.0	0.0
Cloud	0.0	0.0	3.0	0.0	0.0	0.0	0.0	0.0	0.00034368	0.0	0.0	0.0
Butler	0.124	0.124	9.124	0.0	0.0	0.0	1.86e-06	1.86e-06	0.00013666	0.0	0.0	0.0
Cheyenne	0.0	0.0	0.0	0.0	0.0	0.0	0.0	0.0	0.0	0.0	0.0	0.0
Bourbon	0.587	0.587	7.587	0.0	0.0	1.0	4.006e-05	4.006e-05	0.00051778	0.0	0.0	6.825e-05
Norton	0.0	0.0	0.0	0.0	0.0	0.0	0.0	0.0	0.0	0.0	0.0	0.0
Anderson	0.0	0.0	1.0	0.0	0.0	0.0	0.0	0.0	0.00012694	0.0	0.0	0.0
Trego	0.0	0.0	0.0	0.0	0.0	0.0	0.0	0.0	0.0	0.0	0.0	0.0
Clark	0.0	0.0	0.0	0.0	0.0	0.0	0.0	0.0	0.0	0.0	0.0	0.0
Greenwood	0.0	0.0	1.0	0.0	0.0	0.0	0.0	0.0	0.00016515	0.0	0.0	0.0
Miami	0.0	0.0	3.0	0.0	0.0	0.0	0.0	0.0	8.907e-05	0.0	0.0	0.0
Meade	0.0	0.0	0.0	0.0	0.0	0.0	0.0	0.0	0.0	0.0	0.0	0.0
Thomas	0.0	0.0	0.0	0.0	0.0	0.0	0.0	0.0	0.0	0.0	0.0	0.0
Johnson	13.391	13.391	322.391	0.88	0.88	14.88	2.241e-05	2.241e-05	0.00053952	1.47e-06	1.47e-06	2.49e-05
Wallace	0.0	0.0	0.0	0.0	0.0	0.0	0.0	0.0	0.0	0.0	0.0	0.0
Ottawa	0.0	0.0	3.0	0.88	0.88	0.88	0.0	0.0	0.00051706	0.00015167	0.00015167	0.00015167
Crawford	0.231	0.231	6.231	0.0	0.0	1.0	5.92e-06	5.92e-06	0.00015969	0.0	0.0	2.563e-05
Pottawatomie	0.453	0.453	5.453	0.0	0.0	0.0	1.866e-05	1.866e-05	0.00022462	0.0	0.0	0.0
Ness	0.0	0.0	0.0	0.0	0.0	0.0	0.0	0.0	0.0	0.0	0.0	0.0
Sedgwick	12.187	12.187	212.187	0.0	0.0	2.0	2.373e-05	2.373e-05	0.00041313	0.0	0.0	3.89e-06
McPherson	0.6	0.6	13.6	0.0	0.0	0.0	2.103e-05	2.103e-05	0.00047657	0.0	0.0	0.0
Grant	0.0	0.0	0.0	0.0	0.0	0.0	0.0	0.0	0.0	0.0	0.0	0.0
Wabaunsee	0.0	0.0	1.0	0.0	0.0	0.0	0.0	0.0	0.00014495	0.0	0.0	0.0
Jackson	0.0	0.0	1.0	0.0	0.0	0.0	0.0	0.0	7.53e-05	0.0	0.0	0.0
