Name	Confirmed	Deaths	Recovered	Active	Confirmed_per_capita	Deaths_per_capita	IFR_0.30_expected	IFR_0.65_expected	IFR_1.0_expected	IFR_0.30_expected_per_capita	IFR_0.65_expected_per_capita	IFR_1.0_expected_per_capita
Wilson	0.0	0.0	0.0	0.0	0.0	0.0	0.0	0.0	0.0	0.0	0.0	0.0
Shawnee	5.0	0.0	0.0	0.0	2.817e-05	0.0	25.0	10.0	6.25	0.00014085	5.634e-05	3.52125e-05
Russell	0.0	0.0	0.0	0.0	0.0	0.0	0.0	0.0	0.0	0.0	0.0	0.0
Harper	0.0	0.0	0.0	0.0	0.0	0.0	0.0	0.0	0.0	0.0	0.0	0.0
Finney	0.0	0.0	0.0	0.0	0.0	0.0	0.0	0.0	0.0	0.0	0.0	0.0
Smith	0.0	0.0	0.0	0.0	0.0	0.0	0.0	0.0	0.0	0.0	0.0	0.0
Montgomery	0.0	0.0	0.0	0.0	0.0	0.0	0.0	0.0	0.0	0.0	0.0	0.0
Phillips	0.0	0.0	0.0	0.0	0.0	0.0	0.0	0.0	0.0	0.0	0.0	0.0
Republic	0.0	0.0	0.0	0.0	0.0	0.0	0.0	0.0	0.0	0.0	0.0	0.0
Bourbon	3.0	0.0	0.0	0.0	0.00020474	0.0	15.0	6.0	3.75	0.0010237	0.00040948	0.000255925
Chautauqua	0.0	0.0	0.0	0.0	0.0	0.0	0.0	0.0	0.0	0.0	0.0	0.0
Brown	0.0	0.0	0.0	0.0	0.0	0.0	0.0	0.0	0.0	0.0	0.0	0.0
Stanton	0.0	0.0	0.0	0.0	0.0	0.0	0.0	0.0	0.0	0.0	0.0	0.0
Wallace	0.0	0.0	0.0	0.0	0.0	0.0	0.0	0.0	0.0	0.0	0.0	0.0
Kearny	0.0	0.0	0.0	0.0	0.0	0.0	0.0	0.0	0.0	0.0	0.0	0.0
Barber	0.0	0.0	0.0	0.0	0.0	0.0	0.0	0.0	0.0	0.0	0.0	0.0
Trego	0.0	0.0	0.0	0.0	0.0	0.0	0.0	0.0	0.0	0.0	0.0	0.0
Greenwood	0.0	0.0	0.0	0.0	0.0	0.0	0.0	0.0	0.0	0.0	0.0	0.0
Doniphan	1.0	0.0	0.0	0.0	0.00013017	0.0	5.0	2.0	1.25	0.00065085	0.00026034	0.0001627125
Miami	0.0	0.0	0.0	0.0	0.0	0.0	0.0	0.0	0.0	0.0	0.0	0.0
Kiowa	0.0	0.0	0.0	0.0	0.0	0.0	0.0	0.0	0.0	0.0	0.0	0.0
Sedgwick	20.0	0.0	0.0	0.0	3.894e-05	0.0	100.0	40.0	25.0	0.0001947	7.788e-05	4.8675e-05
Cowley	0.0	0.0	0.0	0.0	0.0	0.0	0.0	0.0	0.0	0.0	0.0	0.0
Seward	0.0	0.0	0.0	0.0	0.0	0.0	0.0	0.0	0.0	0.0	0.0	0.0
Thomas	0.0	0.0	0.0	0.0	0.0	0.0	0.0	0.0	0.0	0.0	0.0	0.0
Washington	0.0	0.0	0.0	0.0	0.0	0.0	0.0	0.0	0.0	0.0	0.0	0.0
Marion	0.0	0.0	0.0	0.0	0.0	0.0	0.0	0.0	0.0	0.0	0.0	0.0
Allen	0.0	0.0	0.0	0.0	0.0	0.0	0.0	0.0	0.0	0.0	0.0	0.0
Greeley	0.0	0.0	0.0	0.0	0.0	0.0	0.0	0.0	0.0	0.0	0.0	0.0
Chase	0.0	0.0	0.0	0.0	0.0	0.0	0.0	0.0	0.0	0.0	0.0	0.0
Jackson	1.0	0.0	0.0	0.0	7.53e-05	0.0	5.0	2.0	1.25	0.0003765	0.0001506	9.4125e-05
Grant	0.0	0.0	0.0	0.0	0.0	0.0	0.0	0.0	0.0	0.0	0.0	0.0
Anderson	0.0	0.0	0.0	0.0	0.0	0.0	0.0	0.0	0.0	0.0	0.0	0.0
Jefferson	1.0	0.0	0.0	0.0	5.27e-05	0.0	5.0	2.0	1.25	0.0002635	0.0001054	6.5875e-05
Cheyenne	0.0	0.0	0.0	0.0	0.0	0.0	0.0	0.0	0.0	0.0	0.0	0.0
Butler	3.0	0.0	0.0	0.0	4.493e-05	0.0	15.0	6.0	3.75	0.00022465	8.986e-05	5.61625e-05
McPherson	1.0	0.0	0.0	0.0	3.504e-05	0.0	5.0	2.0	1.25	0.0001752	7.008e-05	4.38e-05
Rice	0.0	0.0	0.0	0.0	0.0	0.0	0.0	0.0	0.0	0.0	0.0	0.0
Gove	1.0	0.0	0.0	0.0	0.00038285	0.0	5.0	2.0	1.25	0.00191425	0.0007657	0.0004785625
Sherman	0.0	0.0	0.0	0.0	0.0	0.0	0.0	0.0	0.0	0.0	0.0	0.0
Ford	0.0	0.0	0.0	0.0	0.0	0.0	0.0	0.0	0.0	0.0	0.0	0.0
Linn	4.0	0.0	0.0	0.0	0.00041026	0.0	20.0	8.0	5.0	0.0020513	0.00082052	0.000512825
Osborne	0.0	0.0	0.0	0.0	0.0	0.0	0.0	0.0	0.0	0.0	0.0	0.0
Hamilton	0.0	0.0	0.0	0.0	0.0	0.0	0.0	0.0	0.0	0.0	0.0	0.0
Coffey	1.0	0.0	0.0	0.0	0.00012146	0.0	5.0	2.0	1.25	0.0006073	0.00024292	0.000151825
Gray	0.0	0.0	0.0	0.0	0.0	0.0	0.0	0.0	0.0	0.0	0.0	0.0
Rush	0.0	0.0	0.0	0.0	0.0	0.0	0.0	0.0	0.0	0.0	0.0	0.0
Johnson	66.0	1.0	0.0	0.0	0.00011045	1.67e-06	333.333333333	153.846153846	100.0	0.000556666666667	0.000256923076923	0.000167
Leavenworth	12.0	0.0	0.0	0.0	0.00014751	0.0	60.0	24.0	15.0	0.00073755	0.00029502	0.0001843875
Neosho	1.0	0.0	0.0	0.0	6.269e-05	0.0	5.0	2.0	1.25	0.00031345	0.00012538	7.83625e-05
Wyandotte	43.0	3.0	0.0	0.0	0.0002601	1.815e-05	1000.0	461.538461538	300.0	0.00605	0.00279230769231	0.001815
Clay	1.0	0.0	0.0	0.0	0.00012505	0.0	5.0	2.0	1.25	0.00062525	0.0002501	0.0001563125
Clark	0.0	0.0	0.0	0.0	0.0	0.0	0.0	0.0	0.0	0.0	0.0	0.0
Wabaunsee	0.0	0.0	0.0	0.0	0.0	0.0	0.0	0.0	0.0	0.0	0.0	0.0
Jewell	0.0	0.0	0.0	0.0	0.0	0.0	0.0	0.0	0.0	0.0	0.0	0.0
Kingman	0.0	0.0	0.0	0.0	0.0	0.0	0.0	0.0	0.0	0.0	0.0	0.0
Saline	0.0	0.0	0.0	0.0	0.0	0.0	0.0	0.0	0.0	0.0	0.0	0.0
Elk	0.0	0.0	0.0	0.0	0.0	0.0	0.0	0.0	0.0	0.0	0.0	0.0
Lyon	4.0	0.0	0.0	0.0	0.00011974	0.0	20.0	8.0	5.0	0.0005987	0.00023948	0.000149675
Nemaha	0.0	0.0	0.0	0.0	0.0	0.0	0.0	0.0	0.0	0.0	0.0	0.0
Cherokee	2.0	0.0	0.0	0.0	9.993e-05	0.0	10.0	4.0	2.5	0.00049965	0.00019986	0.0001249125
Harvey	1.0	0.0	0.0	0.0	2.923e-05	0.0	5.0	2.0	1.25	0.00014615	5.846e-05	3.65375e-05
Woodson	1.0	0.0	0.0	0.0	0.00031417	0.0	5.0	2.0	1.25	0.00157085	0.00062834	0.0003927125
Dickinson	0.0	0.0	0.0	0.0	0.0	0.0	0.0	0.0	0.0	0.0	0.0	0.0
Riley	2.0	0.0	0.0	0.0	2.714e-05	0.0	10.0	4.0	2.5	0.0001357	5.428e-05	3.3925e-05
Labette	0.0	0.0	0.0	0.0	0.0	0.0	0.0	0.0	0.0	0.0	0.0	0.0
Ness	0.0	0.0	0.0	0.0	0.0	0.0	0.0	0.0	0.0	0.0	0.0	0.0
Lincoln	0.0	0.0	0.0	0.0	0.0	0.0	0.0	0.0	0.0	0.0	0.0	0.0
Rawlins	0.0	0.0	0.0	0.0	0.0	0.0	0.0	0.0	0.0	0.0	0.0	0.0
Ottawa	1.0	0.0	0.0	0.0	0.00017235	0.0	5.0	2.0	1.25	0.00086175	0.0003447	0.0002154375
Franklin	2.0	0.0	0.0	0.0	7.803e-05	0.0	10.0	4.0	2.5	0.00039015	0.00015606	9.75375e-05
Sumner	1.0	0.0	0.0	0.0	4.349e-05	0.0	5.0	2.0	1.25	0.00021745	8.698e-05	5.43625e-05
Geary	0.0	0.0	0.0	0.0	0.0	0.0	0.0	0.0	0.0	0.0	0.0	0.0
Osage	1.0	0.0	0.0	0.0	6.273e-05	0.0	5.0	2.0	1.25	0.00031365	0.00012546	7.84125e-05
Rooks	0.0	0.0	0.0	0.0	0.0	0.0	0.0	0.0	0.0	0.0	0.0	0.0
Marshall	0.0	0.0	0.0	0.0	0.0	0.0	0.0	0.0	0.0	0.0	0.0	0.0
Hodgeman	0.0	0.0	0.0	0.0	0.0	0.0	0.0	0.0	0.0	0.0	0.0	0.0
Pottawatomie	1.0	0.0	0.0	0.0	4.119e-05	0.0	5.0	2.0	1.25	0.00020595	8.238e-05	5.14875e-05
Ellis	0.0	0.0	0.0	0.0	0.0	0.0	0.0	0.0	0.0	0.0	0.0	0.0
Edwards	0.0	0.0	0.0	0.0	0.0	0.0	0.0	0.0	0.0	0.0	0.0	0.0
Lane	0.0	0.0	0.0	0.0	0.0	0.0	0.0	0.0	0.0	0.0	0.0	0.0
Douglas	14.0	0.0	0.0	0.0	0.00011529	0.0	70.0	28.0	17.5	0.00057645	0.00023058	0.0001441125
Crawford	3.0	0.0	0.0	0.0	7.689e-05	0.0	15.0	6.0	3.75	0.00038445	0.00015378	9.61125e-05
Norton	0.0	0.0	0.0	0.0	0.0	0.0	0.0	0.0	0.0	0.0	0.0	0.0
Barton	0.0	0.0	0.0	0.0	0.0	0.0	0.0	0.0	0.0	0.0	0.0	0.0
Atchison	0.0	0.0	0.0	0.0	0.0	0.0	0.0	0.0	0.0	0.0	0.0	0.0
Pratt	0.0	0.0	0.0	0.0	0.0	0.0	0.0	0.0	0.0	0.0	0.0	0.0
Decatur	0.0	0.0	0.0	0.0	0.0	0.0	0.0	0.0	0.0	0.0	0.0	0.0
Stafford	0.0	0.0	0.0	0.0	0.0	0.0	0.0	0.0	0.0	0.0	0.0	0.0
Sheridan	0.0	0.0	0.0	0.0	0.0	0.0	0.0	0.0	0.0	0.0	0.0	0.0
Wichita	0.0	0.0	0.0	0.0	0.0	0.0	0.0	0.0	0.0	0.0	0.0	0.0
Morris	2.0	0.0	0.0	0.0	0.00036225	0.0	10.0	4.0	2.5	0.00181125	0.0007245	0.0004528125
Meade	0.0	0.0	0.0	0.0	0.0	0.0	0.0	0.0	0.0	0.0	0.0	0.0
Mitchell	2.0	0.0	0.0	0.0	0.0003252	0.0	10.0	4.0	2.5	0.001626	0.0006504	0.0004065
Comanche	0.0	0.0	0.0	0.0	0.0	0.0	0.0	0.0	0.0	0.0	0.0	0.0
Stevens	0.0	0.0	0.0	0.0	0.0	0.0	0.0	0.0	0.0	0.0	0.0	0.0
Graham	0.0	0.0	0.0	0.0	0.0	0.0	0.0	0.0	0.0	0.0	0.0	0.0
Pawnee	0.0	0.0	0.0	0.0	0.0	0.0	0.0	0.0	0.0	0.0	0.0	0.0
Reno	5.0	0.0	0.0	0.0	8.02e-05	0.0	25.0	10.0	6.25	0.000401	0.0001604	0.00010025
Logan	0.0	0.0	0.0	0.0	0.0	0.0	0.0	0.0	0.0	0.0	0.0	0.0
Haskell	0.0	0.0	0.0	0.0	0.0	0.0	0.0	0.0	0.0	0.0	0.0	0.0
Scott	0.0	0.0	0.0	0.0	0.0	0.0	0.0	0.0	0.0	0.0	0.0	0.0
Morton	0.0	0.0	0.0	0.0	0.0	0.0	0.0	0.0	0.0	0.0	0.0	0.0
Ellsworth	0.0	0.0	0.0	0.0	0.0	0.0	0.0	0.0	0.0	0.0	0.0	0.0
Cloud	0.0	0.0	0.0	0.0	0.0	0.0	0.0	0.0	0.0	0.0	0.0	0.0
