Name	Predicted_New_Cases	Total_Predicted_New_Cases	Total_Predicted_Cases	Predicted_New_Deaths	Total_Predicted_New_Deaths	Total_Predicted_Deaths	Predicted_New_per_capita	Predicted_Total_New_per_capita	Predicted_Total_Cases_per_capita	Predicted_New_Deaths_per_capita	Total_Predicted_New_Deaths_per_capita	Total_Predicted_Deaths_per_capita
Logan	0.0	0.0	0.0	0.0	0.0	0.0	0.0	0.0	0.0	0.0	0.0	0.0
Linn	0.0	0.0	5.0	4.214	203.359	203.359	0.0	0.0	0.00051282	0.00043221	0.02085733	0.02085733
Brown	0.0	0.0	0.0	0.0	0.0	0.0	0.0	0.0	0.0	0.0	0.0	0.0
Cowley	0.0	0.0	1.0	0.0	0.0	1.0	0.0	0.0	2.839e-05	0.0	0.0	2.839e-05
Gray	0.0	0.0	0.0	0.0	0.0	0.0	0.0	0.0	0.0	0.0	0.0	0.0
Cherokee	0.0	0.107	6.107	0.0	0.0	0.0	0.0	5.35e-06	0.00030512	0.0	0.0	0.0
Ellis	0.291	21.576	23.576	0.0	0.0	0.0	1.014e-05	0.00075152	0.00082118	0.0	0.0	0.0
Wilson	0.0	0.0	0.0	0.0	0.0	0.0	0.0	0.0	0.0	0.0	0.0	0.0
Harper	0.0	0.0	0.0	0.0	0.0	0.0	0.0	0.0	0.0	0.0	0.0	0.0
Montgomery	0.252	18.7	32.7	0.0	0.0	2.0	7.85e-06	0.00058219	0.00101806	0.0	0.0	6.227e-05
Lane	0.0	0.0	0.0	0.0	0.0	0.0	0.0	0.0	0.0	0.0	0.0	0.0
Republic	0.0	0.0	4.0	0.0	0.0	0.0	0.0	0.0	0.00085763	0.0	0.0	0.0
Rawlins	0.0	0.0	0.0	0.0	0.0	0.0	0.0	0.0	0.0	0.0	0.0	0.0
Harvey	0.0	0.226	4.226	0.0	0.0	0.0	0.0	6.61e-06	0.00012353	0.0	0.0	0.0
Ford	0.872	64.735	80.735	0.0	0.0	0.0	2.573e-05	0.00191026	0.00238241	0.0	0.0	0.0
Russell	0.0	0.0	0.0	0.0	0.0	0.0	0.0	0.0	0.0	0.0	0.0	0.0
Comanche	0.0	0.0	0.0	0.0	0.0	0.0	0.0	0.0	0.0	0.0	0.0	0.0
Lincoln	0.0	0.0	0.0	0.0	0.0	0.0	0.0	0.0	0.0	0.0	0.0	0.0
Pratt	0.0	0.0	1.0	0.0	0.0	0.0	0.0	0.0	0.00010663	0.0	0.0	0.0
Wichita	0.0	0.0	0.0	0.0	0.0	0.0	0.0	0.0	0.0	0.0	0.0	0.0
Chase	0.0	0.0	0.0	0.0	0.0	0.0	0.0	0.0	0.0	0.0	0.0	0.0
Riley	0.0	2.528	23.528	0.0	0.0	0.0	0.0	3.43e-05	0.00031923	0.0	0.0	0.0
Mitchell	0.0	0.0	2.0	0.0	0.0	0.0	0.0	0.0	0.0003252	0.0	0.0	0.0
Hamilton	0.0	0.0	1.0	0.0	0.0	0.0	0.0	0.0	0.00038358	0.0	0.0	0.0
Washington	0.0	0.0	0.0	0.0	0.0	0.0	0.0	0.0	0.0	0.0	0.0	0.0
Ellsworth	0.0	0.0	0.0	0.0	0.0	0.0	0.0	0.0	0.0	0.0	0.0	0.0
Wyandotte	9.326	602.001	939.001	2.59	107.116	135.116	5.641e-05	0.00364134	0.00567976	1.567e-05	0.00064792	0.00081728
Shawnee	1.629	120.836	198.836	0.052	2.756	6.756	9.18e-06	0.00068077	0.00112021	2.9e-07	1.553e-05	3.806e-05
Jewell	0.0	0.0	3.0	0.052	2.756	2.756	0.0	0.0	0.00105597	1.83e-05	0.00097008	0.00097008
Finney	0.0	0.0	17.0	0.052	2.756	2.756	0.0	0.0	0.00046434	1.42e-06	7.528e-05	7.528e-05
Stevens	4.467	84.681	86.681	0.052	2.756	2.756	0.00080356	0.01523314	0.01559291	9.35e-06	0.00049577	0.00049577
Kiowa	0.0	0.0	0.0	0.0	0.0	0.0	0.0	0.0	0.0	0.0	0.0	0.0
Rice	0.0	0.0	0.0	0.0	0.0	0.0	0.0	0.0	0.0	0.0	0.0	0.0
Pawnee	0.0	0.0	0.0	0.0	0.0	0.0	0.0	0.0	0.0	0.0	0.0	0.0
Osborne	0.0	0.0	2.0	0.052	2.756	2.756	0.0	0.0	0.00057554	1.496e-05	0.00079309	0.00079309
Morton	0.0	0.0	1.0	0.0	0.0	0.0	0.0	0.0	0.00037495	0.0	0.0	0.0
Jefferson	0.078	5.756	10.756	0.052	2.756	2.756	4.11e-06	0.00030335	0.00056685	2.74e-06	0.00014524	0.00014524
Reno	0.0	3.156	16.156	0.0	2.592	2.592	0.0	5.062e-05	0.00025915	0.0	4.158e-05	4.158e-05
Barton	0.0	0.0	4.0	0.052	2.756	2.756	0.0	0.0	0.00015319	1.99e-06	0.00010555	0.00010555
Decatur	0.0	0.0	0.0	0.0	0.0	0.0	0.0	0.0	0.0	0.0	0.0	0.0
Gove	0.0	0.0	1.0	0.0	0.0	0.0	0.0	0.0	0.00038285	0.0	0.0	0.0
Kearny	0.0	0.0	1.0	0.0	0.0	0.0	0.0	0.0	0.00025361	0.0	0.0	0.0
Smith	0.0	0.0	0.0	0.0	0.0	0.0	0.0	0.0	0.0	0.0	0.0	0.0
Geary	0.0	0.0	8.0	0.052	2.756	2.756	0.0	0.0	0.00024544	1.6e-06	8.456e-05	8.456e-05
Lyon	0.0	10.456	40.456	0.0	2.262	2.262	0.0	0.000313	0.00121104	0.0	6.771e-05	6.771e-05
Chautauqua	0.0	0.0	3.0	0.052	2.756	2.756	0.0	0.0	0.00090662	1.571e-05	0.00083288	0.00083288
Douglas	0.0	8.211	48.211	0.0	2.262	2.262	0.0	6.762e-05	0.00039701	0.0	1.863e-05	1.863e-05
Rooks	0.0	0.0	2.0	0.0	0.0	0.0	0.0	0.0	0.00039896	0.0	0.0	0.0
Marion	0.0	0.0	4.0	0.052	2.756	2.756	0.0	0.0	0.00033473	4.35e-06	0.00023063	0.00023063
Rush	0.0	0.0	0.0	0.0	0.0	0.0	0.0	0.0	0.0	0.0	0.0	0.0
Morris	0.0	0.0	2.0	0.0	0.0	0.0	0.0	0.0	0.00036225	0.0	0.0	0.0
Leavenworth	8.838	365.547	455.547	0.0	0.0	1.0	0.00010864	0.0044934	0.0055997	0.0	0.0	1.229e-05
Dickinson	0.0	0.0	0.0	0.0	0.0	0.0	0.0	0.0	0.0	0.0	0.0	0.0
Labette	0.0	0.0	18.0	0.0	0.0	0.0	0.0	0.0	0.00090162	0.0	0.0	0.0
Doniphan	0.0	0.0	1.0	0.0	0.0	0.0	0.0	0.0	0.00013017	0.0	0.0	0.0
Neosho	0.019	1.438	3.438	0.0	0.0	0.0	1.19e-06	9.015e-05	0.00021554	0.0	0.0	0.0
Graham	0.0	0.0	0.0	0.0	0.0	0.0	0.0	0.0	0.0	0.0	0.0	0.0
Haskell	0.0	0.0	0.0	0.0	0.0	0.0	0.0	0.0	0.0	0.0	0.0	0.0
Elk	0.0	0.0	0.0	0.0	0.0	0.0	0.0	0.0	0.0	0.0	0.0	0.0
Barber	0.0	0.0	1.0	0.0	0.0	0.0	0.0	0.0	0.00022361	0.0	0.0	0.0
Scott	0.0	0.0	1.0	0.0	0.0	0.0	0.0	0.0	0.00020421	0.0	0.0	0.0
Stanton	0.291	21.576	23.576	0.0	0.0	0.0	0.00014645	0.01085858	0.01186512	0.0	0.0	0.0
Seward	0.0	0.0	6.0	0.0	0.0	0.0	0.0	0.0	0.00027548	0.0	0.0	0.0
Stafford	0.0	0.0	1.0	0.0	0.0	0.0	0.0	0.0	0.00023935	0.0	0.0	0.0
Sherman	0.0	0.0	0.0	0.0	0.0	0.0	0.0	0.0	0.0	0.0	0.0	0.0
Saline	0.0	0.0	10.0	0.0	0.0	1.0	0.0	0.0	0.00018382	0.0	0.0	1.838e-05
Marshall	0.0	0.0	0.0	0.0	0.0	0.0	0.0	0.0	0.0	0.0	0.0	0.0
Nemaha	0.0	0.0	0.0	0.0	0.0	0.0	0.0	0.0	0.0	0.0	0.0	0.0
Sumner	0.0	0.0	2.0	0.0	0.0	1.0	0.0	0.0	8.697e-05	0.0	0.0	4.349e-05
Osage	0.039	2.876	6.876	0.0	0.0	0.0	2.45e-06	0.00018042	0.00043134	0.0	0.0	0.0
Woodson	0.0	0.0	3.0	0.0	0.0	0.0	0.0	0.0	0.00094251	0.0	0.0	0.0
Unassigned	0.78	41.367	46.367	0.0	0.0	0.0	N/A	N/A	N/A	N/A	N/A	N/A
Sheridan	0.0	0.0	0.0	0.0	0.0	0.0	0.0	0.0	0.0	0.0	0.0	0.0
Kingman	0.0	0.0	0.0	0.0	0.0	0.0	0.0	0.0	0.0	0.0	0.0	0.0
Greeley	0.0	0.0	0.0	0.0	0.0	0.0	0.0	0.0	0.0	0.0	0.0	0.0
Edwards	0.0	0.0	0.0	0.0	0.0	0.0	0.0	0.0	0.0	0.0	0.0	0.0
Atchison	0.0	0.0	3.0	0.0	0.0	0.0	0.0	0.0	0.00018527	0.0	0.0	0.0
Clay	0.0	0.0	1.0	0.0	0.0	0.0	0.0	0.0	0.00012505	0.0	0.0	0.0
Hodgeman	0.0	0.0	0.0	0.0	0.0	0.0	0.0	0.0	0.0	0.0	0.0	0.0
Phillips	0.0	0.0	1.0	0.0	0.0	0.0	0.0	0.0	0.00018808	0.0	0.0	0.0
Coffey	0.0	3.88	43.88	0.0	0.0	1.0	0.0	0.00047127	0.00532977	0.0	0.0	0.00012146
Allen	0.0	0.0	0.0	0.0	0.0	0.0	0.0	0.0	0.0	0.0	0.0	0.0
Franklin	0.0	2.205	14.205	0.0	0.0	0.0	0.0	8.603e-05	0.00055421	0.0	0.0	0.0
Cloud	0.0	0.0	3.0	0.0	0.0	0.0	0.0	0.0	0.00034368	0.0	0.0	0.0
Butler	0.0	0.36	9.36	0.0	0.0	0.0	0.0	5.39e-06	0.00014019	0.0	0.0	0.0
Cheyenne	0.0	0.0	0.0	0.0	0.0	0.0	0.0	0.0	0.0	0.0	0.0	0.0
Bourbon	0.171	12.66	19.66	0.0	0.0	1.0	1.167e-05	0.00086399	0.0013417	0.0	0.0	6.825e-05
Norton	0.0	0.0	0.0	0.0	0.0	0.0	0.0	0.0	0.0	0.0	0.0	0.0
Anderson	0.0	0.0	1.0	0.0	0.0	0.0	0.0	0.0	0.00012694	0.0	0.0	0.0
Trego	0.0	0.0	0.0	0.0	0.0	0.0	0.0	0.0	0.0	0.0	0.0	0.0
Clark	0.0	0.0	0.0	0.0	0.0	0.0	0.0	0.0	0.0	0.0	0.0	0.0
Greenwood	0.0	0.0	1.0	0.0	0.0	0.0	0.0	0.0	0.00016515	0.0	0.0	0.0
Miami	0.0	0.0	3.0	0.0	0.0	0.0	0.0	0.0	8.907e-05	0.0	0.0	0.0
Meade	0.0	0.0	0.0	0.0	0.0	0.0	0.0	0.0	0.0	0.0	0.0	0.0
Thomas	0.0	0.0	0.0	0.0	0.0	0.0	0.0	0.0	0.0	0.0	0.0	0.0
Johnson	3.895	288.95	597.95	0.687	36.405	50.405	6.52e-06	0.00048355	0.00100066	1.15e-06	6.092e-05	8.435e-05
Wallace	0.0	0.0	0.0	0.0	0.0	0.0	0.0	0.0	0.0	0.0	0.0	0.0
Ottawa	0.0	0.0	3.0	0.687	36.405	36.405	0.0	0.0	0.00051706	0.00011841	0.00627456	0.00627456
Crawford	5.161	97.853	103.853	0.0	0.0	1.0	0.00013227	0.00250783	0.0026616	0.0	0.0	2.563e-05
Pottawatomie	0.467	22.545	27.545	0.0	0.0	0.0	1.924e-05	0.00092866	0.00113461	0.0	0.0	0.0
Ness	0.0	0.0	0.0	0.0	0.0	0.0	0.0	0.0	0.0	0.0	0.0	0.0
Sedgwick	3.986	280.506	480.506	0.0	0.0	2.0	7.76e-06	0.00054615	0.00093555	0.0	0.0	3.89e-06
McPherson	0.002	6.794	19.794	0.0	0.0	0.0	7e-08	0.00023808	0.00069363	0.0	0.0	0.0
Grant	0.0	0.0	0.0	0.0	0.0	0.0	0.0	0.0	0.0	0.0	0.0	0.0
Wabaunsee	0.0	0.0	1.0	0.0	0.0	0.0	0.0	0.0	0.00014495	0.0	0.0	0.0
Jackson	0.0	0.0	1.0	0.0	0.0	0.0	0.0	0.0	7.53e-05	0.0	0.0	0.0
