Name	Confirmed	Deaths	Recovered	Active	Confirmed_per_capita	Deaths_per_capita	IFR_0.30_expected	IFR_0.65_expected	IFR_1.0_expected	IFR_0.30_expected_per_capita	IFR_0.65_expected_per_capita	IFR_1.0_expected_per_capita	Date
Fulton	0.0	0.0	0.0	0.0	0.0	0.0	0.0	0.0	0.0	0.0	0.0	0.0	2020-03-22
Fulton	0	0	0	0	0.0	0.0	0	0	0	0.0	0.0	0.0	2020-03-23
Fulton	0	0	0	0	0.0	0.0	0	0	0	0.0	0.0	0.0	2020-03-24
Fulton	0	0	0	0	0.0	0.0	0	0	0	0.0	0.0	0.0	2020-03-25
Fulton	0	0	0	0	0.0	0.0	0	0	0	0.0	0.0	0.0	2020-03-26
Fulton	0	0	0	0	0.0	0.0	0	0	0	0.0	0.0	0.0	2020-03-27
Fulton	0	0	0	0	0.0	0.0	0	0	0	0.0	0.0	0.0	2020-03-28
Fulton	0.0	0.0	0.0	0.0	0.0	0.0	0.0	0.0	0.0	0.0	0.0	0.0	2020-03-29
Fulton	0.0	0.0	0.0	0.0	0.0	0.0	0.0	0.0	0.0	0.0	0.0	0.0	2020-03-30
Fulton	1.0	0.0	0.0	1.0	8.151e-05	0.0	5.0	2.0	1.25	0.00040755	0.00016302	0.0001018875	2020-04-23
Fulton	1.0	0.0	0.0	1.0	8.151e-05	0.0	5.0	2.0	1.25	0.00040755	0.00016302	0.0001018875	2020-04-24
Fulton	1.0	0.0	0.0	1.0	8.151e-05	0.0	5.0	2.0	1.25	0.00040755	0.00016302	0.0001018875	2020-04-25
Fulton	1.0	0.0	0.0	1.0	8.151e-05	0.0	5.0	2.0	1.25	0.00040755	0.00016302	0.0001018875	2020-04-26
Fulton	1.0	0.0	0.0	1.0	8.151e-05	0.0	5.0	2.0	1.25	0.00040755	0.00016302	0.0001018875	2020-04-27
Fulton	1.0	0.0	0.0	1.0	8.151e-05	0.0	5.0	2.0	1.25	0.00040755	0.00016302	0.0001018875	2020-04-28
Fulton	1.0	0.0	0.0	1.0	8.151e-05	0.0	5.0	2.0	1.25	0.00040755	0.00016302	0.0001018875	2020-04-29
Fulton	1.0	0.0	0.0	1.0	8.151e-05	0.0	5.0	2.0	1.25	0.00040755	0.00016302	0.0001018875	2020-04-30
Fulton	1.0	0.0	0.0	1.0	8.151e-05	0.0	5.0	2.0	1.25	0.00040755	0.00016302	0.0001018875	2020-05-01
Fulton	1.0	0.0	0.0	1.0	8.151e-05	0.0	5.0	2.0	1.25	0.00040755	0.00016302	0.0001018875	2020-05-02
Fulton	1.0	0.0	0.0	1.0	8.151e-05	0.0	5.0	2.0	1.25	0.00040755	0.00016302	0.0001018875	2020-05-03
Fulton	1.0	0.0	0.0	1.0	8.151e-05	0.0	5.0	2.0	1.25	0.00040755	0.00016302	0.0001018875	2020-05-04
Fulton	3.0	0.0	0.0	3.0	0.00024452	0.0	15.0	6.0	3.75	0.0012226	0.00048904	0.00030565	2020-05-05
Fulton	3.0	0.0	0.0	3.0	0.00024452	0.0	15.0	6.0	3.75	0.0012226	0.00048904	0.00030565	2020-05-06
Fulton	3.0	0.0	0.0	3.0	0.00024452	0.0	15.0	6.0	3.75	0.0012226	0.00048904	0.00030565	2020-05-07
Fulton	3.0	0.0	0.0	3.0	0.00024452	0.0	15.0	6.0	3.75	0.0012226	0.00048904	0.00030565	2020-05-08
Fulton	3.0	0.0	0.0	3.0	0.00024452	0.0	15.0	6.0	3.75	0.0012226	0.00048904	0.00030565	2020-05-09
Fulton	3.0	0.0	0.0	3.0	0.00024452	0.0	15.0	6.0	3.75	0.0012226	0.00048904	0.00030565	2020-05-10
Fulton	3.0	0.0	0.0	3.0	0.00024452	0.0	15.0	6.0	3.75	0.0012226	0.00048904	0.00030565	2020-05-11
Fulton	3.0	0.0	0.0	3.0	0.00024452	0.0	15.0	6.0	3.75	0.0012226	0.00048904	0.00030565	2020-05-12
Fulton	3.0	0.0	0.0	3.0	0.00024452	0.0	15.0	6.0	3.75	0.0012226	0.00048904	0.00030565	2020-05-13
Fulton	3.0	0.0	0.0	3.0	0.00024452	0.0	15.0	6.0	3.75	0.0012226	0.00048904	0.00030565	2020-05-14
Fulton	3.0	0.0	0.0	3.0	0.00024452	0.0	15.0	6.0	3.75	0.0012226	0.00048904	0.00030565	2020-05-15
Fulton	3.0	0.0	0.0	3.0	0.00024452	0.0	15.0	6.0	3.75	0.0012226	0.00048904	0.00030565	2020-05-16
Fulton	4.0	0.0	0.0	4.0	0.00032602	0.0	20.0	8.0	5.0	0.0016301	0.00065204	0.000407525	2020-05-17
Fulton	4.0	0.0	0.0	4.0	0.00032602	0.0	20.0	8.0	5.0	0.0016301	0.00065204	0.000407525	2020-05-18
Fulton	4.0	0.0	0.0	4.0	0.00032602	0.0	20.0	8.0	5.0	0.0016301	0.00065204	0.000407525	2020-05-19
Fulton	4.0	0.0	0.0	4.0	0.00032602	0.0	20.0	8.0	5.0	0.0016301	0.00065204	0.000407525	2020-05-20
Fulton	4.0	0.0	0.0	4.0	0.00032602	0.0	20.0	8.0	5.0	0.0016301	0.00065204	0.000407525	2020-05-21
Fulton	6.0	0.0	0.0	6.0	0.00048904	0.0	30.0	12.0	7.5	0.0024452	0.00097808	0.0006113	2020-05-22
Fulton	6.0	0.0	0.0	6.0	0.00048904	0.0	30.0	12.0	7.5	0.0024452	0.00097808	0.0006113	2020-05-23
Fulton	6.0	0.0	0.0	6.0	0.00048904	0.0	30.0	12.0	7.5	0.0024452	0.00097808	0.0006113	2020-05-24
Fulton	6.0	0.0	0.0	6.0	0.00048904	0.0	30.0	12.0	7.5	0.0024452	0.00097808	0.0006113	2020-05-25
Fulton	6.0	0.0	0.0	6.0	0.00048904	0.0	30.0	12.0	7.5	0.0024452	0.00097808	0.0006113	2020-05-26
Fulton	6.0	0.0	0.0	6.0	0.00048904	0.0	30.0	12.0	7.5	0.0024452	0.00097808	0.0006113	2020-05-27
Fulton	7.0	0.0	0.0	7.0	0.00057054	0.0	35.0	14.0	8.75	0.0028527	0.00114108	0.000713175	2020-05-28
Fulton	7.0	0.0	0.0	7.0	0.00057054	0.0	35.0	14.0	8.75	0.0028527	0.00114108	0.000713175	2020-05-29
Fulton	7.0	0.0	0.0	7.0	0.00057054	0.0	35.0	14.0	8.75	0.0028527	0.00114108	0.000713175	2020-05-30
Fulton	7.0	0.0	0.0	7.0	0.00057054	0.0	35.0	14.0	8.75	0.0028527	0.00114108	0.000713175	2020-05-31
Fulton	7.0	0.0	0.0	7.0	0.00057054	0.0	35.0	14.0	8.75	0.0028527	0.00114108	0.000713175	2020-06-01
Fulton	7.0	0.0	0.0	7.0	0.00057054	0.0	35.0	14.0	8.75	0.0028527	0.00114108	0.000713175	2020-06-02
Fulton	7.0	0.0	0.0	7.0	0.00057054	0.0	35.0	14.0	8.75	0.0028527	0.00114108	0.000713175	2020-06-03
Fulton	7.0	0.0	0.0	7.0	0.00057054	0.0	35.0	14.0	8.75	0.0028527	0.00114108	0.000713175	2020-06-04
Fulton	7.0	0.0	0.0	7.0	0.00057054	0.0	35.0	14.0	8.75	0.0028527	0.00114108	0.000713175	2020-06-05
Fulton	7.0	0.0	0.0	7.0	0.00057054	0.0	35.0	14.0	8.75	0.0028527	0.00114108	0.000713175	2020-06-06
Fulton	7.0	0.0	0.0	7.0	0.00057054	0.0	35.0	14.0	8.75	0.0028527	0.00114108	0.000713175	2020-06-07
Fulton	8.0	0.0	0.0	8.0	0.00065205	0.0	40.0	16.0	10.0	0.00326025	0.0013041	0.0008150625	2020-06-08
Fulton	7.0	0.0	0.0	7.0	0.00057054	0.0	35.0	14.0	8.75	0.0028527	0.00114108	0.000713175	2020-06-09
Fulton	8.0	0.0	0.0	8.0	0.00065205	0.0	40.0	16.0	10.0	0.00326025	0.0013041	0.0008150625	2020-06-10
Fulton	8.0	0.0	0.0	8.0	0.00065205	0.0	40.0	16.0	10.0	0.00326025	0.0013041	0.0008150625	2020-06-11
Fulton	9.0	0.0	0.0	9.0	0.00073356	0.0	45.0	18.0	11.25	0.0036678	0.00146712	0.00091695	2020-06-12
Fulton	9.0	0.0	0.0	9.0	0.00073356	0.0	45.0	18.0	11.25	0.0036678	0.00146712	0.00091695	2020-06-13
Fulton	9.0	0.0	0.0	9.0	0.00073356	0.0	45.0	18.0	11.25	0.0036678	0.00146712	0.00091695	2020-06-14
Fulton	9.0	0.0	0.0	9.0	0.00073356	0.0	45.0	18.0	11.25	0.0036678	0.00146712	0.00091695	2020-06-15
Fulton	9.0	0.0	0.0	9.0	0.00073356	0.0	45.0	18.0	11.25	0.0036678	0.00146712	0.00091695	2020-06-16
Fulton	9.0	0.0	0.0	9.0	0.00073356	0.0	45.0	18.0	11.25	0.0036678	0.00146712	0.00091695	2020-06-17
Fulton	9.0	0.0	0.0	9.0	0.00073356	0.0	45.0	18.0	11.25	0.0036678	0.00146712	0.00091695	2020-06-18
Fulton	9.0	0.0	0.0	9.0	0.00073356	0.0	45.0	18.0	11.25	0.0036678	0.00146712	0.00091695	2020-06-19
Fulton	9.0	0.0	0.0	9.0	0.00073356	0.0	45.0	18.0	11.25	0.0036678	0.00146712	0.00091695	2020-06-20
Fulton	9.0	0.0	0.0	9.0	0.00073356	0.0	45.0	18.0	11.25	0.0036678	0.00146712	0.00091695	2020-06-21
Fulton	10.0	0.0	0.0	10.0	0.00081506	0.0	50.0	20.0	12.5	0.0040753	0.00163012	0.001018825	2020-06-22
Fulton	10.0	0.0	0.0	10.0	0.00081506	0.0	50.0	20.0	12.5	0.0040753	0.00163012	0.001018825	2020-06-23
Fulton	10.0	0.0	0.0	10.0	0.00081506	0.0	50.0	20.0	12.5	0.0040753	0.00163012	0.001018825	2020-06-24
Fulton	9.0	0.0	0.0	9.0	0.00073356	0.0	45.0	18.0	11.25	0.0036678	0.00146712	0.00091695	2020-06-25
Fulton	10.0	0.0	0.0	10.0	0.00081506	0.0	50.0	20.0	12.5	0.0040753	0.00163012	0.001018825	2020-06-26
Fulton	12.0	0.0	0.0	12.0	0.00097807	0.0	60.0	24.0	15.0	0.00489035	0.00195614	0.0012225875	2020-06-27
Fulton	12.0	0.0	0.0	12.0	0.00097807	0.0	60.0	24.0	15.0	0.00489035	0.00195614	0.0012225875	2020-06-28
Fulton	12.0	0.0	0.0	12.0	0.00097807	0.0	60.0	24.0	15.0	0.00489035	0.00195614	0.0012225875	2020-06-29
Fulton	12.0	0.0	0.0	12.0	0.00097807	0.0	60.0	24.0	15.0	0.00489035	0.00195614	0.0012225875	2020-06-30
Fulton	15.0	0.0	0.0	15.0	0.00122259	0.0	75.0	30.0	18.75	0.00611295	0.00244518	0.0015282375	2020-07-01
Fulton	15.0	0.0	0.0	15.0	0.00122259	0.0	75.0	30.0	18.75	0.00611295	0.00244518	0.0015282375	2020-07-02
Fulton	0.363	0.683	15.683	0.251	0.482	0.482	2.959e-05	5.567e-05	0.00127826	2.046e-05	3.929e-05	3.929e-05	2020-07-03
Fulton	0.407	1.09	16.09	0.272	0.754	0.754	3.317e-05	8.884e-05	0.00131144	2.217e-05	6.146e-05	6.146e-05	2020-07-04
Fulton	0.452	1.542	16.542	0.291	1.045	1.045	3.684e-05	0.00012568	0.00134828	2.372e-05	8.517e-05	8.517e-05	2020-07-05
Fulton	0.049	0.049	0.501	0.0	0.0	1.542	3.99e-06	3.99e-06	4.083e-05	0.0	0.0	0.00012568	2020-07-06
Fulton	0.048	0.097	0.549	0.0	0.0	1.542	3.91e-06	7.91e-06	4.475e-05	0.0	0.0	0.00012568	2020-07-07
Fulton	0.048	0.145	0.597	0.0	0.0	1.542	3.91e-06	1.182e-05	4.866e-05	0.0	0.0	0.00012568	2020-07-08
Fulton	1.732	1.732	1.78	0.0	0.0	0.145	0.00014117	0.00014117	0.00014508	0.0	0.0	1.182e-05	2020-07-09
Fulton	2.138	3.87	3.918	0.0	0.0	0.145	0.00017426	0.00031543	0.00031934	0.0	0.0	1.182e-05	2020-07-10
Fulton	1.978	1.978	4.116	0.0	0.0	3.87	0.00016122	0.00016122	0.00033548	0.0	0.0	0.00031543	2020-07-11
Fulton	1.96	3.938	6.076	0.0	0.0	3.87	0.00015975	0.00032097	0.00049523	0.0	0.0	0.00031543	2020-07-12
Fulton	1.935	5.873	8.011	0.0	0.0	3.87	0.00015771	0.00047869	0.00065295	0.0	0.0	0.00031543	2020-07-13
Fulton	0.468	0.468	2.403	0.0	0.0	5.873	3.814e-05	3.814e-05	0.00019586	0.0	0.0	0.00047869	2020-07-14
Fulton	0.372	0.84	2.775	0.0	0.0	5.873	3.032e-05	6.847e-05	0.00022618	0.0	0.0	0.00047869	2020-07-15
Fulton	0.291	1.131	3.066	0.0	0.0	5.873	2.372e-05	9.218e-05	0.0002499	0.0	0.0	0.00047869	2020-07-16
Fulton	0.221	1.352	3.287	0.0	0.0	5.873	1.801e-05	0.0001102	0.00026791	0.0	0.0	0.00047869	2020-07-17
Fulton	20.0	0.0	0.0	20.0	0.00163012	0.0	100.0	40.0	25.0	0.0081506	0.00326024	0.00203765	2020-07-18
Fulton	20.0	0.0	0.0	20.0	0.00163012	0.0	100.0	40.0	25.0	0.0081506	0.00326024	0.00203765	2020-07-19
