Name	Confirmed	Deaths	Recovered	Active	Confirmed_per_capita	Deaths_per_capita	IFR_0.30_expected	IFR_0.65_expected	IFR_1.0_expected	IFR_0.30_expected_per_capita	IFR_0.65_expected_per_capita	IFR_1.0_expected_per_capita	Date
Chad	1	0	0	N/A	6e-8	0	5	2	1.25	3e-7	1.2e-7	7.5e-8	NA	NA	0	0	NA	NA	2020-03-19
Chad	1	0	0	N/A	6e-8	0	5	2	1.25	3e-7	1.2e-7	7.5e-8	0	0	100	100	NA	NA	2020-03-20
Chad	1	0	0	N/A	6e-8	0	5	2	1.25	3e-7	1.2e-7	7.5e-8	0	0	0	0	NA	NA	2020-03-21
Chad	1	0	0	1	6e-8	0	5	2	1.25	3e-7	1.2e-7	7.5e-8	0	0	0	0	NA	NA	2020-03-22
Chad	1	0	0	1	6e-8	0	5	2	1.25	3e-7	1.2e-7	7.5e-8	0	0	100	0	NA	NA	2020-03-23
Chad	3	0	0	3	1.9e-7	0	15	6	3.75	9.5e-7	3.8e-7	2.375e-7	2	0	100	0	NA	NA	2020-03-24
Chad	3	0	0	3	1.9e-7	0	15	6	3.75	9.5e-7	3.8e-7	2.375e-7	0	0	-100	0	NA	NA	2020-03-25
Chad	3	0	0	3	1.9e-7	0	15	6	3.75	9.5e-7	3.8e-7	2.375e-7	0	0	100	0	NA	NA	2020-03-26
Chad	3	0	0	3	1.9e-7	0	15	6	3.75	9.5e-7	3.8e-7	2.375e-7	0	0	100	0	NA	NA	2020-03-27
Chad	3	0	0	3	1.9e-7	0	15	6	3.75	9.5e-7	3.8e-7	2.375e-7	0	0	100	0	NA	NA	2020-03-28
Chad	3	0	0	3	1.9e-7	0	15	6	3.75	9.5e-7	3.8e-7	2.375e-7	0	0	100	0	NA	NA	2020-03-29
Chad	5	0	0	5	3.2e-7	0	25	10	6.25	1.6e-6	6.4e-7	4e-7	2	0	100	0	NA	NA	2020-03-30
Chad	7	0	0	7	4.5e-7	0	35	14	8.75	2.25e-6	9e-7	5.625e-7	2	0	0	0	NA	NA	2020-03-31
Chad	7	0	0	7	4.5e-7	0	35	14	8.75	2.25e-6	9e-7	5.625e-7	0	0	-100	0	NA	NA	2020-04-01
Chad	8	0	0	8	5.2e-7	0	40	16	10	2.6e-6	1.04e-6	6.5e-7	1	0	100	0	NA	NA	2020-04-02
Chad	8	0	0	8	5.2e-7	0	40	16	10	2.6e-6	1.04e-6	6.5e-7	0	0	-100	0	NA	NA	2020-04-03
Chad	9.0	0.0	0.0	9.0	5.8e-07	0.0	45.0	18.0	11.25	2.9e-06	1.16e-06	7.25e-07	2020-04-04
Chad	9.0	0.0	0.0	9.0	5.8e-07	0.0	45.0	18.0	11.25	2.9e-06	1.16e-06	7.25e-07	2020-04-05
