Name	Confirmed	Deaths	Recovered	Active	Confirmed_per_capita	Deaths_per_capita	IFR_0.30_expected	IFR_0.65_expected	IFR_1.0_expected	IFR_0.30_expected_per_capita	IFR_0.65_expected_per_capita	IFR_1.0_expected_per_capita	Date
Lake	0.0	0.0	0.0	0.0	0.0	0.0	0.0	0.0	0.0	0.0	0.0	0.0	2020-03-22
Lake	0	0	0	0	0.0	0.0	0	0	0	0.0	0.0	0.0	2020-03-23
Lake	0	0	0	0	0.0	0.0	0	0	0	0.0	0.0	0.0	2020-03-24
Lake	0	0	0	0	0.0	0.0	0	0	0	0.0	0.0	0.0	2020-03-25
Lake	0	0	0	0	0.0	0.0	0	0	0	0.0	0.0	0.0	2020-03-26
Lake	0	0	0	0	0.0	0.0	0	0	0	0.0	0.0	0.0	2020-03-27
Lake	0	0	0	0	0.0	0.0	0	0	0	0.0	0.0	0.0	2020-03-28
Lake	0.0	0.0	0.0	0.0	0.0	0.0	0.0	0.0	0.0	0.0	0.0	0.0	2020-03-29
Lake	0.0	0.0	0.0	0.0	0.0	0.0	0.0	0.0	0.0	0.0	0.0	0.0	2020-03-30
Lake	0.0	0.0	0.0	0.0	0.0	0.0	0.0	0.0	0.0	0.0	0.0	0.0	2020-04-06
Lake	0.0	0.0	0.0	0.0	0.0	0.0	0.0	0.0	0.0	0.0	0.0	0.0	2020-04-07
Lake	0.0	0.0	0.0	0.0	0.0	0.0	0.0	0.0	0.0	0.0	0.0	0.0	2020-04-08
Lake	0.0	0.0	0.0	0.0	0.0	0.0	0.0	0.0	0.0	0.0	0.0	0.0	2020-04-09
Lake	0.0	0.0	0.0	0.0	0.0	0.0	0.0	0.0	0.0	0.0	0.0	0.0	2020-04-10
Lake	0.0	0.0	0.0	0.0	0.0	0.0	0.0	0.0	0.0	0.0	0.0	0.0	2020-04-11
Lake	0.0	0.0	0.0	0.0	0.0	0.0	0.0	0.0	0.0	0.0	0.0	0.0	2020-04-12
Lake	4.0	0.0	0.0	4.0	0.00053974	0.0	20.0	8.0	5.0	0.0026987	0.00107948	0.000674675	2020-04-13
Lake	4.0	0.0	0.0	4.0	0.00053974	0.0	20.0	8.0	5.0	0.0026987	0.00107948	0.000674675	2020-04-14
Lake	4.0	0.0	0.0	4.0	0.00053974	0.0	20.0	8.0	5.0	0.0026987	0.00107948	0.000674675	2020-04-15
Lake	4.0	0.0	0.0	4.0	0.00053974	0.0	20.0	8.0	5.0	0.0026987	0.00107948	0.000674675	2020-04-16
Lake	4.0	0.0	0.0	4.0	0.00053974	0.0	20.0	8.0	5.0	0.0026987	0.00107948	0.000674675	2020-04-17
Lake	4.0	0.0	0.0	4.0	0.00053974	0.0	20.0	8.0	5.0	0.0026987	0.00107948	0.000674675	2020-04-18
Lake	4.0	0.0	0.0	4.0	0.00053974	0.0	20.0	8.0	5.0	0.0026987	0.00107948	0.000674675	2020-04-19
Lake	4.0	0.0	0.0	4.0	0.00053974	0.0	20.0	8.0	5.0	0.0026987	0.00107948	0.000674675	2020-04-20
Lake	4.0	0.0	0.0	4.0	0.00053974	0.0	20.0	8.0	5.0	0.0026987	0.00107948	0.000674675	2020-04-21
Lake	4.0	0.0	0.0	4.0	0.00053974	0.0	20.0	8.0	5.0	0.0026987	0.00107948	0.000674675	2020-04-22
Lake	20.0	0.0	0.0	20.0	0.00269869	0.0	100.0	40.0	25.0	0.01349345	0.00539738	0.0033733625	2020-04-23
Lake	46.0	0.0	0.0	46.0	0.00620699	0.0	230.0	92.0	57.5	0.03103495	0.01241398	0.0077587375	2020-04-24
Lake	48.0	0.0	0.0	48.0	0.00647686	0.0	240.0	96.0	60.0	0.0323843	0.01295372	0.008096075	2020-04-25
Lake	48.0	0.0	0.0	48.0	0.00647686	0.0	240.0	96.0	60.0	0.0323843	0.01295372	0.008096075	2020-04-26
Lake	49.0	0.0	0.0	49.0	0.00661179	0.0	245.0	98.0	61.25	0.03305895	0.01322358	0.0082647375	2020-04-27
Lake	50.0	0.0	0.0	50.0	0.00674673	0.0	250.0	100.0	62.5	0.03373365	0.01349346	0.0084334125	2020-04-28
Lake	53.0	0.0	0.0	53.0	0.00715153	0.0	265.0	106.0	66.25	0.03575765	0.01430306	0.0089394125	2020-04-29
Lake	55.0	0.0	0.0	55.0	0.0074214	0.0	275.0	110.0	68.75	0.037107	0.0148428	0.00927675	2020-04-30
Lake	55.0	0.0	0.0	55.0	0.0074214	0.0	275.0	110.0	68.75	0.037107	0.0148428	0.00927675	2020-05-01
Lake	55.0	0.0	0.0	55.0	0.0074214	0.0	275.0	110.0	68.75	0.037107	0.0148428	0.00927675	2020-05-02
Lake	57.0	0.0	0.0	57.0	0.00769127	0.0	285.0	114.0	71.25	0.03845635	0.01538254	0.0096140875	2020-05-03
Lake	58.0	0.0	0.0	58.0	0.0078262	0.0	290.0	116.0	72.5	0.039131	0.0156524	0.00978275	2020-05-04
Lake	58.0	0.0	0.0	58.0	0.0078262	0.0	290.0	116.0	72.5	0.039131	0.0156524	0.00978275	2020-05-05
Lake	59.0	0.0	0.0	59.0	0.00796114	0.0	295.0	118.0	73.75	0.0398057	0.01592228	0.009951425	2020-05-06
Lake	59.0	0.0	0.0	59.0	0.00796114	0.0	295.0	118.0	73.75	0.0398057	0.01592228	0.009951425	2020-05-07
Lake	59.0	0.0	0.0	59.0	0.00796114	0.0	295.0	118.0	73.75	0.0398057	0.01592228	0.009951425	2020-05-08
Lake	59.0	0.0	0.0	59.0	0.00796114	0.0	295.0	118.0	73.75	0.0398057	0.01592228	0.009951425	2020-05-09
Lake	59.0	0.0	0.0	59.0	0.00796114	0.0	295.0	118.0	73.75	0.0398057	0.01592228	0.009951425	2020-05-10
Lake	61.0	0.0	0.0	61.0	0.00823101	0.0	305.0	122.0	76.25	0.04115505	0.01646202	0.0102887625	2020-05-11
Lake	99.0	0.0	0.0	99.0	0.01335852	0.0	495.0	198.0	123.75	0.0667926	0.02671704	0.01669815	2020-05-12
Lake	300.0	0.0	0.0	300.0	0.04048037	0.0	1500.0	600.0	375.0	0.20240185	0.08096074	0.0506004625	2020-05-13
Lake	401.0	0.0	0.0	401.0	0.05410876	0.0	2005.0	802.0	501.25	0.2705438	0.10821752	0.06763595	2020-05-14
Lake	401.0	0.0	0.0	401.0	0.05410876	0.0	2005.0	802.0	501.25	0.2705438	0.10821752	0.06763595	2020-05-15
Lake	401.0	0.0	0.0	401.0	0.05410876	0.0	2005.0	802.0	501.25	0.2705438	0.10821752	0.06763595	2020-05-16
Lake	404.0	0.0	0.0	404.0	0.05451356	0.0	2020.0	808.0	505.0	0.2725678	0.10902712	0.06814195	2020-05-17
Lake	404.0	0.0	0.0	404.0	0.05451356	0.0	2020.0	808.0	505.0	0.2725678	0.10902712	0.06814195	2020-05-18
Lake	403.0	0.0	0.0	403.0	0.05437863	0.0	2015.0	806.0	503.75	0.27189315	0.10875726	0.0679732875	2020-05-19
Lake	403.0	0.0	0.0	403.0	0.05437863	0.0	2015.0	806.0	503.75	0.27189315	0.10875726	0.0679732875	2020-05-20
Lake	403.0	0.0	0.0	403.0	0.05437863	0.0	2015.0	806.0	503.75	0.27189315	0.10875726	0.0679732875	2020-05-21
Lake	406.0	0.0	0.0	406.0	0.05478343	0.0	2030.0	812.0	507.5	0.27391715	0.10956686	0.0684792875	2020-05-22
Lake	408.0	0.0	0.0	408.0	0.0550533	0.0	2040.0	816.0	510.0	0.2752665	0.1101066	0.068816625	2020-05-23
Lake	409.0	0.0	0.0	409.0	0.05518823	0.0	2045.0	818.0	511.25	0.27594115	0.11037646	0.0689852875	2020-05-24
Lake	410.0	0.0	0.0	410.0	0.05532317	0.0	2050.0	820.0	512.5	0.27661585	0.11064634	0.0691539625	2020-05-25
Lake	413.0	0.0	0.0	413.0	0.05572797	0.0	2065.0	826.0	516.25	0.27863985	0.11145594	0.0696599625	2020-05-26
Lake	413.0	0.0	0.0	413.0	0.05572797	0.0	2065.0	826.0	516.25	0.27863985	0.11145594	0.0696599625	2020-05-27
Lake	413.0	0.0	0.0	413.0	0.05572797	0.0	2065.0	826.0	516.25	0.27863985	0.11145594	0.0696599625	2020-05-28
Lake	413.0	0.0	0.0	413.0	0.05572797	0.0	2065.0	826.0	516.25	0.27863985	0.11145594	0.0696599625	2020-05-29
Lake	414.0	0.0	0.0	414.0	0.05586291	0.0	2070.0	828.0	517.5	0.27931455	0.11172582	0.0698286375	2020-05-30
Lake	414.0	0.0	0.0	414.0	0.05586291	0.0	2070.0	828.0	517.5	0.27931455	0.11172582	0.0698286375	2020-05-31
Lake	414.0	0.0	0.0	414.0	0.05586291	0.0	2070.0	828.0	517.5	0.27931455	0.11172582	0.0698286375	2020-06-01
Lake	765.0	0.0	0.0	765.0	0.10322494	0.0	3825.0	1530.0	956.25	0.5161247	0.20644988	0.129031175	2020-06-02
Lake	835.0	0.0	0.0	835.0	0.11267035	0.0	4175.0	1670.0	1043.75	0.56335175	0.2253407	0.1408379375	2020-06-03
Lake	835.0	0.0	0.0	835.0	0.11267035	0.0	4175.0	1670.0	1043.75	0.56335175	0.2253407	0.1408379375	2020-06-04
Lake	835.0	0.0	0.0	835.0	0.11267035	0.0	4175.0	1670.0	1043.75	0.56335175	0.2253407	0.1408379375	2020-06-05
Lake	835.0	0.0	0.0	835.0	0.11267035	0.0	4175.0	1670.0	1043.75	0.56335175	0.2253407	0.1408379375	2020-06-06
Lake	835.0	0.0	0.0	835.0	0.11267035	0.0	4175.0	1670.0	1043.75	0.56335175	0.2253407	0.1408379375	2020-06-07
Lake	835.0	0.0	0.0	835.0	0.11267035	0.0	4175.0	1670.0	1043.75	0.56335175	0.2253407	0.1408379375	2020-06-08
Lake	730.0	0.0	0.0	730.0	0.09850223	0.0	3650.0	1460.0	912.5	0.49251115	0.19700446	0.1231277875	2020-06-09
Lake	730.0	0.0	0.0	730.0	0.09850223	0.0	3650.0	1460.0	912.5	0.49251115	0.19700446	0.1231277875	2020-06-10
Lake	688.0	0.0	0.0	688.0	0.09283498	0.0	3440.0	1376.0	860.0	0.4641749	0.18566996	0.116043725	2020-06-11
Lake	691.0	0.0	0.0	691.0	0.09323978	0.0	3455.0	1382.0	863.75	0.4661989	0.18647956	0.116549725	2020-06-12
Lake	691.0	0.0	0.0	691.0	0.09323978	0.0	3455.0	1382.0	863.75	0.4661989	0.18647956	0.116549725	2020-06-13
Lake	691.0	0.0	0.0	691.0	0.09323978	0.0	3455.0	1382.0	863.75	0.4661989	0.18647956	0.116549725	2020-06-14
Lake	691.0	0.0	0.0	691.0	0.09323978	0.0	3455.0	1382.0	863.75	0.4661989	0.18647956	0.116549725	2020-06-15
Lake	689.0	0.0	0.0	689.0	0.09296991	0.0	3445.0	1378.0	861.25	0.46484955	0.18593982	0.1162123875	2020-06-16
Lake	689.0	0.0	0.0	689.0	0.09296991	0.0	3445.0	1378.0	861.25	0.46484955	0.18593982	0.1162123875	2020-06-17
Lake	689.0	0.0	0.0	689.0	0.09296991	0.0	3445.0	1378.0	861.25	0.46484955	0.18593982	0.1162123875	2020-06-18
Lake	689.0	0.0	0.0	689.0	0.09296991	0.0	3445.0	1378.0	861.25	0.46484955	0.18593982	0.1162123875	2020-06-19
Lake	689.0	0.0	0.0	689.0	0.09296991	0.0	3445.0	1378.0	861.25	0.46484955	0.18593982	0.1162123875	2020-06-20
Lake	689.0	0.0	0.0	689.0	0.09296991	0.0	3445.0	1378.0	861.25	0.46484955	0.18593982	0.1162123875	2020-06-21
Lake	689.0	0.0	0.0	689.0	0.09296991	0.0	3445.0	1378.0	861.25	0.46484955	0.18593982	0.1162123875	2020-06-22
Lake	689.0	0.0	0.0	689.0	0.09296991	0.0	3445.0	1378.0	861.25	0.46484955	0.18593982	0.1162123875	2020-06-23
Lake	690.0	0.0	0.0	690.0	0.09310484	0.0	3450.0	1380.0	862.5	0.4655242	0.18620968	0.11638105	2020-06-24
Lake	690.0	0.0	0.0	690.0	0.09310484	0.0	3450.0	1380.0	862.5	0.4655242	0.18620968	0.11638105	2020-06-25
Lake	691.0	0.0	0.0	691.0	0.09323978	0.0	3455.0	1382.0	863.75	0.4661989	0.18647956	0.116549725	2020-06-26
Lake	691.0	0.0	0.0	691.0	0.09323978	0.0	3455.0	1382.0	863.75	0.4661989	0.18647956	0.116549725	2020-06-27
Lake	691.0	0.0	0.0	691.0	0.09323978	0.0	3455.0	1382.0	863.75	0.4661989	0.18647956	0.116549725	2020-06-28
Lake	691.0	0.0	0.0	691.0	0.09323978	0.0	3455.0	1382.0	863.75	0.4661989	0.18647956	0.116549725	2020-06-29
Lake	690.0	0.0	0.0	690.0	0.09310484	0.0	3450.0	1380.0	862.5	0.4655242	0.18620968	0.11638105	2020-06-30
Lake	690.0	0.0	0.0	690.0	0.09310484	0.0	3450.0	1380.0	862.5	0.4655242	0.18620968	0.11638105	2020-07-01
Lake	690.0	0.0	0.0	690.0	0.09310484	0.0	3450.0	1380.0	862.5	0.4655242	0.18620968	0.11638105	2020-07-02
Lake	0.285	0.569	690.569	0.317	0.637	0.637	3.846e-05	7.678e-05	0.09318162	4.277e-05	8.595e-05	8.595e-05	2020-07-03
Lake	0.285	0.854	690.854	0.313	0.95	0.95	3.846e-05	0.00011523	0.09322008	4.223e-05	0.00012819	0.00012819	2020-07-04
Lake	0.282	1.136	691.136	0.308	1.258	1.258	3.805e-05	0.00015329	0.09325813	4.156e-05	0.00016975	0.00016975	2020-07-05
Lake	30.707	30.707	30.989	0.0	0.0	1.136	0.00414344	0.00414344	0.00418149	0.0	0.0	0.00015329	2020-07-06
Lake	30.425	61.132	61.414	0.0	0.0	1.136	0.00410538	0.00824882	0.00828687	0.0	0.0	0.00015329	2020-07-07
Lake	30.029	91.161	91.443	0.0	0.0	1.136	0.00405195	0.01230077	0.01233882	0.0	0.0	0.00015329	2020-07-08
Lake	103.001	103.001	133.03	0.0	0.0	91.161	0.01389839	0.01389839	0.01795034	0.0	0.0	0.01230077	2020-07-09
Lake	127.118	230.119	260.148	0.0	0.0	91.161	0.01715261	0.03105101	0.03510296	0.0	0.0	0.01230077	2020-07-10
Lake	99.361	99.361	226.479	0.0	0.0	230.119	0.01340723	0.01340723	0.03055984	0.0	0.0	0.03105101	2020-07-11
Lake	98.448	197.809	324.927	0.0	0.0	230.119	0.01328404	0.02669127	0.04384388	0.0	0.0	0.03105101	2020-07-12
Lake	97.167	294.976	422.094	0.0	0.0	230.119	0.01311119	0.03980246	0.05695507	0.0	0.0	0.03105101	2020-07-13
Lake	17.574	17.574	114.741	0.0	0.0	294.976	0.00237134	0.00237134	0.01548253	0.0	0.0	0.03980246	2020-07-14
Lake	12.946	30.52	127.687	0.0	0.0	294.976	0.00174686	0.0041182	0.01722939	0.0	0.0	0.03980246	2020-07-15
Lake	0.0	30.52	127.687	0.0	0.0	294.976	0.0	0.0041182	0.01722939	0.0	0.0	0.03980246	2020-07-16
Lake	0.0	30.52	127.687	0.0	0.0	294.976	0.0	0.0041182	0.01722939	0.0	0.0	0.03980246	2020-07-17
Lake	699.0	0.0	0.0	699.0	0.09431926	0.0	3495.0	1398.0	873.75	0.4715963	0.18863852	0.117899075	2020-07-18
Lake	700.0	0.0	0.0	700.0	0.09445419	0.0	3500.0	1400.0	875.0	0.47227095	0.18890838	0.1180677375	2020-07-19
