Name	Predicted_New_Cases	Total_Predicted_New_Cases	Total_Predicted_Cases	Predicted_New_Deaths	Total_Predicted_New_Deaths	Total_Predicted_Deaths	Predicted_New_per_capita	Predicted_Total_New_per_capita	Predicted_Total_Cases_per_capita	Predicted_New_Deaths_per_capita	Total_Predicted_New_Deaths_per_capita	Total_Predicted_Deaths_per_capita
Highlands	2.821	24.43	88.43	0.411	2.776	8.776	2.676e-05	0.00023173	0.0008388	3.9e-06	2.633e-05	8.324e-05
Dixie	0.0	0.0	3.0	0.411	2.776	2.776	0.0	0.0	0.00017964	2.461e-05	0.00016623	0.00016623
Hillsborough	25.101	220.146	1089.146	2.042	15.449	33.449	1.747e-05	0.00015321	0.00075799	1.42e-06	1.075e-05	2.328e-05
Collier	15.384	133.224	528.224	0.617	4.164	9.164	4.065e-05	0.00035199	0.00139562	1.63e-06	1.1e-05	2.421e-05
Indian River	0.987	13.968	91.968	0.0	0.0	1.0	6.27e-06	8.873e-05	0.00058425	0.0	0.0	6.35e-06
Santa Rosa	12.923	83.907	198.907	0.567	2.922	6.922	7.206e-05	0.00046784	0.00110905	3.16e-06	1.629e-05	3.86e-05
Citrus	2.898	27.479	101.479	0.443	3.895	11.895	1.959e-05	0.00018576	0.000686	2.99e-06	2.633e-05	8.041e-05
Palm Beach	72.239	625.598	2439.598	4.931	43.25	148.25	4.861e-05	0.00042101	0.00164179	3.32e-06	2.911e-05	9.977e-05
Hamilton	0.0	0.0	2.0	4.931	43.25	43.25	0.0	0.0	0.00013976	0.00034458	0.00302236	0.00302236
Lee	30.623	262.469	939.469	1.124	7.3	29.3	4.058e-05	0.00034782	0.00124497	1.49e-06	9.67e-06	3.883e-05
Washington	0.35	3.028	8.028	1.124	7.3	7.3	1.407e-05	0.0001217	0.00032267	4.518e-05	0.00029341	0.00029341
Sumter	4.34	37.587	151.587	3.083	20.813	31.813	3.371e-05	0.00029193	0.00117734	2.394e-05	0.00016165	0.00024708
Levy	0.018	0.856	7.856	3.083	20.813	20.813	4.4e-07	2.1e-05	0.00019269	7.562e-05	0.0005105	0.0005105
Hardee	0.0	0.0	3.0	3.083	20.813	20.813	0.0	0.0	0.00011011	0.00011316	0.00076392	0.00076392
Miami-Dade	348.397	3017.144	11083.144	9.909	85.809	231.809	0.00012616	0.00109254	0.00401333	3.59e-06	3.107e-05	8.394e-05
Saint Lucie	6.848	64.933	236.933	0.166	1.461	9.461	2.132e-05	0.0002022	0.00073781	5.2e-07	4.55e-06	2.946e-05
Martin	5.388	52.075	190.075	0.0	0.0	4.0	3.348e-05	0.00032362	0.00118124	0.0	0.0	2.486e-05
Desoto	0.994	8.719	30.719	0.0	0.0	3.0	2.651e-05	0.00023257	0.00081941	0.0	0.0	8.002e-05
Bradford	3.102	24.878	59.878	0.0	0.0	1.0	0.00011186	0.00089709	0.00215917	0.0	0.0	3.606e-05
Jefferson	0.0	0.0	22.0	0.0	0.0	1.0	0.0	0.0	0.00153975	0.0	0.0	6.999e-05
Bay	1.819	15.748	54.748	0.874	7.571	9.571	9.82e-06	8.499e-05	0.00029548	4.72e-06	4.086e-05	5.166e-05
Nassau	1.019	10.497	47.497	0.874	7.571	7.571	1.187e-05	0.0001223	0.00055337	1.018e-05	8.821e-05	8.821e-05
Baker	0.557	4.861	21.861	0.0	0.0	2.0	1.964e-05	0.00017143	0.00077098	0.0	0.0	7.053e-05
Monroe	1.989	17.23	83.23	0.0	0.0	3.0	2.651e-05	0.00022965	0.00110933	0.0	0.0	3.999e-05
Marion	5.925	49.313	156.313	0.0	0.0	3.0	1.646e-05	0.00013699	0.00043423	0.0	0.0	8.33e-06
Leon	19.489	117.868	271.868	0.0	0.0	1.0	6.663e-05	0.00040296	0.00092946	0.0	0.0	3.42e-06
Columbia	1.717	14.982	48.982	0.0	0.0	0.0	2.435e-05	0.0002125	0.00069475	0.0	0.0	0.0
Madison	0.0	0.0	15.0	0.0	0.0	0.0	0.0	0.0	0.00080954	0.0	0.0	0.0
Alachua	8.255	68.707	262.707	0.0	0.0	0.0	3.058e-05	0.00025451	0.00097315	0.0	0.0	0.0
Brevard	6.699	58.014	231.014	0.0	0.0	6.0	1.122e-05	9.72e-05	0.00038706	0.0	0.0	1.005e-05
Liberty	0.0	0.0	2.0	0.0	0.0	0.0	0.0	0.0	0.00023649	0.0	0.0	0.0
Walton	0.335	4.239	33.239	0.0	0.0	0.0	4.69e-06	5.939e-05	0.0004657	0.0	0.0	0.0
Calhoun	0.009	0.427	5.427	0.0	0.0	0.0	6.2e-07	2.927e-05	0.00037204	0.0	0.0	0.0
Gadsden	9.225	43.629	83.629	0.0	0.0	0.0	0.00020101	0.00095065	0.00182222	0.0	0.0	0.0
Charlotte	8.903	71.397	195.397	0.0	0.0	5.0	4.812e-05	0.00038593	0.00105621	0.0	0.0	2.703e-05
Seminole	7.548	69.92	352.92	0.0	0.0	2.0	1.613e-05	0.00014946	0.00075437	0.0	0.0	4.28e-06
Hernando	2.899	25.441	101.441	0.0	0.0	2.0	1.519e-05	0.00013329	0.00053148	0.0	0.0	1.048e-05
Lake	6.819	59.056	238.056	1.541	10.405	15.405	1.913e-05	0.00016566	0.00066777	4.32e-06	2.919e-05	4.321e-05
Unassigned	0.117	1.009	6.009	0.0	0.0	47.0	N/A	N/A	N/A	N/A	N/A	N/A
Osceola	8.819	90.999	451.999	0.082	0.848	5.848	2.397e-05	0.00024729	0.00122829	2.2e-07	2.3e-06	1.589e-05
Broward	133.717	1146.08	4509.08	4.904	42.466	134.466	6.853e-05	0.00058735	0.00231086	2.51e-06	2.176e-05	6.891e-05
Clay	23.533	137.979	307.979	1.035	4.967	13.967	0.00010891	0.00063858	0.00142535	4.79e-06	2.299e-05	6.464e-05
Wakulla	3.579	16.925	29.925	0.874	7.571	8.571	0.00011026	0.00052139	0.00092188	2.692e-05	0.00023323	0.00026404
Sarasota	10.186	88.889	340.889	1.143	8.032	24.032	2.387e-05	0.00020831	0.00079886	2.68e-06	1.882e-05	5.632e-05
Pinellas	11.306	106.695	619.695	0.586	5.141	19.141	1.159e-05	0.0001094	0.0006354	6e-07	5.27e-06	1.963e-05
Putnam	8.923	42.821	88.821	0.0	0.0	1.0	0.00012032	0.00057739	0.00119765	0.0	0.0	1.348e-05
Franklin	0.0	0.0	2.0	0.0	0.0	0.0	0.0	0.0	0.00017042	0.0	0.0	0.0
Hendry	1.923	16.656	42.656	0.0	0.0	0.0	4.627e-05	0.00040081	0.00102647	0.0	0.0	0.0
Gulf	0.0	0.0	1.0	0.0	0.0	0.0	0.0	0.0	6.187e-05	0.0	0.0	0.0
Lafayette	0.0	0.0	1.0	0.0	0.0	0.0	0.0	0.0	0.00011452	0.0	0.0	0.0
Escambia	11.358	98.361	358.361	0.0	0.0	4.0	3.6e-05	0.00031173	0.00113573	0.0	0.0	1.268e-05
Union	0.0	0.0	2.0	0.0	0.0	0.0	0.0	0.0	0.00013387	0.0	0.0	0.0
Pasco	6.774	59.901	245.901	0.286	1.354	4.354	1.255e-05	0.000111	0.00045568	5.3e-07	2.51e-06	8.07e-06
Okaloosa	4.758	39.599	146.599	0.0	0.0	1.0	2.296e-05	0.00019105	0.00070729	0.0	0.0	4.82e-06
Flagler	1.772	15.344	61.344	0.0	0.0	2.0	1.581e-05	0.00013692	0.00054739	0.0	0.0	1.785e-05
Holmes	0.233	2.02	6.02	0.0	0.0	0.0	1.196e-05	0.00010371	0.00030908	0.0	0.0	0.0
Glades	0.716	3.385	8.385	0.0	0.0	1.0	5.217e-05	0.00024665	0.00061097	0.0	0.0	7.287e-05
Saint Johns	0.357	16.997	195.997	0.0	0.0	2.0	1.4e-06	6.685e-05	0.00077085	0.0	0.0	7.87e-06
Gilchrist	0.0	0.0	6.0	0.0	0.0	0.0	0.0	0.0	0.00032866	0.0	0.0	0.0
Taylor	0.0	0.0	1.0	0.0	0.0	0.0	0.0	0.0	4.625e-05	0.0	0.0	0.0
Duval	19.878	215.62	960.62	0.302	3.102	17.102	2.092e-05	0.00022693	0.00101099	3.2e-07	3.26e-06	1.8e-05
Polk	8.812	89.624	375.624	0.418	4.326	14.326	1.245e-05	0.00012659	0.00053054	5.9e-07	6.11e-06	2.023e-05
Okeechobee	0.0	0.0	5.0	0.418	4.326	4.326	0.0	0.0	0.00012037	1.006e-05	0.00010415	0.00010415
Manatee	11.564	100.145	376.145	2.363	15.955	34.955	2.929e-05	0.00025362	0.00095262	5.98e-06	4.041e-05	8.853e-05
Orange	28.077	263.534	1336.534	0.653	5.726	23.726	2.034e-05	0.00019088	0.00096805	4.7e-07	4.15e-06	1.718e-05
Suwannee	0.302	14.351	94.351	0.0	0.0	3.0	6.83e-06	0.00032475	0.00213507	0.0	0.0	6.789e-05
Volusia	7.393	64.519	306.519	0.766	5.385	13.385	1.35e-05	0.00011783	0.00055981	1.4e-06	9.83e-06	2.445e-05
Jackson	0.214	1.85	7.85	0.766	5.385	5.385	4.43e-06	3.83e-05	0.00016251	1.586e-05	0.00011148	0.00011148
