Name	Cases	Cases_per_capita	Total_Cases	Total_Cases_per_capita	Deaths	Deaths_per_capita	Total_Deaths	Total_Deaths_per_capita
Sao Tome and Principe	2.352	1.114e-05	168935.464	0.80053578	0.014	7e-08	1013.613	0.00480321
Saint Kitts and Nevis	0.049	9.3e-07	41981.627	0.80054971	0.0	1e-08	251.89	0.0048033
West Bank And Gaza	111.44	2.229e-05	4002456.014	0.8004912	0.669	1.3e-07	24014.736	0.00480295
Yemen	423.452	1.486e-05	22813901.001	0.80052463	2.541	9e-08	136883.406	0.00480315
Laos	2.623	3.7e-07	5653089.995	0.80055008	0.016	0.0	33918.54	0.0048033
Malawi	67.396	3.71e-06	14524574.99	0.80054692	0.404	2e-08	87147.45	0.00480328
Libya	2.481	3.7e-07	5346527.347	0.80055008	0.015	0.0	32079.164	0.0048033
Mali	17.717	9.3e-07	15272639.172	0.80054971	0.106	1e-08	91635.835	0.0048033
Mozambique	10.957	3.7e-07	23612994.743	0.80055008	0.066	0.0	141677.968	0.0048033
Belize	0.142	3.7e-07	306667.52	0.80055008	0.001	0.0	1840.005	0.0048033
Sierra Leone	28.418	3.71e-06	6124307.243	0.80054692	0.171	2e-08	36745.843	0.00480328
Guinea-Bissau	1.741	9.3e-07	1500477.524	0.80054971	0.01	1e-08	9002.865	0.0048033
Grenada	0.041	3.7e-07	89224.509	0.80055008	0.0	0.0	535.347	0.0048033
Dominica	0.027	3.7e-07	57339.399	0.80055008	0.0	0.0	344.036	0.0048033
Burundi	41.513	3.71e-06	8946414.468	0.80054692	0.249	2e-08	53678.487	0.00480328
South Sudan	81.544	7.43e-06	8786698.208	0.80054321	0.489	4e-08	52720.189	0.00480326
Syria	6.28	3.7e-07	13534326.211	0.80055008	0.038	0.0	81205.957	0.0048033
Myanmar	49.877	9.3e-07	42996239.971	0.80054971	0.299	1e-08	257977.44	0.0048033
Botswana	4.187	1.86e-06	1804537.819	0.80054878	0.025	1e-08	10827.227	0.00480329
Sao Tome and Principe	2.352	1.114e-05	168935.464	0.80053578	0.01411015	7e-08	1013.61278585	0.00480321
Saint Kitts and Nevis	0.049	9.3e-07	41981.627	0.80054971	0.0002922	1e-08	251.88976364	0.0048033
West Bank And Gaza	111.44	2.229e-05	4002456.014	0.8004912	0.6686388	1.3e-07	24014.73608344	0.00480295
Yemen	423.452	1.486e-05	22813901.001	0.80052463	2.5407104	9e-08	136883.40600431	0.00480315
Laos	2.623	3.7e-07	5653089.995	0.80055008	0.01573866	0.0	33918.53996867	0.0048033
Malawi	67.396	3.71e-06	14524574.99	0.80054692	0.40437748	2e-08	87147.44994297	0.00480328
Libya	2.481	3.7e-07	5346527.347	0.80055008	0.01488516	0.0	32079.16408253	0.0048033
Mali	17.717	9.3e-07	15272639.172	0.80054971	0.1063007	1e-08	91635.83503035	0.0048033
Mozambique	10.957	3.7e-07	23612994.743	0.80055008	0.06574048	0.0	141677.96845792	0.0048033
Belize	0.142	3.7e-07	306667.52	0.80055008	0.00085379	0.0	1840.0051185	0.0048033
Sierra Leone	28.418	3.71e-06	6124307.243	0.80054692	0.17050633	2e-08	36745.84345645	0.00480328
Guinea-Bissau	1.741	9.3e-07	1500477.524	0.80054971	0.01044363	1e-08	9002.86514352	0.0048033
Grenada	0.041	3.7e-07	89224.509	0.80055008	0.00024841	0.0	535.34705179	0.0048033
Dominica	0.027	3.7e-07	57339.399	0.80055008	0.00015964	0.0	344.03639694	0.0048033
Burundi	41.513	3.71e-06	8946414.468	0.80054692	0.24907638	2e-08	53678.48680623	0.00480328
South Sudan	81.544	7.43e-06	8786698.208	0.80054321	0.48926173	4e-08	52720.18924673	0.00480326
Syria	6.28	3.7e-07	13534326.211	0.80055008	0.03768066	0.0	81205.95726339	0.0048033
Myanmar	49.877	9.3e-07	42996239.971	0.80054971	0.29926264	1e-08	257977.43982446	0.0048033
Botswana	4.187	1.86e-06	1804537.819	0.80054878	0.02511994	1e-08	10827.22691576	0.00480329
Sao Tome and Principe	496272.822	2.35169182	35650113161.956	168935.46430785	0.014	7e-08	1013.434	0.00480237
Saint Kitts and Nevis	2553.883	0.04870012	2201558515.808	41981.62727271	0.0	1e-08	251.845	0.00480245
West Bank And Gaza	557199003.0	111.4398006	20012280069534.582	4002456.01390692	0.669	1.3e-07	24010.493	0.0048021
Yemen	12067818395.114	423.45173289	650166223868482.1	22813901.00071916	2.541	9e-08	136859.219	0.0048023
Laos	18523108.032	2.62310977	39919334569756.6	5653089.99477825	0.016	0.0	33912.547	0.00480245
Laos	18523108.032	2.62310977	39919334569756.6	5653089.99477825	0.011	0.0	33912.558	0.00480245
Laos	18523108.032	2.62310977	39919334569756.6	5653089.99477825	0.023	0.0	33912.581	0.00480246
Laos	18523108.032	2.62310977	39919334569756.6	5653089.99477825	0.045	1e-08	33912.626	0.00480246
Laos	18523108.032	2.62310977	39919334569756.6	5653089.99477825	0.091	1e-08	33912.717	0.00480248
Laos	18523108.032	2.62310977	39919334569756.6	5653089.99477825	0.157	2e-08	33912.874	0.0048025
Laos	18523108.032	2.62310977	39919334569756.6	5653089.99477825	0.315	4e-08	33913.189	0.00480254
Laos	18523108.032	2.62310977	39919334569756.6	5653089.99477825	0.472	7e-08	33913.661	0.00480261
Laos	18523108.032	2.62310977	39919334569756.6	5653089.99477825	0.944	1.3e-07	33914.605	0.00480274
Laos	18523108.032	2.62310977	39919334569756.6	5653089.99477825	1.574	2.2e-07	33916.179	0.00480297
Malawi	1222791336.942	67.39624688	263523939293663.03	14524574.99049446	0.404	2e-08	87132.052	0.00480243
Libya	16568593.623	2.48086058	35707141104862.2	5346527.34708841	0.015	0.0	32073.496	0.00480245
Libya	16568593.623	2.48086058	35707141104862.2	5346527.34708841	0.011	0.0	32073.507	0.00480245
Libya	16568593.623	2.48086058	35707141104862.2	5346527.34708841	0.021	0.0	32073.528	0.00480246
Libya	16568593.623	2.48086058	35707141104862.2	5346527.34708841	0.043	1e-08	32073.571	0.00480246
Libya	16568593.623	2.48086058	35707141104862.2	5346527.34708841	0.086	1e-08	32073.657	0.00480248
Libya	16568593.623	2.48086058	35707141104862.2	5346527.34708841	0.149	2e-08	32073.805	0.0048025
Libya	16568593.623	2.48086058	35707141104862.2	5346527.34708841	0.298	4e-08	32074.103	0.00480254
Libya	16568593.623	2.48086058	35707141104862.2	5346527.34708841	0.447	7e-08	32074.55	0.00480261
Libya	16568593.623	2.48086058	35707141104862.2	5346527.34708841	0.893	1.3e-07	32075.443	0.00480274
Libya	16568593.623	2.48086058	35707141104862.2	5346527.34708841	1.489	2.2e-07	32076.931	0.00480297
Mali	337995295.456	17.71678308	291366675600014.8	15272639.1717244	0.106	1e-08	91619.644	0.00480245
Mozambique	323179795.581	10.95674708	696487995645317.9	23612994.7429861	0.066	0.0	141652.935	0.00480245
Mozambique	323179795.581	10.95674708	696487995645317.9	23612994.7429861	0.047	0.0	141652.982	0.00480245
Mozambique	323179795.581	10.95674708	696487995645317.9	23612994.7429861	0.095	0.0	141653.077	0.00480246
Mozambique	323179795.581	10.95674708	696487995645317.9	23612994.7429861	0.189	1e-08	141653.266	0.00480246
Mozambique	323179795.581	10.95674708	696487995645317.9	23612994.7429861	0.378	1e-08	141653.644	0.00480248
Mozambique	323179795.581	10.95674708	696487995645317.9	23612994.7429861	0.657	2e-08	141654.302	0.0048025
Mozambique	323179795.581	10.95674708	696487995645317.9	23612994.7429861	1.315	4e-08	141655.617	0.00480254
Mozambique	323179795.581	10.95674708	696487995645317.9	23612994.7429861	1.972	7e-08	141657.589	0.00480261
Mozambique	323179795.581	10.95674708	696487995645317.9	23612994.7429861	3.944	1.3e-07	141661.533	0.00480274
Mozambique	323179795.581	10.95674708	696487995645317.9	23612994.7429861	6.574	2.2e-07	141668.107	0.00480297
Belize	54510.181	0.14229785	117475433458.284	306667.51975035	0.001	0.0	1839.68	0.00480245
Belize	54510.181	0.14229785	117475433458.284	306667.51975035	0.001	0.0	1839.681	0.00480245
Belize	54510.181	0.14229785	117475433458.284	306667.51975035	0.001	0.0	1839.682	0.00480246
Belize	54510.181	0.14229785	117475433458.284	306667.51975035	0.002	1e-08	1839.684	0.00480246
Belize	54510.181	0.14229785	117475433458.284	306667.51975035	0.005	1e-08	1839.689	0.00480248
Belize	54510.181	0.14229785	117475433458.284	306667.51975035	0.009	2e-08	1839.698	0.0048025
Belize	54510.181	0.14229785	117475433458.284	306667.51975035	0.017	4e-08	1839.715	0.00480254
Belize	54510.181	0.14229785	117475433458.284	306667.51975035	0.026	7e-08	1839.74	0.00480261
Belize	54510.181	0.14229785	117475433458.284	306667.51975035	0.051	1.3e-07	1839.792	0.00480274
Belize	54510.181	0.14229785	117475433458.284	306667.51975035	0.085	2.2e-07	1839.877	0.00480297
Sierra Leone	217399943.649	28.41772122	46851893550283.93	6124307.24274099	0.171	2e-08	36739.351	0.00480243
Guinea-Bissau	3262431.949	1.74060518	2812358527381.192	1500477.52392012	0.01	1e-08	9001.274	0.00480245
Grenada	4614.348	0.04140137	9944428385.096	89224.50863222	0.0	0.0	535.252	0.00480245
Grenada	4614.348	0.04140137	9944428385.096	89224.50863222	0.0	0.0	535.253	0.00480245
Grenada	4614.348	0.04140137	9944428385.096	89224.50863222	0.0	0.0	535.253	0.00480246
Grenada	4614.348	0.04140137	9944428385.096	89224.50863222	0.001	1e-08	535.254	0.00480246
Grenada	4614.348	0.04140137	9944428385.096	89224.50863222	0.001	1e-08	535.255	0.00480248
Grenada	4614.348	0.04140137	9944428385.096	89224.50863222	0.002	2e-08	535.258	0.0048025
Grenada	4614.348	0.04140137	9944428385.096	89224.50863222	0.005	4e-08	535.263	0.00480254
Grenada	4614.348	0.04140137	9944428385.096	89224.50863222	0.007	7e-08	535.27	0.00480261
Grenada	4614.348	0.04140137	9944428385.096	89224.50863222	0.015	1.3e-07	535.285	0.00480274
Grenada	4614.348	0.04140137	9944428385.096	89224.50863222	0.025	2.2e-07	535.31	0.00480297
Dominica	1905.673	0.02660625	4106934488.487	57339.39949022	0.0	0.0	343.976	0.00480245
Dominica	1905.673	0.02660625	4106934488.487	57339.39949022	0.0	0.0	343.976	0.00480245
Dominica	1905.673	0.02660625	4106934488.487	57339.39949022	0.0	0.0	343.976	0.00480246
Dominica	1905.673	0.02660625	4106934488.487	57339.39949022	0.0	1e-08	343.976	0.00480246
Dominica	1905.673	0.02660625	4106934488.487	57339.39949022	0.001	1e-08	343.977	0.00480248
Dominica	1905.673	0.02660625	4106934488.487	57339.39949022	0.002	2e-08	343.979	0.0048025
Dominica	1905.673	0.02660625	4106934488.487	57339.39949022	0.003	4e-08	343.982	0.00480254
Dominica	1905.673	0.02660625	4106934488.487	57339.39949022	0.005	7e-08	343.987	0.00480261
Dominica	1905.673	0.02660625	4106934488.487	57339.39949022	0.01	1.3e-07	343.996	0.00480274
Dominica	1905.673	0.02660625	4106934488.487	57339.39949022	0.016	2.2e-07	344.012	0.00480297
Burundi	463920448.178	41.51272988	99979563421267.81	8946414.46770461	0.249	2e-08	53669.002	0.00480243
South Sudan	895016276.241	81.54362242	96442096592837.06	8786698.20778915	0.489	4e-08	52710.874	0.00480241
Syria	106173306.05	6.28010936	228815149130133.16	13534326.21056522	0.038	0.0	81191.609	0.00480245
Syria	106173306.05	6.28010936	228815149130133.16	13534326.21056522	0.027	0.0	81191.636	0.00480245
Syria	106173306.05	6.28010936	228815149130133.16	13534326.21056522	0.054	0.0	81191.69	0.00480246
Syria	106173306.05	6.28010936	228815149130133.16	13534326.21056522	0.108	1e-08	81191.799	0.00480246
Syria	106173306.05	6.28010936	228815149130133.16	13534326.21056522	0.217	1e-08	81192.015	0.00480248
Syria	106173306.05	6.28010936	228815149130133.16	13534326.21056522	0.377	2e-08	81192.392	0.0048025
Syria	106173306.05	6.28010936	228815149130133.16	13534326.21056522	0.754	4e-08	81193.146	0.00480254
Syria	106173306.05	6.28010936	228815149130133.16	13534326.21056522	1.13	7e-08	81194.276	0.00480261
Syria	106173306.05	6.28010936	228815149130133.16	13534326.21056522	2.261	1.3e-07	81196.537	0.00480274
Syria	106173306.05	6.28010936	228815149130133.16	13534326.21056522	3.768	2.2e-07	81200.305	0.00480297
Myanmar	2678819360.022	49.87710692	2309259039863463.0	42996239.97074318	0.299	1e-08	257931.857	0.00480245
Botswana	9437249.841	4.18665587	4067655616450.85	1804537.81929264	0.025	1e-08	10825.314	0.00480244
Sao Tome and Principe	2.352	1.114e-05	168935.464	0.80053578	0.014	7e-08	1013.434	0.00480237
Saint Kitts and Nevis	0.049	9.3e-07	41981.627	0.80054971	0.0	1e-08	251.845	0.00480245
West Bank And Gaza	111.44	2.229e-05	4002456.014	0.8004912	0.669	1.3e-07	24010.493	0.0048021
Yemen	423.452	1.486e-05	22813901.001	0.80052463	2.541	9e-08	136859.219	0.0048023
Laos	2.623	3.7e-07	5653089.995	0.80055008	0.016	0.0	33912.547	0.00480245
Laos	2.623	3.7e-07	5653089.995	0.80055008	0.011	0.0	33912.558	0.00480245
Laos	2.623	3.7e-07	5653089.995	0.80055008	0.023	0.0	33912.581	0.00480246
Laos	2.623	3.7e-07	5653089.995	0.80055008	0.045	1e-08	33912.626	0.00480246
Laos	2.623	3.7e-07	5653089.995	0.80055008	0.091	1e-08	33912.717	0.00480248
Laos	2.623	3.7e-07	5653089.995	0.80055008	0.157	2e-08	33912.874	0.0048025
Laos	2.623	3.7e-07	5653089.995	0.80055008	0.315	4e-08	33913.189	0.00480254
Laos	2.623	3.7e-07	5653089.995	0.80055008	0.472	7e-08	33913.661	0.00480261
Laos	2.623	3.7e-07	5653089.995	0.80055008	0.944	1.3e-07	33914.605	0.00480274
Laos	2.623	3.7e-07	5653089.995	0.80055008	1.574	2.2e-07	33916.179	0.00480297
Malawi	67.396	3.71e-06	14524574.99	0.80054692	0.404	2e-08	87132.052	0.00480243
Libya	2.481	3.7e-07	5346527.347	0.80055008	0.015	0.0	32073.496	0.00480245
Libya	2.481	3.7e-07	5346527.347	0.80055008	0.011	0.0	32073.507	0.00480245
Libya	2.481	3.7e-07	5346527.347	0.80055008	0.021	0.0	32073.528	0.00480246
Libya	2.481	3.7e-07	5346527.347	0.80055008	0.043	1e-08	32073.571	0.00480246
Libya	2.481	3.7e-07	5346527.347	0.80055008	0.086	1e-08	32073.657	0.00480248
Libya	2.481	3.7e-07	5346527.347	0.80055008	0.149	2e-08	32073.805	0.0048025
Libya	2.481	3.7e-07	5346527.347	0.80055008	0.298	4e-08	32074.103	0.00480254
Libya	2.481	3.7e-07	5346527.347	0.80055008	0.447	7e-08	32074.55	0.00480261
Libya	2.481	3.7e-07	5346527.347	0.80055008	0.893	1.3e-07	32075.443	0.00480274
Libya	2.481	3.7e-07	5346527.347	0.80055008	1.489	2.2e-07	32076.931	0.00480297
Mali	17.717	9.3e-07	15272639.172	0.80054971	0.106	1e-08	91619.644	0.00480245
Mozambique	10.957	3.7e-07	23612994.743	0.80055008	0.066	0.0	141652.935	0.00480245
Mozambique	10.957	3.7e-07	23612994.743	0.80055008	0.047	0.0	141652.982	0.00480245
Mozambique	10.957	3.7e-07	23612994.743	0.80055008	0.095	0.0	141653.077	0.00480246
Mozambique	10.957	3.7e-07	23612994.743	0.80055008	0.189	1e-08	141653.266	0.00480246
Mozambique	10.957	3.7e-07	23612994.743	0.80055008	0.378	1e-08	141653.644	0.00480248
Mozambique	10.957	3.7e-07	23612994.743	0.80055008	0.657	2e-08	141654.302	0.0048025
Mozambique	10.957	3.7e-07	23612994.743	0.80055008	1.315	4e-08	141655.617	0.00480254
Mozambique	10.957	3.7e-07	23612994.743	0.80055008	1.972	7e-08	141657.589	0.00480261
Mozambique	10.957	3.7e-07	23612994.743	0.80055008	3.944	1.3e-07	141661.533	0.00480274
Mozambique	10.957	3.7e-07	23612994.743	0.80055008	6.574	2.2e-07	141668.107	0.00480297
Belize	0.142	3.7e-07	306667.52	0.80055008	0.001	0.0	1839.68	0.00480245
Belize	0.142	3.7e-07	306667.52	0.80055008	0.001	0.0	1839.681	0.00480245
Belize	0.142	3.7e-07	306667.52	0.80055008	0.001	0.0	1839.682	0.00480246
Belize	0.142	3.7e-07	306667.52	0.80055008	0.002	1e-08	1839.684	0.00480246
Belize	0.142	3.7e-07	306667.52	0.80055008	0.005	1e-08	1839.689	0.00480248
Belize	0.142	3.7e-07	306667.52	0.80055008	0.009	2e-08	1839.698	0.0048025
Belize	0.142	3.7e-07	306667.52	0.80055008	0.017	4e-08	1839.715	0.00480254
Belize	0.142	3.7e-07	306667.52	0.80055008	0.026	7e-08	1839.74	0.00480261
Belize	0.142	3.7e-07	306667.52	0.80055008	0.051	1.3e-07	1839.792	0.00480274
Belize	0.142	3.7e-07	306667.52	0.80055008	0.085	2.2e-07	1839.877	0.00480297
Sierra Leone	28.418	3.71e-06	6124307.243	0.80054692	0.171	2e-08	36739.351	0.00480243
Guinea-Bissau	1.741	9.3e-07	1500477.524	0.80054971	0.01	1e-08	9001.274	0.00480245
Grenada	0.041	3.7e-07	89224.509	0.80055008	0.0	0.0	535.252	0.00480245
Grenada	0.041	3.7e-07	89224.509	0.80055008	0.0	0.0	535.253	0.00480245
Grenada	0.041	3.7e-07	89224.509	0.80055008	0.0	0.0	535.253	0.00480246
Grenada	0.041	3.7e-07	89224.509	0.80055008	0.001	1e-08	535.254	0.00480246
Grenada	0.041	3.7e-07	89224.509	0.80055008	0.001	1e-08	535.255	0.00480248
Grenada	0.041	3.7e-07	89224.509	0.80055008	0.002	2e-08	535.258	0.0048025
Grenada	0.041	3.7e-07	89224.509	0.80055008	0.005	4e-08	535.263	0.00480254
Grenada	0.041	3.7e-07	89224.509	0.80055008	0.007	7e-08	535.27	0.00480261
Grenada	0.041	3.7e-07	89224.509	0.80055008	0.015	1.3e-07	535.285	0.00480274
Grenada	0.041	3.7e-07	89224.509	0.80055008	0.025	2.2e-07	535.31	0.00480297
Dominica	0.027	3.7e-07	57339.399	0.80055008	0.0	0.0	343.976	0.00480245
Dominica	0.027	3.7e-07	57339.399	0.80055008	0.0	0.0	343.976	0.00480245
Dominica	0.027	3.7e-07	57339.399	0.80055008	0.0	0.0	343.976	0.00480246
Dominica	0.027	3.7e-07	57339.399	0.80055008	0.0	1e-08	343.976	0.00480246
Dominica	0.027	3.7e-07	57339.399	0.80055008	0.001	1e-08	343.977	0.00480248
Dominica	0.027	3.7e-07	57339.399	0.80055008	0.002	2e-08	343.979	0.0048025
Dominica	0.027	3.7e-07	57339.399	0.80055008	0.003	4e-08	343.982	0.00480254
Dominica	0.027	3.7e-07	57339.399	0.80055008	0.005	7e-08	343.987	0.00480261
Dominica	0.027	3.7e-07	57339.399	0.80055008	0.01	1.3e-07	343.996	0.00480274
Dominica	0.027	3.7e-07	57339.399	0.80055008	0.016	2.2e-07	344.012	0.00480297
Burundi	41.513	3.71e-06	8946414.468	0.80054692	0.249	2e-08	53669.002	0.00480243
South Sudan	81.544	7.43e-06	8786698.208	0.80054321	0.489	4e-08	52710.874	0.00480241
Syria	6.28	3.7e-07	13534326.211	0.80055008	0.038	0.0	81191.609	0.00480245
Syria	6.28	3.7e-07	13534326.211	0.80055008	0.027	0.0	81191.636	0.00480245
Syria	6.28	3.7e-07	13534326.211	0.80055008	0.054	0.0	81191.69	0.00480246
Syria	6.28	3.7e-07	13534326.211	0.80055008	0.108	1e-08	81191.799	0.00480246
Syria	6.28	3.7e-07	13534326.211	0.80055008	0.217	1e-08	81192.015	0.00480248
Syria	6.28	3.7e-07	13534326.211	0.80055008	0.377	2e-08	81192.392	0.0048025
Syria	6.28	3.7e-07	13534326.211	0.80055008	0.754	4e-08	81193.146	0.00480254
Syria	6.28	3.7e-07	13534326.211	0.80055008	1.13	7e-08	81194.276	0.00480261
Syria	6.28	3.7e-07	13534326.211	0.80055008	2.261	1.3e-07	81196.537	0.00480274
Syria	6.28	3.7e-07	13534326.211	0.80055008	3.768	2.2e-07	81200.305	0.00480297
Myanmar	49.877	9.3e-07	42996239.971	0.80054971	0.299	1e-08	257931.857	0.00480245
Botswana	4.187	1.86e-06	1804537.819	0.80054878	0.025	1e-08	10825.314	0.00480244
Sao Tome and Principe	8.35	3.957e-05	599818.572	2.84236486	0.668	3.17e-06	3597.358	0.01704683
Saint Kitts and Nevis	0.043	8.2e-07	37041.557	0.70634726	0.011	2.2e-07	222.21	0.00423734
West Bank And Gaza	9374.958	0.00187499	336709653.677	67.34193074	937.496	0.0001875	2017811.058	0.40356221
Yemen	203042.879	0.00712464	10939145530.159	383.84735164	18273.859	0.00064122	65595279.82	2.30169481
Laos	311.654	4.413e-05	671648871.157	95.11409833	168.293	2.383e-05	4029353.754	0.57060819
Laos	0.0	0.0	671648871.157	95.11409833	130.895	1.854e-05	4029484.648	0.57062673
Laos	0.0	0.0	671648871.157	95.11409833	112.195	1.589e-05	4029596.844	0.57064262
Laos	0.0	0.0	671648871.157	95.11409833	93.496	1.324e-05	4029690.34	0.57065586
Laos	0.0	0.0	671648871.157	95.11409833	74.797	1.059e-05	4029765.137	0.57066645
Laos	0.0	0.0	671648871.157	95.11409833	56.098	7.94e-06	4029821.235	0.57067439
Laos	0.0	0.0	671648871.157	95.11409833	37.398	5.3e-06	4029858.633	0.57067969
Laos	0.0	0.0	671648871.157	95.11409833	18.699	2.65e-06	4029877.333	0.57068234
Laos	0.0	0.0	671648871.157	95.11409833	9.35	1.32e-06	4029886.682	0.57068366
Laos	0.0	0.0	671648871.157	95.11409833	4.675	6.6e-07	4029891.357	0.57068433
Laos	0.0	0.0	671648871.157	95.11409833	1.87	2.6e-07	4029893.227	0.57068459
Malawi	20573.65	0.00113395	4433830329.515	244.37818169	1851.629	0.00010206	26595452.021	1.46585406
Libya	278.769	4.174e-05	600778075.933	89.95613519	150.535	2.254e-05	3604185.906	0.53966456
Libya	0.0	0.0	600778075.933	89.95613519	117.083	1.753e-05	3604302.989	0.53968209
Libya	0.0	0.0	600778075.933	89.95613519	100.357	1.503e-05	3604403.346	0.53969712
Libya	0.0	0.0	600778075.933	89.95613519	83.631	1.252e-05	3604486.977	0.53970964
Libya	0.0	0.0	600778075.933	89.95613519	66.905	1.002e-05	3604553.881	0.53971966
Libya	0.0	0.0	600778075.933	89.95613519	50.178	7.51e-06	3604604.06	0.53972717
Libya	0.0	0.0	600778075.933	89.95613519	33.452	5.01e-06	3604637.512	0.53973218
Libya	0.0	0.0	600778075.933	89.95613519	16.726	2.5e-06	3604654.238	0.53973468
Libya	0.0	0.0	600778075.933	89.95613519	8.363	1.25e-06	3604662.601	0.53973593
Libya	0.0	0.0	600778075.933	89.95613519	4.182	6.3e-07	3604666.783	0.53973656
Libya	0.0	0.0	600778075.933	89.95613519	1.673	2.5e-07	3604668.456	0.53973681
Mali	5686.822	0.00029809	4902288599.464	256.96447523	1501.321	7.87e-05	29408579.336	1.54151678
Mozambique	5437.549	0.00018435	11718516380.38	397.2922253	2936.277	9.955e-05	70301685.885	2.38343424
Mozambique	0.0	0.0	11718516380.38	397.2922253	2283.771	7.743e-05	70303969.655	2.38351167
Mozambique	0.0	0.0	11718516380.38	397.2922253	1957.518	6.637e-05	70305927.173	2.38357804
Mozambique	0.0	0.0	11718516380.38	397.2922253	1631.265	5.53e-05	70307558.438	2.38363334
Mozambique	0.0	0.0	11718516380.38	397.2922253	1305.012	4.424e-05	70308863.45	2.38367758
Mozambique	0.0	0.0	11718516380.38	397.2922253	978.759	3.318e-05	70309842.208	2.38371077
Mozambique	0.0	0.0	11718516380.38	397.2922253	652.506	2.212e-05	70310494.714	2.38373289
Mozambique	0.0	0.0	11718516380.38	397.2922253	326.253	1.106e-05	70310820.967	2.38374395
Mozambique	0.0	0.0	11718516380.38	397.2922253	163.126	5.53e-06	70310984.094	2.38374948
Mozambique	0.0	0.0	11718516380.38	397.2922253	81.563	2.77e-06	70311065.657	2.38375225
Mozambique	0.0	0.0	11718516380.38	397.2922253	32.625	1.11e-06	70311098.282	2.38375335
Belize	0.917	2.39e-06	1976542.022	5.15972763	0.495	1.29e-06	11857.665	0.03095422
Belize	0.0	0.0	1976542.022	5.15972763	0.385	1.01e-06	11858.05	0.03095523
Belize	0.0	0.0	1976542.022	5.15972763	0.33	8.6e-07	11858.38	0.03095609
Belize	0.0	0.0	1976542.022	5.15972763	0.275	7.2e-07	11858.655	0.03095681
Belize	0.0	0.0	1976542.022	5.15972763	0.22	5.7e-07	11858.875	0.03095738
Belize	0.0	0.0	1976542.022	5.15972763	0.165	4.3e-07	11859.04	0.03095781
Belize	0.0	0.0	1976542.022	5.15972763	0.11	2.9e-07	11859.15	0.0309581
Belize	0.0	0.0	1976542.022	5.15972763	0.055	1.4e-07	11859.205	0.03095824
Belize	0.0	0.0	1976542.022	5.15972763	0.028	7e-08	11859.233	0.03095832
Belize	0.0	0.0	1976542.022	5.15972763	0.014	4e-08	11859.247	0.03095835
Belize	0.0	0.0	1976542.022	5.15972763	0.006	1e-08	11859.252	0.03095837
Sierra Leone	3657.787	0.00047813	788290229.629	103.04240014	329.201	4.303e-05	4728402.628	0.6180794
Guinea-Bissau	54.891	2.929e-05	47318359.651	25.24576239	14.491	7.73e-06	283860.427	0.15144804
Grenada	0.078	7e-07	167316.519	1.50121592	0.042	3.8e-07	1003.765	0.00900609
Grenada	0.0	0.0	167316.519	1.50121592	0.033	2.9e-07	1003.797	0.00900638
Grenada	0.0	0.0	167316.519	1.50121592	0.028	2.5e-07	1003.825	0.00900663
Grenada	0.0	0.0	167316.519	1.50121592	0.023	2.1e-07	1003.849	0.00900684
Grenada	0.0	0.0	167316.519	1.50121592	0.019	1.7e-07	1003.867	0.00900701
Grenada	0.0	0.0	167316.519	1.50121592	0.014	1.3e-07	1003.881	0.00900713
Grenada	0.0	0.0	167316.519	1.50121592	0.009	8e-08	1003.89	0.00900722
Grenada	0.0	0.0	167316.519	1.50121592	0.005	4e-08	1003.895	0.00900726
Grenada	0.0	0.0	167316.519	1.50121592	0.002	2e-08	1003.897	0.00900728
Grenada	0.0	0.0	167316.519	1.50121592	0.001	1e-08	1003.899	0.00900729
Grenada	0.0	0.0	167316.519	1.50121592	0.0	0.0	1003.899	0.0090073
Dominica	0.032	4.5e-07	69099.797	0.96474411	0.017	2.4e-07	414.543	0.00578769
Dominica	0.0	0.0	69099.797	0.96474411	0.013	1.9e-07	414.557	0.00578788
Dominica	0.0	0.0	69099.797	0.96474411	0.012	1.6e-07	414.568	0.00578804
Dominica	0.0	0.0	69099.797	0.96474411	0.01	1.3e-07	414.578	0.00578817
Dominica	0.0	0.0	69099.797	0.96474411	0.008	1.1e-07	414.586	0.00578828
Dominica	0.0	0.0	69099.797	0.96474411	0.006	8e-08	414.591	0.00578836
Dominica	0.0	0.0	69099.797	0.96474411	0.004	5e-08	414.595	0.00578841
Dominica	0.0	0.0	69099.797	0.96474411	0.002	3e-08	414.597	0.00578844
Dominica	0.0	0.0	69099.797	0.96474411	0.001	1e-08	414.598	0.00578846
Dominica	0.0	0.0	69099.797	0.96474411	0.0	1e-08	414.599	0.00578846
Dominica	0.0	0.0	69099.797	0.96474411	0.0	0.0	414.599	0.00578846
Burundi	7805.532	0.00069846	1682171349.658	150.52478311	702.498	6.286e-05	10090171.273	0.90289306
South Sudan	15058.785	0.00137198	1622652932.638	147.83753277	903.527	8.232e-05	9732529.369	0.8867165
Syria	1786.382	0.00010566	3849849659.902	227.71709547	964.646	5.706e-05	23096005.732	1.36611967
Syria	0.0	0.0	3849849659.902	227.71709547	750.28	4.438e-05	23096756.013	1.36616405
Syria	0.0	0.0	3849849659.902	227.71709547	643.098	3.804e-05	23097399.11	1.36620209
Syria	0.0	0.0	3849849659.902	227.71709547	535.915	3.17e-05	23097935.025	1.36623379
Syria	0.0	0.0	3849849659.902	227.71709547	428.732	2.536e-05	23098363.756	1.36625914
Syria	0.0	0.0	3849849659.902	227.71709547	321.549	1.902e-05	23098685.305	1.36627816
Syria	0.0	0.0	3849849659.902	227.71709547	214.366	1.268e-05	23098899.671	1.36629084
Syria	0.0	0.0	3849849659.902	227.71709547	107.183	6.34e-06	23099006.854	1.36629718
Syria	0.0	0.0	3849849659.902	227.71709547	53.591	3.17e-06	23099060.445	1.36630035
Syria	0.0	0.0	3849849659.902	227.71709547	26.796	1.58e-06	23099087.241	1.36630194
Syria	0.0	0.0	3849849659.902	227.71709547	10.718	6.3e-07	23099097.959	1.36630257
Myanmar	45071.543	0.00083919	38853634311.541	723.41827216	11898.887	0.00022155	233080971.051	4.33974933
Botswana	158.783	7.044e-05	68438923.957	30.36162307	24.77	1.099e-05	410541.132	0.18212874
Sao Tome and Principe	2.352	1.114e-05	168935.464	0.80053578	0.188	8.9e-07	1013.175	0.00480114
Saint Kitts and Nevis	0.049	9.3e-07	41981.627	0.80054971	0.013	2.5e-07	251.846	0.00480246
West Bank And Gaza	111.44	2.229e-05	4002456.014	0.8004912	11.144	2.23e-06	23985.65	0.00479713
Yemen	423.452	1.486e-05	22813901.001	0.80052463	38.111	1.34e-06	136800.833	0.00480025
Laos	2.623	3.7e-07	5653089.995	0.80055008	1.416	2e-07	33913.999	0.00480266
Laos	0.0	0.0	5653089.995	0.80055008	1.102	1.6e-07	33915.101	0.00480281
Laos	0.0	0.0	5653089.995	0.80055008	0.944	1.3e-07	33916.045	0.00480295
Laos	0.0	0.0	5653089.995	0.80055008	0.787	1.1e-07	33916.832	0.00480306
Laos	0.0	0.0	5653089.995	0.80055008	0.63	9e-08	33917.462	0.00480315
Laos	0.0	0.0	5653089.995	0.80055008	0.472	7e-08	33917.934	0.00480321
Laos	0.0	0.0	5653089.995	0.80055008	0.315	4e-08	33918.249	0.00480326
Laos	0.0	0.0	5653089.995	0.80055008	0.157	2e-08	33918.406	0.00480328
Laos	0.0	0.0	5653089.995	0.80055008	0.079	1e-08	33918.485	0.00480329
Laos	0.0	0.0	5653089.995	0.80055008	0.039	1e-08	33918.524	0.0048033
Laos	0.0	0.0	5653089.995	0.80055008	0.016	0.0	33918.54	0.0048033
Malawi	67.396	3.71e-06	14524574.99	0.80054692	6.066	3.3e-07	87122.783	0.00480192
Libya	2.481	3.7e-07	5346527.347	0.80055008	1.34	2e-07	32074.87	0.00480266
Libya	0.0	0.0	5346527.347	0.80055008	1.042	1.6e-07	32075.912	0.00480281
Libya	0.0	0.0	5346527.347	0.80055008	0.893	1.3e-07	32076.805	0.00480295
Libya	0.0	0.0	5346527.347	0.80055008	0.744	1.1e-07	32077.549	0.00480306
Libya	0.0	0.0	5346527.347	0.80055008	0.595	9e-08	32078.144	0.00480315
Libya	0.0	0.0	5346527.347	0.80055008	0.447	7e-08	32078.591	0.00480321
Libya	0.0	0.0	5346527.347	0.80055008	0.298	4e-08	32078.889	0.00480326
Libya	0.0	0.0	5346527.347	0.80055008	0.149	2e-08	32079.038	0.00480328
Libya	0.0	0.0	5346527.347	0.80055008	0.074	1e-08	32079.112	0.00480329
Libya	0.0	0.0	5346527.347	0.80055008	0.037	1e-08	32079.149	0.0048033
Libya	0.0	0.0	5346527.347	0.80055008	0.015	0.0	32079.164	0.0048033
Mali	17.717	9.3e-07	15272639.172	0.80054971	4.677	2.5e-07	91619.784	0.00480246
Mozambique	10.957	3.7e-07	23612994.743	0.80055008	5.917	2e-07	141659.002	0.00480266
Mozambique	0.0	0.0	23612994.743	0.80055008	4.602	1.6e-07	141663.604	0.00480281
Mozambique	0.0	0.0	23612994.743	0.80055008	3.944	1.3e-07	141667.549	0.00480295
Mozambique	0.0	0.0	23612994.743	0.80055008	3.287	1.1e-07	141670.836	0.00480306
Mozambique	0.0	0.0	23612994.743	0.80055008	2.63	9e-08	141673.465	0.00480315
Mozambique	0.0	0.0	23612994.743	0.80055008	1.972	7e-08	141675.437	0.00480321
Mozambique	0.0	0.0	23612994.743	0.80055008	1.315	4e-08	141676.752	0.00480326
Mozambique	0.0	0.0	23612994.743	0.80055008	0.657	2e-08	141677.41	0.00480328
Mozambique	0.0	0.0	23612994.743	0.80055008	0.329	1e-08	141677.738	0.00480329
Mozambique	0.0	0.0	23612994.743	0.80055008	0.164	1e-08	141677.903	0.0048033
Mozambique	0.0	0.0	23612994.743	0.80055008	0.066	0.0	141677.968	0.0048033
Belize	0.142	3.7e-07	306667.52	0.80055008	0.077	2e-07	1839.759	0.00480266
Belize	0.0	0.0	306667.52	0.80055008	0.06	1.6e-07	1839.819	0.00480281
Belize	0.0	0.0	306667.52	0.80055008	0.051	1.3e-07	1839.87	0.00480295
Belize	0.0	0.0	306667.52	0.80055008	0.043	1.1e-07	1839.912	0.00480306
Belize	0.0	0.0	306667.52	0.80055008	0.034	9e-08	1839.947	0.00480315
Belize	0.0	0.0	306667.52	0.80055008	0.026	7e-08	1839.972	0.00480321
Belize	0.0	0.0	306667.52	0.80055008	0.017	4e-08	1839.989	0.00480326
Belize	0.0	0.0	306667.52	0.80055008	0.009	2e-08	1839.998	0.00480328
Belize	0.0	0.0	306667.52	0.80055008	0.004	1e-08	1840.002	0.00480329
Belize	0.0	0.0	306667.52	0.80055008	0.002	1e-08	1840.004	0.0048033
Belize	0.0	0.0	306667.52	0.80055008	0.001	0.0	1840.005	0.0048033
Sierra Leone	28.418	3.71e-06	6124307.243	0.80054692	2.558	3.3e-07	36735.443	0.00480192
Guinea-Bissau	1.741	9.3e-07	1500477.524	0.80054971	0.46	2.5e-07	9001.288	0.00480246
Grenada	0.041	3.7e-07	89224.509	0.80055008	0.022	2e-07	535.275	0.00480266
Grenada	0.0	0.0	89224.509	0.80055008	0.017	1.6e-07	535.293	0.00480281
Grenada	0.0	0.0	89224.509	0.80055008	0.015	1.3e-07	535.308	0.00480295
Grenada	0.0	0.0	89224.509	0.80055008	0.012	1.1e-07	535.32	0.00480306
Grenada	0.0	0.0	89224.509	0.80055008	0.01	9e-08	535.33	0.00480315
Grenada	0.0	0.0	89224.509	0.80055008	0.007	7e-08	535.337	0.00480321
Grenada	0.0	0.0	89224.509	0.80055008	0.005	4e-08	535.342	0.00480326
Grenada	0.0	0.0	89224.509	0.80055008	0.002	2e-08	535.345	0.00480328
Grenada	0.0	0.0	89224.509	0.80055008	0.001	1e-08	535.346	0.00480329
Grenada	0.0	0.0	89224.509	0.80055008	0.001	1e-08	535.347	0.0048033
Grenada	0.0	0.0	89224.509	0.80055008	0.0	0.0	535.347	0.0048033
Dominica	0.027	3.7e-07	57339.399	0.80055008	0.014	2e-07	343.99	0.00480266
Dominica	0.0	0.0	57339.399	0.80055008	0.011	1.6e-07	344.002	0.00480281
Dominica	0.0	0.0	57339.399	0.80055008	0.01	1.3e-07	344.011	0.00480295
Dominica	0.0	0.0	57339.399	0.80055008	0.008	1.1e-07	344.019	0.00480306
Dominica	0.0	0.0	57339.399	0.80055008	0.006	9e-08	344.025	0.00480315
Dominica	0.0	0.0	57339.399	0.80055008	0.005	7e-08	344.03	0.00480321
Dominica	0.0	0.0	57339.399	0.80055008	0.003	4e-08	344.033	0.00480326
Dominica	0.0	0.0	57339.399	0.80055008	0.002	2e-08	344.035	0.00480328
Dominica	0.0	0.0	57339.399	0.80055008	0.001	1e-08	344.036	0.00480329
Dominica	0.0	0.0	57339.399	0.80055008	0.0	1e-08	344.036	0.0048033
Dominica	0.0	0.0	57339.399	0.80055008	0.0	0.0	344.036	0.0048033
Burundi	41.513	3.71e-06	8946414.468	0.80054692	3.736	3.3e-07	53663.293	0.00480192
South Sudan	81.544	7.43e-06	8786698.208	0.80054321	4.893	4.5e-07	52701.842	0.00480159
Syria	6.28	3.7e-07	13534326.211	0.80055008	3.391	2e-07	81195.086	0.00480266
Syria	0.0	0.0	13534326.211	0.80055008	2.638	1.6e-07	81197.724	0.00480281
Syria	0.0	0.0	13534326.211	0.80055008	2.261	1.3e-07	81199.985	0.00480295
Syria	0.0	0.0	13534326.211	0.80055008	1.884	1.1e-07	81201.869	0.00480306
Syria	0.0	0.0	13534326.211	0.80055008	1.507	9e-08	81203.376	0.00480315
Syria	0.0	0.0	13534326.211	0.80055008	1.13	7e-08	81204.507	0.00480321
Syria	0.0	0.0	13534326.211	0.80055008	0.754	4e-08	81205.26	0.00480326
Syria	0.0	0.0	13534326.211	0.80055008	0.377	2e-08	81205.637	0.00480328
Syria	0.0	0.0	13534326.211	0.80055008	0.188	1e-08	81205.825	0.00480329
Syria	0.0	0.0	13534326.211	0.80055008	0.094	1e-08	81205.92	0.0048033
Syria	0.0	0.0	13534326.211	0.80055008	0.038	0.0	81205.957	0.0048033
Myanmar	49.877	9.3e-07	42996239.971	0.80054971	13.168	2.5e-07	257932.251	0.00480246
Botswana	4.187	1.86e-06	1804537.819	0.80054878	0.653	2.9e-07	10824.79	0.00480221
Sao Tome and Principe	2.352	1.114e-05	168935.464	0.80053578	0.188	8.9e-07	1013.175	0.00480114
Saint Kitts and Nevis	0.049	9.3e-07	41981.627	0.80054971	0.013	2.5e-07	251.846	0.00480246
West Bank And Gaza	111.44	2.229e-05	4002456.014	0.8004912	11.144	2.23e-06	23985.65	0.00479713
Yemen	423.452	1.486e-05	22813901.001	0.80052463	38.111	1.34e-06	136800.833	0.00480025
Laos	2.623	3.7e-07	5653089.995	0.80055008	1.416	2e-07	33913.999	0.00480266
Laos	0.0	0.0	5653089.995	0.80055008	1.102	1.6e-07	33915.101	0.00480281
Laos	0.0	0.0	5653089.995	0.80055008	0.944	1.3e-07	33916.045	0.00480295
Laos	0.0	0.0	5653089.995	0.80055008	0.787	1.1e-07	33916.832	0.00480306
Laos	0.0	0.0	5653089.995	0.80055008	0.63	9e-08	33917.462	0.00480315
Laos	0.0	0.0	5653089.995	0.80055008	0.472	7e-08	33917.934	0.00480321
Laos	0.0	0.0	5653089.995	0.80055008	0.315	4e-08	33918.249	0.00480326
Laos	0.0	0.0	5653089.995	0.80055008	0.157	2e-08	33918.406	0.00480328
Laos	0.0	0.0	5653089.995	0.80055008	0.079	1e-08	33918.485	0.00480329
Laos	0.0	0.0	5653089.995	0.80055008	0.039	1e-08	33918.524	0.0048033
Laos	0.0	0.0	5653089.995	0.80055008	0.016	0.0	33918.54	0.0048033
Malawi	67.396	3.71e-06	14524574.99	0.80054692	6.066	3.3e-07	87122.783	0.00480192
Libya	2.481	3.7e-07	5346527.347	0.80055008	1.34	2e-07	32074.87	0.00480266
Libya	0.0	0.0	5346527.347	0.80055008	1.042	1.6e-07	32075.912	0.00480281
Libya	0.0	0.0	5346527.347	0.80055008	0.893	1.3e-07	32076.805	0.00480295
Libya	0.0	0.0	5346527.347	0.80055008	0.744	1.1e-07	32077.549	0.00480306
Libya	0.0	0.0	5346527.347	0.80055008	0.595	9e-08	32078.144	0.00480315
Libya	0.0	0.0	5346527.347	0.80055008	0.447	7e-08	32078.591	0.00480321
Libya	0.0	0.0	5346527.347	0.80055008	0.298	4e-08	32078.889	0.00480326
Libya	0.0	0.0	5346527.347	0.80055008	0.149	2e-08	32079.038	0.00480328
Libya	0.0	0.0	5346527.347	0.80055008	0.074	1e-08	32079.112	0.00480329
Libya	0.0	0.0	5346527.347	0.80055008	0.037	1e-08	32079.149	0.0048033
Libya	0.0	0.0	5346527.347	0.80055008	0.015	0.0	32079.164	0.0048033
Mali	17.717	9.3e-07	15272639.172	0.80054971	4.677	2.5e-07	91619.784	0.00480246
Mozambique	10.957	3.7e-07	23612994.743	0.80055008	5.917	2e-07	141659.002	0.00480266
Mozambique	0.0	0.0	23612994.743	0.80055008	4.602	1.6e-07	141663.604	0.00480281
Mozambique	0.0	0.0	23612994.743	0.80055008	3.944	1.3e-07	141667.549	0.00480295
Mozambique	0.0	0.0	23612994.743	0.80055008	3.287	1.1e-07	141670.836	0.00480306
Mozambique	0.0	0.0	23612994.743	0.80055008	2.63	9e-08	141673.465	0.00480315
Mozambique	0.0	0.0	23612994.743	0.80055008	1.972	7e-08	141675.437	0.00480321
Mozambique	0.0	0.0	23612994.743	0.80055008	1.315	4e-08	141676.752	0.00480326
Mozambique	0.0	0.0	23612994.743	0.80055008	0.657	2e-08	141677.41	0.00480328
Mozambique	0.0	0.0	23612994.743	0.80055008	0.329	1e-08	141677.738	0.00480329
Mozambique	0.0	0.0	23612994.743	0.80055008	0.164	1e-08	141677.903	0.0048033
Mozambique	0.0	0.0	23612994.743	0.80055008	0.066	0.0	141677.968	0.0048033
Belize	0.142	3.7e-07	306667.52	0.80055008	0.077	2e-07	1839.759	0.00480266
Belize	0.0	0.0	306667.52	0.80055008	0.06	1.6e-07	1839.819	0.00480281
Belize	0.0	0.0	306667.52	0.80055008	0.051	1.3e-07	1839.87	0.00480295
Belize	0.0	0.0	306667.52	0.80055008	0.043	1.1e-07	1839.912	0.00480306
Belize	0.0	0.0	306667.52	0.80055008	0.034	9e-08	1839.947	0.00480315
Belize	0.0	0.0	306667.52	0.80055008	0.026	7e-08	1839.972	0.00480321
Belize	0.0	0.0	306667.52	0.80055008	0.017	4e-08	1839.989	0.00480326
Belize	0.0	0.0	306667.52	0.80055008	0.009	2e-08	1839.998	0.00480328
Belize	0.0	0.0	306667.52	0.80055008	0.004	1e-08	1840.002	0.00480329
Belize	0.0	0.0	306667.52	0.80055008	0.002	1e-08	1840.004	0.0048033
Belize	0.0	0.0	306667.52	0.80055008	0.001	0.0	1840.005	0.0048033
Sierra Leone	28.418	3.71e-06	6124307.243	0.80054692	2.558	3.3e-07	36735.443	0.00480192
Guinea-Bissau	1.741	9.3e-07	1500477.524	0.80054971	0.46	2.5e-07	9001.288	0.00480246
Grenada	0.041	3.7e-07	89224.509	0.80055008	0.022	2e-07	535.275	0.00480266
Grenada	0.0	0.0	89224.509	0.80055008	0.017	1.6e-07	535.293	0.00480281
Grenada	0.0	0.0	89224.509	0.80055008	0.015	1.3e-07	535.308	0.00480295
Grenada	0.0	0.0	89224.509	0.80055008	0.012	1.1e-07	535.32	0.00480306
Grenada	0.0	0.0	89224.509	0.80055008	0.01	9e-08	535.33	0.00480315
Grenada	0.0	0.0	89224.509	0.80055008	0.007	7e-08	535.337	0.00480321
Grenada	0.0	0.0	89224.509	0.80055008	0.005	4e-08	535.342	0.00480326
Grenada	0.0	0.0	89224.509	0.80055008	0.002	2e-08	535.345	0.00480328
Grenada	0.0	0.0	89224.509	0.80055008	0.001	1e-08	535.346	0.00480329
Grenada	0.0	0.0	89224.509	0.80055008	0.001	1e-08	535.347	0.0048033
Grenada	0.0	0.0	89224.509	0.80055008	0.0	0.0	535.347	0.0048033
Dominica	0.027	3.7e-07	57339.399	0.80055008	0.014	2e-07	343.99	0.00480266
Dominica	0.0	0.0	57339.399	0.80055008	0.011	1.6e-07	344.002	0.00480281
Dominica	0.0	0.0	57339.399	0.80055008	0.01	1.3e-07	344.011	0.00480295
Dominica	0.0	0.0	57339.399	0.80055008	0.008	1.1e-07	344.019	0.00480306
Dominica	0.0	0.0	57339.399	0.80055008	0.006	9e-08	344.025	0.00480315
Dominica	0.0	0.0	57339.399	0.80055008	0.005	7e-08	344.03	0.00480321
Dominica	0.0	0.0	57339.399	0.80055008	0.003	4e-08	344.033	0.00480326
Dominica	0.0	0.0	57339.399	0.80055008	0.002	2e-08	344.035	0.00480328
Dominica	0.0	0.0	57339.399	0.80055008	0.001	1e-08	344.036	0.00480329
Dominica	0.0	0.0	57339.399	0.80055008	0.0	1e-08	344.036	0.0048033
Dominica	0.0	0.0	57339.399	0.80055008	0.0	0.0	344.036	0.0048033
Burundi	41.513	3.71e-06	8946414.468	0.80054692	3.736	3.3e-07	53663.293	0.00480192
South Sudan	81.544	7.43e-06	8786698.208	0.80054321	4.893	4.5e-07	52701.842	0.00480159
Syria	6.28	3.7e-07	13534326.211	0.80055008	3.391	2e-07	81195.086	0.00480266
Syria	0.0	0.0	13534326.211	0.80055008	2.638	1.6e-07	81197.724	0.00480281
Syria	0.0	0.0	13534326.211	0.80055008	2.261	1.3e-07	81199.985	0.00480295
Syria	0.0	0.0	13534326.211	0.80055008	1.884	1.1e-07	81201.869	0.00480306
Syria	0.0	0.0	13534326.211	0.80055008	1.507	9e-08	81203.376	0.00480315
Syria	0.0	0.0	13534326.211	0.80055008	1.13	7e-08	81204.507	0.00480321
Syria	0.0	0.0	13534326.211	0.80055008	0.754	4e-08	81205.26	0.00480326
Syria	0.0	0.0	13534326.211	0.80055008	0.377	2e-08	81205.637	0.00480328
Syria	0.0	0.0	13534326.211	0.80055008	0.188	1e-08	81205.825	0.00480329
Syria	0.0	0.0	13534326.211	0.80055008	0.094	1e-08	81205.92	0.0048033
Syria	0.0	0.0	13534326.211	0.80055008	0.038	0.0	81205.957	0.0048033
Myanmar	49.877	9.3e-07	42996239.971	0.80054971	13.168	2.5e-07	257932.251	0.00480246
Botswana	4.187	1.86e-06	1804537.819	0.80054878	0.653	2.9e-07	10824.79	0.00480221
Sao Tome and Principe	2.352	1.114e-05	168935.464	0.80053578	0.188	8.9e-07	1013.175	0.00480114
Saint Kitts and Nevis	0.049	9.3e-07	41981.627	0.80054971	0.013	2.5e-07	251.846	0.00480246
West Bank And Gaza	111.44	2.229e-05	4002456.014	0.8004912	11.144	2.23e-06	23985.65	0.00479713
Yemen	423.452	1.486e-05	22813901.001	0.80052463	38.111	1.34e-06	136800.833	0.00480025
Laos	2.623	3.7e-07	5653089.995	0.80055008	1.416	2e-07	33913.999	0.00480266
Laos	0.0	0.0	5653089.995	0.80055008	1.102	1.6e-07	33915.101	0.00480281
Laos	0.0	0.0	5653089.995	0.80055008	0.944	1.3e-07	33916.045	0.00480295
Laos	0.0	0.0	5653089.995	0.80055008	0.787	1.1e-07	33916.832	0.00480306
Laos	0.0	0.0	5653089.995	0.80055008	0.63	9e-08	33917.462	0.00480315
Laos	0.0	0.0	5653089.995	0.80055008	0.472	7e-08	33917.934	0.00480321
Laos	0.0	0.0	5653089.995	0.80055008	0.315	4e-08	33918.249	0.00480326
Laos	0.0	0.0	5653089.995	0.80055008	0.157	2e-08	33918.406	0.00480328
Laos	0.0	0.0	5653089.995	0.80055008	0.079	1e-08	33918.485	0.00480329
Laos	0.0	0.0	5653089.995	0.80055008	0.039	1e-08	33918.524	0.0048033
Laos	0.0	0.0	5653089.995	0.80055008	0.016	0.0	33918.54	0.0048033
Malawi	67.396	3.71e-06	14524574.99	0.80054692	6.066	3.3e-07	87122.783	0.00480192
Libya	2.481	3.7e-07	5346527.347	0.80055008	1.34	2e-07	32074.87	0.00480266
Libya	0.0	0.0	5346527.347	0.80055008	1.042	1.6e-07	32075.912	0.00480281
Libya	0.0	0.0	5346527.347	0.80055008	0.893	1.3e-07	32076.805	0.00480295
Libya	0.0	0.0	5346527.347	0.80055008	0.744	1.1e-07	32077.549	0.00480306
Libya	0.0	0.0	5346527.347	0.80055008	0.595	9e-08	32078.144	0.00480315
Libya	0.0	0.0	5346527.347	0.80055008	0.447	7e-08	32078.591	0.00480321
Libya	0.0	0.0	5346527.347	0.80055008	0.298	4e-08	32078.889	0.00480326
Libya	0.0	0.0	5346527.347	0.80055008	0.149	2e-08	32079.038	0.00480328
Libya	0.0	0.0	5346527.347	0.80055008	0.074	1e-08	32079.112	0.00480329
Libya	0.0	0.0	5346527.347	0.80055008	0.037	1e-08	32079.149	0.0048033
Libya	0.0	0.0	5346527.347	0.80055008	0.015	0.0	32079.164	0.0048033
Mali	17.717	9.3e-07	15272639.172	0.80054971	4.677	2.5e-07	91619.784	0.00480246
Mozambique	10.957	3.7e-07	23612994.743	0.80055008	5.917	2e-07	141659.002	0.00480266
Mozambique	0.0	0.0	23612994.743	0.80055008	4.602	1.6e-07	141663.604	0.00480281
Mozambique	0.0	0.0	23612994.743	0.80055008	3.944	1.3e-07	141667.549	0.00480295
Mozambique	0.0	0.0	23612994.743	0.80055008	3.287	1.1e-07	141670.836	0.00480306
Mozambique	0.0	0.0	23612994.743	0.80055008	2.63	9e-08	141673.465	0.00480315
Mozambique	0.0	0.0	23612994.743	0.80055008	1.972	7e-08	141675.437	0.00480321
Mozambique	0.0	0.0	23612994.743	0.80055008	1.315	4e-08	141676.752	0.00480326
Mozambique	0.0	0.0	23612994.743	0.80055008	0.657	2e-08	141677.41	0.00480328
Mozambique	0.0	0.0	23612994.743	0.80055008	0.329	1e-08	141677.738	0.00480329
Mozambique	0.0	0.0	23612994.743	0.80055008	0.164	1e-08	141677.903	0.0048033
Mozambique	0.0	0.0	23612994.743	0.80055008	0.066	0.0	141677.968	0.0048033
Belize	0.142	3.7e-07	306667.52	0.80055008	0.077	2e-07	1839.759	0.00480266
Belize	0.0	0.0	306667.52	0.80055008	0.06	1.6e-07	1839.819	0.00480281
Belize	0.0	0.0	306667.52	0.80055008	0.051	1.3e-07	1839.87	0.00480295
Belize	0.0	0.0	306667.52	0.80055008	0.043	1.1e-07	1839.912	0.00480306
Belize	0.0	0.0	306667.52	0.80055008	0.034	9e-08	1839.947	0.00480315
Belize	0.0	0.0	306667.52	0.80055008	0.026	7e-08	1839.972	0.00480321
Belize	0.0	0.0	306667.52	0.80055008	0.017	4e-08	1839.989	0.00480326
Belize	0.0	0.0	306667.52	0.80055008	0.009	2e-08	1839.998	0.00480328
Belize	0.0	0.0	306667.52	0.80055008	0.004	1e-08	1840.002	0.00480329
Belize	0.0	0.0	306667.52	0.80055008	0.002	1e-08	1840.004	0.0048033
Belize	0.0	0.0	306667.52	0.80055008	0.001	0.0	1840.005	0.0048033
Sierra Leone	28.418	3.71e-06	6124307.243	0.80054692	2.558	3.3e-07	36735.443	0.00480192
Guinea-Bissau	1.741	9.3e-07	1500477.524	0.80054971	0.46	2.5e-07	9001.288	0.00480246
Grenada	0.041	3.7e-07	89224.509	0.80055008	0.022	2e-07	535.275	0.00480266
Grenada	0.0	0.0	89224.509	0.80055008	0.017	1.6e-07	535.293	0.00480281
Grenada	0.0	0.0	89224.509	0.80055008	0.015	1.3e-07	535.308	0.00480295
Grenada	0.0	0.0	89224.509	0.80055008	0.012	1.1e-07	535.32	0.00480306
Grenada	0.0	0.0	89224.509	0.80055008	0.01	9e-08	535.33	0.00480315
Grenada	0.0	0.0	89224.509	0.80055008	0.007	7e-08	535.337	0.00480321
Grenada	0.0	0.0	89224.509	0.80055008	0.005	4e-08	535.342	0.00480326
Grenada	0.0	0.0	89224.509	0.80055008	0.002	2e-08	535.345	0.00480328
Grenada	0.0	0.0	89224.509	0.80055008	0.001	1e-08	535.346	0.00480329
Grenada	0.0	0.0	89224.509	0.80055008	0.001	1e-08	535.347	0.0048033
Grenada	0.0	0.0	89224.509	0.80055008	0.0	0.0	535.347	0.0048033
Dominica	0.027	3.7e-07	57339.399	0.80055008	0.014	2e-07	343.99	0.00480266
Dominica	0.0	0.0	57339.399	0.80055008	0.011	1.6e-07	344.002	0.00480281
Dominica	0.0	0.0	57339.399	0.80055008	0.01	1.3e-07	344.011	0.00480295
Dominica	0.0	0.0	57339.399	0.80055008	0.008	1.1e-07	344.019	0.00480306
Dominica	0.0	0.0	57339.399	0.80055008	0.006	9e-08	344.025	0.00480315
Dominica	0.0	0.0	57339.399	0.80055008	0.005	7e-08	344.03	0.00480321
Dominica	0.0	0.0	57339.399	0.80055008	0.003	4e-08	344.033	0.00480326
Dominica	0.0	0.0	57339.399	0.80055008	0.002	2e-08	344.035	0.00480328
Dominica	0.0	0.0	57339.399	0.80055008	0.001	1e-08	344.036	0.00480329
Dominica	0.0	0.0	57339.399	0.80055008	0.0	1e-08	344.036	0.0048033
Dominica	0.0	0.0	57339.399	0.80055008	0.0	0.0	344.036	0.0048033
Burundi	41.513	3.71e-06	8946414.468	0.80054692	3.736	3.3e-07	53663.293	0.00480192
South Sudan	81.544	7.43e-06	8786698.208	0.80054321	4.893	4.5e-07	52701.842	0.00480159
Syria	6.28	3.7e-07	13534326.211	0.80055008	3.391	2e-07	81195.086	0.00480266
Syria	0.0	0.0	13534326.211	0.80055008	2.638	1.6e-07	81197.724	0.00480281
Syria	0.0	0.0	13534326.211	0.80055008	2.261	1.3e-07	81199.985	0.00480295
Syria	0.0	0.0	13534326.211	0.80055008	1.884	1.1e-07	81201.869	0.00480306
Syria	0.0	0.0	13534326.211	0.80055008	1.507	9e-08	81203.376	0.00480315
Syria	0.0	0.0	13534326.211	0.80055008	1.13	7e-08	81204.507	0.00480321
Syria	0.0	0.0	13534326.211	0.80055008	0.754	4e-08	81205.26	0.00480326
Syria	0.0	0.0	13534326.211	0.80055008	0.377	2e-08	81205.637	0.00480328
Syria	0.0	0.0	13534326.211	0.80055008	0.188	1e-08	81205.825	0.00480329
Syria	0.0	0.0	13534326.211	0.80055008	0.094	1e-08	81205.92	0.0048033
Syria	0.0	0.0	13534326.211	0.80055008	0.038	0.0	81205.957	0.0048033
Myanmar	49.877	9.3e-07	42996239.971	0.80054971	13.168	2.5e-07	257932.251	0.00480246
Botswana	4.187	1.86e-06	1804537.819	0.80054878	0.653	2.9e-07	10824.79	0.00480221
Sao Tome and Principe	2.352	1.114e-05	168935.464	0.80053578	0.188	8.9e-07	1013.175	0.00480114
Saint Kitts and Nevis	0.049	9.3e-07	41981.627	0.80054971	0.013	2.5e-07	251.846	0.00480246
West Bank And Gaza	111.44	2.229e-05	4002456.014	0.8004912	11.144	2.23e-06	23985.65	0.00479713
Yemen	423.452	1.486e-05	22813901.001	0.80052463	38.111	1.34e-06	136800.833	0.00480025
Laos	2.623	3.7e-07	5653089.995	0.80055008	1.416	2e-07	33913.999	0.00480266
Laos	0.0	0.0	5653089.995	0.80055008	1.102	1.6e-07	33915.101	0.00480281
Laos	0.0	0.0	5653089.995	0.80055008	0.944	1.3e-07	33916.045	0.00480295
Laos	0.0	0.0	5653089.995	0.80055008	0.787	1.1e-07	33916.832	0.00480306
Laos	0.0	0.0	5653089.995	0.80055008	0.63	9e-08	33917.462	0.00480315
Laos	0.0	0.0	5653089.995	0.80055008	0.472	7e-08	33917.934	0.00480321
Laos	0.0	0.0	5653089.995	0.80055008	0.315	4e-08	33918.249	0.00480326
Laos	0.0	0.0	5653089.995	0.80055008	0.157	2e-08	33918.406	0.00480328
Laos	0.0	0.0	5653089.995	0.80055008	0.079	1e-08	33918.485	0.00480329
Laos	0.0	0.0	5653089.995	0.80055008	0.039	1e-08	33918.524	0.0048033
Laos	0.0	0.0	5653089.995	0.80055008	0.016	0.0	33918.54	0.0048033
Malawi	67.396	3.71e-06	14524574.99	0.80054692	6.066	3.3e-07	87122.783	0.00480192
Libya	2.481	3.7e-07	5346527.347	0.80055008	1.34	2e-07	32074.87	0.00480266
Libya	0.0	0.0	5346527.347	0.80055008	1.042	1.6e-07	32075.912	0.00480281
Libya	0.0	0.0	5346527.347	0.80055008	0.893	1.3e-07	32076.805	0.00480295
Libya	0.0	0.0	5346527.347	0.80055008	0.744	1.1e-07	32077.549	0.00480306
Libya	0.0	0.0	5346527.347	0.80055008	0.595	9e-08	32078.144	0.00480315
Libya	0.0	0.0	5346527.347	0.80055008	0.447	7e-08	32078.591	0.00480321
Libya	0.0	0.0	5346527.347	0.80055008	0.298	4e-08	32078.889	0.00480326
Libya	0.0	0.0	5346527.347	0.80055008	0.149	2e-08	32079.038	0.00480328
Libya	0.0	0.0	5346527.347	0.80055008	0.074	1e-08	32079.112	0.00480329
Libya	0.0	0.0	5346527.347	0.80055008	0.037	1e-08	32079.149	0.0048033
Libya	0.0	0.0	5346527.347	0.80055008	0.015	0.0	32079.164	0.0048033
Mali	17.717	9.3e-07	15272639.172	0.80054971	4.677	2.5e-07	91619.784	0.00480246
Mozambique	10.957	3.7e-07	23612994.743	0.80055008	5.917	2e-07	141659.002	0.00480266
Mozambique	0.0	0.0	23612994.743	0.80055008	4.602	1.6e-07	141663.604	0.00480281
Mozambique	0.0	0.0	23612994.743	0.80055008	3.944	1.3e-07	141667.549	0.00480295
Mozambique	0.0	0.0	23612994.743	0.80055008	3.287	1.1e-07	141670.836	0.00480306
Mozambique	0.0	0.0	23612994.743	0.80055008	2.63	9e-08	141673.465	0.00480315
Mozambique	0.0	0.0	23612994.743	0.80055008	1.972	7e-08	141675.437	0.00480321
Mozambique	0.0	0.0	23612994.743	0.80055008	1.315	4e-08	141676.752	0.00480326
Mozambique	0.0	0.0	23612994.743	0.80055008	0.657	2e-08	141677.41	0.00480328
Mozambique	0.0	0.0	23612994.743	0.80055008	0.329	1e-08	141677.738	0.00480329
Mozambique	0.0	0.0	23612994.743	0.80055008	0.164	1e-08	141677.903	0.0048033
Mozambique	0.0	0.0	23612994.743	0.80055008	0.066	0.0	141677.968	0.0048033
Belize	0.142	3.7e-07	306667.52	0.80055008	0.077	2e-07	1839.759	0.00480266
Belize	0.0	0.0	306667.52	0.80055008	0.06	1.6e-07	1839.819	0.00480281
Belize	0.0	0.0	306667.52	0.80055008	0.051	1.3e-07	1839.87	0.00480295
Belize	0.0	0.0	306667.52	0.80055008	0.043	1.1e-07	1839.912	0.00480306
Belize	0.0	0.0	306667.52	0.80055008	0.034	9e-08	1839.947	0.00480315
Belize	0.0	0.0	306667.52	0.80055008	0.026	7e-08	1839.972	0.00480321
Belize	0.0	0.0	306667.52	0.80055008	0.017	4e-08	1839.989	0.00480326
Belize	0.0	0.0	306667.52	0.80055008	0.009	2e-08	1839.998	0.00480328
Belize	0.0	0.0	306667.52	0.80055008	0.004	1e-08	1840.002	0.00480329
Belize	0.0	0.0	306667.52	0.80055008	0.002	1e-08	1840.004	0.0048033
Belize	0.0	0.0	306667.52	0.80055008	0.001	0.0	1840.005	0.0048033
Sierra Leone	28.418	3.71e-06	6124307.243	0.80054692	2.558	3.3e-07	36735.443	0.00480192
Guinea-Bissau	1.741	9.3e-07	1500477.524	0.80054971	0.46	2.5e-07	9001.288	0.00480246
Grenada	0.041	3.7e-07	89224.509	0.80055008	0.022	2e-07	535.275	0.00480266
Grenada	0.0	0.0	89224.509	0.80055008	0.017	1.6e-07	535.293	0.00480281
Grenada	0.0	0.0	89224.509	0.80055008	0.015	1.3e-07	535.308	0.00480295
Grenada	0.0	0.0	89224.509	0.80055008	0.012	1.1e-07	535.32	0.00480306
Grenada	0.0	0.0	89224.509	0.80055008	0.01	9e-08	535.33	0.00480315
Grenada	0.0	0.0	89224.509	0.80055008	0.007	7e-08	535.337	0.00480321
Grenada	0.0	0.0	89224.509	0.80055008	0.005	4e-08	535.342	0.00480326
Grenada	0.0	0.0	89224.509	0.80055008	0.002	2e-08	535.345	0.00480328
Grenada	0.0	0.0	89224.509	0.80055008	0.001	1e-08	535.346	0.00480329
Grenada	0.0	0.0	89224.509	0.80055008	0.001	1e-08	535.347	0.0048033
Grenada	0.0	0.0	89224.509	0.80055008	0.0	0.0	535.347	0.0048033
Dominica	0.027	3.7e-07	57339.399	0.80055008	0.014	2e-07	343.99	0.00480266
Dominica	0.0	0.0	57339.399	0.80055008	0.011	1.6e-07	344.002	0.00480281
Dominica	0.0	0.0	57339.399	0.80055008	0.01	1.3e-07	344.011	0.00480295
Dominica	0.0	0.0	57339.399	0.80055008	0.008	1.1e-07	344.019	0.00480306
Dominica	0.0	0.0	57339.399	0.80055008	0.006	9e-08	344.025	0.00480315
Dominica	0.0	0.0	57339.399	0.80055008	0.005	7e-08	344.03	0.00480321
Dominica	0.0	0.0	57339.399	0.80055008	0.003	4e-08	344.033	0.00480326
Dominica	0.0	0.0	57339.399	0.80055008	0.002	2e-08	344.035	0.00480328
Dominica	0.0	0.0	57339.399	0.80055008	0.001	1e-08	344.036	0.00480329
Dominica	0.0	0.0	57339.399	0.80055008	0.0	1e-08	344.036	0.0048033
Dominica	0.0	0.0	57339.399	0.80055008	0.0	0.0	344.036	0.0048033
Burundi	41.513	3.71e-06	8946414.468	0.80054692	3.736	3.3e-07	53663.293	0.00480192
South Sudan	81.544	7.43e-06	8786698.208	0.80054321	4.893	4.5e-07	52701.842	0.00480159
Syria	6.28	3.7e-07	13534326.211	0.80055008	3.391	2e-07	81195.086	0.00480266
Syria	0.0	0.0	13534326.211	0.80055008	2.638	1.6e-07	81197.724	0.00480281
Syria	0.0	0.0	13534326.211	0.80055008	2.261	1.3e-07	81199.985	0.00480295
Syria	0.0	0.0	13534326.211	0.80055008	1.884	1.1e-07	81201.869	0.00480306
Syria	0.0	0.0	13534326.211	0.80055008	1.507	9e-08	81203.376	0.00480315
Syria	0.0	0.0	13534326.211	0.80055008	1.13	7e-08	81204.507	0.00480321
Syria	0.0	0.0	13534326.211	0.80055008	0.754	4e-08	81205.26	0.00480326
Syria	0.0	0.0	13534326.211	0.80055008	0.377	2e-08	81205.637	0.00480328
Syria	0.0	0.0	13534326.211	0.80055008	0.188	1e-08	81205.825	0.00480329
Syria	0.0	0.0	13534326.211	0.80055008	0.094	1e-08	81205.92	0.0048033
Syria	0.0	0.0	13534326.211	0.80055008	0.038	0.0	81205.957	0.0048033
Myanmar	49.877	9.3e-07	42996239.971	0.80054971	13.168	2.5e-07	257932.251	0.00480246
Botswana	4.187	1.86e-06	1804537.819	0.80054878	0.653	2.9e-07	10824.79	0.00480221
