Name	Confirmed	Deaths	Recovered	Active	Confirmed_per_capita	Deaths_per_capita	IFR_0.30_expected	IFR_0.65_expected	IFR_1.0_expected	IFR_0.30_expected_per_capita	IFR_0.65_expected_per_capita	IFR_1.0_expected_per_capita	Confirmed_daily	Deaths_daily	Confirmed_change	Deaths_change
Shelby	0	0	0	0	0	0	0	0	0	0	0	0	0	0	0	0
Union	0	0	0	0	0	0	0	0	0	0	0	0	0	0	0	0
Story	2	0	0	0	2.039e-5	0	10	4	2.5	1.0195e-4	4.078e-5	2.54875e-5	0	0	0	0
Montgomery	0	0	0	0	0	0	0	0	0	0	0	0	0	0	0	0
Bremer	0	0	0	0	0	0	0	0	0	0	0	0	0	0	0	0
Wayne	0	0	0	0	0	0	0	0	0	0	0	0	0	0	0	0
Worth	0	0	0	0	0	0	0	0	0	0	0	0	0	0	0	0
Allamakee	7	0	0	0	5.0607e-4	0	35	14	8.75	0.00253035	0.00101214	6.325875e-4	0	0	0	0
Fremont	0	0	0	0	0	0	0	0	0	0	0	0	0	0	0	0
Keokuk	0	0	0	0	0	0	0	0	0	0	0	0	0	0	0	0
Black Hawk	5	0	0	0	3.776e-5	0	25	10	6.25	1.888e-4	7.552e-5	4.72e-5	1	0	0	0
Adair	1	0	0	0	1.4158e-4	0	5	2	1.25	7.079e-4	2.8316e-4	1.76975e-4	0	0	0	0
Hancock	3	0	0	0	2.8006e-4	0	15	6	3.75	0.0014003	5.6012e-4	3.50075e-4	0	0	0	0
Chickasaw	0	0	0	0	0	0	0	0	0	0	0	0	0	0	0	0
Henry	1	0	0	0	4.983e-5	0	5	2	1.25	2.4915e-4	9.966e-5	6.22875e-5	0	0	0	0
Webster	0	0	0	0	0	0	0	0	0	0	0	0	0	0	0	0
Humboldt	0	0	0	0	0	0	0	0	0	0	0	0	0	0	0	0
Sac	0	0	0	0	0	0	0	0	0	0	0	0	0	0	0	0
Buchanan	1	0	0	0	4.717e-5	0	5	2	1.25	2.3585e-4	9.434e-5	5.89625e-5	0	0	0	0
Washington	8	0	0	0	3.6132e-4	0	40	16	10	0.0018066	7.2264e-4	4.5165e-4	2	0	0	0
Marion	0	0	0	0	0	0	0	0	0	0	0	0	0	0	0	0
Mahaska	1	0	0	0	4.545e-5	0	5	2	1.25	2.2725e-4	9.09e-5	5.68125e-5	1	0	0	0
Palo Alto	0	0	0	0	0	0	0	0	0	0	0	0	0	0	0	0
Polk	24	0	0	0	4.926e-5	0	120	48	30	2.463e-4	9.852e-5	6.1575e-5	4	0	0	0
Cerro Gordo	2	0	0	0	4.69e-5	0	10	4	2.5	2.345e-4	9.38e-5	5.8625e-5	0	0	0	0
Jackson	0	0	0	0	0	0	0	0	0	0	0	0	0	0	0	0
Howard	0	0	0	0	0	0	0	0	0	0	0	0	0	0	0	0
Mills	0	0	0	0	0	0	0	0	0	0	0	0	0	0	0	0
Wright	0	0	0	0	0	0	0	0	0	0	0	0	0	0	0	0
Jefferson	0	0	0	0	0	0	0	0	0	0	0	0	0	0	0	0
Butler	0	0	0	0	0	0	0	0	0	0	0	0	0	0	0	0
Wapello	1	0	0	0	2.841e-5	0	5	2	1.25	1.4205e-4	5.682e-5	3.55125e-5	0	0	0	0
Iowa	0	0	0	0	0	0	0	0	0	0	0	0	0	0	0	0
Lee	0	0	0	0	0	0	0	0	0	0	0	0	0	0	0	0
Dubuque	6	1	0	0	6.195e-5	1.032e-5	333.333333333	153.846153846	100	0.00344	0.00158769230769	0.001032	0	0	0	0
Linn	12	0	0	0	5.312e-5	0	60	24	15	2.656e-4	1.0624e-4	6.64e-5	5	0	0	0
Hamilton	0	0	0	0	0	0	0	0	0	0	0	0	0	0	0	0
Pocahontas	0	0	0	0	0	0	0	0	0	0	0	0	0	0	0	0
Jasper	2	0	0	0	5.384e-5	0	10	4	2.5	2.692e-4	1.0768e-4	6.73e-5	1	0	0	0
Sioux	2	0	0	0	5.729e-5	0	10	4	2.5	2.8645e-4	1.1458e-4	7.16125e-5	1	0	0	0
Johnson	49	0	0	0	3.2395e-4	0	245	98	61.25	0.00161975	6.479e-4	4.049375e-4	6	0	0	0
Greene	0	0	0	0	0	0	0	0	0	0	0	0	0	0	0	0
Clay	0	0	0	0	0	0	0	0	0	0	0	0	0	0	0	0
Davis	0	0	0	0	0	0	0	0	0	0	0	0	0	0	0	0
Pottawattamie	3	0	0	0	3.207e-5	0	15	6	3.75	1.6035e-4	6.414e-5	4.00875e-5	1	0	0	0
Madison	0	0	0	0	0	0	0	0	0	0	0	0	0	0	0	0
Taylor	0	0	0	0	0	0	0	0	0	0	0	0	0	0	0	0
Clinton	0	0	0	0	0	0	0	0	0	0	0	0	0	0	0	0
Winneshiek	1	0	0	0	4.993e-5	0	5	2	1.25	2.4965e-4	9.986e-5	6.24125e-5	0	0	0	0
Warren	1	0	0	0	1.959e-5	0	5	2	1.25	9.795e-5	3.918e-5	2.44875e-5	0	0	0	0
Muscatine	6	0	0	0	1.3977e-4	0	30	12	7.5	6.9885e-4	2.7954e-4	1.747125e-4	0	0	0	0
Lyon	0	0	0	0	0	0	0	0	0	0	0	0	0	0	0	0
Cass	0	0	0	0	0	0	0	0	0	0	0	0	0	0	0	0
Dallas	7	0	0	0	7.762e-5	0	35	14	8.75	3.881e-4	1.5524e-4	9.7025e-5	0	0	0	0
Cherokee	0	0	0	0	0	0	0	0	0	0	0	0	0	0	0	0
Clarke	0	0	0	0	0	0	0	0	0	0	0	0	0	0	0	0
Delaware	0	0	0	0	0	0	0	0	0	0	0	0	0	0	0	0
Dickinson	0	0	0	0	0	0	0	0	0	0	0	0	0	0	0	0
Buena Vista	0	0	0	0	0	0	0	0	0	0	0	0	0	0	0	0
Poweshiek	4	0	0	0	2.1392e-4	0	20	8	5	0.0010696	4.2784e-4	2.674e-4	0	0	0	0
Guthrie	0	0	0	0	0	0	0	0	0	0	0	0	0	0	0	0
Fayette	1	0	0	0	5.086e-5	0	5	2	1.25	2.543e-4	1.0172e-4	6.3575e-5	0	0	0	0
Floyd	0	0	0	0	0	0	0	0	0	0	0	0	0	0	0	0
Cedar	4	0	0	0	2.1474e-4	0	20	8	5	0.0010737	4.2948e-4	2.68425e-4	3	0	0	0
Emmet	0	0	0	0	0	0	0	0	0	0	0	0	0	0	0	0
Adams	0	0	0	0	0	0	0	0	0	0	0	0	0	0	0	0
Osceola	0	0	0	0	0	0	0	0	0	0	0	0	0	0	0	0
Franklin	0	0	0	0	0	0	0	0	0	0	0	0	0	0	0	0
Ringgold	0	0	0	0	0	0	0	0	0	0	0	0	0	0	0	0
Marshall	0	0	0	0	0	0	0	0	0	0	0	0	0	0	0	0
Carroll	1	0	0	0	4.962e-5	0	5	2	1.25	2.481e-4	9.924e-5	6.2025e-5	0	0	0	0
O'Brien	0	0	0	0	0	0	0	0	0	0	0	0	0	0	0	0
Harrison	3	0	0	0	2.1225e-4	0	15	6	3.75	0.00106125	4.245e-4	2.653125e-4	0	0	0	0
Grundy	0	0	0	0	0	0	0	0	0	0	0	0	0	0	0	0
Monona	1	0	0	0	1.1522e-4	0	5	2	1.25	5.761e-4	2.3044e-4	1.44025e-4	1	0	0	0
Louisa	0	0	0	0	0	0	0	0	0	0	0	0	0	0	0	0
Kossuth	1	0	0	0	6.708e-5	0	5	2	1.25	3.354e-4	1.3416e-4	8.385e-5	0	0	0	0
Tama	4	0	0	0	2.3663e-4	0	20	8	5	0.00118315	4.7326e-4	2.957875e-4	0	0	0	0
Calhoun	0	0	0	0	0	0	0	0	0	0	0	0	0	0	0	0
Crawford	0	0	0	0	0	0	0	0	0	0	0	0	0	0	0	0
Woodbury	2	0	0	0	1.95e-5	0	10	4	2.5	9.75e-5	3.9e-5	2.4375e-5	0	0	0	0
Winnebago	0	0	0	0	0	0	0	0	0	0	0	0	0	0	0	0
Van Buren	0	0	0	0	0	0	0	0	0	0	0	0	0	0	0	0
Clayton	1	0	0	0	5.696e-5	0	5	2	1.25	2.848e-4	1.1392e-4	7.12e-5	1	0	0	0
Decatur	0	0	0	0	0	0	0	0	0	0	0	0	0	0	0	0
Jones	0	0	0	0	0	0	0	0	0	0	0	0	0	0	0	0
Hardin	0	0	0	0	0	0	0	0	0	0	0	0	0	0	0	0
Lucas	0	0	0	0	0	0	0	0	0	0	0	0	0	0	0	0
Benton	2	0	0	0	7.8e-5	0	10	4	2.5	3.9e-4	1.56e-4	9.75e-5	0	0	0	0
Plymouth	0	0	0	0	0	0	0	0	0	0	0	0	0	0	0	0
Boone	0	0	0	0	0	0	0	0	0	0	0	0	0	0	0	0
Audubon	0	0	0	0	0	0	0	0	0	0	0	0	0	0	0	0
Mitchell	0	0	0	0	0	0	0	0	0	0	0	0	0	0	0	0
Page	1	0	0	0	6.558e-5	0	5	2	1.25	3.279e-4	1.3116e-4	8.1975e-5	1	0	0	0
Ida	0	0	0	0	0	0	0	0	0	0	0	0	0	0	0	0
Appanoose	1	0	0	0	8.041e-5	0	5	2	1.25	4.0205e-4	1.6082e-4	1.005125e-4	1	0	0	0
Scott	7	0	0	0	4.04e-5	0	35	14	8.75	2.02e-4	8.08e-5	5.05e-5	4	0	0	0
Des Moines	1	0	0	0	2.555e-5	0	5	2	1.25	1.2775e-4	5.11e-5	3.19375e-5	0	0	0	0
Monroe	0	0	0	0	0	0	0	0	0	0	0	0	0	0	0	0
