Name	Predicted_New_Cases	Total_Predicted_New_Cases	Total_Predicted_Cases	Predicted_New_Deaths	Total_Predicted_New_Deaths	Total_Predicted_Deaths	Predicted_New_per_capita	Predicted_Total_New_per_capita	Predicted_Total_Cases_per_capita	Predicted_New_Deaths_per_capita	Total_Predicted_New_Deaths_per_capita	Total_Predicted_Deaths_per_capita
Transylvania	0.0	9.665	22.665	0.025	521.836	521.836	0.0	0.00028248	0.00066243	7.3e-07	0.01525167	0.01525167
Cumberland	0.0	177.852	874.852	0.0	11.291	34.291	0.0	0.00053517	0.00263248	0.0	3.398e-05	0.00010318
Jones	0.0	3.725	31.725	0.0	0.0	3.0	0.0	0.00038653	0.003292	0.0	0.0	0.0003113
Brunswick	0.001	57.323	142.323	0.0	0.0	2.0	1e-08	0.0004192	0.0010408	0.0	0.0	1.463e-05
Wayne	0.013	551.404	1689.404	0.012	22.178	42.178	1.1e-07	0.00447394	0.01370735	1e-07	0.00017995	0.00034222
Onslow	0.0	33.062	143.062	0.0	0.0	2.0	0.0	0.00016725	0.00072369	0.0	0.0	1.012e-05
Anson	0.001	38.963	103.963	0.0	0.0	1.0	4e-08	0.00156623	0.00417908	0.0	0.0	4.02e-05
Cherokee	0.0	0.197	30.197	0.0	0.0	1.0	0.0	6.94e-06	0.00106391	0.0	0.0	3.523e-05
Gates	0.001	34.235	58.235	0.0	0.0	1.0	9e-08	0.00295818	0.00503197	0.0	0.0	8.641e-05
Beaufort	0.0	0.937	36.937	0.0	0.0	0.0	0.0	1.99e-05	0.00078457	0.0	0.0	0.0
Wilson	0.005	229.52	585.52	0.003	6.373	16.373	6e-08	0.00281775	0.00718826	4e-08	7.824e-05	0.00020101
Montgomery	0.005	134.616	262.616	0.004	5.251	9.251	1.8e-07	0.00493623	0.00962986	1.5e-07	0.00019255	0.00033922
Avery	0.0	0.0	2.0	0.004	5.251	5.251	0.0	0.0	0.00011425	2.3e-07	0.00029997	0.00029997
Iredell	0.002	117.79	376.79	0.0	0.0	6.0	1e-08	0.00066013	0.00211164	0.0	0.0	3.363e-05
Tyrrell	0.0	0.0	4.0	0.0	0.0	0.0	0.0	0.0	0.00096829	0.0	0.0	0.0
Currituck	0.87	322.048	335.048	0.0	0.0	0.0	3.214e-05	0.01189598	0.01237618	0.0	0.0	0.0
Buncombe	0.005	300.429	635.429	0.032	90.054	113.054	2e-08	0.0011595	0.00245242	1.2e-07	0.00034756	0.00043633
Ashe	0.0	13.034	50.034	0.032	90.054	90.054	0.0	0.0004808	0.00184566	1.18e-06	0.00332192	0.00332192
Lincoln	0.0	23.159	92.159	0.032	90.054	90.054	0.0	0.00027646	0.00110014	3.8e-07	0.00107501	0.00107501
Columbus	0.0	135.886	471.886	0.0	13.63	39.63	0.0	0.00244158	0.00847877	0.0	0.0002449	0.00071207
Camden	0.0	0.067	3.067	0.0	13.63	13.63	0.0	6.26e-06	0.00028637	0.0	0.00127264	0.00127264
Hyde	0.0	0.0	1.0	0.0	13.63	13.63	0.0	0.0	0.0001912	0.0	0.00260612	0.00260612
Alexander	0.0	15.723	48.723	0.0	13.63	13.63	0.0	0.00042093	0.00130439	0.0	0.0003649	0.0003649
Henderson	0.0	63.319	408.319	0.0	13.005	59.005	0.0	0.00054236	0.00349744	0.0	0.00011139	0.0005054
Mitchell	0.0	5.405	19.405	0.0	13.005	13.005	0.0	0.00036033	0.00129367	0.0	0.000867	0.000867
Wilkes	0.0	17.927	514.927	0.0	2.205	7.205	0.0	0.00026149	0.00751093	0.0	3.216e-05	0.0001051
Lee	0.004	183.91	638.91	0.002	4.246	8.246	7e-08	0.00299274	0.0103969	3e-08	6.909e-05	0.00013419
Caldwell	0.002	81.649	219.649	0.0	0.0	3.0	2e-08	0.00099537	0.0026777	0.0	0.0	3.657e-05
Washington	0.286	106.04	135.04	0.0	0.0	3.0	2.412e-05	0.00894173	0.01138713	0.0	0.0	0.00025297
Richmond	0.003	113.413	276.413	0.0	0.0	3.0	7e-08	0.00252663	0.00615797	0.0	0.0	6.683e-05
Yadkin	0.003	126.701	297.701	0.286	106.04	108.04	8e-08	0.00337482	0.0079296	7.62e-06	0.00282449	0.00287777
Robeson	0.01	403.749	1227.749	0.012	23.12	46.12	8e-08	0.00306263	0.00931305	9e-08	0.00017538	0.00034984
Surry	0.006	256.667	470.667	0.106	39.274	41.274	8e-08	0.0035674	0.00654177	1.47e-06	0.00054587	0.00057366
Macon	8.358	3094.815	3164.815	0.0	0.0	1.0	0.00023687	0.08770908	0.08969293	0.0	0.0	2.834e-05
Martin	0.002	70.614	142.614	0.0	0.0	4.0	9e-08	0.00311473	0.00629059	0.0	0.0	0.00017644
Davidson	0.0	44.9	457.9	0.0	1.22	14.22	0.0	0.00026949	0.00274827	0.0	7.32e-06	8.535e-05
Person	0.135	126.793	174.793	0.0	0.0	1.0	3.42e-06	0.00320938	0.00442436	0.0	0.0	2.531e-05
Perquimans	0.0	1.125	25.125	0.0	0.0	2.0	0.0	8.382e-05	0.00187193	0.0	0.0	0.00014901
Alamance	0.015	307.15	671.15	0.063	80.637	104.637	9e-08	0.00184545	0.00403248	3.8e-07	0.00048449	0.00062869
Catawba	0.056	322.744	539.744	0.036	33.419	40.419	3.5e-07	0.00203429	0.00340206	2.3e-07	0.00021064	0.00025477
Lenoir	0.0	87.15	303.15	0.0	0.875	7.875	0.0	0.00155692	0.00541571	0.0	1.563e-05	0.00014069
Halifax	0.0	31.883	211.883	0.0	0.0	1.0	0.0	0.00063042	0.00418956	0.0	0.0	1.977e-05
McDowell	0.006	89.309	162.309	0.0	0.0	1.0	1.3e-07	0.00196253	0.00356668	0.0	0.0	2.197e-05
Cabarrus	0.005	202.837	702.837	0.001	0.947	22.947	2e-08	0.00095976	0.00332559	0.0	4.48e-06	0.00010858
Carteret	0.286	106.04	143.04	0.0	1.774	10.774	4.11e-06	0.00152523	0.00205742	0.0	2.552e-05	0.00015497
Duplin	0.02	828.675	1659.675	0.016	29.25	47.25	3.4e-07	0.0140797	0.02819891	2.7e-07	0.00049698	0.00080281
Rowan	0.0	26.536	680.536	0.0	3.624	40.624	0.0	0.00018785	0.00481754	0.0	2.565e-05	0.00028758
Bladen	0.0	5.677	106.677	0.0	0.0	2.0	0.0	0.00017105	0.00321413	0.0	0.0	6.026e-05
Alleghany	0.0	5.522	21.522	0.0	0.0	0.0	0.0	0.00049476	0.00192832	0.0	0.0	0.0
Graham	0.0	0.0	2.0	0.0	0.0	0.0	0.0	0.0	0.00023574	0.0	0.0	0.0
Madison	0.0	0.748	4.748	0.0	0.0	0.0	0.0	3.437e-05	0.00021817	0.0	0.0	0.0
Bertie	0.0	15.759	137.759	0.0	1.599	5.599	0.0	0.00082829	0.00724057	0.0	8.404e-05	0.00029428
Wake	0.021	882.061	2629.061	0.024	45.059	84.059	2e-08	0.00080752	0.00240689	2e-08	4.125e-05	7.696e-05
Edgecombe	0.001	55.859	255.859	0.0	0.0	9.0	2e-08	0.00107411	0.00491989	0.0	0.0	0.00017306
Stokes	0.002	72.079	139.079	0.0	0.0	0.0	4e-08	0.0015853	0.0030589	0.0	0.0	0.0
Guilford	0.019	789.375	2053.375	0.007	42.158	107.158	4e-08	0.00147914	0.00384765	1e-08	7.9e-05	0.00020079
Scotland	0.076	141.557	226.557	0.007	42.158	42.158	2.18e-06	0.00406656	0.00650839	2e-07	0.00121109	0.00121109
Northampton	0.094	152.227	308.227	0.078	46.071	60.071	4.78e-06	0.00773668	0.01566513	3.96e-06	0.00234148	0.00305301
Pasquotank	0.002	40.355	145.355	0.004	4.591	15.591	5e-08	0.00101806	0.00366697	1e-07	0.00011582	0.00039332
Johnston	0.034	472.601	928.601	0.012	13.389	34.389	1.7e-07	0.00233182	0.00458172	6e-08	6.606e-05	0.00016968
Davie	0.002	91.787	189.787	0.0	0.0	2.0	5e-08	0.00214792	0.00444123	0.0	0.0	4.68e-05
Hertford	0.007	92.276	212.276	0.0	0.449	2.449	3e-07	0.00390025	0.00897231	0.0	1.898e-05	0.00010351
Unassigned	0.0	0.0	1.0	0.001	25.338	27.338	N/A	N/A	N/A	N/A	N/A	N/A
Randolph	0.011	474.48	1139.48	0.021	38.927	51.927	8e-08	0.00330992	0.00794888	1.5e-07	0.00027155	0.00036224
Pamlico	0.0	0.26	10.26	0.021	38.927	38.927	0.0	2.052e-05	0.00080979	1.66e-06	0.00307238	0.00307238
Hoke	0.011	216.601	456.601	0.0	0.0	1.0	2e-07	0.00395517	0.00833761	0.0	0.0	1.826e-05
Rockingham	0.002	90.775	184.775	0.0	0.0	2.0	2e-08	0.00100094	0.00203744	0.0	0.0	2.205e-05
Stanly	0.007	97.951	175.951	0.0	0.0	4.0	1.1e-07	0.00157795	0.00283449	0.0	0.0	6.444e-05
Vance	0.064	372.955	689.955	0.035	32.926	53.926	1.44e-06	0.0083656	0.01547609	7.9e-07	0.00073855	0.00120959
Clay	0.0	0.0	8.0	0.035	32.926	32.926	0.0	0.0	0.0007182	3.14e-06	0.00295592	0.00295592
Chatham	0.0	53.878	687.878	0.0	1.085	27.085	0.0	0.00073665	0.00940508	0.0	1.483e-05	0.00037032
Chowan	0.001	6.535	23.535	0.0	1.085	1.085	7e-08	0.00046582	0.0016776	0.0	7.734e-05	7.734e-05
Pender	0.001	67.254	147.254	0.0	0.0	1.0	2e-08	0.00108191	0.00236887	0.0	0.0	1.609e-05
Franklin	0.002	74.33	233.33	0.0	0.0	22.0	3e-08	0.00110021	0.00345367	0.0	0.0	0.00032564
Rutherford	0.003	69.744	251.744	0.0	0.0	7.0	4e-08	0.00104367	0.00376716	0.0	0.0	0.00010475
Craven	0.0	86.08	293.08	0.0	1.217	6.217	0.0	0.00083644	0.00284787	0.0	1.183e-05	6.041e-05
Greene	0.0	34.367	112.367	0.0	0.067	2.067	0.0	0.00163559	0.00534775	0.0	3.19e-06	9.837e-05
New Hanover	0.004	115.381	310.381	0.004	6.413	11.413	2e-08	0.00049675	0.00133627	2e-08	2.761e-05	4.914e-05
Union	0.007	191.577	633.577	0.006	8.748	28.748	3e-08	0.00081208	0.0026857	3e-08	3.708e-05	0.00012186
Swain	0.0	5.423	18.423	0.006	8.748	8.748	0.0	0.00038069	0.0012933	4.2e-07	0.00061411	0.00061411
Haywood	0.0	29.006	76.006	0.006	8.748	8.748	0.0	0.00046806	0.00122648	1e-07	0.00014116	0.00014116
Dare	0.0	0.0	22.0	0.0	1.242	4.242	0.0	0.0	0.00060272	0.0	3.403e-05	0.00011622
Forsyth	0.043	1194.855	2541.855	0.018	25.658	36.658	1.1e-07	0.00315183	0.00670499	5e-08	6.768e-05	9.67e-05
Durham	0.019	962.236	2577.236	0.011	24.942	71.942	6e-08	0.00303795	0.00813678	3e-08	7.875e-05	0.00022713
Pitt	0.0	94.48	398.48	0.0	0.0	2.0	0.0	0.00052514	0.00221484	0.0	0.0	1.112e-05
Moore	0.0	56.111	280.111	0.0	0.0	10.0	0.0	0.0005686	0.00283852	0.0	0.0	0.00010134
Burke	0.026	526.686	951.686	0.009	11.147	26.147	2.9e-07	0.00582733	0.0105296	1e-07	0.00012333	0.00028929
Gaston	0.0	32.375	318.375	0.0	1.335	8.335	0.0	0.00014528	0.00142868	0.0	5.99e-06	3.74e-05
Warren	0.0	15.204	78.204	0.0	0.0	2.0	0.0	0.00076761	0.0039483	0.0	0.0	0.00010097
Mecklenburg	0.084	2922.823	7172.823	0.001	45.162	134.162	8e-08	0.00267193	0.0065571	0.0	4.129e-05	0.00012265
Cleveland	0.003	64.368	154.368	0.0	0.0	2.0	3e-08	0.0006592	0.00158091	0.0	0.0	2.048e-05
Granville	0.011	225.284	537.284	0.015	19.344	29.344	1.8e-07	0.00374755	0.0089376	2.5e-07	0.00032178	0.00048813
Sampson	0.0	288.563	767.563	0.0	8.16	12.16	0.0	0.0045353	0.01206367	0.0	0.00012825	0.00019112
Caswell	0.001	33.564	94.564	0.0	0.0	1.0	4e-08	0.00147872	0.00416618	0.0	0.0	4.406e-05
Yancey	0.0	7.317	21.317	0.0	0.0	0.0	0.0	0.0004087	0.00119069	0.0	0.0	0.0
Harnett	0.002	87.509	375.509	0.014	26.896	53.896	1e-08	0.00065201	0.00279784	1e-07	0.0002004	0.00040157
Watauga	0.0	9.344	32.344	0.014	26.896	26.896	0.0	0.00016702	0.00057814	2.5e-07	0.00048076	0.00048076
Polk	0.0	0.262	37.262	0.0	0.41	4.41	0.0	1.271e-05	0.00180787	0.0	1.989e-05	0.00021396
Orange	0.01	144.43	492.43	0.022	24.916	64.916	7e-08	0.00098906	0.00337218	1.5e-07	0.00017063	0.00044455
Nash	0.002	93.478	297.478	0.002	4.246	8.246	2e-08	0.00099428	0.00316412	2e-08	4.516e-05	8.771e-05
Jackson	0.0	13.514	46.514	0.0	0.0	1.0	0.0	0.00031191	0.00107356	0.0	0.0	2.308e-05
