Name	Predicted_New_Cases	Total_Predicted_New_Cases	Total_Predicted_Cases	Predicted_New_Deaths	Total_Predicted_New_Deaths	Total_Predicted_Deaths	Predicted_New_per_capita	Predicted_Total_New_per_capita	Predicted_Total_Cases_per_capita	Predicted_New_Deaths_per_capita	Total_Predicted_New_Deaths_per_capita	Total_Predicted_Deaths_per_capita
Transylvania	0.019	12.065	28.065	0.0	0.0	1.0	5.6e-07	0.00035262	0.00082025	0.0	0.0	2.923e-05
Cumberland	0.0	145.752	926.752	0.0	7.823	33.823	0.0	0.00043858	0.00278865	0.0	2.354e-05	0.00010178
Jones	0.0	0.0	28.0	0.0	0.0	3.0	0.0	0.0	0.00290547	0.0	0.0	0.0003113
Brunswick	73.045	7621.42	7770.42	0.017	6.969	9.969	0.00053417	0.05573495	0.05682458	1.2e-07	5.096e-05	7.29e-05
Wayne	0.83	535.045	1870.045	0.001	0.463	20.463	6.73e-06	0.00434121	0.01517303	1e-08	3.76e-06	0.00016603
Onslow	0.12	67.074	201.074	0.0	0.0	2.0	6.1e-07	0.0003393	0.00101715	0.0	0.0	1.012e-05
Anson	0.033	21.227	95.227	0.0	0.0	1.0	1.33e-06	0.00085328	0.00382791	0.0	0.0	4.02e-05
Cherokee	0.0	0.0	30.0	0.0	0.0	1.0	0.0	0.0	0.00105697	0.0	0.0	3.523e-05
Gates	0.002	1.454	25.454	0.0	0.0	1.0	1.7e-07	0.00012564	0.00219943	0.0	0.0	8.641e-05
Beaufort	4.706	560.051	603.051	0.0	0.0	0.0	9.996e-05	0.01189598	0.01280934	0.0	0.0	0.0
Wilson	2.832	844.481	1289.481	0.481	77.019	89.019	3.477e-05	0.01036745	0.01583059	5.91e-06	0.00094554	0.00109286
Montgomery	0.277	178.387	343.387	0.023	8.762	13.762	1.016e-05	0.00654127	0.01259165	8.4e-07	0.00032129	0.00050464
Avery	0.005	3.348	7.348	0.023	8.762	8.762	2.9e-07	0.00019126	0.00041977	1.31e-06	0.00050054	0.00050054
Iredell	0.813	335.18	683.18	0.0	0.0	6.0	4.56e-06	0.00187844	0.00382873	0.0	0.0	3.363e-05
Tyrrell	0.0	0.0	4.0	0.0	0.0	0.0	0.0	0.0	0.00096829	0.0	0.0	0.0
Currituck	0.006	3.914	18.914	0.0	0.0	0.0	2.2e-07	0.00014458	0.00069866	0.0	0.0	0.0
Buncombe	0.316	234.892	633.892	0.134	55.362	88.362	1.22e-06	0.00090656	0.00244649	5.2e-07	0.00021367	0.00034103
Ashe	0.04	17.23	57.23	0.134	55.362	55.362	1.48e-06	0.00063558	0.00211111	4.94e-06	0.0020422	0.0020422
Lincoln	14.978	2052.422	2157.422	0.134	55.362	55.362	0.0001788	0.02450068	0.02575411	1.6e-06	0.00066088	0.00066088
Columbus	0.006	75.698	448.698	0.005	4.509	32.509	1.1e-07	0.00136013	0.00806213	9e-08	8.102e-05	0.00058412
Camden	0.0	0.0	3.0	0.005	4.509	4.509	0.0	0.0	0.00028011	4.7e-07	0.00042101	0.00042101
Hyde	0.55	65.463	67.463	0.005	4.509	4.509	0.00010516	0.01251683	0.01289924	9.6e-07	0.00086214	0.00086214
Alexander	0.051	32.618	75.618	0.005	4.509	4.509	1.37e-06	0.00087324	0.00202442	1.3e-07	0.00012071	0.00012071
Henderson	0.052	79.483	455.483	0.008	4.573	51.573	4.5e-07	0.00068081	0.00390142	7e-08	3.917e-05	0.00044175
Mitchell	0.029	18.542	35.542	0.008	4.573	4.573	1.93e-06	0.00123613	0.00236947	5.3e-07	0.00030487	0.00030487
Wilkes	0.0	7.737	518.737	0.0	1.739	7.739	0.0	0.00011285	0.00756651	0.0	2.537e-05	0.00011288
Lee	0.08	239.322	773.322	0.001	0.447	4.447	1.3e-06	0.00389445	0.01258416	2e-08	7.27e-06	7.237e-05
Caldwell	0.481	239.308	443.308	0.0	0.62	3.62	5.86e-06	0.00291736	0.00540428	0.0	7.56e-06	4.413e-05
Washington	0.027	17.533	49.533	0.0	0.0	3.0	2.28e-06	0.00147846	0.00417683	0.0	0.0	0.00025297
Richmond	0.088	56.968	240.968	0.005	3.017	6.017	1.96e-06	0.00126914	0.00536832	1.1e-07	6.721e-05	0.00013405
Yadkin	0.448	211.59	428.59	0.007	4.244	7.244	1.193e-05	0.00563594	0.01141598	1.9e-07	0.00011304	0.00019295
Robeson	0.007	321.303	1226.303	0.007	21.217	47.217	5e-08	0.00243723	0.00930208	5e-08	0.00016094	0.00035816
Surry	0.559	278.37	557.37	0.0	0.124	2.124	7.77e-06	0.00386904	0.00774684	0.0	1.72e-06	2.952e-05
Macon	0.358	230.772	376.772	0.0	0.0	1.0	1.015e-05	0.00654023	0.01067797	0.0	0.0	2.834e-05
Martin	0.0	4.734	81.734	0.0	0.0	4.0	0.0	0.00020881	0.00360522	0.0	0.0	0.00017644
Davidson	0.998	471.539	991.539	0.032	9.071	22.071	5.99e-06	0.00283013	0.00595111	1.9e-07	5.444e-05	0.00013247
Person	0.001	27.802	88.802	0.0	0.0	1.0	3e-08	0.00070372	0.00224775	0.0	0.0	2.531e-05
Perquimans	0.017	8.663	34.663	0.0	0.0	2.0	1.27e-06	0.00064543	0.00258255	0.0	0.0	0.00014901
Alamance	0.646	388.145	916.145	0.137	49.009	79.009	3.88e-06	0.0023321	0.00550449	8.2e-07	0.00029446	0.00047471
Catawba	0.394	254.003	564.003	0.065	24.674	33.674	2.48e-06	0.00160101	0.00355497	4.1e-07	0.00015552	0.00021225
Lenoir	0.0	29.131	270.131	0.0	0.0	7.0	0.0	0.00052042	0.00482584	0.0	0.0	0.00012505
Halifax	0.027	82.222	285.222	0.0	0.0	1.0	5.3e-07	0.00162578	0.0056397	0.0	0.0	1.977e-05
McDowell	0.165	106.338	207.338	0.0	0.0	1.0	3.63e-06	0.00233674	0.00455618	0.0	0.0	2.197e-05
Cabarrus	0.708	334.481	933.481	0.066	18.556	42.556	3.35e-06	0.00158265	0.00441692	3.1e-07	8.78e-05	0.00020136
Carteret	0.099	26.109	66.109	4.951	589.149	592.149	1.42e-06	0.00037554	0.00095088	7.121e-05	0.00847404	0.00851719
Duplin	0.592	564.445	1611.445	0.037	17.455	37.455	1.006e-05	0.00959027	0.02737945	6.3e-07	0.00029657	0.00063638
Rowan	0.867	409.734	1180.734	0.197	55.261	93.261	6.14e-06	0.00290053	0.00835847	1.39e-06	0.0003912	0.0006602
Bladen	40.736	4847.733	5012.733	0.0	0.0	2.0	0.00122736	0.14606005	0.15103143	0.0	0.0	6.026e-05
Alleghany	0.847	211.443	240.443	0.0	0.0	0.0	7.589e-05	0.01894481	0.02154314	0.0	0.0	0.0
Graham	1.1	130.919	134.919	0.0	0.0	0.0	0.00012966	0.01543128	0.01590276	0.0	0.0	0.0
Madison	0.0	0.0	4.0	0.0	0.0	0.0	0.0	0.0	0.0001838	0.0	0.0	0.0
Bertie	0.057	36.635	170.635	0.0	0.0	4.0	3e-06	0.00192552	0.00896852	0.0	0.0	0.00021024
Wake	4.039	1909.038	4209.038	0.125	35.056	75.056	3.7e-06	0.00174772	0.00385335	1.1e-07	3.209e-05	6.871e-05
Edgecombe	0.272	122.72	351.72	0.0	0.0	9.0	5.23e-06	0.00235977	0.0067632	0.0	0.0	0.00017306
Stokes	0.147	73.059	159.059	0.0	0.0	0.0	3.23e-06	0.00160686	0.00349834	0.0	0.0	0.0
Guilford	3.942	1697.011	3362.011	0.07	45.234	123.234	7.39e-06	0.00317989	0.00629979	1.3e-07	8.476e-05	0.00023092
Scotland	0.0	6.048	104.048	0.07	45.234	45.234	0.0	0.00017374	0.00298903	2.01e-06	0.00129945	0.00129945
Northampton	0.048	38.82	203.82	0.008	3.415	17.415	2.44e-06	0.00197296	0.01035881	4.1e-07	0.00017356	0.00088509
Pasquotank	0.115	57.062	176.062	0.116	34.647	47.647	2.9e-06	0.00143954	0.00444164	2.93e-06	0.00087406	0.00120202
Johnston	0.748	481.99	1129.99	0.044	16.605	39.605	3.69e-06	0.00237814	0.00557538	2.2e-07	8.193e-05	0.00019541
Davie	0.099	78.98	197.98	0.0	0.0	2.0	2.32e-06	0.00184822	0.00463295	0.0	0.0	4.68e-05
Hertford	0.0	70.779	205.779	0.009	5.807	8.807	0.0	0.00299163	0.0086977	3.8e-07	0.00024545	0.00037225
Unassigned	0.0	0.0	1.0	0.039	25.131	27.131	N/A	N/A	N/A	N/A	N/A	N/A
Randolph	0.912	453.682	1254.682	0.077	23.098	38.098	6.36e-06	0.00316483	0.00875252	5.4e-07	0.00016113	0.00026577
Pamlico	0.001	0.891	13.891	0.077	23.098	23.098	8e-08	7.032e-05	0.00109637	6.08e-06	0.00182305	0.00182305
Hoke	0.007	86.592	364.592	0.0	0.0	1.0	1.3e-07	0.00158118	0.00665751	0.0	0.0	1.826e-05
Rockingham	0.0	51.205	167.205	0.0	0.0	2.0	0.0	0.00056462	0.0018437	0.0	0.0	2.205e-05
Stanly	0.253	151.762	269.762	0.0	0.0	4.0	4.08e-06	0.00244482	0.00434574	0.0	0.0	6.444e-05
Vance	0.0	84.209	454.209	0.0	9.346	35.346	0.0	0.00188886	0.01018817	0.0	0.00020964	0.00079283
Clay	0.0	0.0	8.0	0.0	9.347	9.347	0.0	0.0	0.0007182	0.0	0.00083912	0.00083912
Chatham	0.875	394.253	1127.253	0.126	33.234	69.234	1.196e-05	0.00539046	0.01541247	1.72e-06	0.0004544	0.00094661
Chowan	0.0	0.07	17.07	0.126	33.234	33.234	0.0	4.99e-06	0.00121677	8.98e-06	0.00236895	0.00236895
Pender	1.584	395.43	508.43	0.0	0.0	1.0	2.548e-05	0.00636128	0.00817911	0.0	0.0	1.609e-05
Franklin	0.112	72.159	262.159	0.0	0.0	22.0	1.66e-06	0.00106807	0.00388039	0.0	0.0	0.00032564
Rutherford	0.078	50.153	250.153	0.0	0.0	7.0	1.17e-06	0.0007505	0.00374335	0.0	0.0	0.00010475
Craven	0.119	76.628	315.628	0.002	0.925	5.925	1.16e-06	0.0007446	0.00306697	2e-08	8.99e-06	5.757e-05
Greene	0.086	55.181	159.181	0.0	0.0	2.0	4.09e-06	0.00262617	0.00757572	0.0	0.0	9.518e-05
New Hanover	0.318	190.89	460.89	0.013	4.591	9.591	1.37e-06	0.00082183	0.00198425	6e-08	1.977e-05	4.129e-05
Union	8.155	2035.365	2627.365	1.489	189.853	210.853	3.457e-05	0.00862779	0.01113724	6.31e-06	0.00080478	0.00089379
Swain	2.424	451.766	476.766	1.489	189.853	189.853	0.00017016	0.031714	0.03346901	0.00010453	0.01332769	0.01332769
Haywood	0.061	36.695	96.695	1.489	189.853	189.853	9.8e-07	0.00059213	0.00156033	2.403e-05	0.00306358	0.00306358
Dare	0.0	0.0	25.0	1.65	196.379	197.379	0.0	0.0	0.00068491	4.52e-05	0.0053801	0.0054075
Forsyth	2.502	1612.39	3428.39	0.128	48.198	65.198	6.6e-06	0.00425322	0.00904352	3.4e-07	0.00012714	0.00017198
Durham	3.493	1838.7	4018.7	0.079	25.181	74.181	1.103e-05	0.0058051	0.01268773	2.5e-07	7.95e-05	0.0002342
Pitt	0.519	258.236	655.236	0.0	0.0	2.0	2.88e-06	0.00143533	0.00364194	0.0	0.0	1.112e-05
Moore	0.154	99.078	358.078	0.017	6.228	17.228	1.56e-06	0.00100401	0.00362861	1.7e-07	6.311e-05	0.00017458
Burke	0.761	490.584	1057.584	0.021	7.845	23.845	8.42e-06	0.00542789	0.01170127	2.3e-07	8.68e-05	0.00026382
Gaston	0.808	332.921	698.921	0.076	17.924	25.924	3.63e-06	0.00149395	0.00313634	3.4e-07	8.043e-05	0.00011633
Warren	1.466	365.772	458.772	0.0	0.0	2.0	7.401e-05	0.0184668	0.02316211	0.0	0.0	0.00010097
Mecklenburg	7.531	4522.101	10204.101	0.096	61.658	171.658	6.88e-06	0.00413392	0.00932818	9e-08	5.637e-05	0.00015692
Cleveland	0.172	110.587	231.587	0.0	0.0	2.0	1.76e-06	0.00113254	0.00237172	0.0	0.0	2.048e-05
Granville	0.515	331.751	844.751	0.066	24.908	37.908	8.57e-06	0.00551861	0.01405225	1.1e-06	0.00041434	0.00063059
Sampson	0.612	394.305	1015.305	0.002	0.69	4.69	9.62e-06	0.00619723	0.01595739	3e-08	1.084e-05	7.371e-05
Caswell	0.215	138.619	235.619	0.0	0.0	1.0	9.47e-06	0.0061071	0.01038061	0.0	0.0	4.406e-05
Yancey	0.046	24.105	45.105	0.0	0.0	0.0	2.57e-06	0.00134642	0.00251941	0.0	0.0	0.0
Harnett	2.462	614.562	951.562	1.838	234.347	262.347	1.834e-05	0.00457897	0.00708989	1.369e-05	0.00174607	0.00195469
Watauga	0.191	90.277	131.277	1.838	234.347	234.347	3.41e-06	0.00161367	0.00234654	3.285e-05	0.00418888	0.00418888
Polk	8.465	1007.369	1055.369	0.0	0.0	4.0	0.0004107	0.04887531	0.05120416	0.0	0.0	0.00019407
Orange	0.268	172.692	577.692	0.001	0.232	40.232	1.84e-06	0.0011826	0.00395606	1e-08	1.59e-06	0.00027551
Nash	0.161	103.656	345.656	0.0	0.0	4.0	1.71e-06	0.00110254	0.00367657	0.0	0.0	4.255e-05
Jackson	0.046	29.711	79.711	0.0	0.0	1.0	1.06e-06	0.00068574	0.00183975	0.0	0.0	2.308e-05
