Name	Predicted_New_Cases	Total_Predicted_New_Cases	Total_Predicted_Cases	Predicted_New_Deaths	Total_Predicted_New_Deaths	Total_Predicted_Deaths	Predicted_New_per_capita	Predicted_Total_New_per_capita	Predicted_Total_Cases_per_capita	Predicted_New_Deaths_per_capita	Total_Predicted_New_Deaths_per_capita	Total_Predicted_Deaths_per_capita
Transylvania	0.069	1.947	9.947	9.506	267.558	267.558	2.02e-06	5.69e-05	0.00029072	0.00027783	0.0078199	0.0078199
Cumberland	9.179	242.289	572.289	0.448	8.457	16.457	2.762e-05	0.00072906	0.00172205	1.35e-06	2.545e-05	4.952e-05
Jones	13.138	108.027	127.027	0.0	0.0	2.0	0.00136329	0.01120961	0.01318118	0.0	0.0	0.00020753
Brunswick	0.41	11.54	61.54	0.0	0.0	2.0	3e-06	8.439e-05	0.00045004	0.0	0.0	1.463e-05
Wayne	2.363	90.527	778.527	0.16	5.229	17.229	1.917e-05	0.00073451	0.00631675	1.3e-06	4.243e-05	0.00013979
Onslow	1.215	28.002	80.002	0.73	6.0	8.0	6.15e-06	0.00014165	0.0004047	3.69e-06	3.035e-05	4.047e-05
Anson	0.872	22.463	53.463	0.73	6.0	6.0	3.505e-05	0.00090296	0.00214909	2.934e-05	0.00024119	0.00024119
Cherokee	0.138	3.896	22.896	0.0	0.0	1.0	4.86e-06	0.00013727	0.00080668	0.0	0.0	3.523e-05
Gates	0.149	4.183	14.183	0.0	0.0	0.0	1.287e-05	0.00036144	0.00122552	0.0	0.0	0.0
Beaufort	0.0	1.415	23.415	0.0	0.0	0.0	0.0	3.006e-05	0.00049736	0.0	0.0	0.0
Wilson	2.127	59.859	251.859	0.213	4.605	12.605	2.611e-05	0.00073487	0.003092	2.61e-06	5.653e-05	0.00015475
Montgomery	0.908	27.466	68.466	0.172	3.956	5.956	3.33e-05	0.00100715	0.00251058	6.31e-06	0.00014506	0.0002184
Avery	0.0	0.0	0.0	0.0	0.0	0.0	0.0	0.0	0.0	0.0	0.0	0.0
Iredell	2.169	54.418	192.418	0.322	5.433	11.433	1.216e-05	0.00030497	0.00107836	1.8e-06	3.045e-05	6.407e-05
Tyrrell	0.0	0.0	4.0	0.322	5.433	5.433	0.0	0.0	0.00096829	7.795e-05	0.00131518	0.00131518
Currituck	0.261	7.355	12.355	0.322	5.433	5.433	9.64e-06	0.00027168	0.00045638	1.189e-05	0.00020069	0.00020069
Buncombe	2.67	65.205	144.205	0.791	12.578	17.578	1.03e-05	0.00025166	0.00055655	3.05e-06	4.854e-05	6.784e-05
Ashe	0.087	2.453	7.453	0.791	12.578	12.578	3.21e-06	9.049e-05	0.00027493	2.918e-05	0.00046398	0.00046398
Lincoln	1.07	21.231	58.231	0.791	12.578	12.578	1.277e-05	0.00025344	0.00069513	9.44e-06	0.00015015	0.00015015
Columbus	8.081	208.206	385.206	1.109	19.818	30.818	0.0001452	0.00374101	0.00692132	1.993e-05	0.00035609	0.00055373
Camden	0.0	0.0	2.0	1.109	19.818	19.818	0.0	0.0	0.00018674	0.00010355	0.00185042	0.00185042
Hyde	0.0	0.0	1.0	1.109	19.818	19.818	0.0	0.0	0.0001912	0.00021205	0.00378929	0.00378929
Alexander	0.01	0.289	6.289	1.109	19.818	19.818	2.7e-07	7.74e-06	0.00016837	2.969e-05	0.00053056	0.00053056
Henderson	9.046	195.499	408.499	5.731	70.445	92.445	7.748e-05	0.00167454	0.00349898	4.909e-05	0.00060339	0.00079183
Mitchell	0.0	0.0	5.0	5.731	70.445	70.445	0.0	0.0	0.00033333	0.00038207	0.00469633	0.00469633
Wilkes	155.032	1274.722	1421.722	0.0	0.0	1.0	0.00226136	0.01859361	0.02073781	0.0	0.0	1.459e-05
Lee	7.346	206.762	434.762	0.0	0.0	0.0	0.00011954	0.00336461	0.00707482	0.0	0.0	0.0
Caldwell	0.528	14.857	59.857	0.0	0.0	0.0	6.44e-06	0.00018112	0.00072971	0.0	0.0	0.0
Washington	0.0	0.226	25.226	1.971	16.206	19.206	0.0	1.906e-05	0.00212716	0.0001662	0.00136656	0.00161953
Richmond	1.838	49.631	114.631	0.0	0.0	2.0	4.095e-05	0.00110569	0.00255377	0.0	0.0	4.456e-05
Yadkin	2.697	50.898	77.898	0.0	0.0	1.0	7.184e-05	0.00135573	0.0020749	0.0	0.0	2.664e-05
Robeson	11.654	300.262	623.262	0.0	0.0	3.0	8.84e-05	0.00227763	0.00472773	0.0	0.0	2.276e-05
Surry	0.395	11.103	31.103	0.0	0.0	0.0	5.49e-06	0.00015432	0.0004323	0.0	0.0	0.0
Macon	0.172	3.956	6.956	0.0	0.0	1.0	4.87e-06	0.00011212	0.00019714	0.0	0.0	2.834e-05
Martin	0.348	9.806	34.806	0.0	0.0	1.0	1.535e-05	0.00043253	0.00153527	0.0	0.0	4.411e-05
Davidson	0.0	17.757	208.757	0.008	4.979	14.979	0.0	0.00010658	0.00125294	5e-08	2.988e-05	8.99e-05
Person	10.618	80.38	103.38	0.0	0.0	1.0	0.00026876	0.00203458	0.00261675	0.0	0.0	2.531e-05
Perquimans	0.284	8.136	22.136	0.0	0.0	0.0	2.116e-05	0.00060617	0.00164923	0.0	0.0	0.0
Alamance	3.131	88.126	216.126	0.0	0.0	3.0	1.881e-05	0.00052949	0.00129855	0.0	0.0	1.802e-05
Catawba	0.359	12.309	77.309	0.0	0.0	1.0	2.26e-06	7.758e-05	0.00048729	0.0	0.0	6.3e-06
Lenoir	3.814	98.263	193.263	0.0	0.0	4.0	6.814e-05	0.00175545	0.0034526	0.0	0.0	7.146e-05
Halifax	0.0	7.971	80.971	0.0	0.0	1.0	0.0	0.00015761	0.00160104	0.0	0.0	1.977e-05
McDowell	0.328	9.231	37.231	0.0	0.0	1.0	7.21e-06	0.00020285	0.00081814	0.0	0.0	2.197e-05
Cabarrus	4.74	133.419	459.419	0.737	15.929	31.929	2.243e-05	0.00063129	0.00217382	3.49e-06	7.537e-05	0.00015108
Carteret	0.116	3.509	32.509	0.0	0.0	3.0	1.67e-06	5.047e-05	0.00046759	0.0	0.0	4.315e-05
Duplin	5.036	132.913	278.913	0.0	0.0	3.0	8.556e-05	0.00225827	0.00473891	0.0	0.0	5.097e-05
Rowan	0.072	50.453	489.453	0.082	5.798	30.798	5.1e-07	0.00035716	0.00346486	5.8e-07	4.104e-05	0.00021802
Bladen	1.591	44.786	84.786	0.082	5.798	5.798	4.794e-05	0.00134938	0.00255456	2.47e-06	0.00017469	0.00017469
Alleghany	9.124	75.018	82.018	0.082	5.798	5.798	0.00081749	0.00672144	0.00734862	7.35e-06	0.00051949	0.00051949
Graham	0.0	0.0	2.0	0.082	5.798	5.798	0.0	0.0	0.00023574	9.67e-06	0.0006834	0.0006834
Madison	0.0	0.0	1.0	0.082	5.798	5.798	0.0	0.0	4.595e-05	3.77e-06	0.00026642	0.00026642
Bertie	0.897	25.241	78.241	0.0	0.124	2.124	4.715e-05	0.00132666	0.00411232	0.0	6.52e-06	0.00011164
Wake	15.428	434.222	1392.222	1.094	23.643	44.643	1.412e-05	0.00039753	0.00127457	1e-06	2.165e-05	4.087e-05
Edgecombe	3.458	86.757	214.757	1.077	18.175	23.175	6.649e-05	0.00166824	0.00412955	2.071e-05	0.00034949	0.00044563
Stokes	0.0	0.0	11.0	1.077	18.175	18.175	0.0	0.0	0.00024193	2.369e-05	0.00039974	0.00039974
Guilford	10.995	309.46	836.46	2.05	44.302	79.302	2.06e-05	0.00057987	0.00156737	3.84e-06	8.301e-05	0.0001486
Scotland	0.516	15.588	47.588	2.05	44.302	44.302	1.482e-05	0.0004478	0.00136708	5.889e-05	0.00127268	0.00127268
Northampton	0.733	20.625	113.625	0.305	6.596	11.596	3.725e-05	0.00104823	0.0057748	1.55e-05	0.00033523	0.00058935
Pasquotank	0.182	5.604	43.604	0.577	16.226	18.226	4.59e-06	0.00014138	0.00110003	1.456e-05	0.00040934	0.0004598
Johnston	3.693	95.161	284.161	0.937	16.744	33.744	1.822e-05	0.00046953	0.00140205	4.62e-06	8.262e-05	0.00016649
Davie	0.022	3.289	34.289	0.0	0.0	2.0	5.1e-07	7.697e-05	0.0008024	0.0	0.0	4.68e-05
Hertford	0.022	15.446	61.446	0.0	0.0	1.0	9.3e-07	0.00065286	0.00259715	0.0	0.0	4.227e-05
Unassigned	0.0	0.0	1.0	0.577	16.226	18.226	N/A	N/A	N/A	N/A	N/A	N/A
Randolph	8.681	244.336	529.336	0.081	1.742	6.742	6.056e-05	0.00170446	0.00369259	5.7e-07	1.215e-05	4.703e-05
Pamlico	0.072	2.021	10.021	0.081	1.742	1.742	5.68e-06	0.00015951	0.00079092	6.39e-06	0.00013749	0.00013749
Hoke	3.569	100.458	203.458	0.081	1.742	1.742	6.517e-05	0.00183438	0.00371518	1.48e-06	3.181e-05	3.181e-05
Rockingham	0.264	7.572	41.572	0.0	0.0	2.0	2.91e-06	8.349e-05	0.0004584	0.0	0.0	2.205e-05
Stanly	0.0	0.568	30.568	0.0	0.0	4.0	0.0	9.15e-06	0.00049244	0.0	0.0	6.444e-05
Vance	4.397	123.756	243.756	0.432	9.331	19.331	9.863e-05	0.00277592	0.00546759	9.69e-06	0.0002093	0.00043361
Clay	0.0	0.0	6.0	0.432	9.331	9.331	0.0	0.0	0.00053865	3.878e-05	0.00083769	0.00083769
Chatham	10.688	317.687	729.687	0.509	12.076	23.076	0.00014613	0.00434361	0.00997672	6.96e-06	0.00016511	0.00031551
Chowan	0.0	0.067	7.067	0.509	12.076	12.076	0.0	4.78e-06	0.00050374	3.628e-05	0.00086079	0.00086079
Pender	10.803	88.822	107.822	0.0	0.0	1.0	0.00017379	0.00142888	0.00173453	0.0	0.0	1.609e-05
Franklin	0.0	3.746	109.746	0.0	3.677	25.677	0.0	5.545e-05	0.00162442	0.0	5.443e-05	0.00038006
Rutherford	0.92	48.559	195.559	0.013	0.504	6.504	1.377e-05	0.00072665	0.00292639	1.9e-07	7.54e-06	9.733e-05
Craven	0.437	10.953	54.953	0.0	0.0	4.0	4.25e-06	0.00010643	0.00053398	0.0	0.0	3.887e-05
Greene	11.387	93.624	115.624	0.0	0.0	0.0	0.00054193	0.00445574	0.00550276	0.0	0.0	0.0
New Hanover	0.379	10.674	107.674	0.0	0.0	3.0	1.63e-06	4.595e-05	0.00046356	0.0	0.0	1.292e-05
Union	5.242	147.554	425.554	0.714	15.429	30.429	2.222e-05	0.00062547	0.0018039	3.03e-06	6.54e-05	0.00012899
Swain	0.0	0.846	4.846	0.714	15.429	15.429	0.0	5.939e-05	0.00034019	5.012e-05	0.00108312	0.00108312
Haywood	25.465	192.769	210.769	0.714	15.429	15.429	0.00041092	0.00311063	0.00340109	1.152e-05	0.00024897	0.00024897
Dare	0.031	0.865	18.865	0.0	0.0	1.0	8.5e-07	2.37e-05	0.00051684	0.0	0.0	2.74e-05
Forsyth	10.435	281.782	610.782	0.0	0.0	5.0	2.753e-05	0.00074329	0.00161114	0.0	0.0	1.319e-05
Durham	15.704	442.011	1260.011	1.975	42.683	72.683	4.958e-05	0.00139551	0.00397807	6.24e-06	0.00013476	0.00022947
Pitt	1.714	48.247	195.247	0.0	0.0	2.0	9.53e-06	0.00026817	0.00108522	0.0	0.0	1.112e-05
Moore	1.259	41.06	189.06	0.0	0.0	6.0	1.276e-05	0.00041608	0.00191585	0.0	0.0	6.08e-05
Burke	2.75	68.992	185.992	0.3	5.058	15.058	3.043e-05	0.00076334	0.00205784	3.32e-06	5.596e-05	0.0001666
Gaston	1.077	33.632	188.632	0.0	0.0	4.0	4.83e-06	0.00015092	0.00084647	0.0	0.0	1.795e-05
Warren	1.358	34.066	52.066	0.0	0.0	0.0	6.856e-05	0.0017199	0.00262867	0.0	0.0	0.0
Mecklenburg	22.925	619.043	2489.043	0.927	24.48	82.48	2.096e-05	0.0005659	0.00227538	8.5e-07	2.238e-05	7.54e-05
Cleveland	0.0	0.177	48.177	0.0	0.0	2.0	0.0	1.81e-06	0.00049339	0.0	0.0	2.048e-05
Granville	2.527	65.1	226.1	0.325	5.808	11.808	4.204e-05	0.00108292	0.00376112	5.41e-06	9.661e-05	0.00019642
Sampson	11.391	225.996	333.996	0.0	0.0	1.0	0.00017903	0.00355194	0.00524936	0.0	0.0	1.572e-05
Caswell	5.219	88.065	124.065	0.0	0.0	0.0	0.00022993	0.00387986	0.0054659	0.0	0.0	0.0
Yancey	0.0	0.0	1.0	0.0	0.0	0.0	0.0	0.0	5.586e-05	0.0	0.0	0.0
Harnett	0.0	34.63	226.63	0.008	3.218	13.218	0.0	0.00025802	0.00168857	6e-08	2.398e-05	9.848e-05
Watauga	0.172	3.956	12.956	0.008	3.218	3.218	3.07e-06	7.071e-05	0.00023158	1.4e-07	5.752e-05	5.752e-05
Polk	0.822	23.15	50.15	0.008	3.218	3.218	3.988e-05	0.00112319	0.00243317	3.9e-07	0.00015613	0.00015613
Orange	1.527	42.981	272.981	1.134	24.515	44.515	1.046e-05	0.00029434	0.00186939	7.77e-06	0.00016788	0.00030484
Nash	1.461	41.107	147.107	0.115	3.246	6.246	1.554e-05	0.00043723	0.0015647	1.22e-06	3.453e-05	6.644e-05
Jackson	0.717	20.194	40.194	0.115	3.246	3.246	1.655e-05	0.00046608	0.00092769	2.65e-06	7.492e-05	7.492e-05
