Name	Predicted_New_Cases	Total_Predicted_New_Cases	Total_Predicted_Cases	Predicted_New_Deaths	Total_Predicted_New_Deaths	Total_Predicted_Deaths	Predicted_New_per_capita	Predicted_Total_New_per_capita	Predicted_Total_Cases_per_capita	Predicted_New_Deaths_per_capita	Total_Predicted_New_Deaths_per_capita	Total_Predicted_Deaths_per_capita
Cumberland	15.842	1266.684	3960.684	0.0	0.808	50.808	4.767e-05	0.00381152	0.01191792	0.0	2.43e-06	0.00015288
Jones	26.554	542.16	600.16	0.0	0.0	3.0	0.00275542	0.05625817	0.06227664	0.0	0.0	0.0003113
Brunswick	4.787	382.737	1556.737	0.244	13.85	29.85	3.501e-05	0.00279893	0.01138432	1.78e-06	0.00010128	0.00021829
Wayne	3.247	307.726	2606.726	0.072	4.96	41.96	2.635e-05	0.0024968	0.02115025	5.8e-07	4.024e-05	0.00034045
Onslow	6.761	540.55	1457.55	0.109	6.176	16.176	3.42e-05	0.00273443	0.00737317	5.5e-07	3.124e-05	8.183e-05
Anson	1.177	88.849	389.849	0.0	0.0	2.0	4.731e-05	0.00357153	0.01567106	0.0	0.0	8.04e-05
Cherokee	2.449	202.14	437.14	0.033	2.622	5.622	8.628e-05	0.00712187	0.01540147	1.16e-06	9.238e-05	0.00019808
Gates	0.001	6.297	49.297	0.0	0.0	2.0	9e-08	0.00054411	0.00425966	0.0	0.0	0.00017282
Beaufort	5.158	367.615	706.615	0.0	0.0	2.0	0.00010956	0.00780847	0.01500913	0.0	0.0	4.248e-05
Wilson	0.0	172.195	1554.195	0.001	3.505	37.505	0.0	0.00211399	0.01908041	1e-08	4.303e-05	0.00046044
Avery	0.68	54.385	136.385	0.0	2.371	2.371	3.885e-05	0.00310683	0.0077912	0.0	0.00013545	0.00013545
Iredell	3.703	405.898	2075.898	0.132	12.144	30.144	2.075e-05	0.00227477	0.01163392	7.4e-07	6.806e-05	0.00016894
Currituck	0.252	31.081	101.081	0.0	0.0	0.0	9.31e-06	0.00114809	0.00373378	0.0	0.0	0.0
Buncombe	11.115	888.705	2545.705	0.425	24.143	70.143	4.29e-05	0.00342993	0.00982507	1.64e-06	9.318e-05	0.00027071
Ashe	2.093	124.209	243.209	0.0	0.0	1.0	7.721e-05	0.00458184	0.00897152	0.0	0.0	3.689e-05
Lincoln	3.94	315.043	1044.043	0.005	0.388	3.388	4.703e-05	0.00376081	0.01246321	6e-08	4.63e-06	4.044e-05
Columbus	3.955	264.305	1085.305	1.164	48.735	94.735	7.106e-05	0.00474899	0.01950058	2.091e-05	0.00087566	0.00170218
Camden	0.0	8.001	70.001	0.0	0.0	2.0	0.0	0.00074706	0.00653604	0.0	0.0	0.00018674
Hyde	0.091	7.278	44.278	0.0	0.0	0.0	1.74e-05	0.00139159	0.00846616	0.0	0.0	0.0
Alexander	1.748	135.724	430.724	0.0	0.067	2.067	4.68e-05	0.00363355	0.01153118	0.0	1.79e-06	5.534e-05
Henderson	0.0	211.164	1569.164	0.041	3.302	56.302	0.0	0.00180872	0.01344061	3.5e-07	2.828e-05	0.00048225
Mitchell	0.0	25.337	133.337	0.0	0.0	2.0	0.0	0.00168913	0.00888913	0.0	0.0	0.00013333
Wilkes	1.595	127.515	856.515	0.224	12.726	22.726	2.327e-05	0.00185999	0.01249347	3.27e-06	0.00018563	0.00033149
Lee	3.454	268.144	1446.144	0.068	3.686	13.686	5.621e-05	0.00436347	0.0235329	1.11e-06	5.998e-05	0.00022271
Caldwell	7.463	596.684	1699.684	0.231	13.104	25.104	9.098e-05	0.00727406	0.02072053	2.82e-06	0.00015975	0.00030604
Washington	0.0	14.432	132.432	0.0	0.0	3.0	0.0	0.00121697	0.01116721	0.0	0.0	0.00025297
Richmond	2.397	180.91	658.91	0.017	0.9	8.9	5.34e-05	0.00403034	0.01467931	3.8e-07	2.005e-05	0.00019828
Yadkin	0.892	93.828	579.828	0.0	0.0	6.0	2.376e-05	0.00249921	0.01544437	0.0	0.0	0.00015982
Robeson	25.573	1766.934	4372.934	0.0	0.151	51.151	0.00019398	0.01340302	0.03317076	0.0	1.15e-06	0.000388
Surry	4.232	338.353	1198.353	0.336	19.093	26.093	5.882e-05	0.00470274	0.01665582	4.67e-06	0.00026537	0.00036266
Martin	1.863	124.519	363.519	0.0	0.0	6.0	8.218e-05	0.00549244	0.01603454	0.0	0.0	0.00026466
Davidson	4.551	363.892	1998.892	0.033	1.874	18.874	2.731e-05	0.00218404	0.01199714	2e-07	1.125e-05	0.00011328
Person	1.143	91.386	282.386	0.969	19.787	21.787	2.893e-05	0.00231316	0.00714775	2.453e-05	0.00050085	0.00055147
Perquimans	0.4	31.952	96.952	0.0	0.0	2.0	2.98e-05	0.00238057	0.00722336	0.0	0.0	0.00014901
Alamance	6.621	668.924	2857.924	0.049	3.804	44.804	3.978e-05	0.00401911	0.01717131	2.9e-07	2.286e-05	0.0002692
Catawba	4.119	476.905	2359.905	0.096	9.637	33.637	2.596e-05	0.00300598	0.01487473	6.1e-07	6.074e-05	0.00021202
Lenoir	2.428	167.75	698.75	0.128	5.654	17.654	4.338e-05	0.00299682	0.01248303	2.29e-06	0.00010101	0.00031539
Halifax	3.385	270.66	892.66	0.092	5.237	11.237	6.693e-05	0.00535176	0.01765057	1.82e-06	0.00010355	0.00022219
McDowell	3.388	270.86	865.86	0.359	20.402	29.402	7.445e-05	0.00595205	0.01902696	7.89e-06	0.00044833	0.0006461
Cabarrus	9.017	720.987	3095.987	0.435	24.705	69.705	4.267e-05	0.00341147	0.01464918	2.06e-06	0.0001169	0.00032982
Carteret	3.451	275.906	561.906	0.003	0.187	5.187	4.964e-05	0.0039685	0.00808219	4e-08	2.69e-06	7.461e-05
Duplin	0.096	153.507	2077.507	0.055	9.089	51.089	1.63e-06	0.00260818	0.03529813	9.3e-07	0.00015443	0.00086803
Rowan	2.745	319.426	2305.426	0.036	3.667	51.667	1.943e-05	0.00226123	0.01632021	2.5e-07	2.596e-05	0.00036575
Bladen	1.916	148.746	725.746	0.117	6.352	13.352	5.773e-05	0.00448165	0.02186641	3.53e-06	0.00019138	0.00040229
Alleghany	0.4	31.952	98.952	0.117	6.352	6.352	3.584e-05	0.00286283	0.00886587	1.048e-05	0.00056912	0.00056912
Graham	0.395	28.148	54.148	0.117	6.352	6.352	4.656e-05	0.00331777	0.00638237	1.379e-05	0.0007487	0.0007487
Madison	0.367	27.682	65.682	0.117	6.352	6.352	1.686e-05	0.00127198	0.00301806	5.38e-06	0.00029187	0.00029187
Bertie	1.422	113.724	358.724	0.0	0.0	5.0	7.474e-05	0.00597729	0.01885441	0.0	0.0	0.0002628
Wake	48.844	3905.326	14874.326	1.04	76.288	208.288	4.472e-05	0.00357531	0.01361737	9.5e-07	6.984e-05	0.00019069
Edgecombe	3.351	252.963	826.963	0.044	2.255	13.255	6.444e-05	0.00486421	0.01590161	8.5e-07	4.336e-05	0.00025488
Stokes	1.908	127.519	383.519	0.086	6.129	9.129	4.196e-05	0.00280465	0.00843511	1.89e-06	0.0001348	0.00020078
Guilford	11.909	1277.35	6444.35	0.254	20.298	167.298	2.232e-05	0.00239352	0.01207553	4.8e-07	3.803e-05	0.00031349
Scotland	1.523	121.782	394.782	0.0	0.0	2.0	4.375e-05	0.00349848	0.01134105	0.0	0.0	5.745e-05
Pasquotank	4.589	260.53	611.53	0.0	0.0	17.0	0.00011577	0.00657257	0.01542748	0.0	0.0	0.00042887
Johnston	18.212	1258.362	4258.362	0.695	30.774	74.774	8.986e-05	0.00620877	0.02101079	3.43e-06	0.00015184	0.00036894
Davie	1.184	94.686	455.686	0.0	0.0	4.0	2.771e-05	0.00221576	0.01066356	0.0	0.0	9.36e-05
Hertford	1.461	116.833	393.833	0.0	0.0	11.0	6.175e-05	0.00493821	0.01664622	0.0	0.0	0.00046494
Unassigned	0.0	0.0	1.0	0.273	21.849	23.849	N/A	N/A	N/A	N/A	N/A	N/A
Randolph	3.067	363.83	2412.83	0.021	2.187	38.187	2.14e-05	0.00253804	0.01683162	1.5e-07	1.526e-05	0.00026639
Hoke	2.005	194.684	860.684	0.038	2.726	10.726	3.661e-05	0.00355496	0.01571624	6.9e-07	4.978e-05	0.00019586
Rockingham	2.513	200.933	661.933	0.26	14.785	21.785	2.771e-05	0.0022156	0.00729885	2.87e-06	0.00016303	0.00024021
Stanly	2.761	290.493	1174.493	0.066	5.645	16.645	4.448e-05	0.00467971	0.01892055	1.06e-06	9.094e-05	0.00026814
Vance	2.202	176.074	903.074	0.0	0.0	40.0	4.939e-05	0.00394944	0.02025647	0.0	0.0	0.00089722
Clay	0.398	44.485	109.485	0.0	0.0	0.0	3.573e-05	0.00399363	0.00982898	0.0	0.0	0.0
Chatham	2.785	222.683	1442.683	0.087	6.991	56.991	3.808e-05	0.00304465	0.01972522	1.19e-06	9.559e-05	0.00077921
Chowan	1.618	129.358	255.358	0.0	0.0	1.0	0.00011533	0.00922076	0.01820215	0.0	0.0	7.128e-05
Franklin	3.235	286.932	1060.932	0.135	8.68	33.68	4.788e-05	0.00424707	0.01570355	2e-06	0.00012848	0.00049852
Rutherford	3.652	292.028	930.028	0.066	3.744	16.744	5.465e-05	0.00436998	0.01391716	9.9e-07	5.603e-05	0.00025056
Craven	2.621	223.958	849.958	0.055	3.427	13.427	2.547e-05	0.00217621	0.00825908	5.3e-07	3.33e-05	0.00013047
Greene	0.83	66.334	371.334	0.0	0.0	3.0	3.95e-05	0.00315696	0.01767247	0.0	0.0	0.00014278
New Hanover	6.71	706.085	3028.085	0.121	10.359	29.359	2.889e-05	0.00303988	0.01303669	5.2e-07	4.46e-05	0.0001264
Union	12.169	973.005	3735.005	0.554	31.445	70.445	5.158e-05	0.00412451	0.01583246	2.35e-06	0.00013329	0.00029861
Swain	0.498	38.663	141.663	0.0	0.0	2.0	3.496e-05	0.00271415	0.00994475	0.0	0.0	0.0001404
Haywood	3.207	228.577	523.577	0.0	0.0	6.0	5.175e-05	0.00368845	0.00844874	0.0	0.0	9.682e-05
Dare	0.0	15.643	213.643	0.0	0.0	1.0	0.0	0.00042856	0.00585307	0.0	0.0	2.74e-05
Forsyth	11.897	1055.308	5938.308	0.378	24.329	73.329	3.138e-05	0.00278373	0.01566427	1e-06	6.418e-05	0.00019343
Durham	14.11	1205.807	7035.807	0.029	5.112	82.112	4.455e-05	0.00380694	0.02221326	9e-08	1.614e-05	0.00025924
Pitt	12.818	995.14	2734.14	0.102	5.535	16.535	7.125e-05	0.0055312	0.01519693	5.7e-07	3.076e-05	9.191e-05
Moore	4.091	327.086	1215.086	0.353	20.025	40.025	4.146e-05	0.00331455	0.01231315	3.58e-06	0.00020292	0.0004056
Burke	3.891	368.728	1918.728	0.067	4.599	30.599	4.305e-05	0.00407966	0.02122909	7.4e-07	5.088e-05	0.00033855
Gaston	11.927	1096.452	4090.452	0.582	38.895	75.895	5.352e-05	0.00492022	0.01835551	2.61e-06	0.00017454	0.00034057
Warren	0.803	64.194	303.194	0.0	0.0	6.0	4.054e-05	0.00324098	0.01530742	0.0	0.0	0.00030292
Mecklenburg	68.025	5614.254	26293.254	0.224	25.914	235.914	6.219e-05	0.00513232	0.02403623	2e-07	2.369e-05	0.00021566
Cleveland	7.11	568.519	1567.519	0.145	8.236	22.236	7.281e-05	0.00582231	0.01605324	1.48e-06	8.435e-05	0.00022772
Granville	2.941	235.117	1399.117	0.0	0.0	25.0	4.892e-05	0.00391112	0.02327401	0.0	0.0	0.00041587
Sampson	0.312	111.77	1528.77	0.039	5.343	17.343	4.9e-06	0.00175667	0.02402744	6.1e-07	8.398e-05	0.00027258
Caswell	0.256	20.493	203.493	0.0	0.0	2.0	1.128e-05	0.00090285	0.00896524	0.0	0.0	8.811e-05
Yancey	0.0	2.151	96.151	0.0	0.0	0.0	0.0	0.00012015	0.00537066	0.0	0.0	0.0
Harnett	4.961	396.62	1519.62	0.224	12.726	48.726	3.696e-05	0.00295513	0.01132237	1.67e-06	9.482e-05	0.00036305
Watauga	1.719	137.419	388.419	0.224	12.726	12.726	3.073e-05	0.00245632	0.00694287	4e-06	0.00022747	0.00022747
Orange	4.403	352.045	1630.045	0.0	0.0	45.0	3.015e-05	0.00241082	0.01116263	0.0	0.0	0.00030816
Nash	9.98	643.015	1657.015	0.317	12.539	23.539	0.00010615	0.00683942	0.01762482	3.37e-06	0.00013337	0.00025037
Jackson	2.812	224.822	619.822	0.0	0.0	3.0	6.49e-05	0.00518896	0.01430568	0.0	0.0	6.924e-05
