Name	Predicted_New_Cases	Total_Predicted_New_Cases	Total_Predicted_Cases	Predicted_New_Deaths	Total_Predicted_New_Deaths	Total_Predicted_Deaths	Predicted_New_per_capita	Predicted_Total_New_per_capita	Predicted_Total_Cases_per_capita	Predicted_New_Deaths_per_capita	Total_Predicted_New_Deaths_per_capita	Total_Predicted_Deaths_per_capita
Transylvania	1.202	276.139	287.139	0.114	348.366	348.366	3.513e-05	0.0080707	0.0083922	3.33e-06	0.01018167	0.01018167
Cumberland	0.179	403.387	991.387	0.039	27.551	43.551	5.4e-07	0.00121381	0.00298314	1.2e-07	8.29e-05	0.00013105
Jones	0.266	110.638	138.638	0.0	0.0	3.0	2.76e-05	0.01148054	0.01438601	0.0	0.0	0.0003113
Brunswick	0.575	269.394	343.394	0.0	0.0	2.0	4.2e-06	0.00197006	0.00251122	0.0	0.0	1.463e-05
Wayne	0.519	635.942	1666.942	0.067	35.438	53.438	4.21e-06	0.00515986	0.0135251	5.4e-07	0.00028753	0.00043358
Onslow	0.033	74.727	172.727	0.0	0.0	2.0	1.7e-07	0.00037801	0.00087376	0.0	0.0	1.012e-05
Anson	0.0	25.844	84.844	0.0	0.0	0.0	0.0	0.00103887	0.00341054	0.0	0.0	0.0
Cherokee	1.703	391.188	421.188	0.0	0.0	1.0	6e-05	0.01378248	0.01483945	0.0	0.0	3.523e-05
Gates	0.004	11.481	34.481	0.0	0.0	1.0	3.5e-07	0.00099205	0.00297943	0.0	0.0	8.641e-05
Beaufort	0.022	29.795	64.795	0.0	0.0	0.0	4.7e-07	0.00063287	0.0013763	0.0	0.0	0.0
Wilson	1.718	853.67	1172.67	0.0	0.0	9.0	2.109e-05	0.01048027	0.01439654	0.0	0.0	0.00011049
Montgomery	0.643	340.057	426.057	0.0	0.067	3.067	2.358e-05	0.01246955	0.01562308	0.0	2.46e-06	0.00011246
Avery	0.0	0.0	2.0	0.0	0.067	0.067	0.0	0.0	0.00011425	0.0	3.83e-06	3.83e-06
Iredell	0.045	135.968	365.968	0.0	0.0	6.0	2.5e-07	0.000762	0.00205099	0.0	0.0	3.363e-05
Tyrrell	0.0	0.0	4.0	0.0	0.0	0.0	0.0	0.0	0.00096829	0.0	0.0	0.0
Currituck	0.0	0.131	11.131	0.0	0.0	0.0	0.0	4.84e-06	0.00041116	0.0	0.0	0.0
Buncombe	0.22	341.319	617.319	0.071	42.929	57.929	8.5e-07	0.00131731	0.00238252	2.7e-07	0.00016568	0.00022358
Ashe	0.0	10.475	45.475	0.071	42.929	42.929	0.0	0.0003864	0.00167749	2.62e-06	0.00158357	0.00158357
Lincoln	0.047	52.092	112.092	0.071	42.929	42.929	5.6e-07	0.00062185	0.00133809	8.5e-07	0.00051246	0.00051246
Columbus	0.071	159.724	455.724	0.041	29.367	50.367	1.28e-06	0.00286989	0.00818837	7.4e-07	0.00052766	0.00090499
Camden	0.568	130.398	133.398	0.041	29.367	29.367	5.303e-05	0.01217535	0.01245546	3.83e-06	0.00274202	0.00274202
Hyde	0.0	0.0	1.0	0.041	29.367	29.367	0.0	0.0	0.0001912	7.84e-06	0.00561511	0.00561511
Alexander	0.002	24.976	51.976	0.041	29.367	29.367	5e-08	0.00066865	0.00139148	1.1e-06	0.0007862	0.0007862
Henderson	0.0	37.676	356.676	0.0	9.065	51.065	0.0	0.00032271	0.00305509	0.0	7.765e-05	0.0004374
Mitchell	0.0	3.986	12.986	0.0	9.066	9.066	0.0	0.00026573	0.00086573	0.0	0.0006044	0.0006044
Wilkes	0.0	242.06	720.06	0.601	138.066	141.066	0.0	0.00353078	0.01050309	8.77e-06	0.00201389	0.00205765
Lee	0.059	180.21	552.21	0.0	0.0	3.0	9.6e-07	0.00293253	0.00898604	0.0	0.0	4.882e-05
Caldwell	0.028	84.87	191.87	0.0	0.0	2.0	3.4e-07	0.00103463	0.00233905	0.0	0.0	2.438e-05
Washington	0.0	0.067	26.067	0.0	0.0	3.0	0.0	5.65e-06	0.00219808	0.0	0.0	0.00025297
Richmond	0.03	91.734	237.734	0.0	0.0	2.0	6.7e-07	0.00204367	0.00529628	0.0	0.0	4.456e-05
Yadkin	0.0	72.276	217.276	0.0	0.0	1.0	0.0	0.00192515	0.00578739	0.0	0.0	2.664e-05
Robeson	0.145	442.243	1112.243	0.008	6.096	18.096	1.1e-06	0.00335462	0.00843689	6e-08	4.624e-05	0.00013727
Surry	0.091	204.782	371.782	0.0	0.0	1.0	1.26e-06	0.00284625	0.00516737	0.0	0.0	1.39e-05
Macon	0.081	43.036	61.036	0.0	0.0	1.0	2.3e-06	0.00121967	0.0017298	0.0	0.0	2.834e-05
Martin	2.758	758.968	812.968	0.0	0.029	4.029	0.00012165	0.03347748	0.03585938	0.0	1.28e-06	0.00017772
Davidson	0.081	247.178	608.178	0.01	7.979	18.979	4.9e-07	0.00148354	0.00365022	6e-08	4.789e-05	0.00011391
Person	0.053	32.199	69.199	0.0	0.0	1.0	1.34e-06	0.00081502	0.00175156	0.0	0.0	2.531e-05
Perquimans	0.0	0.515	23.515	0.0	0.0	2.0	0.0	3.837e-05	0.00175197	0.0	0.0	0.00014901
Alamance	0.249	277.756	555.756	0.244	121.119	141.119	1.5e-06	0.00166885	0.00333916	1.47e-06	0.00072772	0.00084789
Catawba	0.824	465.692	617.692	0.568	130.398	133.398	5.19e-06	0.0029353	0.00389338	3.58e-06	0.00082191	0.00084082
Lenoir	0.039	117.513	310.513	0.021	16.183	23.183	7e-07	0.00209935	0.00554725	3.8e-07	0.00028911	0.00041416
Halifax	0.681	384.937	534.937	0.0	0.0	1.0	1.347e-05	0.00761136	0.01057731	0.0	0.0	1.977e-05
McDowell	3.272	751.706	802.706	0.0	0.0	1.0	7.19e-05	0.01651847	0.01763918	0.0	0.0	2.197e-05
Cabarrus	0.249	253.069	702.069	0.083	38.888	60.888	1.18e-06	0.00119744	0.00332196	3.9e-07	0.00018401	0.0002881
Carteret	0.0	0.056	36.056	0.0	2.869	11.869	0.0	8.1e-07	0.00051861	0.0	4.127e-05	0.00017072
Duplin	0.506	785.782	1444.782	0.056	33.825	46.825	8.6e-06	0.01335092	0.02454774	9.5e-07	0.00057471	0.00079559
Rowan	0.324	361.312	970.312	0.027	13.614	40.614	2.29e-06	0.00255774	0.00686888	1.9e-07	9.637e-05	0.00028751
Bladen	0.023	71.25	165.25	0.0	0.0	2.0	6.9e-07	0.00214673	0.00497891	0.0	0.0	6.026e-05
Alleghany	0.0	2.145	15.145	0.0	0.0	0.0	0.0	0.00019219	0.00135696	0.0	0.0	0.0
Graham	0.0	0.0	2.0	0.0	0.0	0.0	0.0	0.0	0.00023574	0.0	0.0	0.0
Madison	0.076	35.506	39.506	0.0	0.0	0.0	3.49e-06	0.00163148	0.00181528	0.0	0.0	0.0
Bertie	0.056	101.873	216.873	0.0	0.0	3.0	2.94e-06	0.00535441	0.01139877	0.0	0.0	0.00015768
Wake	0.563	873.886	2344.886	0.061	36.748	69.748	5.2e-07	0.00080004	0.00214673	6e-08	3.364e-05	6.385e-05
Edgecombe	0.017	51.554	241.554	0.018	14.307	23.307	3.3e-07	0.00099133	0.00464482	3.5e-07	0.00027511	0.00044817
Stokes	0.024	72.038	128.038	0.018	14.307	14.307	5.3e-07	0.0015844	0.00281606	4e-07	0.00031467	0.00031467
Guilford	0.045	699.065	1772.065	0.005	15.754	67.754	8e-08	0.00130992	0.00332053	1e-08	2.952e-05	0.00012696
Scotland	0.013	39.958	106.958	0.005	15.754	15.754	3.7e-07	0.00114789	0.00307262	1.4e-07	0.00045257	0.00045257
Northampton	0.008	22.961	162.961	0.021	16.42	28.42	4.1e-07	0.00116695	0.00828222	1.07e-06	0.00083452	0.0014444
Pasquotank	0.022	34.553	130.553	0.065	39.679	48.679	5.6e-07	0.00087169	0.00329355	1.64e-06	0.00100101	0.00122806
Johnston	1.197	725.592	1076.592	0.091	28.684	48.684	5.91e-06	0.00358008	0.00531191	4.5e-07	0.00014153	0.00024021
Davie	0.172	133.931	207.931	0.0	0.0	2.0	4.02e-06	0.00313414	0.00486582	0.0	0.0	4.68e-05
Hertford	6.027	1384.523	1453.523	0.0	0.0	1.0	0.00025474	0.05851993	0.06143637	0.0	0.0	4.227e-05
Unassigned	0.0	0.0	1.0	0.008	25.324	27.324	N/A	N/A	N/A	N/A	N/A	N/A
Randolph	0.122	370.991	971.991	0.012	9.383	19.383	8.5e-07	0.00258799	0.0067805	8e-08	6.545e-05	0.00013521
Pamlico	0.023	15.055	25.055	0.012	9.383	9.383	1.82e-06	0.00118824	0.00197751	9.5e-07	0.00074057	0.00074057
Hoke	0.094	145.35	342.35	0.0	0.0	1.0	1.72e-06	0.00265412	0.00625137	0.0	0.0	1.826e-05
Rockingham	6.795	1560.941	1632.941	0.0	0.0	2.0	7.493e-05	0.01721183	0.01800574	0.0	0.0	2.205e-05
Stanly	0.064	45.742	95.742	0.0	0.0	4.0	1.03e-06	0.00073688	0.00154236	0.0	0.0	6.444e-05
Vance	0.034	104.113	349.113	0.009	6.805	24.805	7.6e-07	0.00233531	0.00783081	2e-07	0.00015264	0.00055639
Clay	0.0	0.0	8.0	0.009	6.805	6.805	0.0	0.0	0.0007182	8.1e-07	0.00061092	0.00061092
Chatham	0.109	245.181	833.181	0.067	47.299	73.299	1.49e-06	0.00335226	0.01139175	9.2e-07	0.0006467	0.00100219
Chowan	0.0	3.574	18.574	0.067	47.299	47.299	0.0	0.00025476	0.00132397	4.78e-06	0.00337152	0.00337152
Pender	0.493	245.151	317.151	0.0	0.0	1.0	7.93e-06	0.00394374	0.00510201	0.0	0.0	1.609e-05
Franklin	0.059	72.683	217.683	0.0	0.0	22.0	8.7e-07	0.00107583	0.00322207	0.0	0.0	0.00032564
Rutherford	3.122	717.191	885.191	0.0	0.0	7.0	4.672e-05	0.01073222	0.01324621	0.0	0.0	0.00010475
Craven	0.085	259.11	451.11	0.0	0.0	4.0	8.3e-07	0.00251778	0.00438345	0.0	0.0	3.887e-05
Greene	0.05	67.679	132.679	0.001	3.374	5.374	2.38e-06	0.00322097	0.00631444	5e-08	0.00016057	0.00025576
New Hanover	0.029	88.695	244.695	0.005	4.222	8.222	1.2e-07	0.00038186	0.00105348	2e-08	1.818e-05	3.54e-05
Union	0.0	43.77	443.77	0.0	0.0	17.0	0.0	0.00018554	0.00188111	0.0	0.0	7.206e-05
Swain	0.054	30.236	40.236	0.0	0.0	0.0	3.79e-06	0.00212257	0.00282457	0.0	0.0	0.0
Haywood	0.274	154.865	194.865	0.0	0.0	0.0	4.42e-06	0.00249899	0.00314445	0.0	0.0	0.0
Dare	0.001	3.826	25.826	0.601	138.066	141.066	3e-08	0.00010482	0.00070754	1.647e-05	0.00378253	0.00386472
Forsyth	0.287	875.482	1844.482	0.005	3.751	12.751	7.6e-07	0.00230938	0.00486544	1e-08	9.89e-06	3.364e-05
Durham	7.045	3499.808	4811.808	1.907	492.848	536.848	2.224e-05	0.0110495	0.01519171	6.02e-06	0.00155601	0.00169492
Pitt	0.1	182.226	446.226	0.0	0.0	2.0	5.6e-07	0.00101285	0.00248022	0.0	0.0	1.112e-05
Moore	14.359	3298.307	3496.307	0.0	0.016	10.016	0.00014551	0.03342359	0.03543004	0.0	1.6e-07	0.0001015
Burke	0.071	216.787	512.787	0.002	1.408	15.408	7.9e-07	0.00239856	0.00567355	2e-08	1.558e-05	0.00017048
Gaston	0.04	122.581	369.581	0.003	2.347	8.347	1.8e-07	0.00055007	0.00165846	1e-08	1.053e-05	3.746e-05
Warren	9.934	2281.965	2335.965	0.003	2.347	2.347	0.00050154	0.11521003	0.11793634	1.5e-07	0.00011849	0.00011849
Mecklenburg	1.164	2121.559	5501.559	4.491	1031.678	1104.678	1.06e-06	0.00193944	0.0050293	4.11e-06	0.00094312	0.00100985
Cleveland	0.253	133.738	202.738	0.0	0.0	2.0	2.59e-06	0.00136963	0.00207628	0.0	0.0	2.048e-05
Granville	0.124	169.055	416.055	0.012	6.639	13.639	2.06e-06	0.00281219	0.00692098	2e-07	0.00011044	0.00022688
Sampson	0.293	454.917	862.917	0.0	0.0	1.0	4.61e-06	0.00714986	0.01356233	0.0	0.0	1.572e-05
Caswell	0.163	86.07	141.07	0.0	0.0	1.0	7.18e-06	0.00379196	0.00621509	0.0	0.0	4.406e-05
Yancey	0.002	7.206	17.206	0.0	0.0	0.0	1.1e-07	0.0004025	0.00096107	0.0	0.0	0.0
Harnett	0.027	83.18	358.18	0.042	32.84	53.84	2e-07	0.00061976	0.00266872	3.1e-07	0.00024468	0.00040115
Watauga	0.02	20.756	33.756	0.042	32.84	32.84	3.6e-07	0.00037101	0.00060338	7.5e-07	0.00058701	0.00058701
Polk	0.128	59.742	94.742	0.576	140.256	144.256	6.21e-06	0.00289855	0.00459667	2.795e-05	0.00680491	0.00699898
Orange	0.056	101.632	410.632	0.047	30.691	69.691	3.8e-07	0.00069598	0.00281203	3.2e-07	0.00021017	0.00047725
Nash	0.025	74.856	256.856	0.005	4.222	8.222	2.7e-07	0.0007962	0.00273205	5e-08	4.491e-05	8.745e-05
Jackson	0.021	20.931	47.931	0.0	0.0	1.0	4.8e-07	0.00048309	0.00110626	0.0	0.0	2.308e-05
