Name	Predicted_New_Cases	Total_Predicted_New_Cases	Total_Predicted_Cases	Predicted_New_Deaths	Total_Predicted_New_Deaths	Total_Predicted_Deaths	Predicted_New_per_capita	Predicted_Total_New_per_capita	Predicted_Total_Cases_per_capita	Predicted_New_Deaths_per_capita	Total_Predicted_New_Deaths_per_capita	Total_Predicted_Deaths_per_capita
Avery	0.046	212.462	218.462	0.0	2.363	2.363	2.63e-06	0.01213722	0.01247998	0.0	0.00013499	0.00013499
Henderson	0.0	377.414	804.414	0.003	48.718	96.718	0.0	0.00323272	0.00689017	3e-08	0.00041729	0.00082843
Mitchell	0.0	0.705	17.705	0.003	48.718	48.718	0.0	4.7e-05	0.00118033	2e-07	0.00324787	0.00324787
Alamance	0.0	1369.666	2069.666	0.003	69.938	101.938	0.0	0.00822939	0.01243521	2e-08	0.00042021	0.00061248
Lenoir	0.014	840.347	1126.347	0.052	108.726	116.726	2.5e-07	0.01501263	0.02012196	9.3e-07	0.00194237	0.00208529
Halifax	0.0	101.926	339.926	0.019	40.269	42.269	0.0	0.00201538	0.00672136	3.8e-07	0.00079624	0.00083579
Cabarrus	0.0	536.335	1222.335	0.0	30.809	55.809	0.0	0.00253776	0.00578368	0.0	0.00014578	0.00026407
Wake	0.0	2784.071	5676.071	0.0	23.532	65.532	0.0	0.0025488	0.00519642	0.0	2.154e-05	5.999e-05
Pamlico	0.099	323.093	338.093	0.0	19.844	19.844	7.81e-06	0.02550063	0.02668453	0.0	0.00156622	0.00156622
Chowan	0.054	112.752	131.752	0.0	77.732	77.732	3.85e-06	0.00803707	0.0093914	0.0	0.00554081	0.00554081
New Hanover	0.0	352.471	686.471	0.0	0.0	5.0	0.0	0.00151748	0.00295544	0.0	0.0	2.153e-05
Dare	0.195	410.73	435.73	0.0	1.243	2.243	5.34e-06	0.01125257	0.01193748	0.0	3.405e-05	6.145e-05
Gaston	0.0	470.978	954.978	0.0	7.699	15.699	0.0	0.00211347	0.00428537	0.0	3.455e-05	7.045e-05
Granville	0.0	1366.28	2023.28	0.0	38.055	53.055	0.0	0.02272777	0.03365682	0.0	0.00063304	0.00088256
