Franklin	3.0	0.0	0.0	0.0	0.00038521	0.0	15.0	6.0	3.75	0.00192605	0.00077042	0.0004815125	2020-03-22
Franklin	3.0	0.0	0.0	0.0	0.00038521	0.0	15.0	6.0	3.75	0.00192605	0.00077042	0.0004815125	2020-03-23
Franklin	3.0	0.0	0.0	0.0	0.00038521	0.0	15.0	6.0	3.75	0.00192605	0.00077042	0.0004815125	2020-03-24
Franklin	3.0	0.0	0.0	0.0	0.00038521	0.0	15.0	6.0	3.75	0.00192605	0.00077042	0.0004815125	2020-03-25
Franklin	2.0	0.0	0.0	0.0	0.00025681	0.0	10.0	4.0	2.5	0.00128405	0.00051362	0.0003210125	2020-03-26
Franklin	2.0	0.0	0.0	0.0	0.00025681	0.0	10.0	4.0	2.5	0.00128405	0.00051362	0.0003210125	2020-03-27
Franklin	3.0	0.0	0.0	0.0	0.00038521	0.0	15.0	6.0	3.75	0.00192605	0.00077042	0.0004815125	2020-03-28
Franklin	3.0	0.0	0.0	0.0	0.00038521	0.0	15.0	6.0	3.75	0.00192605	0.00077042	0.0004815125	2020-03-29
Franklin	3.0	0.0	0.0	0.0	0.00038521	0.0	15.0	6.0	3.75	0.00192605	0.00077042	0.0004815125	2020-03-30
Franklin	3.0	0.0	0.0	0.0	0.00038521	0.0	15.0	6.0	3.75	0.00192605	0.00077042	0.0004815125	2020-03-31
Franklin	3.0	0.0	0.0	0.0	0.00038521	0.0	15.0	6.0	3.75	0.00192605	0.00077042	0.0004815125	2020-04-01
Franklin	3.0	0.0	0.0	0.0	0.00038521	0.0	15.0	6.0	3.75	0.00192605	0.00077042	0.0004815125	2020-04-02
Franklin	3.0	0.0	0.0	0.0	0.00038521	0.0	15.0	6.0	3.75	0.00192605	0.00077042	0.0004815125	2020-04-03
Franklin	3	0	0	0	_2020-3-24
Franklin	3	0	0	0	_2020-3-25
Franklin	2	0	0	0	_2020-3-26
