Name	Predicted_New_Cases	Total_Predicted_New_Cases	Total_Predicted_Cases	Predicted_New_Deaths	Total_Predicted_New_Deaths	Total_Predicted_Deaths	Predicted_New_per_capita	Predicted_Total_New_per_capita	Predicted_Total_Cases_per_capita	Predicted_New_Deaths_per_capita	Total_Predicted_New_Deaths_per_capita	Total_Predicted_Deaths_per_capita
Logan	0.0	0.0	0.0	0.0	0.0	0.0	0.0	0.0	0.0	0.0	0.0	0.0
Cavalier	0.0	0.0	0.0	0.0	0.0	0.0	0.0	0.0	0.0	0.0	0.0	0.0
Wells	0.0	0.0	0.0	0.0	0.0	0.0	0.0	0.0	0.0	0.0	0.0	0.0
Richland	0.0	0.0	3.0	0.737	4.827	4.827	0.0	0.0	0.00018474	4.538e-05	0.00029725	0.00029725
Foster	0.0	0.0	1.0	0.0	0.0	0.0	0.0	0.0	0.00031095	0.0	0.0	0.0
Bowman	0.0	0.0	1.0	0.0	0.0	0.0	0.0	0.0	0.0003251	0.0	0.0	0.0
Slope	0.0	0.0	3.0	0.737	4.827	4.827	0.0	0.0	0.00393185	0.00096592	0.00632634	0.00632634
Burleigh	1.836	13.691	65.691	0.737	4.827	4.827	1.927e-05	0.0001437	0.0006895	7.74e-06	5.066e-05	5.066e-05
McHenry	0.0	0.0	1.0	0.0	0.0	1.0	0.0	0.0	0.00017194	0.0	0.0	0.00017194
Pierce	0.0	0.0	2.0	0.0	0.0	0.0	0.0	0.0	0.00049008	0.0	0.0	0.0
Griggs	0.0	0.0	0.0	0.0	0.0	0.0	0.0	0.0	0.0	0.0	0.0	0.0
Ransom	0.0	0.0	0.0	0.0	0.0	0.0	0.0	0.0	0.0	0.0	0.0	0.0
Rolette	0.0	0.0	1.0	0.0	0.0	0.0	0.0	0.0	6.993e-05	0.0	0.0	0.0
Benson	0.0	0.0	0.0	0.0	0.0	0.0	0.0	0.0	0.0	0.0	0.0	0.0
Pembina	0.0	0.0	0.0	0.0	0.0	0.0	0.0	0.0	0.0	0.0	0.0	0.0
Morton	0.318	2.624	23.624	0.898	6.697	8.697	1.023e-05	8.439e-05	0.00075974	2.888e-05	0.00021537	0.00027969
Steele	0.0	0.0	0.0	0.0	0.0	0.0	0.0	0.0	0.0	0.0	0.0	0.0
Cass	7.025	49.693	184.693	0.18	1.34	3.34	3.87e-05	0.00027377	0.0010175	9.9e-07	7.38e-06	1.84e-05
Walsh	0.086	0.848	3.848	0.18	1.34	1.34	8.06e-06	7.95e-05	0.00036074	1.687e-05	0.00012562	0.00012562
McIntosh	0.0	0.0	1.0	0.0	0.0	0.0	0.0	0.0	0.00038685	0.0	0.0	0.0
Divide	0.0	0.0	1.0	0.0	0.0	0.0	0.0	0.0	0.00043802	0.0	0.0	0.0
Mercer	0.0	0.0	1.0	0.0	0.0	0.0	0.0	0.0	0.00012096	0.0	0.0	0.0
McLean	0.898	6.697	9.697	0.18	1.34	1.34	9.412e-05	0.00070192	0.00101635	1.887e-05	0.00014045	0.00014045
Bottineau	0.0	0.0	0.0	0.0	0.0	0.0	0.0	0.0	0.0	0.0	0.0	0.0
Eddy	0.0	0.0	1.0	0.0	0.0	0.0	0.0	0.0	0.00043234	0.0	0.0	0.0
Hettinger	0.0	0.0	0.0	0.0	0.0	0.0	0.0	0.0	0.0	0.0	0.0	0.0
Traill	0.0	0.0	0.0	0.0	0.0	0.0	0.0	0.0	0.0	0.0	0.0	0.0
Williams	0.419	3.124	11.124	0.18	1.34	1.34	1.185e-05	8.837e-05	0.00031468	5.09e-06	3.791e-05	3.791e-05
Renville	0.0	0.0	0.0	0.0	0.0	0.0	0.0	0.0	0.0	0.0	0.0	0.0
Unassigned	0.0	0.0	0.0	0.0	0.0	0.0	N/A	N/A	N/A	N/A	N/A	N/A
Sheridan	0.0	0.0	0.0	0.0	0.0	0.0	0.0	0.0	0.0	0.0	0.0	0.0
Dickey	0.0	0.0	0.0	0.0	0.0	0.0	0.0	0.0	0.0	0.0	0.0	0.0
Grand Forks	0.12	0.892	20.892	0.18	1.34	1.34	1.7e-06	1.26e-05	0.00029521	2.54e-06	1.893e-05	1.893e-05
Adams	0.0	0.0	0.0	0.0	0.0	0.0	0.0	0.0	0.0	0.0	0.0	0.0
Sargent	0.0	0.0	1.0	0.0	0.0	0.0	0.0	0.0	0.0002584	0.0	0.0	0.0
Lamoure	0.0	0.0	0.0	0.0	0.0	0.0	0.0	0.0	0.0	0.0	0.0	0.0
Dunn	0.592	2.61	5.61	0.18	1.34	1.34	0.00013666	0.00060249	0.00129501	4.155e-05	0.00030933	0.00030933
Emmons	0.0	0.0	1.0	0.0	0.0	1.0	0.0	0.0	0.00030349	0.0	0.0	0.00030349
McKenzie	0.898	6.697	15.697	0.0	0.0	0.0	6.587e-05	0.00049127	0.00115148	0.0	0.0	0.0
Ward	0.699	5.21	25.21	0.0	0.0	1.0	1.032e-05	7.691e-05	0.00037214	0.0	0.0	1.476e-05
Sioux	0.0	0.0	1.0	0.0	0.0	0.0	0.0	0.0	0.00022946	0.0	0.0	0.0
Golden Valley	0.0	0.0	0.0	0.0	0.0	0.0	0.0	0.0	0.0	0.0	0.0	0.0
Mountrail	0.599	4.466	33.466	0.0	0.0	0.0	5.862e-05	0.00043707	0.0032752	0.0	0.0	0.0
Kidder	0.0	0.0	0.0	0.0	0.0	0.0	0.0	0.0	0.0	0.0	0.0	0.0
Billings	0.0	0.0	0.0	0.0	0.0	0.0	0.0	0.0	0.0	0.0	0.0	0.0
Ramsey	0.0	0.0	3.0	0.0	0.0	0.0	0.0	0.0	0.0002613	0.0	0.0	0.0
Burke	0.0	0.0	2.0	0.0	0.0	0.0	0.0	0.0	0.00095238	0.0	0.0	0.0
Towner	0.0	0.0	0.0	0.0	0.0	0.0	0.0	0.0	0.0	0.0	0.0	0.0
Stark	0.703	6.58	40.58	0.0	0.0	2.0	2.268e-05	0.00021228	0.00130916	0.0	0.0	6.452e-05
Stutsman	0.0	0.0	1.0	0.0	0.0	0.0	0.0	0.0	4.781e-05	0.0	0.0	0.0
Grant	0.0	0.0	1.0	0.0	0.0	0.0	0.0	0.0	0.00042123	0.0	0.0	0.0
Barnes	0.0	0.0	2.0	0.0	0.0	0.0	0.0	0.0	0.00018972	0.0	0.0	0.0
Oliver	0.0	0.0	1.0	0.0	0.0	0.0	0.0	0.0	0.0005123	0.0	0.0	0.0
Nelson	0.0	0.0	0.0	0.0	0.0	0.0	0.0	0.0	0.0	0.0	0.0	0.0
