Name	Predicted_New_Cases	Total_Predicted_New_Cases	Total_Predicted_Cases	Predicted_New_Deaths	Total_Predicted_New_Deaths	Total_Predicted_Deaths	Predicted_New_per_capita	Predicted_Total_New_per_capita	Predicted_Total_Cases_per_capita	Predicted_New_Deaths_per_capita	Total_Predicted_New_Deaths_per_capita	Total_Predicted_Deaths_per_capita
Lewis	14.428	526.578	575.578	0.0	0.0	3.0	0.00018125	0.00661497	0.00723052	0.0	0.0	3.769e-05
Skagit	1.816	171.021	656.021	0.0	0.0	15.0	1.416e-05	0.00133395	0.00511693	0.0	0.0	0.000117
Walla Walla	17.143	667.217	802.217	0.0	0.62	3.62	0.00028139	0.01095199	0.01316794	0.0	1.018e-05	5.942e-05
Pacific	0.012	3.752	15.752	0.0	0.0	1.0	5.4e-07	0.00017027	0.00071483	0.0	0.0	4.538e-05
Pierce	3.526	497.226	2778.226	0.0	1.371	94.371	3.96e-06	0.00055787	0.00311705	0.0	1.54e-06	0.00010588
Lincoln	0.0	0.0	2.0	0.0	1.371	1.371	0.0	0.0	0.00018622	0.0	0.00012765	0.00012765
Pend Oreille	0.0	0.0	3.0	0.0	1.371	1.371	0.0	0.0	0.00022056	0.0	0.00010079	0.00010079
Clallam	0.848	61.16	94.16	0.0	1.371	1.371	1.105e-05	0.00079701	0.00122705	0.0	1.787e-05	1.787e-05
Asotin	0.0	0.62	20.62	0.0	0.0	2.0	0.0	2.742e-05	0.00091199	0.0	0.0	8.846e-05
Stevens	0.0	1.076	18.076	0.0	0.0	1.0	0.0	2.377e-05	0.00039938	0.0	0.0	2.209e-05
Wahkiakum	0.0	0.0	4.0	0.0	0.0	0.0	0.0	0.0	0.00090375	0.0	0.0	0.0
Jefferson	3.532	128.903	161.903	0.0	0.0	0.0	0.00011132	0.00406262	0.00510268	0.0	0.0	0.0
Kitsap	0.234	36.74	226.74	0.0	0.0	2.0	8.7e-07	0.00013617	0.00084038	0.0	0.0	7.41e-06
Douglas	0.235	31.756	224.756	0.0	0.0	3.0	5.48e-06	0.00074011	0.00523821	0.0	0.0	6.992e-05
San Juan	2.856	104.219	122.219	0.0	0.0	0.0	0.00016674	0.00608472	0.00713563	0.0	0.0	0.0
Benton	5.771	869.158	2295.158	0.0	4.694	80.694	2.859e-05	0.00430538	0.01136909	0.0	2.325e-05	0.00039972
Columbia	0.751	27.426	29.426	0.0	4.694	4.694	0.00018502	0.00675684	0.00724957	0.0	0.00115644	0.00115644
Okanogan	12.324	449.784	512.784	1.353	49.367	51.367	0.00029251	0.01067559	0.01217089	3.211e-05	0.00117172	0.00121919
Whitman	0.011	10.582	40.582	1.353	49.367	49.367	2.2e-07	0.00021253	0.00081505	2.717e-05	0.00099148	0.00099148
Chelan	0.004	17.62	302.62	0.0	0.0	6.0	5e-08	0.00022872	0.00392829	0.0	0.0	7.789e-05
Unassigned	0.244	38.31	68.31	0.0	0.0	0.0	N/A	N/A	N/A	N/A	N/A	N/A
Mason	0.058	8.194	50.194	0.0	0.0	1.0	8.9e-07	0.00012509	0.00076624	0.0	0.0	1.527e-05
Adams	0.335	52.59	154.59	0.0	0.0	0.0	1.695e-05	0.00266157	0.00782378	0.0	0.0	0.0
Klickitat	0.073	22.065	73.065	0.0	0.0	3.0	3.3e-06	0.0009981	0.00330506	0.0	0.0	0.0001357
Yakima	16.158	2589.775	8872.775	0.216	44.559	182.559	6.426e-05	0.01029953	0.035287	8.6e-07	0.00017721	0.00072604
Whatcom	0.853	131.343	630.343	0.082	8.099	47.099	3.78e-06	0.00058197	0.00279302	3.6e-07	3.589e-05	0.00020869
Franklin	11.313	1373.175	2651.175	0.755	54.474	83.474	0.00011991	0.01455452	0.02810026	8e-06	0.00057738	0.00088476
Ferry	0.0	0.0	1.0	0.755	54.474	54.474	0.0	0.0	0.00013074	9.871e-05	0.00712172	0.00712172
Walla Walla County	0.0	0.0	1.0	0.755	54.474	54.474	N/A	N/A	N/A	N/A	N/A	N/A
Grays Harbor	0.238	20.237	44.237	0.755	54.474	54.474	3.22e-06	0.00027384	0.0005986	1.022e-05	0.00073712	0.00073712
Spokane	3.005	423.853	1397.853	0.023	1.928	39.928	5.84e-06	0.00082361	0.00271622	4e-08	3.75e-06	7.759e-05
Clark	0.277	96.624	743.624	0.011	2.308	32.308	5.7e-07	0.00020052	0.00154325	2e-08	4.79e-06	6.705e-05
Kittitas	0.0	3.086	101.086	0.0	0.0	1.0	0.0	6.515e-05	0.00213424	0.0	0.0	2.111e-05
Island	2.892	136.305	324.305	0.0	0.224	12.224	3.424e-05	0.00161384	0.00383975	0.0	2.65e-06	0.00014473
Cowlitz	0.588	92.368	237.368	0.0	0.224	0.224	5.4e-06	0.00084751	0.00217795	0.0	2.06e-06	2.06e-06
Garfield County	0.0	0.0	0.0	0.0	0.0	0.0	N/A	N/A	N/A	N/A	N/A	N/A
Skamania	1.503	54.853	59.853	0.0	0.224	0.224	0.00012605	0.00460022	0.00501954	0.0	1.879e-05	1.879e-05
King	16.571	2011.428	11222.428	0.27	42.41	642.41	7.42e-06	0.00090071	0.00502535	1.2e-07	1.899e-05	0.00028767
Garfield	0.0	0.0	0.0	0.0	0.0	0.0	0.0	0.0	0.0	0.0	0.0	0.0
Thurston	0.546	85.756	296.756	0.069	7.146	12.146	1.91e-06	0.00029941	0.00103609	2.4e-07	2.495e-05	4.241e-05
Grant	42.69	2423.867	2796.867	0.0	0.036	5.036	0.00043861	0.02490334	0.02873562	0.0	3.7e-07	5.174e-05
Snohomish	2.406	377.775	3614.775	0.1	15.64	178.64	2.95e-06	0.00046358	0.00443585	1.2e-07	1.919e-05	0.00021922
