Name	Predicted_New_Cases	Total_Predicted_New_Cases	Total_Predicted_Cases	Predicted_New_Deaths	Total_Predicted_New_Deaths	Total_Predicted_Deaths	Predicted_New_per_capita	Predicted_Total_New_per_capita	Predicted_Total_Cases_per_capita	Predicted_New_Deaths_per_capita	Total_Predicted_New_Deaths_per_capita	Total_Predicted_Deaths_per_capita
Lewis	0.0	0.266	29.266	0.0	0.0	3.0	0.0	3.34e-06	0.00036764	0.0	0.0	3.769e-05
Skagit	1.739	177.619	556.619	0.209	14.511	27.511	1.356e-05	0.00138542	0.0043416	1.63e-06	0.00011319	0.00021458
Walla Walla	3.277	228.041	324.041	0.209	14.511	14.511	5.379e-05	0.00374316	0.00531895	3.43e-06	0.00023819	0.00023819
Pacific	0.0	0.0	4.0	0.209	14.511	14.511	0.0	0.0	0.00018152	9.48e-06	0.00065851	0.00065851
Pierce	6.087	534.311	1988.311	0.0	2.192	54.192	6.83e-06	0.00059947	0.0022308	0.0	2.46e-06	6.08e-05
Lincoln	0.0	0.0	2.0	0.0	2.192	2.192	0.0	0.0	0.00018622	0.0	0.0002041	0.0002041
Pend Oreille	0.0	0.0	2.0	0.0	2.192	2.192	0.0	0.0	0.00014704	0.0	0.00016115	0.00016115
Clallam	0.1	10.228	29.228	0.0	2.192	2.192	1.3e-06	0.00013329	0.00038089	0.0	2.857e-05	2.857e-05
Asotin	0.0	0.935	18.935	0.0	0.0	2.0	0.0	4.135e-05	0.00083746	0.0	0.0	8.846e-05
Stevens	0.0	0.0	9.0	0.0	0.0	1.0	0.0	0.0	0.00019885	0.0	0.0	2.209e-05
Wahkiakum	0.0	0.0	2.0	0.0	0.0	0.0	0.0	0.0	0.00045188	0.0	0.0	0.0
Jefferson	0.0	0.0	28.0	0.0	0.0	0.0	0.0	0.0	0.00088247	0.0	0.0	0.0
Kitsap	0.0	5.279	156.279	0.0	0.0	2.0	0.0	1.957e-05	0.00057923	0.0	0.0	7.41e-06
Douglas	0.014	19.497	114.497	0.004	0.401	2.401	3.3e-07	0.0004544	0.00266849	9e-08	9.35e-06	5.596e-05
San Juan	0.0	0.0	14.0	0.004	0.401	0.401	0.0	0.0	0.00081738	2.3e-07	2.341e-05	2.341e-05
Benton	4.625	405.943	953.943	1.034	59.047	105.047	2.291e-05	0.00201084	0.00472537	5.12e-06	0.00029249	0.00052035
Columbia	0.0	0.0	1.0	1.034	59.047	59.047	0.0	0.0	0.00024637	0.00025474	0.01454718	0.01454718
Okanogan	0.0	1.04	22.04	0.0	0.0	1.0	0.0	2.468e-05	0.00052312	0.0	0.0	2.373e-05
Whitman	0.0	0.014	14.014	0.0	0.0	0.0	0.0	2.8e-07	0.00028146	0.0	0.0	0.0
Chelan	1.885	142.867	279.867	0.0	0.0	5.0	2.447e-05	0.00185455	0.00363294	0.0	0.0	6.49e-05
Unassigned	0.0	31.135	92.135	0.0	0.0	0.0	N/A	N/A	N/A	N/A	N/A	N/A
Mason	0.641	34.678	60.678	0.0	0.0	1.0	9.79e-06	0.00052938	0.00092628	0.0	0.0	1.527e-05
Adams	0.054	6.047	55.047	0.0	0.0	0.0	2.73e-06	0.00030604	0.00278592	0.0	0.0	0.0
Klickitat	3.022	85.964	103.964	0.0	0.0	3.0	0.0001367	0.00388854	0.00470276	0.0	0.0	0.0001357
Yakima	24.362	1771.612	3220.612	0.0	3.691	55.691	9.689e-05	0.0070457	0.01280836	0.0	1.468e-05	0.00022148
Whatcom	1.688	133.098	457.098	0.197	9.514	39.514	7.48e-06	0.00058975	0.00202538	8.7e-07	4.216e-05	0.00017508
Franklin	20.764	1123.313	1510.313	8.765	263.866	277.866	0.00022008	0.01190619	0.01600807	9.29e-05	0.00279676	0.00294515
Ferry	0.0	0.0	1.0	8.765	263.866	263.866	0.0	0.0	0.00013074	0.0011459	0.0344968	0.0344968
Walla Walla County	0.0	0.0	1.0	8.765	263.866	263.866	N/A	N/A	N/A	N/A	N/A	N/A
Grays Harbor	0.0	0.0	12.0	8.765	263.866	263.866	0.0	0.0	0.00016238	0.0001186	0.00357053	0.00357053
Spokane	0.178	51.368	430.368	0.042	6.483	30.483	3.5e-07	9.982e-05	0.00083627	8e-08	1.26e-05	5.923e-05
Clark	0.937	95.68	436.68	0.13	9.024	29.024	1.94e-06	0.00019857	0.00090624	2.7e-07	1.873e-05	6.023e-05
Kittitas	0.032	2.828	17.828	0.0	0.0	1.0	6.8e-07	5.971e-05	0.0003764	0.0	0.0	2.111e-05
Island	0.201	20.561	192.561	0.0	0.0	9.0	2.38e-06	0.00024344	0.00227991	0.0	0.0	0.00010656
Cowlitz	75.276	1658.501	1720.501	0.0	0.0	0.0	0.00069069	0.01521742	0.0157863	0.0	0.0	0.0
Garfield County	0.0	0.0	0.0	0.0	0.0	0.0	N/A	N/A	N/A	N/A	N/A	N/A
Skamania	0.0	0.0	3.0	0.0	0.0	0.0	0.0	0.0	0.00025159	0.0	0.0	0.0
King	14.887	1741.72	8445.72	0.906	125.206	599.206	6.67e-06	0.00077993	0.00378195	4.1e-07	5.607e-05	0.00026832
Garfield	0.0	0.0	0.0	0.0	0.0	0.0	0.0	0.0	0.0	0.0	0.0	0.0
Thurston	1.205	80.045	196.045	0.0	0.0	1.0	4.21e-06	0.00027947	0.00068447	0.0	0.0	3.49e-06
Grant	25.42	810.44	989.44	0.027	2.709	5.709	0.00026117	0.00832664	0.01016572	2.8e-07	2.783e-05	5.866e-05
Snohomish	6.355	649.097	3233.097	0.0	3.517	115.517	7.8e-06	0.00079653	0.00396747	0.0	4.32e-06	0.00014176
