Name	Predicted_New_Cases	Total_Predicted_New_Cases	Predicted_New_per_capita	Predicted_Total_per_capita
Lewis	0.659	8.616	8.28e-06	0.00010824
Skagit	0.0	2.247	0.0	1.753e-05
Walla Walla	0.547	7.236	8.98e-06	0.00011878
Pierce	34.764	454.366	3.9e-05	0.00050978
Lincoln	0.659	8.616	6.138e-05	0.00080226
Pend Oreille	0.0	0.0	0.0	0.0
Clallam	0.0	0.0	0.0	0.0
Asotin	0.0	0.0	0.0	0.0
Stevens	0.0	0.0	0.0	0.0
Wahkiakum	0.0	0.0	0.0	0.0
Jefferson	0.747	9.765	2.355e-05	0.00030777
Kitsap	1.674	30.713	6.2e-06	0.00011384
Douglas	0.571	7.467	1.332e-05	0.00017404
San Juan	0.527	6.893	3.079e-05	0.00040244
Benton	0.263	26.68	1.31e-06	0.00013216
Columbia	0.659	8.616	0.00016241	0.00212276
Okanogan	0.877	11.199	2.08e-05	0.0002658
Whitman	0.0	0.0	0.0	0.0
Chelan	1.802	23.551	2.339e-05	0.00030572
Unassigned	36.699	485.374	N/A	N/A
Mason	0.234	5.149	3.58e-06	7.86e-05
Adams	0.062	5.041	3.14e-06	0.00025512
Klickitat	0.264	3.447	1.193e-05	0.0001559
Yakima	21.887	286.061	8.704e-05	0.00113766
Whatcom	9.142	119.479	4.051e-05	0.00052941
Franklin	3.648	47.677	3.866e-05	0.00050533
Ferry	0.0	0.0	0.0	0.0
Grays Harbor	0.527	6.893	7.14e-06	9.327e-05
Spokane	2.693	46.418	5.23e-06	9.02e-05
Clark	4.966	64.909	1.031e-05	0.00013471
Kittitas	0.308	4.021	6.5e-06	8.489e-05
Island	3.648	47.677	4.319e-05	0.00056449
Cowlitz	0.017	1.744	1.6e-07	1.6e-05
Skamania	1.374	17.759	0.00011526	0.00148933
King	111.193	1453.282	4.979e-05	0.00065077
Thurston	1.456	23.098	5.08e-06	8.065e-05
Grant	1.318	20.831	1.354e-05	0.00021402
Snohomish	21.393	331.479	2.625e-05	0.00040677
