Name	Confirmed	Deaths	Recovered	Active	Confirmed_per_capita	Deaths_per_capita	IFR_0.30_expected	IFR_0.65_expected	IFR_1.0_expected	IFR_0.30_expected_per_capita	IFR_0.65_expected_per_capita	IFR_1.0_expected_per_capita	Date
Manistee	0.0	0.0	0.0	0.0	0.0	0.0	0.0	0.0	0.0	0.0	0.0	0.0	2020-03-22
Manistee	0	0	0	0	0.0	0.0	0	0	0	0.0	0.0	0.0	2020-03-23
Manistee	1	0	0	0	4.077e-05	0.0	5	2	1.25	0.00020385	8.154e-05	5.09625e-05	2020-03-24
Manistee	1	0	0	0	4.077e-05	0.0	5	2	1.25	0.00020385	8.154e-05	5.09625e-05	2020-03-25
Manistee	1	0	0	0	4.077e-05	0.0	5	2	1.25	0.00020385	8.154e-05	5.09625e-05	2020-03-26
Manistee	1	0	0	0	4.077e-05	0.0	5	2	1.25	0.00020385	8.154e-05	5.09625e-05	2020-03-27
Manistee	1	0	0	0	4.077e-05	0.0	5	2	1.25	0.00020385	8.154e-05	5.09625e-05	2020-03-28
Manistee	1.0	0.0	0.0	0.0	4.077e-05	0.0	5.0	2.0	1.25	0.00020385	8.154e-05	5.09625e-05	2020-03-29
Manistee	1.0	0.0	0.0	0.0	4.077e-05	0.0	5.0	2.0	1.25	0.00020385	8.154e-05	5.09625e-05	2020-03-30
Manistee	1.0	0.0	0.0	0.0	4.077e-05	0.0	5.0	2.0	1.25	0.00020385	8.154e-05	5.09625e-05	2020-03-31
Manistee	1.0	0.0	0.0	0.0	4.077e-05	0.0	5.0	2.0	1.25	0.00020385	8.154e-05	5.09625e-05	2020-04-01
Manistee	1.0	0.0	0.0	0.0	4.077e-05	0.0	5.0	2.0	1.25	0.00020385	8.154e-05	5.09625e-05	2020-04-02
Manistee	1.0	0.0	0.0	0.0	4.077e-05	0.0	5.0	2.0	1.25	0.00020385	8.154e-05	5.09625e-05	2020-04-03
Manistee	4.0	0.0	0.0	0.0	0.00016308	0.0	20.0	8.0	5.0	0.0008154	0.00032616	0.00020385	2020-04-04
Manistee	4.0	0.0	0.0	0.0	0.00016308	0.0	20.0	8.0	5.0	0.0008154	0.00032616	0.00020385	2020-04-05
Manistee	6.0	0.0	0.0	0.0	0.00024462	0.0	30.0	12.0	7.5	0.0012231	0.00048924	0.000305775	2020-04-06
Manistee	9.0	0.0	0.0	0.0	0.00036693	0.0	45.0	18.0	11.25	0.00183465	0.00073386	0.0004586625	2020-04-07
Manistee	9.0	0.0	0.0	0.0	0.00036693	0.0	45.0	18.0	11.25	0.00183465	0.00073386	0.0004586625	2020-04-08
Manistee	9.0	0.0	0.0	0.0	0.00036693	0.0	45.0	18.0	11.25	0.00183465	0.00073386	0.0004586625	2020-04-09
Manistee	9.0	0.0	0.0	0.0	0.00036693	0.0	45.0	18.0	11.25	0.00183465	0.00073386	0.0004586625	2020-04-10
Manistee	9.0	0.0	0.0	0.0	0.00036693	0.0	45.0	18.0	11.25	0.00183465	0.00073386	0.0004586625	2020-04-11
Manistee	10.0	0.0	0.0	10.0	0.0004077	0.0	50.0	20.0	12.5	0.0020385	0.0008154	0.000509625	2020-04-12
Manistee	10.0	0.0	0.0	10.0	0.0004077	0.0	50.0	20.0	12.5	0.0020385	0.0008154	0.000509625	2020-04-13
Manistee	10.0	0.0	0.0	10.0	0.0004077	0.0	50.0	20.0	12.5	0.0020385	0.0008154	0.000509625	2020-04-14
Manistee	10.0	0.0	0.0	10.0	0.0004077	0.0	50.0	20.0	12.5	0.0020385	0.0008154	0.000509625	2020-04-15
Manistee	11.0	0.0	0.0	11.0	0.00044847	0.0	55.0	22.0	13.75	0.00224235	0.00089694	0.0005605875	2020-04-16
Manistee	11.0	0.0	0.0	11.0	0.00044847	0.0	55.0	22.0	13.75	0.00224235	0.00089694	0.0005605875	2020-04-17
Manistee	11.0	0.0	0.0	11.0	0.00044847	0.0	55.0	22.0	13.75	0.00224235	0.00089694	0.0005605875	2020-04-18
Manistee	11.0	0.0	0.0	11.0	0.00044847	0.0	55.0	22.0	13.75	0.00224235	0.00089694	0.0005605875	2020-04-19
Manistee	11.0	0.0	0.0	11.0	0.00044847	0.0	55.0	22.0	13.75	0.00224235	0.00089694	0.0005605875	2020-04-20
Manistee	11.0	0.0	0.0	11.0	0.00044847	0.0	55.0	22.0	13.75	0.00224235	0.00089694	0.0005605875	2020-04-21
Manistee	11.0	0.0	0.0	11.0	0.00044847	0.0	55.0	22.0	13.75	0.00224235	0.00089694	0.0005605875	2020-04-22
Manistee	12.0	0.0	0.0	12.0	0.00048924	0.0	60.0	24.0	15.0	0.0024462	0.00097848	0.00061155	2020-04-23
Manistee	12.0	0.0	0.0	12.0	0.00048924	0.0	60.0	24.0	15.0	0.0024462	0.00097848	0.00061155	2020-04-24
Manistee	12.0	0.0	0.0	12.0	0.00048924	0.0	60.0	24.0	15.0	0.0024462	0.00097848	0.00061155	2020-04-25
Manistee	11.0	0.0	0.0	11.0	0.00044847	0.0	55.0	22.0	13.75	0.00224235	0.00089694	0.0005605875	2020-04-26
Manistee	11.0	0.0	0.0	11.0	0.00044847	0.0	55.0	22.0	13.75	0.00224235	0.00089694	0.0005605875	2020-04-27
Manistee	11.0	0.0	0.0	11.0	0.00044847	0.0	55.0	22.0	13.75	0.00224235	0.00089694	0.0005605875	2020-04-28
Manistee	11.0	0.0	0.0	11.0	0.00044847	0.0	55.0	22.0	13.75	0.00224235	0.00089694	0.0005605875	2020-04-29
Manistee	11.0	0.0	0.0	11.0	0.00044847	0.0	55.0	22.0	13.75	0.00224235	0.00089694	0.0005605875	2020-04-30
Manistee	11.0	0.0	0.0	11.0	0.00044847	0.0	55.0	22.0	13.75	0.00224235	0.00089694	0.0005605875	2020-05-01
Manistee	11.0	0.0	0.0	11.0	0.00044847	0.0	55.0	22.0	13.75	0.00224235	0.00089694	0.0005605875	2020-05-02
Manistee	11.0	0.0	0.0	11.0	0.00044847	0.0	55.0	22.0	13.75	0.00224235	0.00089694	0.0005605875	2020-05-03
Manistee	11.0	0.0	0.0	11.0	0.00044847	0.0	55.0	22.0	13.75	0.00224235	0.00089694	0.0005605875	2020-05-04
Manistee	11.0	0.0	0.0	11.0	0.00044847	0.0	55.0	22.0	13.75	0.00224235	0.00089694	0.0005605875	2020-05-05
Manistee	11.0	0.0	0.0	11.0	0.00044847	0.0	55.0	22.0	13.75	0.00224235	0.00089694	0.0005605875	2020-05-06
Manistee	11.0	0.0	0.0	11.0	0.00044847	0.0	55.0	22.0	13.75	0.00224235	0.00089694	0.0005605875	2020-05-07
Manistee	11.0	0.0	0.0	11.0	0.00044847	0.0	55.0	22.0	13.75	0.00224235	0.00089694	0.0005605875	2020-05-08
Manistee	11.0	0.0	0.0	11.0	0.00044847	0.0	55.0	22.0	13.75	0.00224235	0.00089694	0.0005605875	2020-05-09
Manistee	11.0	0.0	0.0	11.0	0.00044847	0.0	55.0	22.0	13.75	0.00224235	0.00089694	0.0005605875	2020-05-10
Manistee	11.0	0.0	0.0	11.0	0.00044847	0.0	55.0	22.0	13.75	0.00224235	0.00089694	0.0005605875	2020-05-11
Manistee	11.0	0.0	0.0	11.0	0.00044847	0.0	55.0	22.0	13.75	0.00224235	0.00089694	0.0005605875	2020-05-12
Manistee	11.0	0.0	0.0	11.0	0.00044847	0.0	55.0	22.0	13.75	0.00224235	0.00089694	0.0005605875	2020-05-13
Manistee	11.0	0.0	0.0	11.0	0.00044847	0.0	55.0	22.0	13.75	0.00224235	0.00089694	0.0005605875	2020-05-14
Manistee	11.0	0.0	0.0	11.0	0.00044847	0.0	55.0	22.0	13.75	0.00224235	0.00089694	0.0005605875	2020-05-15
Manistee	11.0	0.0	0.0	11.0	0.00044847	0.0	55.0	22.0	13.75	0.00224235	0.00089694	0.0005605875	2020-05-16
Manistee	11.0	0.0	0.0	11.0	0.00044847	0.0	55.0	22.0	13.75	0.00224235	0.00089694	0.0005605875	2020-05-17
Manistee	11.0	0.0	0.0	11.0	0.00044847	0.0	55.0	22.0	13.75	0.00224235	0.00089694	0.0005605875	2020-05-18
Manistee	11.0	0.0	0.0	11.0	0.00044847	0.0	55.0	22.0	13.75	0.00224235	0.00089694	0.0005605875	2020-05-19
Manistee	11.0	0.0	0.0	11.0	0.00044847	0.0	55.0	22.0	13.75	0.00224235	0.00089694	0.0005605875	2020-05-20
Manistee	11.0	0.0	0.0	11.0	0.00044847	0.0	55.0	22.0	13.75	0.00224235	0.00089694	0.0005605875	2020-05-21
Manistee	11.0	0.0	0.0	11.0	0.00044847	0.0	55.0	22.0	13.75	0.00224235	0.00089694	0.0005605875	2020-05-22
Manistee	11.0	0.0	0.0	11.0	0.00044847	0.0	55.0	22.0	13.75	0.00224235	0.00089694	0.0005605875	2020-05-23
Manistee	11.0	0.0	0.0	11.0	0.00044847	0.0	55.0	22.0	13.75	0.00224235	0.00089694	0.0005605875	2020-05-24
Manistee	11.0	0.0	0.0	11.0	0.00044847	0.0	55.0	22.0	13.75	0.00224235	0.00089694	0.0005605875	2020-05-25
Manistee	11.0	0.0	0.0	11.0	0.00044847	0.0	55.0	22.0	13.75	0.00224235	0.00089694	0.0005605875	2020-05-26
Manistee	11.0	0.0	0.0	11.0	0.00044847	0.0	55.0	22.0	13.75	0.00224235	0.00089694	0.0005605875	2020-05-27
Manistee	11.0	0.0	0.0	11.0	0.00044847	0.0	55.0	22.0	13.75	0.00224235	0.00089694	0.0005605875	2020-05-28
Manistee	11.0	0.0	0.0	11.0	0.00044847	0.0	55.0	22.0	13.75	0.00224235	0.00089694	0.0005605875	2020-05-29
Manistee	11.0	0.0	0.0	11.0	0.00044847	0.0	55.0	22.0	13.75	0.00224235	0.00089694	0.0005605875	2020-05-30
Manistee	11.0	0.0	0.0	11.0	0.00044847	0.0	55.0	22.0	13.75	0.00224235	0.00089694	0.0005605875	2020-05-31
Manistee	11.0	0.0	0.0	11.0	0.00044847	0.0	55.0	22.0	13.75	0.00224235	0.00089694	0.0005605875	2020-06-01
Manistee	11.0	0.0	0.0	11.0	0.00044847	0.0	55.0	22.0	13.75	0.00224235	0.00089694	0.0005605875	2020-06-02
Manistee	11.0	0.0	0.0	11.0	0.00044847	0.0	55.0	22.0	13.75	0.00224235	0.00089694	0.0005605875	2020-06-03
Manistee	11.0	0.0	0.0	11.0	0.00044847	0.0	55.0	22.0	13.75	0.00224235	0.00089694	0.0005605875	2020-06-04
Manistee	15.0	1.0	0.0	14.0	0.00061155	4.077e-05	333.333333333	153.846153846	100.0	0.01359	0.00627230769231	0.004077	2020-06-05
Manistee	15.0	1.0	0.0	14.0	0.00061155	4.077e-05	333.333333333	153.846153846	100.0	0.01359	0.00627230769231	0.004077	2020-06-06
Manistee	15.0	1.0	0.0	14.0	0.00061155	4.077e-05	333.333333333	153.846153846	100.0	0.01359	0.00627230769231	0.004077	2020-06-07
Manistee	15.0	1.0	0.0	14.0	0.00061155	4.077e-05	333.333333333	153.846153846	100.0	0.01359	0.00627230769231	0.004077	2020-06-08
Manistee	12.0	1.0	0.0	11.0	0.00048924	4.077e-05	333.333333333	153.846153846	100.0	0.01359	0.00627230769231	0.004077	2020-06-09
Manistee	12.0	1.0	0.0	11.0	0.00048924	4.077e-05	333.333333333	153.846153846	100.0	0.01359	0.00627230769231	0.004077	2020-06-10
Manistee	12.0	1.0	0.0	11.0	0.00048924	4.077e-05	333.333333333	153.846153846	100.0	0.01359	0.00627230769231	0.004077	2020-06-11
Manistee	12.0	1.0	0.0	11.0	0.00048924	4.077e-05	333.333333333	153.846153846	100.0	0.01359	0.00627230769231	0.004077	2020-06-12
Manistee	12.0	1.0	0.0	11.0	0.00048924	4.077e-05	333.333333333	153.846153846	100.0	0.01359	0.00627230769231	0.004077	2020-06-13
Manistee	12.0	1.0	0.0	11.0	0.00048924	4.077e-05	333.333333333	153.846153846	100.0	0.01359	0.00627230769231	0.004077	2020-06-14
Manistee	12.0	1.0	0.0	11.0	0.00048924	4.077e-05	333.333333333	153.846153846	100.0	0.01359	0.00627230769231	0.004077	2020-06-15
Manistee	12.0	1.0	0.0	11.0	0.00048924	4.077e-05	333.333333333	153.846153846	100.0	0.01359	0.00627230769231	0.004077	2020-06-16
Manistee	12.0	1.0	0.0	11.0	0.00048924	4.077e-05	333.333333333	153.846153846	100.0	0.01359	0.00627230769231	0.004077	2020-06-17
Manistee	13.0	0.0	0.0	13.0	0.00053001	0.0	65.0	26.0	16.25	0.00265005	0.00106002	0.0006625125	2020-06-18
Manistee	14.0	0.0	0.0	14.0	0.00057078	0.0	70.0	28.0	17.5	0.0028539	0.00114156	0.000713475	2020-06-19
Manistee	15.0	0.0	0.0	15.0	0.00061155	0.0	75.0	30.0	18.75	0.00305775	0.0012231	0.0007644375	2020-06-20
Manistee	15.0	0.0	0.0	15.0	0.00061155	0.0	75.0	30.0	18.75	0.00305775	0.0012231	0.0007644375	2020-06-21
Manistee	15.0	0.0	0.0	15.0	0.00061155	0.0	75.0	30.0	18.75	0.00305775	0.0012231	0.0007644375	2020-06-22
Manistee	15.0	1.0	0.0	14.0	0.00061155	4.077e-05	333.333333333	153.846153846	100.0	0.01359	0.00627230769231	0.004077	2020-06-23
Manistee	16.0	1.0	0.0	15.0	0.00065232	4.077e-05	333.333333333	153.846153846	100.0	0.01359	0.00627230769231	0.004077	2020-06-24
Manistee	16.0	0.0	0.0	16.0	0.00065232	0.0	80.0	32.0	20.0	0.0032616	0.00130464	0.0008154	2020-06-25
Manistee	16.0	0.0	0.0	16.0	0.00065232	0.0	80.0	32.0	20.0	0.0032616	0.00130464	0.0008154	2020-06-26
Manistee	16.0	0.0	0.0	16.0	0.00065232	0.0	80.0	32.0	20.0	0.0032616	0.00130464	0.0008154	2020-06-27
Manistee	16.0	0.0	0.0	16.0	0.00065232	0.0	80.0	32.0	20.0	0.0032616	0.00130464	0.0008154	2020-06-28
Manistee	16.0	0.0	0.0	16.0	0.00065232	0.0	80.0	32.0	20.0	0.0032616	0.00130464	0.0008154	2020-06-29
Manistee	19.0	0.0	0.0	19.0	0.00077462	0.0	95.0	38.0	23.75	0.0038731	0.00154924	0.000968275	2020-06-30
Manistee	19.0	0.0	0.0	19.0	0.00077462	0.0	95.0	38.0	23.75	0.0038731	0.00154924	0.000968275	2020-07-01
Manistee	19.0	0.0	0.0	19.0	0.00077462	0.0	95.0	38.0	23.75	0.0038731	0.00154924	0.000968275	2020-07-02
Manistee	0.21	0.437	19.437	0.0	0.0	1.0	8.56e-06	1.782e-05	0.00079244	0.0	0.0	4.077e-05	2020-07-03
Manistee	0.196	0.633	19.633	0.0	0.0	1.0	7.99e-06	2.581e-05	0.00080043	0.0	0.0	4.077e-05	2020-07-04
Manistee	0.183	0.816	19.816	0.0	0.0	1.0	7.46e-06	3.327e-05	0.00080789	0.0	0.0	4.077e-05	2020-07-05
Manistee	0.364	0.364	0.547	0.073	0.073	0.889	1.484e-05	1.484e-05	2.23e-05	2.98e-06	2.98e-06	3.624e-05	2020-07-06
Manistee	0.331	0.695	0.878	0.073	0.146	0.962	1.349e-05	2.833e-05	3.58e-05	2.98e-06	5.95e-06	3.922e-05	2020-07-07
Manistee	0.298	0.993	1.176	0.072	0.218	1.034	1.215e-05	4.048e-05	4.795e-05	2.94e-06	8.89e-06	4.216e-05	2020-07-08
Manistee	2.475	2.475	2.773	0.037	0.037	1.03	0.00010091	0.00010091	0.00011305	1.51e-06	1.51e-06	4.199e-05	2020-07-09
Manistee	3.055	5.53	5.828	0.036	0.073	1.066	0.00012455	0.00022546	0.00023761	1.47e-06	2.98e-06	4.346e-05	2020-07-10
Manistee	2.654	2.654	5.709	0.008	0.008	5.538	0.0001082	0.0001082	0.00023275	3.3e-07	3.3e-07	0.00022578	2020-07-11
Manistee	2.63	5.284	8.339	0.009	0.017	5.547	0.00010722	0.00021543	0.00033998	3.7e-07	6.9e-07	0.00022615	2020-07-12
Manistee	2.595	7.879	10.934	0.01	0.027	5.557	0.0001058	0.00032122	0.00044578	4.1e-07	1.1e-06	0.00022656	2020-07-13
Manistee	0.545	0.545	3.14	0.347	0.347	8.226	2.222e-05	2.222e-05	0.00012802	1.415e-05	1.415e-05	0.00033537	2020-07-14
Manistee	0.387	0.932	3.527	0.313	0.66	8.539	1.578e-05	3.8e-05	0.00014379	1.276e-05	2.691e-05	0.00034813	2020-07-15
Manistee	0.249	1.181	3.776	0.281	0.941	8.82	1.015e-05	4.815e-05	0.00015395	1.146e-05	3.836e-05	0.00035959	2020-07-16
Manistee	0.153	1.334	3.929	0.251	1.192	9.071	6.24e-06	5.439e-05	0.00016018	1.023e-05	4.86e-05	0.00036982	2020-07-17
Manistee	28.0	0.0	0.0	28.0	0.00114155	0.0	140.0	56.0	35.0	0.00570775	0.0022831	0.0014269375	2020-07-18
Manistee	29.0	0.0	0.0	29.0	0.00118232	0.0	145.0	58.0	36.25	0.0059116	0.00236464	0.0014779	2020-07-19
