Richland	0.0	0.0	0.0	0.0	0.0	0.0	0.0	0.0	0.0	0.0	0.0	0.0	2020-03-22
Richland	0.0	0.0	0.0	0.0	0.0	0.0	0.0	0.0	0.0	0.0	0.0	0.0	2020-03-23
Richland	0.0	0.0	0.0	0.0	0.0	0.0	0.0	0.0	0.0	0.0	0.0	0.0	2020-03-24
Richland	0.0	0.0	0.0	0.0	0.0	0.0	0.0	0.0	0.0	0.0	0.0	0.0	2020-03-25
Richland	0.0	0.0	0.0	0.0	0.0	0.0	0.0	0.0	0.0	0.0	0.0	0.0	2020-03-26
Richland	0.0	0.0	0.0	0.0	0.0	0.0	0.0	0.0	0.0	0.0	0.0	0.0	2020-03-27
Richland	2.0	0.0	0.0	0.0	0.00011509	0.0	10.0	4.0	2.5	0.00057545	0.00023018	0.0001438625	2020-03-28
Richland	2.0	0.0	0.0	0.0	0.00011509	0.0	10.0	4.0	2.5	0.00057545	0.00023018	0.0001438625	2020-03-29
Richland	2.0	0.0	0.0	0.0	0.00011509	0.0	10.0	4.0	2.5	0.00057545	0.00023018	0.0001438625	2020-03-30
Richland	2.0	0.0	0.0	0.0	0.00011509	0.0	10.0	4.0	2.5	0.00057545	0.00023018	0.0001438625	2020-03-31
Richland	2.0	0.0	0.0	0.0	0.00011509	0.0	10.0	4.0	2.5	0.00057545	0.00023018	0.0001438625	2020-04-01
Richland	2.0	0.0	0.0	0.0	0.00011509	0.0	10.0	4.0	2.5	0.00057545	0.00023018	0.0001438625	2020-04-02
Richland	2.0	0.0	0.0	0.0	0.00011509	0.0	10.0	4.0	2.5	0.00057545	0.00023018	0.0001438625	2020-04-03
Richland	0	0	0	0	_2020-3-24
Richland	0	0	0	0	_2020-3-25
Richland	0	0	0	0	_2020-3-26
