Name	Confirmed	Deaths	Recovered	Active	Confirmed_per_capita	Deaths_per_capita	IFR_0.30_expected	IFR_0.65_expected	IFR_1.0_expected	IFR_0.30_expected_per_capita	IFR_0.65_expected_per_capita	IFR_1.0_expected_per_capita	Date
Grundy	0.0	0.0	0.0	0.0	0.0	0.0	0.0	0.0	0.0	0.0	0.0	0.0	2020-03-22
Grundy	0	0	0	0	0.0	0.0	0	0	0	0.0	0.0	0.0	2020-03-23
Grundy	0	0	0	0	0.0	0.0	0	0	0	0.0	0.0	0.0	2020-03-24
Grundy	0	0	0	0	0.0	0.0	0	0	0	0.0	0.0	0.0	2020-03-25
Grundy	0	0	0	0	0.0	0.0	0	0	0	0.0	0.0	0.0	2020-03-26
Grundy	0	0	0	0	0.0	0.0	0	0	0	0.0	0.0	0.0	2020-03-27
Grundy	0	0	0	0	0.0	0.0	0	0	0	0.0	0.0	0.0	2020-03-28
Grundy	0.0	0.0	0.0	0.0	0.0	0.0	0.0	0.0	0.0	0.0	0.0	0.0	2020-03-29
Grundy	0.0	0.0	0.0	0.0	0.0	0.0	0.0	0.0	0.0	0.0	0.0	0.0	2020-03-30
Grundy	8.0	0.0	0.0	8.0	0.00080694	0.0	40.0	16.0	10.0	0.0040347	0.00161388	0.001008675	2020-06-12
Grundy	12.0	0.0	0.0	12.0	0.00121041	0.0	60.0	24.0	15.0	0.00605205	0.00242082	0.0015130125	2020-06-13
Grundy	12.0	0.0	0.0	12.0	0.00121041	0.0	60.0	24.0	15.0	0.00605205	0.00242082	0.0015130125	2020-06-14
Grundy	12.0	0.0	0.0	12.0	0.00121041	0.0	60.0	24.0	15.0	0.00605205	0.00242082	0.0015130125	2020-06-15
Grundy	11.0	0.0	0.0	11.0	0.00110954	0.0	55.0	22.0	13.75	0.0055477	0.00221908	0.001386925	2020-06-16
Grundy	11.0	0.0	0.0	11.0	0.00110954	0.0	55.0	22.0	13.75	0.0055477	0.00221908	0.001386925	2020-06-17
Grundy	12.0	0.0	0.0	12.0	0.00121041	0.0	60.0	24.0	15.0	0.00605205	0.00242082	0.0015130125	2020-06-18
Grundy	16.0	0.0	0.0	16.0	0.00161388	0.0	80.0	32.0	20.0	0.0080694	0.00322776	0.00201735	2020-06-19
Grundy	17.0	0.0	0.0	17.0	0.00171475	0.0	85.0	34.0	21.25	0.00857375	0.0034295	0.0021434375	2020-06-20
Grundy	17.0	0.0	0.0	17.0	0.00171475	0.0	85.0	34.0	21.25	0.00857375	0.0034295	0.0021434375	2020-06-21
Grundy	17.0	0.0	0.0	17.0	0.00171475	0.0	85.0	34.0	21.25	0.00857375	0.0034295	0.0021434375	2020-06-22
Grundy	17.0	0.0	0.0	17.0	0.00171475	0.0	85.0	34.0	21.25	0.00857375	0.0034295	0.0021434375	2020-06-23
Grundy	18.0	0.0	0.0	18.0	0.00181561	0.0	90.0	36.0	22.5	0.00907805	0.00363122	0.0022695125	2020-06-24
Grundy	18.0	0.0	0.0	18.0	0.00181561	0.0	90.0	36.0	22.5	0.00907805	0.00363122	0.0022695125	2020-06-25
Grundy	18.0	0.0	0.0	18.0	0.00181561	0.0	90.0	36.0	22.5	0.00907805	0.00363122	0.0022695125	2020-06-26
Grundy	18.0	0.0	0.0	18.0	0.00181561	0.0	90.0	36.0	22.5	0.00907805	0.00363122	0.0022695125	2020-06-27
Grundy	18.0	0.0	0.0	18.0	0.00181561	0.0	90.0	36.0	22.5	0.00907805	0.00363122	0.0022695125	2020-06-28
Grundy	18.0	0.0	0.0	18.0	0.00181561	0.0	90.0	36.0	22.5	0.00907805	0.00363122	0.0022695125	2020-06-29
Grundy	18.0	0.0	0.0	18.0	0.00181561	0.0	90.0	36.0	22.5	0.00907805	0.00363122	0.0022695125	2020-06-30
Grundy	18.0	0.0	0.0	18.0	0.00181561	0.0	90.0	36.0	22.5	0.00907805	0.00363122	0.0022695125	2020-07-01
Grundy	20.0	0.0	0.0	20.0	0.00201735	0.0	100.0	40.0	25.0	0.01008675	0.0040347	0.0025216875	2020-07-02
Grundy	0.0	0.0	18.0	0.0	0.0	0.0	0.0	0.0	0.00181561	0.0	0.0	0.0	2020-07-03
Grundy	0.0	0.0	18.0	0.0	0.0	0.0	0.0	0.0	0.00181561	0.0	0.0	0.0	2020-07-04
Grundy	0.0	0.0	18.0	0.0	0.0	0.0	0.0	0.0	0.00181561	0.0	0.0	0.0	2020-07-05
Grundy	0.0	0.0	20.0	0.357	0.357	0.357	0.0	0.0	0.00201735	3.601e-05	3.601e-05	3.601e-05	2020-07-06
Grundy	0.0	0.0	20.0	0.353	0.71	0.71	0.0	0.0	0.00201735	3.561e-05	7.162e-05	7.162e-05	2020-07-07
Grundy	0.0	0.0	20.0	0.349	1.059	1.059	0.0	0.0	0.00201735	3.52e-05	0.00010682	0.00010682	2020-07-08
Grundy	0.0	0.0	20.0	1.091	1.091	1.091	0.0	0.0	0.00201735	0.00011005	0.00011005	0.00011005	2020-07-09
Grundy	0.0	0.0	20.0	0.782	1.873	1.873	0.0	0.0	0.00201735	7.888e-05	0.00018892	0.00018892	2020-07-10
Grundy	0.0	0.0	20.0	0.7	0.7	0.7	0.0	0.0	0.00201735	7.061e-05	7.061e-05	7.061e-05	2020-07-11
Grundy	0.0	0.0	20.0	0.76	1.46	1.46	0.0	0.0	0.00201735	7.666e-05	0.00014727	0.00014727	2020-07-12
Grundy	0.0	0.0	20.0	0.827	2.287	2.287	0.0	0.0	0.00201735	8.342e-05	0.00023068	0.00023068	2020-07-13
Grundy	0.0	0.0	20.0	1.112	1.112	1.112	0.0	0.0	0.00201735	0.00011216	0.00011216	0.00011216	2020-07-14
Grundy	0.0	0.0	20.0	0.716	1.828	1.828	0.0	0.0	0.00201735	7.222e-05	0.00018439	0.00018439	2020-07-15
Grundy	0.0	0.0	20.0	0.441	2.269	2.269	0.0	0.0	0.00201735	4.448e-05	0.00022887	0.00022887	2020-07-16
Grundy	0.0	0.0	20.0	0.278	2.547	2.547	0.0	0.0	0.00201735	2.804e-05	0.00025691	0.00025691	2020-07-17
Grundy	22.0	1.0	0.0	21.0	0.00221908	0.00010087	333.333333333	153.846153846	100.0	0.0336233333333	0.0155184615385	0.010087	2020-07-18
Grundy	22.0	1.0	0.0	21.0	0.00221908	0.00010087	333.333333333	153.846153846	100.0	0.0336233333333	0.0155184615385	0.010087	2020-07-19
