Name	Confirmed	Deaths	Recovered	Active	Confirmed_per_capita	Deaths_per_capita	IFR_0.30_expected	IFR_0.65_expected	IFR_1.0_expected	IFR_0.30_expected_per_capita	IFR_0.65_expected_per_capita	IFR_1.0_expected_per_capita	Date
Allen	0.0	0.0	0.0	0.0	0.0	0.0	0.0	0.0	0.0	0.0	0.0	0.0	2020-03-22
Allen	2	0	0	0	7.811e-05	0.0	10	4	2.5	0.00039055	0.00015622	9.76375e-05	2020-03-23
Allen	2	0	0	0	7.811e-05	0.0	10	4	2.5	0.00039055	0.00015622	9.76375e-05	2020-03-24
Allen	2	0	0	0	7.811e-05	0.0	10	4	2.5	0.00039055	0.00015622	9.76375e-05	2020-03-25
Allen	5	0	0	0	0.00019527	0.0	25	10	6.25	0.00097635	0.00039054	0.0002440875	2020-03-26
Allen	5	0	0	0	0.00019527	0.0	25	10	6.25	0.00097635	0.00039054	0.0002440875	2020-03-27
Allen	7	0	0	0	0.00027338	0.0	35	14	8.75	0.0013669	0.00054676	0.000341725	2020-03-28
Allen	9.0	0.0	0.0	0.0	0.00035149	0.0	45.0	18.0	11.25	0.00175745	0.00070298	0.0004393625	2020-03-29
Allen	11.0	0.0	0.0	0.0	0.0004296	0.0	55.0	22.0	13.75	0.002148	0.0008592	0.000537	2020-03-30
Allen	15.0	0.0	0.0	0.0	0.00058582	0.0	75.0	30.0	18.75	0.0029291	0.00117164	0.000732275	2020-03-31
Allen	19.0	0.0	0.0	0.0	0.00074204	0.0	95.0	38.0	23.75	0.0037102	0.00148408	0.00092755	2020-04-01
Allen	26.0	3.0	0.0	0.0	0.00101543	0.00011716	1000.0	461.538461538	300.0	0.0390533333333	0.0180246153846	0.011716	2020-04-02
Allen	34.0	3.0	0.0	0.0	0.00132787	0.00011716	1000.0	461.538461538	300.0	0.0390533333333	0.0180246153846	0.011716	2020-04-03
Allen	39.0	3.0	0.0	0.0	0.00152314	0.00011716	1000.0	461.538461538	300.0	0.0390533333333	0.0180246153846	0.011716	2020-04-04
Allen	40.0	5.0	0.0	0.0	0.00156219	0.00019527	1666.66666667	769.230769231	500.0	0.06509	0.0300415384615	0.019527	2020-04-05
Allen	52.0	5.0	0.0	0.0	0.00203085	0.00019527	1666.66666667	769.230769231	500.0	0.06509	0.0300415384615	0.019527	2020-04-06
Allen	58.0	5.0	0.0	0.0	0.00226518	0.00019527	1666.66666667	769.230769231	500.0	0.06509	0.0300415384615	0.019527	2020-04-07
Allen	65.0	5.0	0.0	0.0	0.00253857	0.00019527	1666.66666667	769.230769231	500.0	0.06509	0.0300415384615	0.019527	2020-04-08
Allen	66.0	5.0	0.0	0.0	0.00257762	0.00019527	1666.66666667	769.230769231	500.0	0.06509	0.0300415384615	0.019527	2020-04-09
Allen	67.0	5.0	0.0	0.0	0.00261668	0.00019527	1666.66666667	769.230769231	500.0	0.06509	0.0300415384615	0.019527	2020-04-10
Allen	71.0	7.0	0.0	0.0	0.0027729	0.00027338	2333.33333333	1076.92307692	700.0	0.0911266666667	0.0420584615385	0.027338	2020-04-11
Allen	73.0	7.0	0.0	66.0	0.00285101	0.00027338	2333.33333333	1076.92307692	700.0	0.0911266666667	0.0420584615385	0.027338	2020-04-12
Allen	74.0	7.0	0.0	67.0	0.00289006	0.00027338	2333.33333333	1076.92307692	700.0	0.0911266666667	0.0420584615385	0.027338	2020-04-13
Allen	74.0	8.0	0.0	66.0	0.00289006	0.00031244	2666.66666667	1230.76923077	800.0	0.104146666667	0.0480676923077	0.031244	2020-04-14
Allen	74.0	8.0	0.0	66.0	0.00289006	0.00031244	2666.66666667	1230.76923077	800.0	0.104146666667	0.0480676923077	0.031244	2020-04-15
Allen	78.0	9.0	0.0	69.0	0.00304628	0.00035149	3000.0	1384.61538462	900.0	0.117163333333	0.0540753846154	0.035149	2020-04-16
Allen	79.0	9.0	0.0	70.0	0.00308533	0.00035149	3000.0	1384.61538462	900.0	0.117163333333	0.0540753846154	0.035149	2020-04-17
Allen	79.0	9.0	0.0	70.0	0.00308533	0.00035149	3000.0	1384.61538462	900.0	0.117163333333	0.0540753846154	0.035149	2020-04-18
Allen	79.0	9.0	0.0	70.0	0.00308533	0.00035149	3000.0	1384.61538462	900.0	0.117163333333	0.0540753846154	0.035149	2020-04-19
Allen	79.0	9.0	0.0	70.0	0.00308533	0.00035149	3000.0	1384.61538462	900.0	0.117163333333	0.0540753846154	0.035149	2020-04-20
Allen	79.0	9.0	0.0	70.0	0.00308533	0.00035149	3000.0	1384.61538462	900.0	0.117163333333	0.0540753846154	0.035149	2020-04-21
Allen	80.0	9.0	0.0	71.0	0.00312439	0.00035149	3000.0	1384.61538462	900.0	0.117163333333	0.0540753846154	0.035149	2020-04-22
Allen	81.0	9.0	0.0	72.0	0.00316344	0.00035149	3000.0	1384.61538462	900.0	0.117163333333	0.0540753846154	0.035149	2020-04-23
Allen	81.0	9.0	0.0	72.0	0.00316344	0.00035149	3000.0	1384.61538462	900.0	0.117163333333	0.0540753846154	0.035149	2020-04-24
Allen	82.0	9.0	0.0	73.0	0.0032025	0.00035149	3000.0	1384.61538462	900.0	0.117163333333	0.0540753846154	0.035149	2020-04-25
Allen	82.0	9.0	0.0	73.0	0.0032025	0.00035149	3000.0	1384.61538462	900.0	0.117163333333	0.0540753846154	0.035149	2020-04-26
Allen	87.0	9.0	0.0	78.0	0.00339777	0.00035149	3000.0	1384.61538462	900.0	0.117163333333	0.0540753846154	0.035149	2020-04-27
Allen	90.0	9.0	0.0	81.0	0.00351494	0.00035149	3000.0	1384.61538462	900.0	0.117163333333	0.0540753846154	0.035149	2020-04-28
Allen	90.0	9.0	0.0	81.0	0.00351494	0.00035149	3000.0	1384.61538462	900.0	0.117163333333	0.0540753846154	0.035149	2020-04-29
Allen	90.0	9.0	0.0	81.0	0.00351494	0.00035149	3000.0	1384.61538462	900.0	0.117163333333	0.0540753846154	0.035149	2020-04-30
Allen	90.0	9.0	0.0	81.0	0.00351494	0.00035149	3000.0	1384.61538462	900.0	0.117163333333	0.0540753846154	0.035149	2020-05-01
Allen	90.0	9.0	0.0	81.0	0.00351494	0.00035149	3000.0	1384.61538462	900.0	0.117163333333	0.0540753846154	0.035149	2020-05-02
Allen	90.0	9.0	0.0	81.0	0.00351494	0.00035149	3000.0	1384.61538462	900.0	0.117163333333	0.0540753846154	0.035149	2020-05-03
Allen	90.0	9.0	0.0	81.0	0.00351494	0.00035149	3000.0	1384.61538462	900.0	0.117163333333	0.0540753846154	0.035149	2020-05-04
Allen	90.0	9.0	0.0	81.0	0.00351494	0.00035149	3000.0	1384.61538462	900.0	0.117163333333	0.0540753846154	0.035149	2020-05-05
Allen	90.0	9.0	0.0	81.0	0.00351494	0.00035149	3000.0	1384.61538462	900.0	0.117163333333	0.0540753846154	0.035149	2020-05-06
Allen	90.0	9.0	0.0	81.0	0.00351494	0.00035149	3000.0	1384.61538462	900.0	0.117163333333	0.0540753846154	0.035149	2020-05-07
Allen	90.0	9.0	0.0	81.0	0.00351494	0.00035149	3000.0	1384.61538462	900.0	0.117163333333	0.0540753846154	0.035149	2020-05-08
Allen	90.0	9.0	0.0	81.0	0.00351494	0.00035149	3000.0	1384.61538462	900.0	0.117163333333	0.0540753846154	0.035149	2020-05-09
Allen	90.0	9.0	0.0	81.0	0.00351494	0.00035149	3000.0	1384.61538462	900.0	0.117163333333	0.0540753846154	0.035149	2020-05-10
Allen	90.0	9.0	0.0	81.0	0.00351494	0.00035149	3000.0	1384.61538462	900.0	0.117163333333	0.0540753846154	0.035149	2020-05-11
Allen	90.0	10.0	0.0	80.0	0.00351494	0.00039055	3333.33333333	1538.46153846	1000.0	0.130183333333	0.0600846153846	0.039055	2020-05-12
Allen	94.0	10.0	0.0	84.0	0.00367116	0.00039055	3333.33333333	1538.46153846	1000.0	0.130183333333	0.0600846153846	0.039055	2020-05-13
Allen	94.0	10.0	0.0	84.0	0.00367116	0.00039055	3333.33333333	1538.46153846	1000.0	0.130183333333	0.0600846153846	0.039055	2020-05-14
Allen	94.0	10.0	0.0	84.0	0.00367116	0.00039055	3333.33333333	1538.46153846	1000.0	0.130183333333	0.0600846153846	0.039055	2020-05-15
Allen	99.0	10.0	0.0	89.0	0.00386643	0.00039055	3333.33333333	1538.46153846	1000.0	0.130183333333	0.0600846153846	0.039055	2020-05-16
Allen	100.0	10.0	0.0	90.0	0.00390549	0.00039055	3333.33333333	1538.46153846	1000.0	0.130183333333	0.0600846153846	0.039055	2020-05-17
Allen	118.0	10.0	0.0	108.0	0.00460847	0.00039055	3333.33333333	1538.46153846	1000.0	0.130183333333	0.0600846153846	0.039055	2020-05-18
Allen	131.0	10.0	0.0	121.0	0.00511619	0.00039055	3333.33333333	1538.46153846	1000.0	0.130183333333	0.0600846153846	0.039055	2020-05-19
Allen	157.0	10.0	0.0	147.0	0.00613161	0.00039055	3333.33333333	1538.46153846	1000.0	0.130183333333	0.0600846153846	0.039055	2020-05-20
Allen	172.0	10.0	0.0	162.0	0.00671744	0.00039055	3333.33333333	1538.46153846	1000.0	0.130183333333	0.0600846153846	0.039055	2020-05-21
Allen	182.0	10.0	0.0	172.0	0.00710799	0.00039055	3333.33333333	1538.46153846	1000.0	0.130183333333	0.0600846153846	0.039055	2020-05-22
Allen	182.0	10.0	0.0	172.0	0.00710799	0.00039055	3333.33333333	1538.46153846	1000.0	0.130183333333	0.0600846153846	0.039055	2020-05-23
Allen	182.0	10.0	0.0	172.0	0.00710799	0.00039055	3333.33333333	1538.46153846	1000.0	0.130183333333	0.0600846153846	0.039055	2020-05-24
Allen	182.0	10.0	0.0	172.0	0.00710799	0.00039055	3333.33333333	1538.46153846	1000.0	0.130183333333	0.0600846153846	0.039055	2020-05-25
Allen	184.0	10.0	0.0	174.0	0.0071861	0.00039055	3333.33333333	1538.46153846	1000.0	0.130183333333	0.0600846153846	0.039055	2020-05-26
Allen	184.0	10.0	0.0	174.0	0.0071861	0.00039055	3333.33333333	1538.46153846	1000.0	0.130183333333	0.0600846153846	0.039055	2020-05-27
Allen	184.0	10.0	0.0	174.0	0.0071861	0.00039055	3333.33333333	1538.46153846	1000.0	0.130183333333	0.0600846153846	0.039055	2020-05-28
Allen	184.0	10.0	0.0	174.0	0.0071861	0.00039055	3333.33333333	1538.46153846	1000.0	0.130183333333	0.0600846153846	0.039055	2020-05-29
Allen	184.0	10.0	0.0	174.0	0.0071861	0.00039055	3333.33333333	1538.46153846	1000.0	0.130183333333	0.0600846153846	0.039055	2020-05-30
Allen	184.0	10.0	0.0	174.0	0.0071861	0.00039055	3333.33333333	1538.46153846	1000.0	0.130183333333	0.0600846153846	0.039055	2020-05-31
Allen	184.0	10.0	0.0	174.0	0.0071861	0.00039055	3333.33333333	1538.46153846	1000.0	0.130183333333	0.0600846153846	0.039055	2020-06-01
Allen	184.0	10.0	0.0	174.0	0.0071861	0.00039055	3333.33333333	1538.46153846	1000.0	0.130183333333	0.0600846153846	0.039055	2020-06-02
Allen	185.0	10.0	0.0	175.0	0.00722515	0.00039055	3333.33333333	1538.46153846	1000.0	0.130183333333	0.0600846153846	0.039055	2020-06-03
Allen	186.0	10.0	0.0	176.0	0.00726421	0.00039055	3333.33333333	1538.46153846	1000.0	0.130183333333	0.0600846153846	0.039055	2020-06-04
Allen	186.0	10.0	0.0	176.0	0.00726421	0.00039055	3333.33333333	1538.46153846	1000.0	0.130183333333	0.0600846153846	0.039055	2020-06-05
Allen	186.0	10.0	0.0	176.0	0.00726421	0.00039055	3333.33333333	1538.46153846	1000.0	0.130183333333	0.0600846153846	0.039055	2020-06-06
Allen	186.0	10.0	0.0	176.0	0.00726421	0.00039055	3333.33333333	1538.46153846	1000.0	0.130183333333	0.0600846153846	0.039055	2020-06-07
Allen	188.0	10.0	0.0	178.0	0.00734232	0.00039055	3333.33333333	1538.46153846	1000.0	0.130183333333	0.0600846153846	0.039055	2020-06-08
Allen	189.0	10.0	0.0	179.0	0.00738137	0.00039055	3333.33333333	1538.46153846	1000.0	0.130183333333	0.0600846153846	0.039055	2020-06-09
Allen	189.0	10.0	0.0	179.0	0.00738137	0.00039055	3333.33333333	1538.46153846	1000.0	0.130183333333	0.0600846153846	0.039055	2020-06-10
Allen	189.0	10.0	0.0	179.0	0.00738137	0.00039055	3333.33333333	1538.46153846	1000.0	0.130183333333	0.0600846153846	0.039055	2020-06-11
Allen	193.0	10.0	0.0	183.0	0.00753759	0.00039055	3333.33333333	1538.46153846	1000.0	0.130183333333	0.0600846153846	0.039055	2020-06-12
Allen	210.0	10.0	0.0	200.0	0.00820152	0.00039055	3333.33333333	1538.46153846	1000.0	0.130183333333	0.0600846153846	0.039055	2020-06-13
Allen	222.0	10.0	0.0	212.0	0.00867018	0.00039055	3333.33333333	1538.46153846	1000.0	0.130183333333	0.0600846153846	0.039055	2020-06-14
Allen	226.0	10.0	0.0	216.0	0.0088264	0.00039055	3333.33333333	1538.46153846	1000.0	0.130183333333	0.0600846153846	0.039055	2020-06-15
Allen	230.0	10.0	0.0	220.0	0.00898262	0.00039055	3333.33333333	1538.46153846	1000.0	0.130183333333	0.0600846153846	0.039055	2020-06-16
Allen	243.0	10.0	0.0	233.0	0.00949033	0.00039055	3333.33333333	1538.46153846	1000.0	0.130183333333	0.0600846153846	0.039055	2020-06-17
Allen	243.0	10.0	0.0	233.0	0.00949033	0.00039055	3333.33333333	1538.46153846	1000.0	0.130183333333	0.0600846153846	0.039055	2020-06-18
Allen	223.0	10.0	0.0	213.0	0.00870924	0.00039055	3333.33333333	1538.46153846	1000.0	0.130183333333	0.0600846153846	0.039055	2020-06-19
Allen	224.0	10.0	0.0	214.0	0.00874829	0.00039055	3333.33333333	1538.46153846	1000.0	0.130183333333	0.0600846153846	0.039055	2020-06-20
Allen	226.0	10.0	0.0	216.0	0.0088264	0.00039055	3333.33333333	1538.46153846	1000.0	0.130183333333	0.0600846153846	0.039055	2020-06-21
Allen	228.0	10.0	0.0	218.0	0.00890451	0.00039055	3333.33333333	1538.46153846	1000.0	0.130183333333	0.0600846153846	0.039055	2020-06-22
Allen	256.0	10.0	0.0	246.0	0.00999805	0.00039055	3333.33333333	1538.46153846	1000.0	0.130183333333	0.0600846153846	0.039055	2020-06-23
Allen	257.0	10.0	0.0	247.0	0.0100371	0.00039055	3333.33333333	1538.46153846	1000.0	0.130183333333	0.0600846153846	0.039055	2020-06-24
Allen	257.0	10.0	0.0	247.0	0.0100371	0.00039055	3333.33333333	1538.46153846	1000.0	0.130183333333	0.0600846153846	0.039055	2020-06-25
Allen	274.0	10.0	0.0	264.0	0.01070103	0.00039055	3333.33333333	1538.46153846	1000.0	0.130183333333	0.0600846153846	0.039055	2020-06-26
Allen	274.0	10.0	0.0	264.0	0.01070103	0.00039055	3333.33333333	1538.46153846	1000.0	0.130183333333	0.0600846153846	0.039055	2020-06-27
Allen	284.0	10.0	0.0	274.0	0.01109158	0.00039055	3333.33333333	1538.46153846	1000.0	0.130183333333	0.0600846153846	0.039055	2020-06-28
Allen	287.0	10.0	0.0	277.0	0.01120875	0.00039055	3333.33333333	1538.46153846	1000.0	0.130183333333	0.0600846153846	0.039055	2020-06-29
Allen	304.0	10.0	0.0	294.0	0.01187268	0.00039055	3333.33333333	1538.46153846	1000.0	0.130183333333	0.0600846153846	0.039055	2020-06-30
Allen	310.0	10.0	0.0	300.0	0.01210701	0.00039055	3333.33333333	1538.46153846	1000.0	0.130183333333	0.0600846153846	0.039055	2020-07-01
Allen	316.0	11.0	0.0	305.0	0.01234134	0.0004296	3666.66666667	1692.30769231	1100.0	0.1432	0.0660923076923	0.04296	2020-07-02
Allen	7.793	15.273	325.273	0.0	0.0	10.0	0.00030435	0.00059649	0.0127035	0.0	0.0	0.00039055	2020-07-03
Allen	7.973	23.246	333.246	0.0	0.0	10.0	0.00031138	0.00090787	0.01301488	0.0	0.0	0.00039055	2020-07-04
Allen	8.076	31.322	341.322	0.0	0.0	10.0	0.00031541	0.00122328	0.01333029	0.0	0.0	0.00039055	2020-07-05
Allen	6.628	6.628	14.704	0.412	0.412	31.734	0.00025886	0.00025886	0.00057426	1.609e-05	1.609e-05	0.00123937	2020-07-06
Allen	5.267	11.895	19.971	0.339	0.751	32.073	0.0002057	0.00046456	0.00077996	1.324e-05	2.933e-05	0.00125261	2020-07-07
Allen	4.114	16.009	24.085	0.265	1.016	32.338	0.00016067	0.00062523	0.00094064	1.035e-05	3.968e-05	0.00126296	2020-07-08
Allen	42.022	42.022	46.136	1.262	1.262	17.271	0.00164116	0.00164116	0.00180184	4.929e-05	4.929e-05	0.00067452	2020-07-09
Allen	51.861	93.883	97.997	0.904	2.166	18.175	0.00202542	0.00366659	0.00382726	3.531e-05	8.459e-05	0.00070982	2020-07-10
Allen	43.923	43.923	95.784	1.36	1.36	95.243	0.00171541	0.00171541	0.00374083	5.311e-05	5.311e-05	0.0037197	2020-07-11
Allen	43.519	87.442	139.303	1.365	2.725	96.608	0.00169963	0.00341504	0.00544046	5.331e-05	0.00010642	0.00377301	2020-07-12
Allen	42.953	130.395	182.256	1.362	4.087	97.97	0.00167752	0.00509256	0.00711798	5.319e-05	0.00015962	0.00382621	2020-07-13
Allen	9.271	9.271	52.224	4.96	4.96	135.355	0.00036208	0.00036208	0.0020396	0.00019371	0.00019371	0.00528627	2020-07-14
Allen	6.582	15.853	58.806	6.121	11.081	141.476	0.00025706	0.00061914	0.00229666	0.00023905	0.00043277	0.00552533	2020-07-15
Allen	4.235	20.088	63.041	7.528	18.609	149.004	0.0001654	0.00078453	0.00246206	0.00029401	0.00072677	0.00581933	2020-07-16
Allen	2.611	22.699	65.652	9.089	27.698	158.093	0.00010197	0.00088651	0.00256403	0.00035497	0.00108174	0.0061743	2020-07-17
Allen	573.0	14.0	0.0	559.0	0.02237844	0.00054677	4666.66666667	2153.84615385	1400.0	0.182256666667	0.0841184615385	0.054677	2020-07-18
Allen	628.0	14.0	0.0	614.0	0.02452646	0.00054677	4666.66666667	2153.84615385	1400.0	0.182256666667	0.0841184615385	0.054677	2020-07-19
