Name	Confirmed	Deaths	Recovered	Active	Confirmed_per_capita	Deaths_per_capita	IFR_0.30_expected	IFR_0.65_expected	IFR_1.0_expected	IFR_0.30_expected_per_capita	IFR_0.65_expected_per_capita	IFR_1.0_expected_per_capita	Date
Bibb	0.0	0.0	0.0	0.0	0.0	0.0	0.0	0.0	0.0	0.0	0.0	0.0	2020-03-22
Bibb	0.0	0.0	0.0	0.0	0.0	0.0	0.0	0.0	0.0	0.0	0.0	0.0	2020-03-23
Bibb	0.0	0.0	0.0	0.0	0.0	0.0	0.0	0.0	0.0	0.0	0.0	0.0	2020-03-24
Bibb	0.0	0.0	0.0	0.0	0.0	0.0	0.0	0.0	0.0	0.0	0.0	0.0	2020-03-25
Bibb	0.0	0.0	0.0	0.0	0.0	0.0	0.0	0.0	0.0	0.0	0.0	0.0	2020-03-26
Bibb	0.0	0.0	0.0	0.0	0.0	0.0	0.0	0.0	0.0	0.0	0.0	0.0	2020-03-27
Bibb	0.0	0.0	0.0	0.0	0.0	0.0	0.0	0.0	0.0	0.0	0.0	0.0	2020-03-28
Bibb	0.0	0.0	0.0	0.0	0.0	0.0	0.0	0.0	0.0	0.0	0.0	0.0	2020-03-29
Bibb	2.0	0.0	0.0	0.0	8.929e-05	0.0	10.0	4.0	2.5	0.00044645	0.00017858	0.0001116125	2020-03-30
Bibb	3.0	0.0	0.0	0.0	0.00013393	0.0	15.0	6.0	3.75	0.00066965	0.00026786	0.0001674125	2020-03-31
Bibb	3.0	0.0	0.0	0.0	0.00013393	0.0	15.0	6.0	3.75	0.00066965	0.00026786	0.0001674125	2020-04-01
Bibb	4.0	0.0	0.0	0.0	0.00017857	0.0	20.0	8.0	5.0	0.00089285	0.00035714	0.0002232125	2020-04-02
Bibb	4.0	0.0	0.0	0.0	0.00017857	0.0	20.0	8.0	5.0	0.00089285	0.00035714	0.0002232125	2020-04-03
Bibb	0	0	0	0	_2020-3-24
Bibb	0	0	0	0	_2020-3-25
Bibb	0	0	0	0	_2020-3-26
