Name	Confirmed	Deaths	Recovered	Active	Confirmed_per_capita	Deaths_per_capita	IFR_0.30_expected	IFR_0.65_expected	IFR_1.0_expected	IFR_0.30_expected_per_capita	IFR_0.65_expected_per_capita	IFR_1.0_expected_per_capita	Date
Teller	0.0	0.0	0.0	0.0	0.0	0.0	0.0	0.0	0.0	0.0	0.0	0.0	2020-03-22
Teller	0	0	0	0	0.0	0.0	0	0	0	0.0	0.0	0.0	2020-03-23
Teller	3	0	0	0	0.0001196	0.0	15	6	3.75	0.000598	0.0002392	0.0001495	2020-03-24
Teller	3	0	0	0	0.0001196	0.0	15	6	3.75	0.000598	0.0002392	0.0001495	2020-03-25
Teller	7	1	0	0	0.00027907	3.987e-05	333.333333333	153.846153846	100	0.01329	0.00613384615385	0.003987	2020-03-26
Teller	7	1	0	0	0.00027907	3.987e-05	333.333333333	153.846153846	100	0.01329	0.00613384615385	0.003987	2020-03-27
Teller	7	1	0	0	0.00027907	3.987e-05	333.333333333	153.846153846	100	0.01329	0.00613384615385	0.003987	2020-03-28
Teller	7.0	1.0	0.0	0.0	0.00027907	3.987e-05	333.333333333	153.846153846	100.0	0.01329	0.00613384615385	0.003987	2020-03-29
Teller	7.0	1.0	0.0	0.0	0.00027907	3.987e-05	333.333333333	153.846153846	100.0	0.01329	0.00613384615385	0.003987	2020-03-30
Teller	7.0	1.0	0.0	0.0	0.00027907	3.987e-05	333.333333333	153.846153846	100.0	0.01329	0.00613384615385	0.003987	2020-03-31
Teller	7.0	1.0	0.0	0.0	0.00027907	3.987e-05	333.333333333	153.846153846	100.0	0.01329	0.00613384615385	0.003987	2020-04-01
Teller	7.0	1.0	0.0	0.0	0.00027907	3.987e-05	333.333333333	153.846153846	100.0	0.01329	0.00613384615385	0.003987	2020-04-02
Teller	7.0	1.0	0.0	0.0	0.00027907	3.987e-05	333.333333333	153.846153846	100.0	0.01329	0.00613384615385	0.003987	2020-04-03
Teller	11.0	1.0	0.0	0.0	0.00043854	3.987e-05	333.333333333	153.846153846	100.0	0.01329	0.00613384615385	0.003987	2020-04-04
Teller	11.0	1.0	0.0	0.0	0.00043854	3.987e-05	333.333333333	153.846153846	100.0	0.01329	0.00613384615385	0.003987	2020-04-05
Teller	11.0	1.0	0.0	0.0	0.00043854	3.987e-05	333.333333333	153.846153846	100.0	0.01329	0.00613384615385	0.003987	2020-04-06
Teller	12.0	1.0	0.0	0.0	0.00047841	3.987e-05	333.333333333	153.846153846	100.0	0.01329	0.00613384615385	0.003987	2020-04-07
Teller	12.0	1.0	0.0	0.0	0.00047841	3.987e-05	333.333333333	153.846153846	100.0	0.01329	0.00613384615385	0.003987	2020-04-08
Teller	12.0	1.0	0.0	0.0	0.00047841	3.987e-05	333.333333333	153.846153846	100.0	0.01329	0.00613384615385	0.003987	2020-04-09
Teller	12.0	1.0	0.0	0.0	0.00047841	3.987e-05	333.333333333	153.846153846	100.0	0.01329	0.00613384615385	0.003987	2020-04-10
Teller	12.0	2.0	0.0	0.0	0.00047841	7.974e-05	666.666666667	307.692307692	200.0	0.02658	0.0122676923077	0.007974	2020-04-11
Teller	16.0	2.0	0.0	14.0	0.00063788	7.974e-05	666.666666667	307.692307692	200.0	0.02658	0.0122676923077	0.007974	2020-04-12
Teller	15.0	2.0	0.0	13.0	0.00059801	7.974e-05	666.666666667	307.692307692	200.0	0.02658	0.0122676923077	0.007974	2020-04-13
Teller	16.0	2.0	0.0	14.0	0.00063788	7.974e-05	666.666666667	307.692307692	200.0	0.02658	0.0122676923077	0.007974	2020-04-14
Teller	16.0	2.0	0.0	14.0	0.00063788	7.974e-05	666.666666667	307.692307692	200.0	0.02658	0.0122676923077	0.007974	2020-04-15
Teller	16.0	2.0	0.0	14.0	0.00063788	7.974e-05	666.666666667	307.692307692	200.0	0.02658	0.0122676923077	0.007974	2020-04-16
Teller	17.0	2.0	0.0	15.0	0.00067775	7.974e-05	666.666666667	307.692307692	200.0	0.02658	0.0122676923077	0.007974	2020-04-17
Teller	18.0	2.0	0.0	16.0	0.00071762	7.974e-05	666.666666667	307.692307692	200.0	0.02658	0.0122676923077	0.007974	2020-04-18
Teller	24.0	2.0	0.0	22.0	0.00095682	7.974e-05	666.666666667	307.692307692	200.0	0.02658	0.0122676923077	0.007974	2020-04-19
Teller	24.0	2.0	0.0	22.0	0.00095682	7.974e-05	666.666666667	307.692307692	200.0	0.02658	0.0122676923077	0.007974	2020-04-20
Teller	25.0	2.0	0.0	23.0	0.00099669	7.974e-05	666.666666667	307.692307692	200.0	0.02658	0.0122676923077	0.007974	2020-04-21
Teller	25.0	2.0	0.0	23.0	0.00099669	7.974e-05	666.666666667	307.692307692	200.0	0.02658	0.0122676923077	0.007974	2020-04-22
Teller	25.0	2.0	0.0	23.0	0.00099669	7.974e-05	666.666666667	307.692307692	200.0	0.02658	0.0122676923077	0.007974	2020-04-23
Teller	26.0	2.0	0.0	24.0	0.00103656	7.974e-05	666.666666667	307.692307692	200.0	0.02658	0.0122676923077	0.007974	2020-04-24
Teller	27.0	2.0	0.0	25.0	0.00107643	7.974e-05	666.666666667	307.692307692	200.0	0.02658	0.0122676923077	0.007974	2020-04-25
Teller	27.0	2.0	0.0	25.0	0.00107643	7.974e-05	666.666666667	307.692307692	200.0	0.02658	0.0122676923077	0.007974	2020-04-26
Teller	27.0	2.0	0.0	25.0	0.00107643	7.974e-05	666.666666667	307.692307692	200.0	0.02658	0.0122676923077	0.007974	2020-04-27
Teller	28.0	2.0	0.0	26.0	0.00111629	7.974e-05	666.666666667	307.692307692	200.0	0.02658	0.0122676923077	0.007974	2020-04-28
Teller	28.0	2.0	0.0	26.0	0.00111629	7.974e-05	666.666666667	307.692307692	200.0	0.02658	0.0122676923077	0.007974	2020-04-29
Teller	28.0	2.0	0.0	26.0	0.00111629	7.974e-05	666.666666667	307.692307692	200.0	0.02658	0.0122676923077	0.007974	2020-04-30
Teller	28.0	2.0	0.0	26.0	0.00111629	7.974e-05	666.666666667	307.692307692	200.0	0.02658	0.0122676923077	0.007974	2020-05-01
Teller	28.0	2.0	0.0	26.0	0.00111629	7.974e-05	666.666666667	307.692307692	200.0	0.02658	0.0122676923077	0.007974	2020-05-02
Teller	28.0	2.0	0.0	26.0	0.00111629	7.974e-05	666.666666667	307.692307692	200.0	0.02658	0.0122676923077	0.007974	2020-05-03
Teller	28.0	2.0	0.0	26.0	0.00111629	7.974e-05	666.666666667	307.692307692	200.0	0.02658	0.0122676923077	0.007974	2020-05-04
Teller	29.0	2.0	0.0	27.0	0.00115616	7.974e-05	666.666666667	307.692307692	200.0	0.02658	0.0122676923077	0.007974	2020-05-05
Teller	30.0	2.0	0.0	28.0	0.00119603	7.974e-05	666.666666667	307.692307692	200.0	0.02658	0.0122676923077	0.007974	2020-05-06
Teller	30.0	2.0	0.0	28.0	0.00119603	7.974e-05	666.666666667	307.692307692	200.0	0.02658	0.0122676923077	0.007974	2020-05-07
Teller	30.0	2.0	0.0	28.0	0.00119603	7.974e-05	666.666666667	307.692307692	200.0	0.02658	0.0122676923077	0.007974	2020-05-08
Teller	30.0	2.0	0.0	28.0	0.00119603	7.974e-05	666.666666667	307.692307692	200.0	0.02658	0.0122676923077	0.007974	2020-05-09
Teller	31.0	2.0	0.0	29.0	0.0012359	7.974e-05	666.666666667	307.692307692	200.0	0.02658	0.0122676923077	0.007974	2020-05-10
Teller	31.0	2.0	0.0	29.0	0.0012359	7.974e-05	666.666666667	307.692307692	200.0	0.02658	0.0122676923077	0.007974	2020-05-11
Teller	31.0	2.0	0.0	29.0	0.0012359	7.974e-05	666.666666667	307.692307692	200.0	0.02658	0.0122676923077	0.007974	2020-05-12
Teller	31.0	2.0	0.0	29.0	0.0012359	7.974e-05	666.666666667	307.692307692	200.0	0.02658	0.0122676923077	0.007974	2020-05-13
Teller	31.0	2.0	0.0	29.0	0.0012359	7.974e-05	666.666666667	307.692307692	200.0	0.02658	0.0122676923077	0.007974	2020-05-14
Teller	31.0	2.0	0.0	29.0	0.0012359	7.974e-05	666.666666667	307.692307692	200.0	0.02658	0.0122676923077	0.007974	2020-05-15
Teller	31.0	2.0	0.0	29.0	0.0012359	7.974e-05	666.666666667	307.692307692	200.0	0.02658	0.0122676923077	0.007974	2020-05-16
Teller	31.0	2.0	0.0	29.0	0.0012359	7.974e-05	666.666666667	307.692307692	200.0	0.02658	0.0122676923077	0.007974	2020-05-17
Teller	31.0	2.0	0.0	29.0	0.0012359	7.974e-05	666.666666667	307.692307692	200.0	0.02658	0.0122676923077	0.007974	2020-05-18
Teller	31.0	2.0	0.0	29.0	0.0012359	7.974e-05	666.666666667	307.692307692	200.0	0.02658	0.0122676923077	0.007974	2020-05-19
Teller	32.0	2.0	0.0	30.0	0.00127576	7.974e-05	666.666666667	307.692307692	200.0	0.02658	0.0122676923077	0.007974	2020-05-20
Teller	33.0	2.0	0.0	31.0	0.00131563	7.974e-05	666.666666667	307.692307692	200.0	0.02658	0.0122676923077	0.007974	2020-05-21
Teller	32.0	2.0	0.0	30.0	0.00127576	7.974e-05	666.666666667	307.692307692	200.0	0.02658	0.0122676923077	0.007974	2020-05-22
Teller	32.0	2.0	0.0	30.0	0.00127576	7.974e-05	666.666666667	307.692307692	200.0	0.02658	0.0122676923077	0.007974	2020-05-23
Teller	32.0	2.0	0.0	30.0	0.00127576	7.974e-05	666.666666667	307.692307692	200.0	0.02658	0.0122676923077	0.007974	2020-05-24
Teller	32.0	2.0	0.0	30.0	0.00127576	7.974e-05	666.666666667	307.692307692	200.0	0.02658	0.0122676923077	0.007974	2020-05-25
Teller	32.0	2.0	0.0	30.0	0.00127576	7.974e-05	666.666666667	307.692307692	200.0	0.02658	0.0122676923077	0.007974	2020-05-26
Teller	32.0	2.0	0.0	30.0	0.00127576	7.974e-05	666.666666667	307.692307692	200.0	0.02658	0.0122676923077	0.007974	2020-05-27
Teller	32.0	2.0	0.0	30.0	0.00127576	7.974e-05	666.666666667	307.692307692	200.0	0.02658	0.0122676923077	0.007974	2020-05-28
Teller	32.0	2.0	0.0	30.0	0.00127576	7.974e-05	666.666666667	307.692307692	200.0	0.02658	0.0122676923077	0.007974	2020-05-29
Teller	32.0	2.0	0.0	30.0	0.00127576	7.974e-05	666.666666667	307.692307692	200.0	0.02658	0.0122676923077	0.007974	2020-05-30
Teller	32.0	2.0	0.0	30.0	0.00127576	7.974e-05	666.666666667	307.692307692	200.0	0.02658	0.0122676923077	0.007974	2020-05-31
Teller	33.0	2.0	0.0	31.0	0.00131563	7.974e-05	666.666666667	307.692307692	200.0	0.02658	0.0122676923077	0.007974	2020-06-01
Teller	33.0	2.0	0.0	31.0	0.00131563	7.974e-05	666.666666667	307.692307692	200.0	0.02658	0.0122676923077	0.007974	2020-06-02
Teller	33.0	2.0	0.0	31.0	0.00131563	7.974e-05	666.666666667	307.692307692	200.0	0.02658	0.0122676923077	0.007974	2020-06-03
Teller	33.0	2.0	0.0	31.0	0.00131563	7.974e-05	666.666666667	307.692307692	200.0	0.02658	0.0122676923077	0.007974	2020-06-04
Teller	33.0	2.0	0.0	31.0	0.00131563	7.974e-05	666.666666667	307.692307692	200.0	0.02658	0.0122676923077	0.007974	2020-06-05
Teller	34.0	2.0	0.0	32.0	0.0013555	7.974e-05	666.666666667	307.692307692	200.0	0.02658	0.0122676923077	0.007974	2020-06-06
Teller	34.0	2.0	0.0	32.0	0.0013555	7.974e-05	666.666666667	307.692307692	200.0	0.02658	0.0122676923077	0.007974	2020-06-07
Teller	36.0	2.0	0.0	34.0	0.00143524	7.974e-05	666.666666667	307.692307692	200.0	0.02658	0.0122676923077	0.007974	2020-06-08
Teller	37.0	2.0	0.0	35.0	0.0014751	7.974e-05	666.666666667	307.692307692	200.0	0.02658	0.0122676923077	0.007974	2020-06-09
Teller	37.0	2.0	0.0	35.0	0.0014751	7.974e-05	666.666666667	307.692307692	200.0	0.02658	0.0122676923077	0.007974	2020-06-10
Teller	37.0	2.0	0.0	35.0	0.0014751	7.974e-05	666.666666667	307.692307692	200.0	0.02658	0.0122676923077	0.007974	2020-06-11
Teller	38.0	2.0	0.0	36.0	0.00151497	7.974e-05	666.666666667	307.692307692	200.0	0.02658	0.0122676923077	0.007974	2020-06-12
Teller	38.0	2.0	0.0	36.0	0.00151497	7.974e-05	666.666666667	307.692307692	200.0	0.02658	0.0122676923077	0.007974	2020-06-13
Teller	38.0	2.0	0.0	36.0	0.00151497	7.974e-05	666.666666667	307.692307692	200.0	0.02658	0.0122676923077	0.007974	2020-06-14
Teller	38.0	2.0	0.0	36.0	0.00151497	7.974e-05	666.666666667	307.692307692	200.0	0.02658	0.0122676923077	0.007974	2020-06-15
Teller	39.0	2.0	0.0	37.0	0.00155484	7.974e-05	666.666666667	307.692307692	200.0	0.02658	0.0122676923077	0.007974	2020-06-16
Teller	39.0	2.0	0.0	37.0	0.00155484	7.974e-05	666.666666667	307.692307692	200.0	0.02658	0.0122676923077	0.007974	2020-06-17
Teller	39.0	2.0	0.0	37.0	0.00155484	7.974e-05	666.666666667	307.692307692	200.0	0.02658	0.0122676923077	0.007974	2020-06-18
Teller	39.0	2.0	0.0	37.0	0.00155484	7.974e-05	666.666666667	307.692307692	200.0	0.02658	0.0122676923077	0.007974	2020-06-19
Teller	39.0	2.0	0.0	37.0	0.00155484	7.974e-05	666.666666667	307.692307692	200.0	0.02658	0.0122676923077	0.007974	2020-06-20
Teller	39.0	2.0	0.0	37.0	0.00155484	7.974e-05	666.666666667	307.692307692	200.0	0.02658	0.0122676923077	0.007974	2020-06-21
Teller	40.0	2.0	0.0	38.0	0.00159471	7.974e-05	666.666666667	307.692307692	200.0	0.02658	0.0122676923077	0.007974	2020-06-22
Teller	40.0	2.0	0.0	38.0	0.00159471	7.974e-05	666.666666667	307.692307692	200.0	0.02658	0.0122676923077	0.007974	2020-06-23
Teller	40.0	2.0	0.0	38.0	0.00159471	7.974e-05	666.666666667	307.692307692	200.0	0.02658	0.0122676923077	0.007974	2020-06-24
Teller	41.0	2.0	0.0	39.0	0.00163457	7.974e-05	666.666666667	307.692307692	200.0	0.02658	0.0122676923077	0.007974	2020-06-25
Teller	41.0	2.0	0.0	39.0	0.00163457	7.974e-05	666.666666667	307.692307692	200.0	0.02658	0.0122676923077	0.007974	2020-06-26
Teller	41.0	2.0	0.0	39.0	0.00163457	7.974e-05	666.666666667	307.692307692	200.0	0.02658	0.0122676923077	0.007974	2020-06-27
Teller	41.0	2.0	0.0	39.0	0.00163457	7.974e-05	666.666666667	307.692307692	200.0	0.02658	0.0122676923077	0.007974	2020-06-28
Teller	41.0	2.0	0.0	39.0	0.00163457	7.974e-05	666.666666667	307.692307692	200.0	0.02658	0.0122676923077	0.007974	2020-06-29
Teller	41.0	2.0	0.0	39.0	0.00163457	7.974e-05	666.666666667	307.692307692	200.0	0.02658	0.0122676923077	0.007974	2020-06-30
Teller	41.0	2.0	0.0	39.0	0.00163457	7.974e-05	666.666666667	307.692307692	200.0	0.02658	0.0122676923077	0.007974	2020-07-01
Teller	41.0	2.0	0.0	39.0	0.00163457	7.974e-05	666.666666667	307.692307692	200.0	0.02658	0.0122676923077	0.007974	2020-07-02
Teller	0.242	0.486	41.486	0.0	0.0	2.0	9.65e-06	1.938e-05	0.00165395	0.0	0.0	7.974e-05	2020-07-03
Teller	0.239	0.725	41.725	0.0	0.0	2.0	9.53e-06	2.89e-05	0.00166348	0.0	0.0	7.974e-05	2020-07-04
Teller	0.235	0.96	41.96	0.0	0.0	2.0	9.37e-06	3.827e-05	0.00167285	0.0	0.0	7.974e-05	2020-07-05
Teller	1.767	1.767	2.002	0.057	0.057	1.017	7.045e-05	7.045e-05	7.982e-05	2.27e-06	2.27e-06	4.055e-05	2020-07-06
Teller	1.751	3.518	3.753	0.056	0.113	1.073	6.981e-05	0.00014025	0.00014962	2.23e-06	4.51e-06	4.278e-05	2020-07-07
Teller	1.728	5.246	5.481	0.055	0.168	1.128	6.889e-05	0.00020915	0.00021851	2.19e-06	6.7e-06	4.497e-05	2020-07-08
Teller	6.092	6.092	7.82	0.107	0.107	5.353	0.00024287	0.00024287	0.00031176	4.27e-06	4.27e-06	0.00021341	2020-07-09
Teller	7.519	13.611	15.339	0.077	0.184	5.43	0.00029976	0.00054264	0.00061153	3.07e-06	7.34e-06	0.00021648	2020-07-10
Teller	5.901	5.901	13.42	0.172	0.172	13.783	0.00023526	0.00023526	0.00053502	6.86e-06	6.86e-06	0.0005495	2020-07-11
Teller	5.847	11.748	19.267	0.186	0.358	13.969	0.00023311	0.00046837	0.00076813	7.42e-06	1.427e-05	0.00055691	2020-07-12
Teller	5.771	17.519	25.038	0.203	0.561	14.172	0.00023008	0.00069844	0.00099821	8.09e-06	2.237e-05	0.000565	2020-07-13
Teller	1.072	1.072	6.843	0.995	0.995	18.514	4.274e-05	4.274e-05	0.00027281	3.967e-05	3.967e-05	0.00073811	2020-07-14
Teller	0.79	1.862	7.633	0.64	1.635	19.154	3.15e-05	7.423e-05	0.00030431	2.552e-05	6.518e-05	0.00076362	2020-07-15
Teller	0.0	1.862	7.633	0.395	2.03	19.549	0.0	7.423e-05	0.00030431	1.575e-05	8.093e-05	0.00077937	2020-07-16
Teller	0.0	1.862	7.633	0.249	2.279	19.798	0.0	7.423e-05	0.00030431	9.93e-06	9.086e-05	0.0007893	2020-07-17
Teller	71.0	2.0	0.0	69.0	0.0028306	7.974e-05	666.666666667	307.692307692	200.0	0.02658	0.0122676923077	0.007974	2020-07-18
Teller	78.0	2.0	0.0	76.0	0.00310968	7.974e-05	666.666666667	307.692307692	200.0	0.02658	0.0122676923077	0.007974	2020-07-19
