Musselshell	0.0	0.0	0.0	0.0	0.0	0.0	0.0	0.0	0.0	0.0	0.0	0.0	2020-03-22
Musselshell	0.0	0.0	0.0	0.0	0.0	0.0	0.0	0.0	0.0	0.0	0.0	0.0	2020-03-23
Musselshell	0.0	0.0	0.0	0.0	0.0	0.0	0.0	0.0	0.0	0.0	0.0	0.0	2020-03-24
Musselshell	0.0	0.0	0.0	0.0	0.0	0.0	0.0	0.0	0.0	0.0	0.0	0.0	2020-03-25
Musselshell	0.0	0.0	0.0	0.0	0.0	0.0	0.0	0.0	0.0	0.0	0.0	0.0	2020-03-26
Musselshell	0.0	0.0	0.0	0.0	0.0	0.0	0.0	0.0	0.0	0.0	0.0	0.0	2020-03-27
Musselshell	0.0	0.0	0.0	0.0	0.0	0.0	0.0	0.0	0.0	0.0	0.0	0.0	2020-03-28
Musselshell	0.0	0.0	0.0	0.0	0.0	0.0	0.0	0.0	0.0	0.0	0.0	0.0	2020-03-29
Musselshell	0.0	0.0	0.0	0.0	0.0	0.0	0.0	0.0	0.0	0.0	0.0	0.0	2020-03-30
Musselshell	1.0	0.0	0.0	0.0	0.00021501	0.0	5.0	2.0	1.25	0.00107505	0.00043002	0.0002687625	2020-03-31
Musselshell	1.0	0.0	0.0	0.0	0.00021501	0.0	5.0	2.0	1.25	0.00107505	0.00043002	0.0002687625	2020-04-01
Musselshell	1.0	0.0	0.0	0.0	0.00021501	0.0	5.0	2.0	1.25	0.00107505	0.00043002	0.0002687625	2020-04-02
Musselshell	1.0	0.0	0.0	0.0	0.00021501	0.0	5.0	2.0	1.25	0.00107505	0.00043002	0.0002687625	2020-04-03
Musselshell	0	0	0	0	_2020-3-24
Musselshell	0	0	0	0	_2020-3-25
Musselshell	0	0	0	0	_2020-3-26
