Name	Predicted_New_Cases	Total_Predicted_New_Cases	Total_Predicted_Cases	Predicted_New_Deaths	Total_Predicted_New_Deaths	Total_Predicted_Deaths	Predicted_New_per_capita	Predicted_Total_New_per_capita	Predicted_Total_Cases_per_capita	Predicted_New_Deaths_per_capita	Total_Predicted_New_Deaths_per_capita	Total_Predicted_Deaths_per_capita
Hillsborough	1365.075	20638.95	24148.95	20.221	1126.708	1391.708	0.00328738	0.04970283	0.05815563	4.87e-05	0.00271334	0.00335152
Coos	0.072	4.022	17.022	0.0	0.0	0.447	2.28e-06	0.00012732	0.00053886	0.0	0.0	1.415e-05
Strafford	223.778	2710.495	3016.495	0.0	16.65	29.65	0.00172018	0.02083554	0.02318775	0.0	0.00012799	0.00022792
Belknap	45.445	637.676	733.676	0.0	5.314	9.314	0.00074473	0.01044994	0.01202314	0.0	8.708e-05	0.00015263
Merrimack	135.613	2205.753	2644.753	0.0	26.075	46.075	0.00089731	0.01459488	0.01749962	0.0	0.00017253	0.00030487
Unassigned	0.0	0.004	0.117	0.0	0.797	1.304	N/A	N/A	N/A	N/A	N/A	N/A
Rockingham	1131.442	13704.476	15255.476	9.506	529.699	621.699	0.00365954	0.04432581	0.04934237	3.075e-05	0.00171326	0.00201083
Nashua	0.0	0.0	0.077	0.0	0.0	0.204	N/A	N/A	N/A	N/A	N/A	N/A
Cheshire	0.0	1.368	81.368	0.391	21.804	23.804	0.0	1.788e-05	0.00106373	5.11e-06	0.00028505	0.00031119
Carroll	33.487	469.879	540.879	0.0	0.0	2.456	0.0006865	0.00963281	0.01108836	0.0	0.0	5.035e-05
Manchester	0.0	0.0	0.0	0.0	0.0	0.0	N/A	N/A	N/A	N/A	N/A	N/A
Sullivan	0.085	4.73	42.73	0.0	1.524	2.524	1.97e-06	0.00010963	0.0009904	0.0	3.532e-05	5.85e-05
Grafton	0.0	1.721	100.721	0.487	27.155	28.155	0.0	1.917e-05	0.00112179	5.42e-06	0.00030244	0.00031358
