Name	Predicted_New_Cases	Total_Predicted_New_Cases	Total_Predicted_Cases	Predicted_New_Deaths	Total_Predicted_New_Deaths	Total_Predicted_Deaths	Predicted_New_per_capita	Predicted_Total_New_per_capita	Predicted_Total_Cases_per_capita	Predicted_New_Deaths_per_capita	Total_Predicted_New_Deaths_per_capita	Total_Predicted_Deaths_per_capita
Hillsborough	12.413	771.025	2734.025	0.771	42.961	123.961	2.989e-05	0.00185679	0.00658409	1.86e-06	0.00010346	0.00029852
Coos	0.24	10.491	14.491	0.771	42.961	42.961	7.6e-06	0.00033211	0.00045874	2.441e-05	0.00136	0.00136
Strafford	2.193	122.2	365.2	0.428	17.232	29.232	1.686e-05	0.00093935	0.00280729	3.29e-06	0.00013246	0.00022471
Belknap	0.364	20.304	74.304	0.428	17.232	17.232	5.97e-06	0.00033273	0.00121766	7.01e-06	0.00028239	0.00028239
Merrimack	1.718	102.024	401.024	0.388	17.678	30.678	1.137e-05	0.00067507	0.00265347	2.57e-06	0.00011697	0.00020299
Unassigned	57.793	810.937	825.937	0.0	6.306	33.306	N/A	N/A	N/A	N/A	N/A	N/A
Rockingham	7.847	406.375	1585.375	1.377	76.715	138.715	2.538e-05	0.00131438	0.00512774	4.45e-06	0.00024813	0.00044866
Nashua	1.458	81.227	86.227	1.377	76.715	76.715	N/A	N/A	N/A	N/A	N/A	N/A
Cheshire	0.265	14.107	64.107	0.0	0.0	2.0	3.46e-06	0.00018442	0.00083808	0.0	0.0	2.615e-05
Carroll	1.926	60.835	106.835	0.0	0.0	0.0	3.948e-05	0.00124716	0.00219018	0.0	0.0	0.0
Manchester	0.0	0.0	0.0	0.0	0.0	0.0	N/A	N/A	N/A	N/A	N/A	N/A
Sullivan	0.24	10.491	26.491	0.0	0.0	1.0	5.56e-06	0.00024316	0.00061401	0.0	0.0	2.318e-05
Grafton	0.274	15.253	81.253	0.0	0.0	1.0	3.05e-06	0.00016988	0.00090496	0.0	0.0	1.114e-05
