Name	Predicted_New_Cases	Total_Predicted_New_Cases	Total_Predicted_Cases	Predicted_New_Deaths	Total_Predicted_New_Deaths	Total_Predicted_Deaths	Predicted_New_per_capita	Predicted_Total_New_per_capita	Predicted_Total_Cases_per_capita	Predicted_New_Deaths_per_capita	Total_Predicted_New_Deaths_per_capita	Total_Predicted_Deaths_per_capita
Heilongjiang	4.778	854.529	1759.529	0.0	0.0	13.0	1.2e-07	2.23e-05	4.593e-05	0.0	0.0	3.4e-07
Beijing	0.454	43.974	636.974	0.0	0.0	8.0	2e-08	2.24e-06	3.248e-05	0.0	0.0	4.1e-07
Qinghai	0.0	0.0	18.0	0.0	0.0	0.0	0.0	0.0	3.2e-06	0.0	0.0	0.0
Shanghai	1.291	230.967	868.967	0.002	0.214	7.214	6e-08	1.003e-05	3.775e-05	0.0	1e-08	3.1e-07
Nei Mongol	0.822	155.992	349.992	0.0	0.0	1.0	3e-08	6.31e-06	1.417e-05	0.0	0.0	4e-08
Shandong	0.044	7.859	794.859	0.0	0.0	7.0	0.0	8e-08	7.94e-06	0.0	0.0	7e-08
Henan	0.0	0.0	1276.0	0.0	0.0	22.0	0.0	0.0	1.357e-05	0.0	0.0	2.3e-07
Hainan	0.0	0.0	168.0	0.0	0.0	6.0	0.0	0.0	1.814e-05	0.0	0.0	6.5e-07
Shaanxi	0.0	0.0	256.0	0.0	0.0	3.0	0.0	0.0	6.86e-06	0.0	0.0	8e-08
Fujian	0.223	24.012	379.012	0.0	0.0	1.0	1e-08	6.5e-07	1.027e-05	0.0	0.0	3e-08
Jiangxi	0.0	0.0	937.0	0.0	0.0	1.0	0.0	0.0	2.102e-05	0.0	0.0	2e-08
Yunnan	0.0	0.0	184.0	0.0	0.0	2.0	0.0	0.0	4e-06	0.0	0.0	4e-08
Hubei	405.242	16871.795	84999.795	1620.621	67472.747	71984.747	7.08e-06	0.00029477	0.00148503	2.831e-05	0.00117882	0.00125764
Macau	0.0	0.014	45.014	1620.621	67472.747	67472.747	0.0	3e-08	8.147e-05	0.00293323	0.12212196	0.12212196
Tianjin	0.132	21.377	210.377	0.0	0.0	3.0	1e-08	1.65e-06	1.626e-05	0.0	0.0	2.3e-07
Guangxi	0.0	0.0	254.0	0.0	0.0	2.0	0.0	0.0	5.52e-06	0.0	0.0	4e-08
Liaoning	0.0	1.243	147.243	0.0	0.0	2.0	0.0	3e-08	3.37e-06	0.0	0.0	5e-08
Sichuan	0.006	1.061	562.061	0.0	0.0	3.0	0.0	1e-08	6.99e-06	0.0	0.0	4e-08
Ningxia Hui	0.0	0.0	75.0	0.0	0.0	0.0	0.0	0.0	1.214e-05	0.0	0.0	0.0
Guizhou	0.002	0.425	147.425	0.0	0.0	2.0	0.0	1e-08	4.12e-06	0.0	0.0	6e-08
Xizang	0.0	0.0	1.0	0.0	0.0	0.0	0.0	0.0	3.3e-07	0.0	0.0	0.0
Chongqing	0.0	0.0	579.0	0.0	0.0	6.0	0.0	0.0	2.007e-05	0.0	0.0	2.1e-07
Shanxi	0.52	92.917	289.917	0.0	0.0	0.0	1e-08	2.55e-06	7.94e-06	0.0	0.0	0.0
Guangdong	0.639	111.492	1692.492	0.0	0.0	8.0	1e-08	1e-06	1.515e-05	0.0	0.0	7e-08
Xinjiang Uygur	0.0	0.0	76.0	0.0	0.0	3.0	0.0	0.0	3.48e-06	0.0	0.0	1.4e-07
Hunan	0.0	0.0	1019.0	0.0	0.0	4.0	0.0	0.0	1.551e-05	0.0	0.0	6e-08
Jiangsu	0.027	4.78	657.78	0.0	0.0	0.0	0.0	6e-08	8.36e-06	0.0	0.0	0.0
Anhui	0.0	0.067	991.067	0.0	0.0	6.0	0.0	0.0	1.962e-05	0.0	0.0	1.2e-07
Jilin	0.153	21.889	125.889	0.0	0.0	1.0	1e-08	8e-07	4.58e-06	0.0	0.0	4e-08
Hebei	1.87	77.869	405.869	0.0	0.0	6.0	3e-08	1.08e-06	5.65e-06	0.0	0.0	8e-08
Hong Kong	0.0	17.511	1042.511	0.0	0.0	4.0	0.0	2.48e-06	0.00014764	0.0	0.0	5.7e-07
Zhejiang	0.0	1.925	1269.925	0.0	0.0	1.0	0.0	4e-08	2.333e-05	0.0	0.0	2e-08
Gansu	0.0	0.0	139.0	0.0	0.0	2.0	0.0	0.0	5.43e-06	0.0	0.0	8e-08
