Name	Predicted_New_Cases	Total_Predicted_New_Cases	Total_Predicted_Cases	Predicted_New_Deaths	Total_Predicted_New_Deaths	Total_Predicted_Deaths	Predicted_New_per_capita	Predicted_Total_New_per_capita	Predicted_Total_Cases_per_capita	Predicted_New_Deaths_per_capita	Total_Predicted_New_Deaths_per_capita	Total_Predicted_Deaths_per_capita
Burnett	0.0	0.0	0.0	0.0	0.0	0.0	0.0	0.0	0.0	0.0	0.0	0.0
Brown	65.736	9007.857	9292.857	0.0	0.0	1.0	0.00024959	0.03420125	0.03528335	0.0	0.0	3.8e-06
Wood	0.0	0.0	2.0	0.0	0.0	0.0	0.0	0.0	2.738e-05	0.0	0.0	0.0
Forest	0.0	0.0	0.0	0.0	0.0	0.0	0.0	0.0	0.0	0.0	0.0	0.0
Richland	0.025	14.09	22.09	0.0	0.0	1.0	1.44e-06	0.00081084	0.00127122	0.0	0.0	5.755e-05
Green	0.0	0.0	9.0	0.0	0.0	0.0	0.0	0.0	0.00024371	0.0	0.0	0.0
Manitowoc	0.018	11.726	18.726	0.0	0.0	0.0	2.3e-07	0.00014829	0.00023682	0.0	0.0	0.0
Green Lake	0.0	0.0	1.0	0.0	0.0	0.0	0.0	0.0	5.286e-05	0.0	0.0	0.0
Pierce	0.0	0.0	7.0	0.0	0.0	0.0	0.0	0.0	0.00016449	0.0	0.0	0.0
Lincoln	0.0	0.0	0.0	0.0	0.0	0.0	0.0	0.0	0.0	0.0	0.0	0.0
Fond du Lac	0.0	19.648	84.648	1.039	123.648	126.648	0.0	0.00019064	0.0008213	1.008e-05	0.0011997	0.0012288
Ozaukee	0.039	25.358	105.358	0.009	3.229	12.229	4.4e-07	0.00028445	0.00118185	1e-07	3.622e-05	0.00013718
Washington	0.003	35.102	121.102	0.0	0.0	3.0	2e-08	0.00025869	0.00089247	0.0	0.0	2.211e-05
Langlade	0.0	0.0	0.0	0.0	0.0	0.0	0.0	0.0	0.0	0.0	0.0	0.0
Jefferson	0.0	5.633	37.633	0.0	0.0	0.0	0.0	6.617e-05	0.00044207	0.0	0.0	0.0
Trempealeau	0.0	0.0	1.0	0.0	0.0	0.0	0.0	0.0	3.397e-05	0.0	0.0	0.0
Monroe	0.1	37.823	50.823	0.0	0.0	1.0	2.17e-06	0.00082133	0.00110362	0.0	0.0	2.172e-05
Chippewa	0.0	2.127	22.127	0.0	0.0	0.0	0.0	3.316e-05	0.00034501	0.0	0.0	0.0
Douglas	0.306	36.366	44.366	0.0	0.0	0.0	7.08e-06	0.00084165	0.0010268	0.0	0.0	0.0
Walworth	9.168	1708.327	1794.327	0.0	0.0	6.0	8.839e-05	0.01647088	0.01730005	0.0	0.0	5.785e-05
Waukesha	0.34	218.821	487.821	0.064	24.219	35.219	8.4e-07	0.00054288	0.00121026	1.6e-07	6.009e-05	8.738e-05
Winnebago	5.577	764.202	805.202	0.0	0.0	1.0	3.261e-05	0.00446849	0.00470823	0.0	0.0	5.85e-06
Marathon	0.082	27.838	44.838	0.0	0.0	1.0	6.1e-07	0.00020556	0.00033108	0.0	0.0	7.38e-06
Iowa	0.008	5.032	11.032	0.0	0.0	0.0	3.4e-07	0.00021169	0.00046409	0.0	0.0	0.0
Ashland	0.0	0.0	2.0	0.0	0.0	0.0	0.0	0.0	0.00012821	0.0	0.0	0.0
Marquette	1.039	123.648	126.648	0.0	0.0	1.0	6.732e-05	0.0080114	0.00820578	0.0	0.0	6.479e-05
Columbia	0.018	11.84	38.84	0.0	0.0	1.0	3.1e-07	0.00020642	0.00067715	0.0	0.0	1.743e-05
Bayfield	0.0	0.0	3.0	0.0	0.0	1.0	0.0	0.0	0.00019944	0.0	0.0	6.648e-05
Sheboygan	0.0	5.223	48.223	0.0	0.0	2.0	0.0	4.524e-05	0.00041767	0.0	0.0	1.732e-05
Dane	0.0	78.935	442.935	0.0	10.812	29.812	0.0	0.00014554	0.00081667	0.0	1.993e-05	5.497e-05
Pepin	0.0	0.0	7.0	0.0	10.812	10.812	0.0	0.0	0.00096035	0.0	0.00148333	0.00148333
Florence	0.0	0.0	2.0	0.0	10.812	10.812	0.0	0.0	0.00046286	0.0	0.0025022	0.0025022
Dodge	0.0	0.768	19.768	0.0	0.0	1.0	0.0	8.74e-06	0.00022503	0.0	0.0	1.138e-05
Price	0.0	0.0	1.0	0.0	0.0	0.0	0.0	0.0	7.464e-05	0.0	0.0	0.0
Unassigned	0.0	0.0	1.0	0.0	0.0	4.0	N/A	N/A	N/A	N/A	N/A	N/A
Kewaunee	0.0	0.0	8.0	0.0	0.0	1.0	0.0	0.0	0.00039248	0.0	0.0	4.906e-05
Waupaca	0.0	0.925	4.925	0.0	0.0	1.0	0.0	1.809e-05	9.633e-05	0.0	0.0	1.956e-05
Eau Claire	0.023	7.67	29.67	0.0	0.0	0.0	2.2e-07	7.337e-05	0.00028383	0.0	0.0	0.0
Adams	0.008	5.032	9.032	0.0	0.0	1.0	3.9e-07	0.0002473	0.00044388	0.0	0.0	4.914e-05
Shawano	0.0	0.116	6.116	0.0	0.0	0.0	0.0	2.84e-06	0.00014992	0.0	0.0	0.0
Buffalo	0.0	0.116	4.116	0.0	0.0	1.0	0.0	8.84e-06	0.0003136	0.0	0.0	7.619e-05
Dunn	0.0	0.573	9.573	0.0	0.0	0.0	0.0	1.27e-05	0.00021212	0.0	0.0	0.0
Saint Croix	0.018	11.84	22.84	0.0	0.0	0.0	2e-07	0.000132	0.00025464	0.0	0.0	0.0
Kenosha	0.296	236.941	493.941	0.024	10.236	15.236	1.75e-06	0.00139962	0.00291772	1.4e-07	6.046e-05	9e-05
Rock	0.0	10.502	90.502	0.0	0.0	4.0	0.0	6.438e-05	0.00055479	0.0	0.0	2.452e-05
Sawyer	0.0	0.0	2.0	0.0	0.0	0.0	0.0	0.0	0.00012129	0.0	0.0	0.0
Iron	0.0	0.62	2.62	0.0	0.0	1.0	0.0	0.00010923	0.00046159	0.0	0.0	0.00017618
Lafayette	0.0	0.0	3.0	0.0	0.0	0.0	0.0	0.0	0.00018002	0.0	0.0	0.0
Washburn	0.0	0.0	1.0	0.0	0.0	0.0	0.0	0.0	6.298e-05	0.0	0.0	0.0
Marinette	1.436	170.927	175.927	0.0	0.0	1.0	3.551e-05	0.00422731	0.00435097	0.0	0.0	2.473e-05
Clark	4.645	552.785	568.785	0.0	0.0	0.0	0.00013383	0.01592627	0.01638725	0.0	0.0	0.0
Oconto	0.003	1.677	6.677	0.0	0.0	0.0	8e-08	4.433e-05	0.0001765	0.0	0.0	0.0
Sauk	0.041	28.294	62.294	0.008	5.248	8.248	6.4e-07	0.00044038	0.00096957	1.2e-07	8.168e-05	0.00012838
La Crosse	0.0	0.402	25.402	0.008	5.248	5.248	0.0	3.4e-06	0.00021485	7e-08	4.439e-05	4.439e-05
Racine	0.016	155.283	329.283	0.021	16.947	26.947	8e-08	0.00078991	0.00167502	1.1e-07	8.621e-05	0.00013708
Rusk	1.375	163.652	167.652	0.021	16.947	16.947	9.719e-05	0.01156796	0.01185071	1.48e-06	0.00119792	0.00119792
Barron	0.0	0.0	6.0	0.021	16.947	16.947	0.0	0.0	0.00013285	4.6e-07	0.00037523	0.00037523
Juneau	0.065	23.225	33.225	0.0	0.0	1.0	2.44e-06	0.00087256	0.00124826	0.0	0.0	3.757e-05
Milwaukee	1.787	1431.821	3622.821	0.0	79.767	211.767	1.88e-06	0.00151004	0.00382073	0.0	8.412e-05	0.00022334
Vilas	0.0	0.0	4.0	0.0	79.767	79.767	0.0	0.0	0.00018233	0.0	0.00363602	0.00363602
Vernon	0.0	0.0	0.0	0.0	0.0	0.0	0.0	0.0	0.0	0.0	0.0	0.0
Taylor	0.0	0.0	0.0	0.0	0.0	0.0	0.0	0.0	0.0	0.0	0.0	0.0
Crawford	0.0	0.0	3.0	0.0	79.767	79.767	0.0	0.0	0.00018415	0.0	0.00489638	0.00489638
Menominee	0.0	0.0	1.0	0.0	79.759	79.759	0.0	0.0	0.00021468	0.0	0.01712301	0.01712301
Calumet	0.007	4.244	10.244	0.0	79.767	79.767	1.4e-07	8.461e-05	0.00020423	0.0	0.00159028	0.00159028
Outagamie	0.02	14.091	49.091	0.0	0.0	2.0	1.1e-07	7.521e-05	0.00026201	0.0	0.0	1.067e-05
Waushara	0.0	0.0	2.0	0.0	0.0	0.0	0.0	0.0	8.243e-05	0.0	0.0	0.0
Polk	0.0	0.0	4.0	0.0	0.0	0.0	0.0	0.0	9.175e-05	0.0	0.0	0.0
Portage	0.0	0.0	4.0	0.0	0.0	0.0	0.0	0.0	5.638e-05	0.0	0.0	0.0
Oneida	0.0	0.408	6.408	0.0	0.0	0.0	0.0	1.15e-05	0.00018066	0.0	0.0	0.0
Grant	2.812	450.149	473.149	0.0	0.0	3.0	5.454e-05	0.0087316	0.00917774	0.0	0.0	5.819e-05
Door	0.0	0.0	9.0	0.0	0.0	1.0	0.0	0.0	0.00032597	0.0	0.0	3.622e-05
Jackson	0.0	0.563	12.563	0.0	0.0	1.0	0.0	2.749e-05	0.00061349	0.0	0.0	4.883e-05
