Name	Predicted_New_Cases	Total_Predicted_New_Cases	Total_Predicted_Cases	Predicted_New_Deaths	Total_Predicted_New_Deaths	Total_Predicted_Deaths	Predicted_New_per_capita	Predicted_Total_New_per_capita	Predicted_Total_Cases_per_capita	Predicted_New_Deaths_per_capita	Total_Predicted_New_Deaths_per_capita	Total_Predicted_Deaths_per_capita
Wright	0.539	22.389	47.389	0.0	0.0	1.0	3.95e-06	0.0001642	0.00034756	0.0	0.0	7.33e-06
Brown	0.0	0.0	7.0	0.0	0.0	1.0	0.0	0.0	0.00027876	0.0	0.0	3.982e-05
Winona	10.172	237.009	298.009	6.22	74.363	84.363	0.00020014	0.00466324	0.00586343	0.00012238	0.00146312	0.00165987
Nobles	0.0	0.0	60.0	6.22	74.363	74.363	0.0	0.0	0.00273673	0.00028371	0.00339185	0.00339185
Todd	0.0	0.0	2.0	6.22	74.363	74.363	0.0	0.0	8.136e-05	0.00025303	0.0030251	0.0030251
Cottonwood	0.068	2.83	8.83	6.22	74.363	74.363	6.03e-06	0.00025095	0.00078301	0.00055157	0.00659422	0.00659422
Lincoln	0.0	0.0	2.0	6.22	74.363	74.363	0.0	0.0	0.00035255	0.00109642	0.01310823	0.01310823
Freeborn	0.451	18.724	52.724	6.22	74.363	74.363	1.481e-05	0.00061503	0.00173184	0.00020431	0.00244262	0.00244262
Crow Wing	0.0	0.231	19.231	6.22	74.363	74.363	0.0	3.56e-06	0.00029637	9.586e-05	0.001146	0.001146
LeSeur	0.0	0.0	0.0	0.0	0.0	0.0	N/A	N/A	N/A	N/A	N/A	N/A
Norman	0.0	0.0	4.0	6.22	74.363	74.363	0.0	0.0	0.00061776	0.00096062	0.01148463	0.01148463
Roseau	0.0	0.0	1.0	6.22	74.363	74.363	0.0	0.0	6.601e-05	0.00041056	0.00490845	0.00490845
Washington	1.087	45.189	139.189	1.118	33.968	37.968	4.19e-06	0.00017434	0.00053699	4.31e-06	0.00013105	0.00014648
Pipestone	0.0	0.0	2.0	1.118	33.968	33.968	0.0	0.0	0.00022107	0.00012358	0.00375461	0.00375461
Goodhue	0.0	2.216	21.216	1.118	33.968	33.968	0.0	4.776e-05	0.00045721	2.409e-05	0.00073202	0.00073202
Watonwan	0.0	0.0	4.0	1.118	33.968	33.968	0.0	0.0	0.0003643	0.00010182	0.00309362	0.00309362
Sherburne	0.122	5.078	18.078	1.118	33.968	33.968	1.27e-06	5.288e-05	0.00018824	1.164e-05	0.0003537	0.0003537
Stevens	0.0	0.0	0.0	0.0	0.0	0.0	0.0	0.0	0.0	0.0	0.0	0.0
Rice	4.454	46.447	54.447	0.0	0.0	1.0	6.695e-05	0.00069821	0.00081847	0.0	0.0	1.503e-05
Sibley	0.0	0.0	1.0	0.0	0.0	0.0	0.0	0.0	6.654e-05	0.0	0.0	0.0
Martin	0.147	8.175	47.175	0.0	0.0	4.0	7.43e-06	0.00041319	0.00238438	0.0	0.0	0.00020217
Steele	0.0	0.338	9.338	0.0	0.0	0.0	0.0	9.18e-06	0.00025373	0.0	0.0	0.0
Cass	0.0	0.607	4.607	0.0	0.0	0.0	0.0	2.056e-05	0.00015607	0.0	0.0	0.0
Saint Louis	0.0	6.991	54.991	0.0	0.0	9.0	0.0	3.5e-05	0.00027529	0.0	0.0	4.506e-05
Big Stone	0.0	0.0	1.0	0.0	0.0	0.0	0.0	0.0	0.00020044	0.0	0.0	0.0
Lyon	0.0	0.0	5.0	0.0	0.0	0.0	0.0	0.0	0.00019509	0.0	0.0	0.0
Chippewa	0.0	0.0	0.0	0.0	0.0	0.0	0.0	0.0	0.0	0.0	0.0	0.0
Douglas	0.451	18.724	20.724	0.0	0.0	0.0	1.188e-05	0.0004932	0.00054589	0.0	0.0	0.0
Mahnomen	0.0	0.0	1.0	0.0	0.0	0.0	0.0	0.0	0.00018119	0.0	0.0	0.0
Faribault	0.0	0.124	4.124	0.0	0.0	0.0	0.0	9.01e-06	0.00029975	0.0	0.0	0.0
Anoka	1.736	72.153	165.153	0.0	0.0	2.0	4.91e-06	0.00020393	0.00046678	0.0	0.0	5.65e-06
Pennington	0.0	0.0	0.0	0.0	0.0	0.0	0.0	0.0	0.0	0.0	0.0	0.0
Red Lake	0.0	0.0	1.0	0.0	0.0	0.0	0.0	0.0	0.00025006	0.0	0.0	0.0
Aitkin	0.0	0.0	1.0	0.0	0.0	0.0	0.0	0.0	6.289e-05	0.0	0.0	0.0
Yellow Medicine	0.0	0.0	3.0	0.0	0.0	0.0	0.0	0.0	0.00030628	0.0	0.0	0.0
Benton	3.037	31.669	35.669	0.0	0.0	0.0	7.49e-05	0.00078108	0.00087974	0.0	0.0	0.0
Houston	0.0	0.0	1.0	0.0	0.0	0.0	0.0	0.0	5.383e-05	0.0	0.0	0.0
Hubbard	0.0	0.0	0.0	0.0	0.0	0.0	0.0	0.0	0.0	0.0	0.0	0.0
Nicollet	0.011	2.799	9.799	0.0	0.0	2.0	3.2e-07	8.179e-05	0.00028635	0.0	0.0	5.845e-05
Dakota	1.088	57.694	173.694	0.055	2.393	8.393	2.56e-06	0.00013562	0.00040829	1.3e-07	5.62e-06	1.973e-05
Scott	0.0	1.235	26.235	0.0	0.0	1.0	0.0	8.38e-06	0.00017801	0.0	0.0	6.79e-06
Pine	0.0	0.0	10.0	0.0	0.0	0.0	0.0	0.0	0.00033918	0.0	0.0	0.0
Meeker	0.09	3.746	6.746	0.0	0.0	0.0	3.89e-06	0.00016188	0.00029152	0.0	0.0	0.0
Koochiching	0.0	0.0	1.0	0.0	0.0	0.0	0.0	0.0	8.039e-05	0.0	0.0	0.0
Blue Earth	0.0	0.16	23.16	0.0	0.0	0.0	0.0	2.37e-06	0.00034348	0.0	0.0	0.0
Le Sueur	0.135	4.783	26.783	0.0	0.0	0.0	4.74e-06	0.00016786	0.00093995	0.0	0.0	0.0
Olmsted	2.26	103.309	297.309	0.0	0.0	3.0	1.446e-05	0.00066106	0.00190245	0.0	0.0	1.92e-05
Clearwater	3.442	35.89	38.89	0.0	0.0	0.0	0.00039069	0.00407378	0.0044143	0.0	0.0	0.0
Dodge	0.0	2.429	20.429	0.0	0.0	0.0	0.0	0.00011666	0.00098113	0.0	0.0	0.0
Marshall	0.0	0.0	0.0	0.0	0.0	0.0	0.0	0.0	0.0	0.0	0.0	0.0
Itasca	0.0	0.0	2.0	0.0	0.0	0.0	0.0	0.0	4.434e-05	0.0	0.0	0.0
Renville	0.054	2.247	5.247	0.0	0.0	0.0	3.7e-06	0.00015378	0.00035909	0.0	0.0	0.0
Lake	0.0	0.0	0.0	0.0	0.0	0.0	0.0	0.0	0.0	0.0	0.0	0.0
Unassigned	0.901	37.451	41.451	0.901	37.451	38.451	N/A	N/A	N/A	N/A	N/A	N/A
McLeod	0.06	2.495	5.495	0.901	37.451	37.451	1.67e-06	6.955e-05	0.00015318	2.512e-05	0.00104399	0.00104399
Waseca	0.0	0.0	3.0	0.901	37.451	37.451	0.0	0.0	0.00016051	4.821e-05	0.00200369	0.00200369
Wadena	0.0	0.0	0.0	0.0	0.0	0.0	0.0	0.0	0.0	0.0	0.0	0.0
Cook	0.0	0.0	0.0	0.0	0.0	0.0	0.0	0.0	0.0	0.0	0.0	0.0
Becker	0.0	0.0	1.0	0.901	37.451	37.451	0.0	0.0	2.909e-05	2.621e-05	0.00108961	0.00108961
Clay	1.276	53.014	108.014	0.0	0.0	2.0	1.995e-05	0.00082893	0.00168891	0.0	0.0	3.127e-05
Swift	0.0	0.0	1.0	0.0	0.0	0.0	0.0	0.0	0.00010701	0.0	0.0	0.0
Stearns	0.164	6.823	22.823	0.0	0.0	0.0	1.03e-06	4.284e-05	0.00014331	0.0	0.0	0.0
Redwood	0.0	0.0	1.0	0.0	0.0	0.0	0.0	0.0	6.558e-05	0.0	0.0	0.0
Wilkin	0.0	1.643	10.643	0.0	0.0	2.0	0.0	0.00026271	0.00170179	0.0	0.0	0.0003198
Rock	0.0	0.0	3.0	0.0	0.0	0.0	0.0	0.0	0.00031867	0.0	0.0	0.0
Fillmore	0.0	0.0	10.0	0.0	0.0	0.0	0.0	0.0	0.00047488	0.0	0.0	0.0
Pope	0.0	0.0	0.0	0.0	0.0	0.0	0.0	0.0	0.0	0.0	0.0	0.0
Otter Tail	0.0	0.77	6.77	0.0	0.0	0.0	0.0	1.309e-05	0.00011511	0.0	0.0	0.0
Traverse	0.0	0.0	2.0	0.0	0.0	0.0	0.0	0.0	0.00060459	0.0	0.0	0.0
Murray	0.0	0.0	3.0	0.0	0.0	0.0	0.0	0.0	0.00036249	0.0	0.0	0.0
Kandiyohi	0.0	0.0	2.0	0.0	0.0	0.0	0.0	0.0	4.667e-05	0.0	0.0	0.0
Chisago	0.079	3.806	10.806	0.0	0.0	1.0	1.41e-06	6.806e-05	0.00019323	0.0	0.0	1.788e-05
Ramsey	2.771	124.501	320.501	0.31	10.979	19.979	5.04e-06	0.00022628	0.00058251	5.6e-07	1.995e-05	3.631e-05
Mower	0.148	9.026	36.026	0.31	10.979	10.979	3.7e-06	0.00022559	0.0009004	7.75e-06	0.0002744	0.0002744
Kittson	0.0	0.0	1.0	0.31	10.979	10.979	0.0	0.0	0.0002354	7.298e-05	0.00258451	0.00258451
Hennepin	25.516	961.15	1885.15	2.083	80.589	155.589	2.026e-05	0.00076316	0.00149683	1.65e-06	6.399e-05	0.00012354
Wabasha	4.454	46.447	54.447	2.083	80.589	80.589	0.00020578	0.00214585	0.00251545	9.623e-05	0.00372322	0.00372322
Carlton	0.721	29.96	65.96	2.083	80.589	80.589	2.012e-05	0.00083601	0.00184056	5.812e-05	0.00224877	0.00224877
Lake of the Woods	0.0	0.0	0.0	0.0	0.0	0.0	0.0	0.0	0.0	0.0	0.0	0.0
Beltrami	0.0	0.282	5.282	2.083	80.589	80.589	0.0	6.02e-06	0.00011275	4.446e-05	0.00172026	0.00172026
Kanabec	0.0	0.0	0.0	0.0	0.0	0.0	0.0	0.0	0.0	0.0	0.0	0.0
Polk	4.555	47.503	50.503	2.083	80.589	80.589	0.00014447	0.00150664	0.0016018	6.607e-05	0.00255603	0.00255603
Mille Lacs	0.0	0.0	1.0	2.083	80.589	80.589	0.0	0.0	3.826e-05	7.969e-05	0.00308309	0.00308309
Morrison	0.0	0.0	0.0	0.0	0.0	0.0	0.0	0.0	0.0	0.0	0.0	0.0
Grant	0.0	0.0	0.0	0.0	0.0	0.0	0.0	0.0	0.0	0.0	0.0	0.0
Isanti	0.008	0.333	5.333	2.083	80.589	80.589	2e-07	8.33e-06	0.00013344	5.212e-05	0.00201644	0.00201644
Carver	0.194	8.072	22.072	2.083	80.589	80.589	1.87e-06	7.795e-05	0.00021315	2.012e-05	0.00077825	0.00077825
Lac qui Parle	0.0	0.0	1.0	2.083	80.589	80.589	0.0	0.0	0.0001502	0.00031286	0.01210409	0.01210409
Jackson	0.008	0.333	2.333	2.083	80.589	80.589	8.1e-07	3.36e-05	0.0002354	0.00021017	0.00813127	0.00813127
