Name	Predicted_New_Cases	Total_Predicted_New_Cases	Total_Predicted_Cases	Predicted_New_Deaths	Total_Predicted_New_Deaths	Total_Predicted_Deaths	Predicted_New_per_capita	Predicted_Total_New_per_capita	Predicted_Total_Cases_per_capita	Predicted_New_Deaths_per_capita	Total_Predicted_New_Deaths_per_capita	Total_Predicted_Deaths_per_capita
Wright	1.205	201.586	399.586	0.0	0.0	1.0	8.84e-06	0.00147846	0.00293061	0.0	0.0	7.33e-06
Brown	0.021	3.59	13.59	0.052	6.458	8.458	8.4e-07	0.00014297	0.0005412	2.07e-06	0.00025718	0.00033682
Winona	0.101	16.894	91.894	0.0	0.0	15.0	1.99e-06	0.0003324	0.00180805	0.0	0.0	0.00029513
Nobles	0.0	127.591	1523.591	0.0	0.0	2.0	0.0	0.0058197	0.06949421	0.0	0.0	9.122e-05
Todd	0.522	87.328	197.328	0.0	0.0	0.0	2.124e-05	0.00355252	0.00802734	0.0	0.0	0.0
Cottonwood	0.732	77.544	136.544	0.0	0.0	0.0	6.491e-05	0.0068763	0.01210818	0.0	0.0	0.0
Lincoln	0.0	0.62	4.62	0.0	0.0	0.0	0.0	0.00010929	0.00081438	0.0	0.0	0.0
Freeborn	1.206	127.761	194.761	0.0	0.0	0.0	3.961e-05	0.00419659	0.00639735	0.0	0.0	0.0
Crow Wing	7.582	295.552	333.552	0.0	0.0	1.0	0.00011685	0.00455473	0.00514035	0.0	0.0	1.541e-05
LeSeur	0.0	0.0	0.0	0.0	0.0	0.0	N/A	N/A	N/A	N/A	N/A	N/A
Norman	0.0	2.153	13.153	0.0	0.0	0.0	0.0	0.00033251	0.00203135	0.0	0.0	0.0
Roseau	0.0	0.0	1.0	0.0	0.0	0.0	0.0	0.0	6.601e-05	0.0	0.0	0.0
Washington	2.211	369.913	783.913	0.239	26.715	47.715	8.53e-06	0.00142713	0.00302434	9.2e-07	0.00010307	0.00018408
Pipestone	0.024	6.488	16.488	0.239	26.715	26.715	2.65e-06	0.00071714	0.00182248	2.642e-05	0.00295291	0.00295291
Goodhue	7.032	353.997	391.997	0.239	26.715	26.715	0.00015154	0.00762875	0.00844767	5.15e-06	0.00057572	0.00057572
Watonwan	0.33	54.058	96.058	0.239	26.715	26.715	3.005e-05	0.00492332	0.00874845	2.177e-05	0.00243306	0.00243306
Sherburne	0.803	134.32	312.32	0.019	3.165	4.165	8.36e-06	0.00139864	0.00325211	2e-07	3.296e-05	4.337e-05
Stevens	0.0	0.0	1.0	0.019	3.165	3.165	0.0	0.0	0.00010253	1.95e-06	0.00032452	0.00032452
Rice	3.125	489.065	784.065	0.0	0.62	2.62	4.698e-05	0.00735182	0.01178637	0.0	9.32e-06	3.938e-05
Sibley	0.714	58.18	69.18	0.0	0.62	0.62	4.751e-05	0.00387144	0.00460341	0.0	4.126e-05	4.126e-05
Martin	14.658	571.403	694.403	0.0	0.443	5.443	0.00074086	0.02888062	0.03509745	0.0	2.239e-05	0.00027511
Steele	0.908	151.854	267.854	0.0	0.443	0.443	2.467e-05	0.00412613	0.00727805	0.0	1.204e-05	1.204e-05
Cass	0.033	5.49	16.49	0.0	0.0	2.0	1.12e-06	0.00018598	0.00055862	0.0	0.0	6.775e-05
Saint Louis	0.003	18.738	128.738	0.003	1.318	14.318	2e-08	9.381e-05	0.00064448	2e-08	6.6e-06	7.168e-05
Big Stone	0.722	28.148	31.148	0.003	1.318	1.318	0.00014472	0.00564201	0.00624334	6e-07	0.00026418	0.00026418
Lyon	0.167	27.985	53.985	0.003	1.318	1.318	6.52e-06	0.00109193	0.0021064	1.2e-07	5.143e-05	5.143e-05
Chippewa	0.405	67.693	103.693	0.003	1.318	1.318	3.397e-05	0.00567704	0.00869616	2.5e-07	0.00011053	0.00011053
Douglas	0.069	11.614	35.614	0.003	1.318	1.318	1.82e-06	0.00030592	0.0009381	8e-08	3.472e-05	3.472e-05
Mahnomen	0.053	8.87	13.87	0.0	0.0	1.0	9.6e-06	0.00160718	0.00251314	0.0	0.0	0.00018119
Faribault	0.0	0.07	10.07	0.0	0.0	0.0	0.0	5.09e-06	0.00073194	0.0	0.0	0.0
Anoka	5.87	960.751	1915.751	0.838	88.755	133.755	1.659e-05	0.00271542	0.00541459	2.37e-06	0.00025085	0.00037804
Pennington	1.011	39.409	42.409	0.838	88.755	88.755	7.131e-05	0.00277959	0.00299118	5.911e-05	0.00626005	0.00626005
Red Lake	0.023	3.907	6.907	0.838	88.755	88.755	5.75e-06	0.00097699	0.00172718	0.00020955	0.0221943	0.0221943
Aitkin	0.024	4.012	8.012	0.838	88.755	88.755	1.51e-06	0.0002523	0.00050384	5.27e-05	0.00558137	0.00558137
Yellow Medicine	0.003	0.423	5.423	0.838	88.755	88.755	3.1e-07	4.319e-05	0.00055365	8.555e-05	0.00906126	0.00906126
Benton	0.817	136.753	284.753	0.0	0.0	2.0	2.015e-05	0.00337287	0.00702313	0.0	0.0	4.933e-05
Houston	0.0	0.0	2.0	0.0	0.0	0.0	0.0	0.0	0.00010765	0.0	0.0	0.0
Hubbard	0.0	0.0	0.0	0.0	0.0	0.0	0.0	0.0	0.0	0.0	0.0	0.0
Nicollet	35.094	1367.99	1411.99	1.3	50.667	53.667	0.00102554	0.03997633	0.04126213	3.799e-05	0.00148063	0.00156829
Dakota	7.186	1124.436	2009.436	0.627	60.015	91.015	1.689e-05	0.0026431	0.00472338	1.47e-06	0.00014107	0.00021394
Scott	2.191	351.138	642.138	0.142	23.758	25.758	1.487e-05	0.00238252	0.00435699	9.6e-07	0.0001612	0.00017477
Pine	0.141	33.489	116.489	0.142	23.758	23.758	4.78e-06	0.00113587	0.00395106	4.82e-06	0.00080582	0.00080582
Meeker	16.476	730.343	770.343	0.142	23.758	23.758	0.00071198	0.03156056	0.0332891	6.14e-06	0.00102666	0.00102666
Koochiching	0.105	13.089	18.089	0.142	23.758	23.758	8.44e-06	0.00105217	0.0014541	1.141e-05	0.00190981	0.00190981
Blue Earth	0.386	64.521	162.521	0.142	23.758	23.758	5.72e-06	0.0009569	0.00241033	2.11e-06	0.00035235	0.00035235
Le Sueur	0.142	21.494	57.494	0.0	0.0	1.0	4.98e-06	0.00075433	0.00201776	0.0	0.0	3.51e-05
Olmsted	2.158	327.31	815.31	0.018	1.625	11.625	1.381e-05	0.00209442	0.00521708	1.2e-07	1.04e-05	7.439e-05
Clearwater	0.0	0.0	2.0	0.018	1.625	1.625	0.0	0.0	0.00022701	2.04e-06	0.00018445	0.00018445
Dodge	0.944	90.318	130.318	0.018	1.625	1.625	4.534e-05	0.00433762	0.00625867	8.6e-07	7.804e-05	7.804e-05
Marshall	0.0	0.0	8.0	0.018	1.625	1.625	0.0	0.0	0.00085197	1.92e-06	0.00017306	0.00017306
Itasca	0.334	55.966	105.966	0.0	0.0	6.0	7.4e-06	0.00124071	0.00234916	0.0	0.0	0.00013301
Renville	0.052	6.458	11.458	0.0	0.0	0.0	3.56e-06	0.00044197	0.00078415	0.0	0.0	0.0
Lake	0.0	0.0	1.0	0.0	0.0	0.0	0.0	0.0	9.383e-05	0.0	0.0	0.0
Unassigned	0.766	69.503	101.503	3.349	168.569	177.569	N/A	N/A	N/A	N/A	N/A	N/A
McLeod	0.0	5.199	24.199	3.349	168.569	168.569	0.0	0.00014493	0.00067457	9.336e-05	0.00469905	0.00469905
Waseca	0.0	4.792	26.792	3.349	168.569	168.569	0.0	0.00025638	0.00143342	0.00017918	0.00901873	0.00901873
Wadena	0.014	2.323	8.323	3.349	168.569	168.569	1.02e-06	0.00016866	0.0006043	0.00024316	0.01223909	0.01223909
Cook	0.0	0.0	0.0	0.0	0.0	0.0	0.0	0.0	0.0	0.0	0.0	0.0
Becker	0.124	25.017	57.017	3.349	168.569	168.569	3.61e-06	0.00072785	0.00165887	9.744e-05	0.0049044	0.0049044
Clay	1.753	255.676	583.676	0.428	36.879	57.879	2.741e-05	0.00399775	0.00912635	6.69e-06	0.00057664	0.000905
Swift	0.116	20.999	33.999	0.428	36.879	36.879	1.241e-05	0.00224708	0.0036382	4.58e-05	0.00394639	0.00394639
Stearns	0.0	301.08	2132.08	0.0	3.527	14.527	0.0	0.00189054	0.01338775	0.0	2.215e-05	9.122e-05
Redwood	0.0	0.0	3.0	0.0	3.528	3.528	0.0	0.0	0.00019673	0.0	0.00023136	0.00023136
Wilkin	0.0	0.0	11.0	0.0	0.0	3.0	0.0	0.0	0.00175887	0.0	0.0	0.00047969
Rock	0.017	2.852	22.852	0.0	0.0	0.0	1.81e-06	0.00030295	0.00242745	0.0	0.0	0.0
Fillmore	0.092	15.311	32.311	0.0	0.0	1.0	4.37e-06	0.00072709	0.00153438	0.0	0.0	4.749e-05
Pope	0.0	0.0	6.0	0.0	0.0	0.0	0.0	0.0	0.00054069	0.0	0.0	0.0
Otter Tail	4.396	319.621	370.621	0.0	0.0	0.0	7.475e-05	0.00543462	0.00630179	0.0	0.0	0.0
Traverse	0.0	0.014	3.014	0.0	0.0	0.0	0.0	4.23e-06	0.00091112	0.0	0.0	0.0
Murray	0.0	2.995	35.995	0.0	0.0	0.0	0.0	0.00036189	0.00434932	0.0	0.0	0.0
Kandiyohi	0.732	252.58	678.58	0.0	0.0	1.0	1.708e-05	0.00589383	0.01583433	0.0	0.0	2.333e-05
Chisago	0.387	56.459	94.459	0.0	0.0	1.0	6.92e-06	0.0010096	0.00168912	0.0	0.0	1.788e-05
Ramsey	17.231	2513.556	4359.556	0.812	113.016	193.016	3.132e-05	0.00456836	0.00792344	1.48e-06	0.00020541	0.0003508
Mower	0.417	65.326	143.326	0.812	113.016	113.016	1.042e-05	0.0016327	0.00358216	2.029e-05	0.00282462	0.00282462
Kittson	0.0	0.0	1.0	0.812	113.016	113.016	0.0	0.0	0.0002354	0.00019115	0.02660452	0.02660452
Hennepin	38.462	6018.641	11856.641	0.0	106.345	591.345	3.054e-05	0.00477887	0.00941431	0.0	8.444e-05	0.00046953
Wabasha	0.067	11.194	27.194	0.0	106.345	106.345	3.1e-06	0.00051716	0.00125636	0.0	0.00491314	0.00491314
Carlton	0.0	1.979	71.979	0.0	106.318	106.318	0.0	5.522e-05	0.00200851	0.0	0.00296671	0.00296671
Lake of the Woods	0.0	0.0	0.0	0.0	0.0	0.0	0.0	0.0	0.0	0.0	0.0	0.0
Beltrami	0.386	35.077	44.077	0.0	106.345	106.345	8.24e-06	0.00074876	0.00094087	0.0	0.00227005	0.00227005
Kanabec	0.019	3.165	12.165	0.0	0.0	1.0	1.17e-06	0.00019529	0.0007506	0.0	0.0	6.17e-05
Polk	0.0	2.156	59.156	0.0	0.0	2.0	0.0	6.838e-05	0.00187624	0.0	0.0	6.343e-05
Mille Lacs	0.068	11.3	26.3	0.0	0.0	1.0	2.6e-06	0.0004323	0.00100616	0.0	0.0	3.826e-05
Morrison	0.357	52.044	83.044	0.0	0.0	0.0	1.076e-05	0.00156906	0.00250366	0.0	0.0	0.0
Grant	0.0	0.0	2.0	0.0	0.0	0.0	0.0	0.0	0.00033217	0.0	0.0	0.0
Isanti	1.223	111.078	131.078	0.0	0.0	0.0	3.06e-05	0.00277931	0.00327974	0.0	0.0	0.0
Carver	0.0	30.717	161.717	0.0	0.0	2.0	0.0	0.00029664	0.00156171	0.0	0.0	1.931e-05
Lac qui Parle	0.722	28.148	31.148	0.0	0.0	0.0	0.00010844	0.0042277	0.00467828	0.0	0.0	0.0
Jackson	0.0	3.516	39.516	0.0	0.0	0.0	0.0	0.00035476	0.00398709	0.0	0.0	0.0
