Name	Predicted_New_Cases	Total_Predicted_New_Cases	Total_Predicted_Cases	Predicted_New_Deaths	Total_Predicted_New_Deaths	Total_Predicted_Deaths	Predicted_New_per_capita	Predicted_Total_New_per_capita	Predicted_Total_Cases_per_capita	Predicted_New_Deaths_per_capita	Total_Predicted_New_Deaths_per_capita	Total_Predicted_Deaths_per_capita
Wright	6.228	215.545	284.545	0.0	0.0	1.0	4.568e-05	0.00158083	0.00208689	0.0	0.0	7.33e-06
Brown	0.014	0.946	9.946	0.0	0.0	1.0	5.6e-07	3.767e-05	0.00039608	0.0	0.0	3.982e-05
Winona	0.0	0.692	68.692	0.0	1.897	16.897	0.0	1.362e-05	0.00135154	0.0	3.732e-05	0.00033245
Nobles	30.317	1989.713	3071.713	0.309	21.285	23.285	0.00138282	0.09075502	0.14010733	1.409e-05	0.00097085	0.00106208
Todd	5.365	149.489	167.489	0.309	21.285	21.285	0.00021825	0.00608124	0.00681348	1.257e-05	0.00086588	0.00086588
Cottonwood	2.726	134.936	176.936	0.309	21.285	21.285	0.00024173	0.01196559	0.01568999	2.74e-05	0.00188747	0.00188747
Lincoln	0.047	3.217	6.217	0.309	21.285	21.285	8.28e-06	0.00056707	0.00109589	5.447e-05	0.00375198	0.00375198
Freeborn	0.491	19.999	57.999	0.309	21.285	21.285	1.613e-05	0.00065691	0.0019051	1.015e-05	0.00069915	0.00069915
Crow Wing	3.441	60.605	81.605	0.0	0.0	1.0	5.303e-05	0.00093398	0.00125761	0.0	0.0	1.541e-05
LeSeur	0.0	0.0	0.0	0.0	0.0	0.0	N/A	N/A	N/A	N/A	N/A	N/A
Norman	0.062	4.258	13.258	0.0	0.0	0.0	9.58e-06	0.00065761	0.00204757	0.0	0.0	0.0
Roseau	0.0	0.0	1.0	0.0	0.0	0.0	0.0	0.0	6.601e-05	0.0	0.0	0.0
Washington	6.29	269.96	450.96	4.705	116.882	128.882	2.427e-05	0.00104151	0.00173981	1.815e-05	0.00045093	0.00049723
Pipestone	3.745	65.951	69.951	4.705	116.882	116.882	0.00041395	0.00728982	0.00773196	0.00052006	0.01291942	0.01291942
Goodhue	7.489	131.905	154.905	4.705	116.882	116.882	0.00016139	0.0028426	0.00333825	0.00010139	0.00251885	0.00251885
Watonwan	0.452	28.882	43.882	4.705	116.882	116.882	4.117e-05	0.00263042	0.00399654	0.00042851	0.01064499	0.01064499
Sherburne	80.195	1629.108	1709.108	0.0	0.0	1.0	0.00083505	0.01696351	0.01779653	0.0	0.0	1.041e-05
Stevens	0.0	0.0	0.0	0.0	0.0	0.0	0.0	0.0	0.0	0.0	0.0	0.0
Rice	36.637	645.269	675.269	0.0	0.0	1.0	0.00055074	0.00969994	0.01015091	0.0	0.0	1.503e-05
Sibley	0.037	2.554	4.554	0.0	0.0	0.0	2.46e-06	0.00016995	0.00030303	0.0	0.0	0.0
Martin	4.024	250.094	361.094	0.0	0.0	4.0	0.00020339	0.01264059	0.0182509	0.0	0.0	0.00020217
Steele	1.595	68.448	97.448	0.0	0.0	0.0	4.334e-05	0.00185985	0.00264783	0.0	0.0	0.0
Cass	5.465	96.253	103.253	0.0	0.0	0.0	0.00018513	0.00326071	0.00349785	0.0	0.0	0.0
Saint Louis	0.263	26.823	112.823	0.023	2.068	13.068	1.32e-06	0.00013428	0.00056481	1.2e-07	1.035e-05	6.542e-05
Big Stone	0.0	0.067	2.067	0.023	2.068	2.068	0.0	1.343e-05	0.00041431	4.61e-06	0.00041451	0.00041451
Lyon	8.704	153.296	164.296	0.023	2.068	2.068	0.00033962	0.00598135	0.00641055	9e-07	8.069e-05	8.069e-05
Chippewa	0.062	4.258	8.258	0.023	2.068	2.068	5.2e-06	0.00035709	0.00069255	1.93e-06	0.00017343	0.00017343
Douglas	7.995	140.816	152.816	0.023	2.068	2.068	0.00021059	0.0037092	0.00402529	6.1e-07	5.447e-05	5.447e-05
Mahnomen	0.103	5.573	7.573	0.023	2.068	2.068	1.866e-05	0.00100978	0.00137217	4.17e-06	0.00037471	0.00037471
Faribault	3.657	79.678	87.678	0.023	2.068	2.068	0.00026581	0.00579139	0.00637287	1.67e-06	0.00015031	0.00015031
Anoka	9.403	527.757	909.757	4.488	155.329	179.329	2.658e-05	0.00149163	0.00257129	1.268e-05	0.00043901	0.00050685
Pennington	0.0	0.0	1.0	4.488	155.329	155.329	0.0	0.0	7.053e-05	0.00031655	0.01095564	0.01095564
Red Lake	0.0	0.0	1.0	4.488	155.329	155.329	0.0	0.0	0.00025006	0.00112228	0.03884196	0.03884196
Aitkin	0.0	0.0	1.0	4.488	155.329	155.329	0.0	0.0	6.289e-05	0.00028223	0.00976789	0.00976789
Yellow Medicine	0.0	0.0	3.0	4.488	155.329	155.329	0.0	0.0	0.00030628	0.00045819	0.01585799	0.01585799
Benton	94.225	1659.514	1718.514	0.0	0.0	1.0	0.00232396	0.04093018	0.04238535	0.0	0.0	2.466e-05
Houston	0.0	0.0	1.0	0.0	0.0	0.0	0.0	0.0	5.383e-05	0.0	0.0	0.0
Hubbard	0.0	0.0	0.0	0.0	0.0	0.0	0.0	0.0	0.0	0.0	0.0	0.0
Nicollet	13.408	272.38	289.38	0.0	0.0	2.0	0.00039182	0.00795967	0.00845646	0.0	0.0	5.845e-05
Dakota	79.726	1857.268	2149.268	0.0	1.687	13.687	0.0001874	0.0043657	0.00505207	0.0	3.97e-06	3.217e-05
Scott	27.988	695.232	785.232	0.0	0.0	1.0	0.0001899	0.00471724	0.00532791	0.0	0.0	6.79e-06
Pine	0.0	3.287	64.287	0.0	0.0	0.0	0.0	0.00011149	0.00218048	0.0	0.0	0.0
Meeker	0.49	32.174	50.174	0.0	0.0	0.0	2.117e-05	0.00139035	0.00216819	0.0	0.0	0.0
Koochiching	0.0	0.0	1.0	0.0	0.0	0.0	0.0	0.0	8.039e-05	0.0	0.0	0.0
Blue Earth	2.883	123.731	176.731	0.0	0.0	0.0	4.276e-05	0.00183504	0.00262107	0.0	0.0	0.0
Le Sueur	0.133	9.177	35.177	0.0	0.0	0.0	4.67e-06	0.00032207	0.00123454	0.0	0.0	0.0
Olmsted	2.321	160.173	482.173	0.251	12.447	20.447	1.485e-05	0.00102493	0.00308537	1.61e-06	7.965e-05	0.00013084
Clearwater	0.0	0.0	2.0	0.251	12.447	12.447	0.0	0.0	0.00022701	2.849e-05	0.00141283	0.00141283
Dodge	0.157	10.287	31.287	0.251	12.447	12.447	7.54e-06	0.00049404	0.00150259	1.205e-05	0.00059778	0.00059778
Marshall	0.497	29.947	36.947	0.251	12.447	12.447	5.293e-05	0.00318924	0.00393472	2.673e-05	0.00132556	0.00132556
Itasca	25.808	454.541	478.541	0.251	12.447	12.447	0.00057214	0.01007673	0.01060878	5.56e-06	0.00027594	0.00027594
Renville	0.293	13.207	19.207	0.251	12.447	12.447	2.005e-05	0.00090385	0.00131447	1.718e-05	0.00085183	0.00085183
Lake	0.0	0.0	0.0	0.0	0.0	0.0	0.0	0.0	0.0	0.0	0.0	0.0
Unassigned	36.84	648.837	659.837	0.0	0.0	1.0	N/A	N/A	N/A	N/A	N/A	N/A
McLeod	0.0	0.761	6.761	0.0	0.0	0.0	0.0	2.121e-05	0.00018847	0.0	0.0	0.0
Waseca	0.798	27.616	34.616	0.0	0.0	0.0	4.269e-05	0.0014775	0.00185201	0.0	0.0	0.0
Wadena	0.0	0.0	3.0	0.0	0.0	0.0	0.0	0.0	0.00021782	0.0	0.0	0.0
Cook	0.0	0.0	0.0	0.0	0.0	0.0	0.0	0.0	0.0	0.0	0.0	0.0
Becker	27.832	490.19	506.19	0.0	0.0	0.0	0.00080975	0.01426173	0.01472724	0.0	0.0	0.0
Clay	1.163	124.628	339.628	0.116	11.021	25.021	1.818e-05	0.00194868	0.00531042	1.81e-06	0.00017232	0.00039123
Swift	0.037	2.554	4.554	0.116	11.021	11.021	3.96e-06	0.0002733	0.00048732	1.241e-05	0.00117935	0.00117935
Stearns	2971.021	45232.383	46207.383	0.309	21.285	24.285	0.01865563	0.2840231	0.29014532	1.94e-06	0.00013365	0.00015249
Redwood	0.787	27.229	30.229	0.309	21.285	21.285	5.161e-05	0.00178563	0.00198236	2.026e-05	0.00139583	0.00139583
Wilkin	0.0	0.0	11.0	0.0	0.064	3.064	0.0	0.0	0.00175887	0.0	1.023e-05	0.00048993
Rock	1.376	65.073	83.073	0.0	0.067	0.067	0.00014617	0.00691236	0.00882441	0.0	7.12e-06	7.12e-06
Fillmore	0.032	2.175	14.175	0.0	0.0	1.0	1.52e-06	0.00010329	0.00067314	0.0	0.0	4.749e-05
Pope	0.0	0.0	1.0	0.0	0.0	0.0	0.0	0.0	9.011e-05	0.0	0.0	0.0
Otter Tail	31.375	552.578	571.578	0.0	0.0	0.0	0.00053348	0.00939567	0.00971873	0.0	0.0	0.0
Traverse	0.0	0.0	2.0	0.0	0.0	0.0	0.0	0.0	0.00060459	0.0	0.0	0.0
Murray	0.419	28.177	48.177	0.0	0.0	0.0	5.063e-05	0.00340466	0.00582129	0.0	0.0	0.0
Kandiyohi	9.2	535.889	746.889	0.0	0.0	1.0	0.00021468	0.0125047	0.01742828	0.0	0.0	2.333e-05
Chisago	0.286	18.758	32.758	0.0	0.0	1.0	5.11e-06	0.00033543	0.00058578	0.0	0.0	1.788e-05
Ramsey	53.209	2056.377	2712.377	21.221	462.341	500.341	9.671e-05	0.00373744	0.00492971	3.857e-05	0.0008403	0.00090936
Mower	0.062	4.258	39.258	21.221	462.341	462.341	1.55e-06	0.00010642	0.00098118	0.00053038	0.01155535	0.01155535
Kittson	0.0	0.0	1.0	21.221	462.341	462.341	0.0	0.0	0.0002354	0.00499553	0.10883734	0.10883734
Hennepin	106.285	5025.681	7789.681	4.506	310.883	635.883	8.439e-05	0.00399045	0.00618509	3.58e-06	0.00024684	0.0005049
Wabasha	6.174	108.735	118.735	4.506	310.883	310.883	0.00028524	0.00502356	0.00548556	0.00020818	0.01436281	0.01436281
Carlton	0.0	9.861	70.861	4.506	310.883	310.883	0.0	0.00027516	0.00197731	0.00012574	0.00867492	0.00867492
Lake of the Woods	0.0	0.0	0.0	0.0	0.0	0.0	0.0	0.0	0.0	0.0	0.0	0.0
Beltrami	0.0	0.0	6.0	4.506	310.883	310.883	0.0	0.0	0.00012808	9.619e-05	0.00663613	0.00663613
Kanabec	0.0	0.0	2.0	4.506	310.883	310.883	0.0	0.0	0.0001234	0.00027803	0.01918202	0.01918202
Polk	0.851	54.401	97.401	4.506	310.883	310.883	2.699e-05	0.00172543	0.00308925	0.00014292	0.00986022	0.00986022
Mille Lacs	0.041	2.837	7.837	0.0	0.0	1.0	1.57e-06	0.00010854	0.00029982	0.0	0.0	3.826e-05
Morrison	0.002	5.285	14.285	0.0	0.0	0.0	6e-08	0.00015934	0.00043067	0.0	0.0	0.0
Grant	0.0	0.0	1.0	0.0	0.0	0.0	0.0	0.0	0.00016609	0.0	0.0	0.0
Isanti	0.0	0.0	7.0	0.0	0.0	0.0	0.0	0.0	0.00017515	0.0	0.0	0.0
Carver	4.312	141.249	192.249	0.0	0.0	0.0	4.164e-05	0.00136405	0.00185656	0.0	0.0	0.0
Lac qui Parle	1.012	17.825	19.825	0.0	0.0	0.0	0.000152	0.00267723	0.00297762	0.0	0.0	0.0
Jackson	1.977	89.182	114.182	0.0	0.0	0.0	0.00019948	0.00899828	0.01152073	0.0	0.0	0.0
