Name	Predicted_New_Cases	Total_Predicted_New_Cases	Total_Predicted_Cases	Predicted_New_Deaths	Total_Predicted_New_Deaths	Total_Predicted_Deaths	Predicted_New_per_capita	Predicted_Total_New_per_capita	Predicted_Total_Cases_per_capita	Predicted_New_Deaths_per_capita	Total_Predicted_New_Deaths_per_capita	Total_Predicted_Deaths_per_capita
Wright	1.11	6.521	25.521	0.0	0.0	1.0	8.14e-06	4.783e-05	0.00018717	0.0	0.0	7.33e-06
Brown	0.0	0.0	7.0	0.0	0.0	1.0	0.0	0.0	0.00027876	0.0	0.0	3.982e-05
Winona	2.152	13.53	43.53	0.0	0.0	6.0	4.234e-05	0.00026621	0.00085647	0.0	0.0	0.00011805
Nobles	1.845	11.598	14.598	0.0	0.0	0.0	8.415e-05	0.00052901	0.00066585	0.0	0.0	0.0
Todd	0.0	0.0	2.0	0.0	0.0	0.0	0.0	0.0	8.136e-05	0.0	0.0	0.0
Cottonwood	0.513	2.064	8.064	0.0	0.0	0.0	4.549e-05	0.00018303	0.00071508	0.0	0.0	0.0
Lincoln	0.0	0.0	2.0	0.0	0.0	0.0	0.0	0.0	0.00035255	0.0	0.0	0.0
Freeborn	0.0	0.0	27.0	0.0	0.0	0.0	0.0	0.0	0.00088687	0.0	0.0	0.0
Crow Wing	0.0	0.0	17.0	0.0	0.0	0.0	0.0	0.0	0.00026199	0.0	0.0	0.0
LeSeur	0.0	0.0	0.0	0.0	0.0	0.0	N/A	N/A	N/A	N/A	N/A	N/A
Norman	0.0	0.0	0.0	0.0	0.0	0.0	0.0	0.0	0.0	0.0	0.0	0.0
Roseau	0.0	0.0	1.0	0.0	0.0	0.0	0.0	0.0	6.601e-05	0.0	0.0	0.0
Washington	1.695	13.584	97.584	0.0	0.0	3.0	6.54e-06	5.241e-05	0.00037648	0.0	0.0	1.157e-05
Pipestone	0.0	0.0	1.0	0.0	0.0	0.0	0.0	0.0	0.00011053	0.0	0.0	0.0
Goodhue	0.738	4.64	21.64	0.0	0.0	0.0	1.59e-05	9.999e-05	0.00046635	0.0	0.0	0.0
Watonwan	0.0	0.0	4.0	0.0	0.0	0.0	0.0	0.0	0.0003643	0.0	0.0	0.0
Sherburne	0.007	0.089	10.089	0.0	0.0	0.0	7e-08	9.3e-07	0.00010505	0.0	0.0	0.0
Stevens	0.0	0.0	0.0	0.0	0.0	0.0	0.0	0.0	0.0	0.0	0.0	0.0
Rice	0.0	0.124	5.124	0.0	0.0	0.0	0.0	1.86e-06	7.703e-05	0.0	0.0	0.0
Sibley	0.0	0.0	1.0	0.0	0.0	0.0	0.0	0.0	6.654e-05	0.0	0.0	0.0
Martin	0.644	4.108	43.108	0.0	0.0	4.0	3.255e-05	0.00020763	0.00217882	0.0	0.0	0.00020217
Steele	0.052	0.78	9.78	0.0	0.0	0.0	1.41e-06	2.119e-05	0.00026574	0.0	0.0	0.0
Cass	0.32	2.01	6.01	0.0	0.0	0.0	1.084e-05	6.809e-05	0.0002036	0.0	0.0	0.0
Saint Louis	5.198	25.64	67.64	0.0	0.0	5.0	2.602e-05	0.00012836	0.00033862	0.0	0.0	2.503e-05
Big Stone	0.0	0.0	1.0	0.0	0.0	0.0	0.0	0.0	0.00020044	0.0	0.0	0.0
Lyon	0.0	0.0	5.0	0.0	0.0	0.0	0.0	0.0	0.00019509	0.0	0.0	0.0
Chippewa	0.0	0.0	0.0	0.0	0.0	0.0	0.0	0.0	0.0	0.0	0.0	0.0
Douglas	0.0	0.0	1.0	0.0	0.0	0.0	0.0	0.0	2.634e-05	0.0	0.0	0.0
Mahnomen	0.0	0.0	1.0	0.0	0.0	0.0	0.0	0.0	0.00018119	0.0	0.0	0.0
Faribault	0.123	0.772	4.772	0.0	0.0	0.0	8.94e-06	5.611e-05	0.00034685	0.0	0.0	0.0
Anoka	4.123	23.656	95.656	0.0	0.0	0.0	1.165e-05	6.686e-05	0.00027036	0.0	0.0	0.0
Pennington	0.0	0.0	0.0	0.0	0.0	0.0	0.0	0.0	0.0	0.0	0.0	0.0
Red Lake	0.0	0.0	1.0	0.0	0.0	0.0	0.0	0.0	0.00025006	0.0	0.0	0.0
Aitkin	0.0	0.0	0.0	0.0	0.0	0.0	0.0	0.0	0.0	0.0	0.0	0.0
Yellow Medicine	0.0	0.0	3.0	0.0	0.0	0.0	0.0	0.0	0.00030628	0.0	0.0	0.0
Benton	0.0	0.0	1.0	0.0	0.0	0.0	0.0	0.0	2.466e-05	0.0	0.0	0.0
Houston	0.0	0.0	1.0	0.0	0.0	0.0	0.0	0.0	5.383e-05	0.0	0.0	0.0
Hubbard	0.0	0.0	0.0	0.0	0.0	0.0	0.0	0.0	0.0	0.0	0.0	0.0
Nicollet	0.356	2.09	9.09	0.0	0.0	1.0	1.04e-05	6.108e-05	0.00026563	0.0	0.0	2.922e-05
Dakota	4.134	25.459	128.459	0.0	0.0	5.0	9.72e-06	5.984e-05	0.00030196	0.0	0.0	1.175e-05
Scott	0.996	6.262	26.262	0.0	0.0	1.0	6.76e-06	4.249e-05	0.00017819	0.0	0.0	6.79e-06
Pine	0.0	0.0	6.0	0.0	0.0	0.0	0.0	0.0	0.00020351	0.0	0.0	0.0
Meeker	0.123	0.772	2.772	0.0	0.0	0.0	5.32e-06	3.336e-05	0.00011979	0.0	0.0	0.0
Koochiching	0.0	0.0	1.0	0.0	0.0	0.0	0.0	0.0	8.039e-05	0.0	0.0	0.0
Blue Earth	1.201	7.55	29.55	0.0	0.0	0.0	1.781e-05	0.00011197	0.00043825	0.0	0.0	0.0
Le Sueur	0.028	0.363	21.363	0.0	0.0	0.0	9.8e-07	1.274e-05	0.00074974	0.0	0.0	0.0
Olmsted	6.095	38.323	185.323	0.0	0.0	2.0	3.9e-05	0.00024522	0.00118586	0.0	0.0	1.28e-05
Clearwater	0.0	0.0	3.0	0.0	0.0	0.0	0.0	0.0	0.00034052	0.0	0.0	0.0
Dodge	1.412	6.317	22.317	0.0	0.0	0.0	6.781e-05	0.00030338	0.0010718	0.0	0.0	0.0
Marshall	0.0	0.0	0.0	0.0	0.0	0.0	0.0	0.0	0.0	0.0	0.0	0.0
Itasca	0.0	0.0	2.0	0.0	0.0	0.0	0.0	0.0	4.434e-05	0.0	0.0	0.0
Renville	0.078	0.49	3.49	0.0	0.0	0.0	5.34e-06	3.353e-05	0.00023884	0.0	0.0	0.0
Lake	0.0	0.0	0.0	0.0	0.0	0.0	0.0	0.0	0.0	0.0	0.0	0.0
Unassigned	0.0	0.0	35.0	2.892	14.717	15.717	N/A	N/A	N/A	N/A	N/A	N/A
McLeod	0.0	0.0	2.0	2.892	14.717	14.717	0.0	0.0	5.575e-05	8.062e-05	0.00041025	0.00041025
Waseca	0.0	0.0	3.0	2.892	14.717	14.717	0.0	0.0	0.00016051	0.00015473	0.00078738	0.00078738
Wadena	0.0	0.0	0.0	0.0	0.0	0.0	0.0	0.0	0.0	0.0	0.0	0.0
Cook	0.0	0.0	0.0	0.0	0.0	0.0	0.0	0.0	0.0	0.0	0.0	0.0
Becker	0.0	0.0	2.0	0.0	0.0	0.0	0.0	0.0	5.819e-05	0.0	0.0	0.0
Clay	3.392	18.904	60.904	2.892	14.717	14.717	5.304e-05	0.00029558	0.00095229	4.522e-05	0.00023011	0.00023011
Swift	0.0	0.0	1.0	0.0	0.0	0.0	0.0	0.0	0.00010701	0.0	0.0	0.0
Stearns	0.193	1.211	8.211	2.892	14.717	14.717	1.21e-06	7.6e-06	5.156e-05	1.816e-05	9.241e-05	9.241e-05
Redwood	0.0	0.0	1.0	0.0	0.0	0.0	0.0	0.0	6.558e-05	0.0	0.0	0.0
Wilkin	0.738	4.64	11.64	1.446	7.357	9.357	0.000118	0.00074193	0.00186121	0.00023121	0.00117637	0.00149616
Rock	0.0	0.0	2.0	0.0	0.0	0.0	0.0	0.0	0.00021245	0.0	0.0	0.0
Fillmore	0.0	0.146	10.146	0.0	2.086	2.086	0.0	6.93e-06	0.00048181	0.0	9.906e-05	9.906e-05
Pope	0.0	0.0	0.0	0.0	0.0	0.0	0.0	0.0	0.0	0.0	0.0	0.0
Otter Tail	0.307	1.932	5.932	1.446	7.357	7.357	5.22e-06	3.285e-05	0.00010086	2.459e-05	0.00012509	0.00012509
Traverse	0.0	0.0	2.0	0.0	0.0	0.0	0.0	0.0	0.00060459	0.0	0.0	0.0
Murray	0.0	0.0	1.0	0.0	0.0	0.0	0.0	0.0	0.00012083	0.0	0.0	0.0
Kandiyohi	0.0	0.0	2.0	1.446	7.357	7.357	0.0	0.0	4.667e-05	3.374e-05	0.00017167	0.00017167
Chisago	0.279	1.752	8.752	0.0	0.0	1.0	4.99e-06	3.133e-05	0.0001565	0.0	0.0	1.788e-05
Ramsey	7.743	47.147	200.147	0.789	3.853	10.853	1.407e-05	8.569e-05	0.00036376	1.43e-06	7e-06	1.973e-05
Mower	1.033	6.071	31.071	0.789	3.853	3.853	2.582e-05	0.00015173	0.00077656	1.972e-05	9.63e-05	9.63e-05
Kittson	0.0	0.0	0.0	0.0	0.0	0.0	0.0	0.0	0.0	0.0	0.0	0.0
Hennepin	71.259	294.009	852.009	0.0	8.057	48.057	5.658e-05	0.00023345	0.0006765	0.0	6.4e-06	3.816e-05
Wabasha	0.0	0.0	7.0	0.0	8.057	8.057	0.0	0.0	0.0003234	0.0	0.00037223	0.00037223
Carlton	0.0	0.0	26.0	0.0	8.057	8.057	0.0	0.0	0.00072551	0.0	0.00022482	0.00022482
Lake of the Woods	0.0	0.0	0.0	0.0	0.0	0.0	0.0	0.0	0.0	0.0	0.0	0.0
Beltrami	0.123	0.772	5.772	0.0	8.057	8.057	2.63e-06	1.648e-05	0.00012321	0.0	0.00017199	0.00017199
Kanabec	0.0	0.0	0.0	0.0	0.0	0.0	0.0	0.0	0.0	0.0	0.0	0.0
Polk	0.0	0.0	1.0	0.0	0.0	0.0	0.0	0.0	3.172e-05	0.0	0.0	0.0
Mille Lacs	0.0	0.0	0.0	0.0	0.0	0.0	0.0	0.0	0.0	0.0	0.0	0.0
Morrison	0.0	0.0	0.0	0.0	0.0	0.0	0.0	0.0	0.0	0.0	0.0	0.0
Grant	0.0	0.0	0.0	0.0	0.0	0.0	0.0	0.0	0.0	0.0	0.0	0.0
Isanti	0.0	0.0	4.0	0.0	8.057	8.057	0.0	0.0	0.00010009	0.0	0.0002016	0.0002016
Carver	0.729	2.935	15.935	0.0	8.057	8.057	7.04e-06	2.834e-05	0.00015389	0.0	7.781e-05	7.781e-05
Lac qui Parle	0.0	0.0	1.0	0.0	0.0	0.0	0.0	0.0	0.0001502	0.0	0.0	0.0
Jackson	0.0	0.0	1.0	0.0	0.0	0.0	0.0	0.0	0.0001009	0.0	0.0	0.0
