Name	Predicted_New_Cases	Total_Predicted_New_Cases	Total_Predicted_Cases	Predicted_New_Deaths	Total_Predicted_New_Deaths	Total_Predicted_Deaths	Predicted_New_per_capita	Predicted_Total_New_per_capita	Predicted_Total_Cases_per_capita	Predicted_New_Deaths_per_capita	Total_Predicted_New_Deaths_per_capita	Total_Predicted_Deaths_per_capita
Wright	3.693	169.865	321.865	0.0	0.0	1.0	2.708e-05	0.00124581	0.0023606	0.0	0.0	7.33e-06
Brown	0.034	1.652	11.652	1.049	12.64	14.64	1.35e-06	6.579e-05	0.00046402	4.177e-05	0.00050337	0.00058301
Winona	0.786	26.315	101.315	0.0	0.0	15.0	1.546e-05	0.00051776	0.00199341	0.0	0.0	0.00029513
Nobles	0.0	194.236	1547.236	0.0	0.124	2.124	0.0	0.00885951	0.07057271	0.0	5.66e-06	9.688e-05
Todd	1.335	64.409	116.409	0.0	0.124	0.124	5.431e-05	0.00262017	0.00473554	0.0	5.04e-06	5.04e-06
Cottonwood	0.0	4.432	58.432	0.0	0.124	0.124	0.0	0.00039301	0.00518152	0.0	1.1e-05	1.1e-05
Lincoln	3.567	42.978	46.978	0.0	0.124	0.124	0.00062877	0.00757589	0.00828098	0.0	2.186e-05	2.186e-05
Freeborn	0.857	36.237	97.237	0.0	0.124	0.124	2.815e-05	0.00119028	0.00319396	0.0	4.07e-06	4.07e-06
Crow Wing	0.0	0.678	24.678	0.0	0.0	1.0	0.0	1.045e-05	0.00038031	0.0	0.0	1.541e-05
LeSeur	0.0	0.0	0.0	0.0	0.0	0.0	N/A	N/A	N/A	N/A	N/A	N/A
Norman	0.835	21.085	32.085	0.0	0.0	0.0	0.00012896	0.00325637	0.00495521	0.0	0.0	0.0
Roseau	0.0	0.0	1.0	0.0	0.0	0.0	0.0	0.0	6.601e-05	0.0	0.0	0.0
Washington	5.59	269.636	595.636	0.733	25.651	43.651	2.157e-05	0.00104026	0.00229797	2.83e-06	9.896e-05	0.00016841
Pipestone	0.195	9.388	18.388	0.733	25.651	25.651	2.155e-05	0.00103769	0.0020325	8.102e-05	0.0028353	0.0028353
Goodhue	0.186	8.952	40.952	0.733	25.651	25.651	4.01e-06	0.00019292	0.00088253	1.58e-05	0.00055279	0.00055279
Watonwan	1.725	63.006	99.006	0.733	25.651	25.651	0.0001571	0.00573825	0.00901694	6.676e-05	0.00233616	0.00233616
Sherburne	1.47	96.708	240.708	0.0	0.0	1.0	1.531e-05	0.001007	0.00250644	0.0	0.0	1.041e-05
Stevens	0.0	0.0	1.0	0.0	0.0	0.0	0.0	0.0	0.00010253	0.0	0.0	0.0
Rice	7.444	342.407	563.407	3.567	42.978	44.978	0.0001119	0.0051472	0.00846936	5.362e-05	0.00064606	0.00067613
Sibley	0.115	5.565	12.565	3.567	42.978	42.978	7.65e-06	0.00037031	0.00083611	0.00023736	0.00285986	0.00285986
Martin	0.061	4.317	121.317	0.0	0.0	5.0	3.08e-06	0.0002182	0.00613177	0.0	0.0	0.00025272
Steele	2.683	129.432	229.432	0.0	0.0	0.0	7.29e-05	0.00351689	0.00623406	0.0	0.0	0.0
Cass	0.067	3.216	12.216	0.0	0.0	2.0	2.27e-06	0.00010895	0.00041384	0.0	0.0	6.775e-05
Saint Louis	0.0	14.285	115.285	0.002	1.356	13.356	0.0	7.151e-05	0.00057713	1e-08	6.79e-06	6.686e-05
Big Stone	0.0	0.0	2.0	0.002	1.356	1.356	0.0	0.0	0.00040088	4e-07	0.0002718	0.0002718
Lyon	0.51	24.599	49.599	0.002	1.356	1.356	1.99e-05	0.00095981	0.00193527	8e-08	5.291e-05	5.291e-05
Chippewa	65.667	791.314	819.314	0.002	1.356	1.356	0.00550713	0.06636313	0.06871134	1.7e-07	0.00011372	0.00011372
Douglas	0.0	2.517	20.517	0.002	1.356	1.356	0.0	6.63e-05	0.00054043	5e-08	3.572e-05	3.572e-05
Mahnomen	5.979	72.051	77.051	0.0	0.0	1.0	0.00108335	0.01305508	0.01396104	0.0	0.0	0.00018119
Faribault	0.153	7.386	16.386	0.0	0.0	0.0	1.112e-05	0.00053685	0.00119102	0.0	0.0	0.0
Anoka	14.827	715.211	1485.211	1.356	47.46	87.46	4.191e-05	0.00202144	0.00419773	3.83e-06	0.00013414	0.00024719
Pennington	0.0	0.0	1.0	1.356	47.46	47.46	0.0	0.0	7.053e-05	9.564e-05	0.00334744	0.00334744
Red Lake	0.131	5.002	8.002	1.356	47.46	47.46	3.276e-05	0.00125081	0.002001	0.00033908	0.01186797	0.01186797
Aitkin	0.049	2.347	5.347	1.356	47.46	47.46	3.08e-06	0.00014759	0.00033625	8.527e-05	0.00298453	0.00298453
Yellow Medicine	0.0	0.0	3.0	1.356	47.46	47.46	0.0	0.0	0.00030628	0.00013844	0.00484533	0.00484533
Benton	1.605	103.606	225.606	0.0	0.0	2.0	3.959e-05	0.00255533	0.00556434	0.0	0.0	4.933e-05
Houston	0.0	0.62	2.62	0.0	0.0	0.0	0.0	3.337e-05	0.00014103	0.0	0.0	0.0
Hubbard	0.0	0.0	0.0	0.0	0.0	0.0	0.0	0.0	0.0	0.0	0.0	0.0
Nicollet	0.393	18.084	51.084	0.0	0.0	2.0	1.148e-05	0.00052846	0.00149281	0.0	0.0	5.845e-05
Dakota	14.265	688.09	1354.09	0.577	20.203	38.203	3.353e-05	0.00161743	0.00318293	1.36e-06	4.749e-05	8.98e-05
Scott	5.103	246.167	469.167	0.0	0.0	1.0	3.462e-05	0.00167028	0.00318336	0.0	0.0	6.79e-06
Pine	1.174	51.172	134.172	0.0	0.0	0.0	3.982e-05	0.00173564	0.00455083	0.0	0.0	0.0
Meeker	0.158	10.581	42.581	0.0	0.0	0.0	6.83e-06	0.00045724	0.00184007	0.0	0.0	0.0
Koochiching	4.616	55.62	58.62	0.0	0.0	0.0	0.00037106	0.00447106	0.00471222	0.0	0.0	0.0
Blue Earth	0.95	46.818	125.818	0.0	0.0	0.0	1.409e-05	0.00069435	0.00186599	0.0	0.0	0.0
Le Sueur	0.327	14.248	48.248	0.0	0.0	1.0	1.148e-05	0.00050004	0.00169327	0.0	0.0	3.51e-05
Olmsted	2.033	133.811	568.811	0.038	2.081	11.081	1.301e-05	0.00085624	0.00363976	2.4e-07	1.332e-05	7.091e-05
Clearwater	0.0	0.0	2.0	0.038	2.081	2.081	0.0	0.0	0.00022701	4.31e-06	0.00023621	0.00023621
Dodge	0.419	18.262	52.262	0.038	2.081	2.081	2.012e-05	0.00087705	0.00250994	1.82e-06	9.994e-05	9.994e-05
Marshall	0.0	0.263	8.263	0.038	2.081	2.081	0.0	2.801e-05	0.00087998	4.05e-06	0.00022162	0.00022162
Itasca	1.06	51.113	94.113	0.0	0.0	4.0	2.35e-05	0.00113312	0.00208639	0.0	0.0	8.868e-05
Renville	0.0	0.0	5.0	0.0	0.0	0.0	0.0	0.0	0.00034218	0.0	0.0	0.0
Lake	0.0	0.0	1.0	0.0	0.0	0.0	0.0	0.0	9.383e-05	0.0	0.0	0.0
Unassigned	0.182	8.779	36.779	0.0	0.0	9.0	N/A	N/A	N/A	N/A	N/A	N/A
McLeod	0.631	28.279	44.279	0.0	0.0	0.0	1.759e-05	0.00078831	0.00123433	0.0	0.0	0.0
Waseca	0.485	23.385	43.385	0.0	0.0	0.0	2.595e-05	0.00125114	0.00232117	0.0	0.0	0.0
Wadena	0.0	0.0	4.0	0.0	0.0	0.0	0.0	0.0	0.00029042	0.0	0.0	0.0
Cook	0.0	0.0	0.0	0.0	0.0	0.0	0.0	0.0	0.0	0.0	0.0	0.0
Becker	0.006	13.787	46.787	0.0	0.0	0.0	1.7e-07	0.00040112	0.00136123	0.0	0.0	0.0
Clay	2.362	123.272	414.272	0.288	11.787	30.787	3.693e-05	0.00192748	0.00647755	4.5e-06	0.0001843	0.00048139
Swift	11.928	192.286	204.286	0.288	11.787	11.787	0.0012764	0.02057635	0.02186046	3.082e-05	0.00126132	0.00126132
Stearns	0.0	611.807	2286.807	0.0	0.0	10.0	0.0	0.00384166	0.01435931	0.0	0.0	6.279e-05
Redwood	0.0	0.0	3.0	0.0	0.0	0.0	0.0	0.0	0.00019673	0.0	0.0	0.0
Wilkin	0.0	0.0	11.0	0.0	0.0	3.0	0.0	0.0	0.00175887	0.0	0.0	0.00047969
Rock	0.0	0.429	20.429	0.0	0.0	0.0	0.0	4.557e-05	0.00217007	0.0	0.0	0.0
Fillmore	0.151	7.301	24.301	0.0	0.0	1.0	7.17e-06	0.00034671	0.001154	0.0	0.0	4.749e-05
Pope	0.0	0.0	5.0	0.0	0.0	0.0	0.0	0.0	0.00045057	0.0	0.0	0.0
Otter Tail	0.601	26.936	62.936	0.0	0.0	0.0	1.022e-05	0.000458	0.00107012	0.0	0.0	0.0
Traverse	0.049	2.347	5.347	0.0	0.0	0.0	1.481e-05	0.00070949	0.00161638	0.0	0.0	0.0
Murray	0.207	15.05	46.05	0.0	0.0	0.0	2.501e-05	0.00181851	0.00556428	0.0	0.0	0.0
Kandiyohi	11.296	492.362	897.362	0.0	0.0	1.0	0.00026359	0.01148902	0.02093949	0.0	0.0	2.333e-05
Chisago	0.723	31.504	61.504	0.0	0.0	1.0	1.293e-05	0.00056336	0.00109982	0.0	0.0	1.788e-05
Ramsey	26.58	1282.125	2698.125	1.126	49.065	116.065	4.831e-05	0.00233025	0.00490381	2.05e-06	8.918e-05	0.00021095
Mower	0.8	38.596	94.596	1.126	49.065	49.065	1.999e-05	0.00096463	0.00236425	2.814e-05	0.00122629	0.00122629
Kittson	0.0	0.0	1.0	1.126	49.065	49.065	0.0	0.0	0.0002354	0.00026507	0.01155014	0.01155014
Hennepin	83.231	4014.838	8944.838	3.458	223.245	677.245	6.609e-05	0.00318783	0.0071023	2.75e-06	0.00017726	0.00053774
Wabasha	0.196	9.475	25.475	3.458	223.245	223.245	9.06e-06	0.00043775	0.00117695	0.00015976	0.01031393	0.01031393
Carlton	0.183	9.544	75.544	3.458	223.245	223.245	5.11e-06	0.00026632	0.00210799	9.649e-05	0.00622946	0.00622946
Lake of the Woods	0.0	0.0	0.0	0.0	0.0	0.0	0.0	0.0	0.0	0.0	0.0	0.0
Beltrami	2.518	30.338	39.338	3.458	223.245	223.245	5.375e-05	0.0006476	0.00083971	7.381e-05	0.00476541	0.00476541
Kanabec	0.0	0.0	9.0	3.458	223.245	223.245	0.0	0.0	0.00055532	0.00021336	0.0137746	0.0137746
Polk	0.71	34.249	89.249	0.0	0.0	2.0	2.252e-05	0.00108627	0.0028307	0.0	0.0	6.343e-05
Mille Lacs	0.0	1.198	10.198	0.0	0.0	1.0	0.0	4.583e-05	0.00039014	0.0	0.0	3.826e-05
Morrison	0.612	27.413	51.413	0.0	0.0	0.0	1.845e-05	0.00082646	0.00155003	0.0	0.0	0.0
Grant	0.0	0.0	2.0	0.0	0.0	0.0	0.0	0.0	0.00033217	0.0	0.0	0.0
Isanti	13.427	161.803	178.803	0.0	0.0	0.0	0.00033596	0.00404852	0.00447388	0.0	0.0	0.0
Carver	2.86	137.95	248.95	0.0	0.0	2.0	2.762e-05	0.00133219	0.00240413	0.0	0.0	1.931e-05
Lac qui Parle	0.0	0.014	2.014	0.0	0.0	0.0	0.0	2.1e-06	0.00030249	0.0	0.0	0.0
Jackson	0.0	4.805	39.805	0.0	0.0	0.0	0.0	0.00048481	0.00401624	0.0	0.0	0.0
