Name	Predicted_New_Cases	Total_Predicted_New_Cases	Total_Predicted_Cases	Predicted_New_Deaths	Total_Predicted_New_Deaths	Total_Predicted_Deaths	Predicted_New_per_capita	Predicted_Total_New_per_capita	Predicted_Total_Cases_per_capita	Predicted_New_Deaths_per_capita	Total_Predicted_New_Deaths_per_capita	Total_Predicted_Deaths_per_capita
Wright	4.65	21.243	90.243	0.0	0.0	1.0	3.41e-05	0.0001558	0.00066185	0.0	0.0	7.33e-06
Brown	0.041	0.257	9.257	0.0	0.0	1.0	1.63e-06	1.023e-05	0.00036864	0.0	0.0	3.982e-05
Winona	0.033	0.619	68.619	0.147	1.165	16.165	6.5e-07	1.218e-05	0.0013501	2.89e-06	2.292e-05	0.00031805
Nobles	84.603	521.062	1603.062	0.922	5.799	7.799	0.00385892	0.02376674	0.07311905	4.205e-05	0.0002645	0.00035573
Todd	2.192	9.321	27.321	0.922	5.799	5.799	8.917e-05	0.00037918	0.00111142	3.751e-05	0.0002359	0.0002359
Cottonwood	4.807	24.46	66.46	0.922	5.799	5.799	0.00042627	0.00216902	0.00589341	8.176e-05	0.00051423	0.00051423
Lincoln	0.139	0.877	3.877	0.922	5.799	5.799	2.45e-05	0.00015459	0.00068341	0.00016252	0.00102221	0.00102221
Freeborn	0.54	2.615	40.615	0.922	5.799	5.799	1.774e-05	8.59e-05	0.00133409	3.029e-05	0.00019048	0.00019048
Crow Wing	0.387	1.558	22.558	0.0	0.0	1.0	5.96e-06	2.401e-05	0.00034764	0.0	0.0	1.541e-05
LeSeur	0.0	0.0	0.0	0.0	0.0	0.0	N/A	N/A	N/A	N/A	N/A	N/A
Norman	0.184	1.16	10.16	0.0	0.0	0.0	2.842e-05	0.00017915	0.00156911	0.0	0.0	0.0
Roseau	0.0	0.0	1.0	0.0	0.0	0.0	0.0	0.0	6.601e-05	0.0	0.0	0.0
Washington	7.872	38.462	219.462	1.365	5.664	17.664	3.037e-05	0.00014839	0.00084669	5.27e-06	2.185e-05	6.815e-05
Pipestone	0.422	1.697	5.697	1.365	5.664	5.664	4.665e-05	0.00018758	0.00062971	0.00015088	0.00062606	0.00062606
Goodhue	0.843	3.394	26.394	1.365	5.664	5.664	1.817e-05	7.314e-05	0.0005688	2.942e-05	0.00012206	0.00012206
Watonwan	1.213	7.384	22.384	1.365	5.664	5.664	0.00011047	0.0006725	0.00203862	0.00012432	0.00051585	0.00051585
Sherburne	13.161	54.027	134.027	0.0	0.0	1.0	0.00013704	0.00056257	0.00139559	0.0	0.0	1.041e-05
Stevens	0.0	0.0	0.0	0.0	0.0	0.0	0.0	0.0	0.0	0.0	0.0	0.0
Rice	4.125	16.603	46.603	0.0	0.0	1.0	6.201e-05	0.00024958	0.00070055	0.0	0.0	1.503e-05
Sibley	0.111	0.696	2.696	0.0	0.0	0.0	7.39e-06	4.631e-05	0.0001794	0.0	0.0	0.0
Martin	10.372	62.18	173.18	0.0	0.0	4.0	0.00052424	0.00314278	0.0087531	0.0	0.0	0.00020217
Steele	1.996	9.752	38.752	0.0	0.0	0.0	5.423e-05	0.00026498	0.00105296	0.0	0.0	0.0
Cass	0.615	2.476	9.476	0.0	0.0	0.0	2.083e-05	8.388e-05	0.00032101	0.0	0.0	0.0
Saint Louis	1.375	9.431	95.431	0.1	0.664	11.664	6.88e-06	4.721e-05	0.00047774	5e-07	3.32e-06	5.839e-05
Big Stone	0.005	0.06	2.06	0.1	0.664	0.664	1e-06	1.203e-05	0.00041291	2.004e-05	0.00013309	0.00013309
Lyon	0.98	3.944	14.944	0.1	0.664	0.664	3.824e-05	0.00015389	0.00058309	3.9e-06	2.591e-05	2.591e-05
Chippewa	0.184	1.16	5.16	0.1	0.664	0.664	1.543e-05	9.728e-05	0.00043274	8.39e-06	5.569e-05	5.569e-05
Douglas	0.9	3.622	15.622	0.1	0.664	0.664	2.371e-05	9.541e-05	0.0004115	2.63e-06	1.749e-05	1.749e-05
Mahnomen	0.215	1.158	3.158	0.1	0.664	0.664	3.896e-05	0.00020982	0.00057221	1.812e-05	0.00012031	0.00012031
Faribault	0.728	2.997	10.997	0.1	0.664	0.664	5.291e-05	0.00021784	0.00079932	7.27e-06	4.826e-05	4.826e-05
Anoka	20.833	116.089	498.089	3.351	15.307	39.307	5.888e-05	0.00032811	0.00140777	9.47e-06	4.326e-05	0.0001111
Pennington	0.0	0.0	1.0	3.351	15.307	15.307	0.0	0.0	7.053e-05	0.00023635	0.00107963	0.00107963
Red Lake	0.0	0.0	1.0	3.351	15.307	15.307	0.0	0.0	0.00025006	0.00083796	0.00382771	0.00382771
Aitkin	0.0	0.0	1.0	3.351	15.307	15.307	0.0	0.0	6.289e-05	0.00021073	0.00096258	0.00096258
Yellow Medicine	0.0	0.0	3.0	3.351	15.307	15.307	0.0	0.0	0.00030628	0.00034211	0.00156274	0.00156274
Benton	10.609	42.7	101.7	0.0	0.0	1.0	0.00026166	0.00105315	0.00250832	0.0	0.0	2.466e-05
Houston	0.0	0.0	1.0	0.0	0.0	0.0	0.0	0.0	5.383e-05	0.0	0.0	0.0
Hubbard	0.0	0.0	0.0	0.0	0.0	0.0	0.0	0.0	0.0	0.0	0.0	0.0
Nicollet	2.2	9.033	26.033	0.0	0.0	2.0	6.429e-05	0.00026397	0.00076075	0.0	0.0	5.845e-05
Dakota	19.206	79.243	371.243	0.0	1.687	13.687	4.515e-05	0.00018627	0.00087264	0.0	3.97e-06	3.217e-05
Scott	8.121	33.696	123.696	0.0	0.0	1.0	5.51e-05	0.00022863	0.00083929	0.0	0.0	6.79e-06
Pine	0.134	2.916	63.916	0.0	0.0	0.0	4.54e-06	9.89e-05	0.00216789	0.0	0.0	0.0
Meeker	1.368	8.425	26.425	0.0	0.0	0.0	5.912e-05	0.00036407	0.00114191	0.0	0.0	0.0
Koochiching	0.0	0.0	1.0	0.0	0.0	0.0	0.0	0.0	8.039e-05	0.0	0.0	0.0
Blue Earth	3.608	17.629	70.629	0.0	0.0	0.0	5.351e-05	0.00026145	0.00104749	0.0	0.0	0.0
Le Sueur	0.398	2.5	28.5	0.0	0.0	0.0	1.397e-05	8.774e-05	0.00100021	0.0	0.0	0.0
Olmsted	6.94	43.632	365.632	0.443	2.256	10.256	4.441e-05	0.0002792	0.00233964	2.83e-06	1.444e-05	6.563e-05
Clearwater	0.0	0.0	2.0	0.443	2.256	2.256	0.0	0.0	0.00022701	5.028e-05	0.00025607	0.00025607
Dodge	0.437	2.693	23.693	0.443	2.256	2.256	2.099e-05	0.00012933	0.00113788	2.128e-05	0.00010835	0.00010835
Marshall	1.226	7.2	14.2	0.443	2.256	2.256	0.00013056	0.00076677	0.00151225	4.718e-05	0.00024026	0.00024026
Itasca	2.906	11.695	35.695	0.443	2.256	2.256	6.442e-05	0.00025927	0.00079132	9.82e-06	5.001e-05	5.001e-05
Renville	0.414	2.045	8.045	0.443	2.256	2.256	2.833e-05	0.00013995	0.00055057	3.032e-05	0.00015439	0.00015439
Lake	0.0	0.0	0.0	0.0	0.0	0.0	0.0	0.0	0.0	0.0	0.0	0.0
Unassigned	4.148	16.696	27.696	0.0	0.0	1.0	N/A	N/A	N/A	N/A	N/A	N/A
McLeod	0.059	0.467	6.467	0.0	0.0	0.0	1.64e-06	1.302e-05	0.00018027	0.0	0.0	0.0
Waseca	0.596	2.722	9.722	0.0	0.0	0.0	3.189e-05	0.00014563	0.00052014	0.0	0.0	0.0
Wadena	0.0	0.0	3.0	0.0	0.0	0.0	0.0	0.0	0.00021782	0.0	0.0	0.0
Cook	0.0	0.0	0.0	0.0	0.0	0.0	0.0	0.0	0.0	0.0	0.0	0.0
Becker	3.134	12.612	28.612	0.0	0.0	0.0	9.118e-05	0.00036694	0.00083245	0.0	0.0	0.0
Clay	6.539	45.126	260.126	0.548	3.693	17.693	0.00010224	0.00070559	0.00406733	8.57e-06	5.774e-05	0.00027665
Swift	0.111	0.696	2.696	0.548	3.693	3.693	1.188e-05	7.448e-05	0.0002885	5.864e-05	0.00039518	0.00039518
Stearns	232.415	894.151	1869.151	0.922	5.799	8.799	0.00145938	0.00561455	0.01173677	5.79e-06	3.641e-05	5.525e-05
Redwood	0.587	2.683	5.683	0.922	5.799	5.799	3.849e-05	0.00017595	0.00037268	6.046e-05	0.00038029	0.00038029
Wilkin	0.0	0.0	11.0	0.005	0.06	3.06	0.0	0.0	0.00175887	8e-07	9.59e-06	0.00048929
Rock	2.188	10.921	28.921	0.005	0.06	0.06	0.00023242	0.00116008	0.00307213	5.3e-07	6.37e-06	6.37e-06
Fillmore	0.094	0.592	12.592	0.0	0.0	1.0	4.46e-06	2.811e-05	0.00059797	0.0	0.0	4.749e-05
Pope	0.0	0.0	1.0	0.0	0.0	0.0	0.0	0.0	9.011e-05	0.0	0.0	0.0
Otter Tail	3.533	14.218	33.218	0.0	0.0	0.0	6.007e-05	0.00024175	0.00056482	0.0	0.0	0.0
Traverse	0.0	0.0	2.0	0.0	0.0	0.0	0.0	0.0	0.00060459	0.0	0.0	0.0
Murray	1.211	7.536	27.536	0.0	0.0	0.0	0.00014633	0.00091058	0.00332721	0.0	0.0	0.0
Kandiyohi	21.561	123.716	334.716	0.0	0.0	1.0	0.00050312	0.00288685	0.00781043	0.0	0.0	2.333e-05
Chisago	0.798	4.913	18.913	0.0	0.0	1.0	1.427e-05	8.785e-05	0.0003382	0.0	0.0	1.788e-05
Ramsey	51.613	245.993	901.993	4.222	17.385	55.385	9.381e-05	0.00044709	0.00163936	7.67e-06	3.16e-05	0.00010066
Mower	0.184	1.16	36.16	4.222	17.385	17.385	4.6e-06	2.899e-05	0.00090375	0.00010552	0.00043451	0.00043451
Kittson	0.0	0.0	1.0	4.222	17.385	17.385	0.0	0.0	0.0002354	0.00099388	0.00409251	0.00409251
Hennepin	168.984	843.536	3607.536	13.47	84.689	409.689	0.00013418	0.00066978	0.00286442	1.07e-05	6.724e-05	0.0003253
Wabasha	0.695	2.799	12.799	13.47	84.689	84.689	3.211e-05	0.00012931	0.00059131	0.00062231	0.00391264	0.00391264
Carlton	0.832	6.802	67.802	13.47	84.689	84.689	2.322e-05	0.0001898	0.00189196	0.00037587	0.00236317	0.00236317
Lake of the Woods	0.0	0.0	0.0	0.0	0.0	0.0	0.0	0.0	0.0	0.0	0.0	0.0
Beltrami	0.0	0.0	6.0	13.47	84.689	84.689	0.0	0.0	0.00012808	0.00028753	0.00180778	0.00180778
Kanabec	0.0	0.0	2.0	13.47	84.689	84.689	0.0	0.0	0.0001234	0.00083112	0.00522546	0.00522546
Polk	2.284	13.908	56.908	13.47	84.689	84.689	7.244e-05	0.00044112	0.00180494	0.00042723	0.00268607	0.00268607
Mille Lacs	0.123	0.772	5.772	0.0	0.0	1.0	4.71e-06	2.953e-05	0.00022082	0.0	0.0	3.826e-05
Morrison	0.33	2.362	11.362	0.0	0.0	0.0	9.95e-06	7.121e-05	0.00034255	0.0	0.0	0.0
Grant	0.0	0.0	1.0	0.0	0.0	0.0	0.0	0.0	0.00016609	0.0	0.0	0.0
Isanti	0.0	0.0	7.0	0.0	0.0	0.0	0.0	0.0	0.00017515	0.0	0.0	0.0
Carver	2.799	12.519	63.519	0.0	0.0	0.0	2.703e-05	0.0001209	0.00061341	0.0	0.0	0.0
Lac qui Parle	0.114	0.457	2.457	0.0	0.0	0.0	1.712e-05	6.864e-05	0.00036903	0.0	0.0	0.0
Jackson	2.799	13.808	38.808	0.0	0.0	0.0	0.00028241	0.0013932	0.00391565	0.0	0.0	0.0
