Name	Predicted_New_Cases	Total_Predicted_New_Cases	Total_Predicted_Cases	Predicted_New_Deaths	Total_Predicted_New_Deaths	Total_Predicted_Deaths	Predicted_New_per_capita	Predicted_Total_New_per_capita	Predicted_Total_Cases_per_capita	Predicted_New_Deaths_per_capita	Total_Predicted_New_Deaths_per_capita	Total_Predicted_Deaths_per_capita
Crow Wing	0.0	346.152	559.152	0.003	34.643	47.643	0.0	0.00533453	0.00861705	5e-08	0.00053388	0.00073422
Norman	0.0	12.248	49.248	0.003	34.643	34.643	0.0	0.00189158	0.00760587	4.6e-07	0.00535027	0.00535027
Roseau	0.0	6.692	52.692	0.003	34.643	34.643	0.0	0.00044172	0.00347802	2e-07	0.00228667	0.00228667
Goodhue	0.0	80.097	257.097	0.0	0.0	8.0	0.0	0.00172612	0.00554053	0.0	0.0	0.0001724
Watonwan	0.0	24.656	323.656	0.0	0.0	0.0	0.0	0.00224554	0.02947687	0.0	0.0	0.0
Rice	0.0	159.216	1161.216	0.0	0.0	8.0	0.0	0.0023934	0.01745586	0.0	0.0	0.00012026
Martin	0.0	48.073	252.073	0.0	0.0	5.0	0.0	0.00242977	0.01274061	0.0	0.0	0.00025272
Saint Louis	0.069	1865.153	2318.153	0.14	192.96	211.96	3.5e-07	0.00933725	0.01160504	7e-07	0.00096599	0.00106111
Big Stone	0.0	6.199	28.199	0.14	192.96	192.96	0.0	0.00124253	0.00565223	2.806e-05	0.03867709	0.03867709
Chippewa	0.0	58.446	157.446	0.0	0.0	1.0	0.0	0.00490154	0.01320413	0.0	0.0	8.386e-05
Faribault	0.002	107.409	191.409	0.0	0.0	0.0	1.5e-07	0.00780702	0.01391256	0.0	0.0	0.0
Red Lake	0.002	128.805	148.805	0.0	0.0	0.0	5e-07	0.0322093	0.03721055	0.0	0.0	0.0
Nicollet	0.0	164.694	484.694	0.0	0.0	13.0	0.0	0.0048128	0.01416406	0.0	0.0	0.00037989
Scott	0.0	720.369	2130.369	0.0	20.461	37.461	0.0	0.0048878	0.01445484	0.0	0.00013883	0.00025418
Pine	0.0	15.316	143.316	0.0	20.461	20.461	0.0	0.00051949	0.00486097	0.0	0.00069399	0.00069399
Lake	0.272	373.865	391.865	0.0	3.354	3.354	2.552e-05	0.03507834	0.03676722	0.0	0.00031469	0.00031469
McLeod	1.366	1881.408	2021.408	0.0	0.0	0.0	3.808e-05	0.05244635	0.05634901	0.0	0.0	0.0
Wilkin	0.017	122.086	150.086	0.0	0.0	3.0	2.72e-06	0.01952127	0.0239984	0.0	0.0	0.00047969
Traverse	0.099	136.68	146.68	0.0	5.853	5.853	2.993e-05	0.04131802	0.04434099	0.0	0.00176935	0.00176935
Mille Lacs	0.006	172.489	240.489	0.0	0.0	3.0	2.3e-07	0.00659891	0.00920039	0.0	0.0	0.00011477
