Name	Predicted_New_Cases	Total_Predicted_New_Cases	Total_Predicted_Cases	Predicted_New_Deaths	Total_Predicted_New_Deaths	Total_Predicted_Deaths	Predicted_New_per_capita	Predicted_Total_New_per_capita	Predicted_Total_Cases_per_capita	Predicted_New_Deaths_per_capita	Total_Predicted_New_Deaths_per_capita	Total_Predicted_Deaths_per_capita
Watonwan	3.235	6809.399	7200.399	0.0	0.0	2.0	0.00029463	0.62016384	0.65577404	0.0	0.0	0.00018215
Cass	0.0	15.462	95.462	0.019	40.269	43.269	0.0	0.0005238	0.00323392	6.4e-07	0.00136417	0.0014658
Big Stone	0.103	217.447	242.447	0.0	6.382	6.382	2.065e-05	0.04358529	0.04859631	0.0	0.00127921	0.00127921
Chippewa	0.003	247.27	371.27	0.0	0.0	1.0	2.5e-07	0.02073717	0.03113636	0.0	0.0	8.386e-05
Houston	0.417	877.847	934.847	0.0	0.0	0.0	2.245e-05	0.04725196	0.05032011	0.0	0.0	0.0
Swift	0.0	58.202	116.202	0.0	0.0	1.0	0.0	0.00622814	0.01243467	0.0	0.0	0.00010701
Fillmore	0.082	581.308	655.308	0.0	0.0	1.0	3.89e-06	0.02760509	0.03111919	0.0	0.0	4.749e-05
Traverse	0.18	378.525	394.525	0.0	1.858	1.858	5.441e-05	0.11442715	0.11926391	0.0	0.00056167	0.00056167
Murray	0.18	378.525	507.525	0.0	0.0	1.0	2.175e-05	0.04573768	0.06132492	0.0	0.0	0.00012083
Lake of the Woods	0.0	52.208	59.208	0.0	54.709	54.709	0.0	0.0138925	0.01575519	0.0	0.01455801	0.01455801
Kanabec	0.0	6.141	47.141	0.059	124.832	127.832	0.0	0.00037891	0.00290868	3.64e-06	0.00770235	0.00788746
