Name	Predicted_New_Cases	Total_Predicted_New_Cases	Total_Predicted_Cases	Predicted_New_Deaths	Total_Predicted_New_Deaths	Total_Predicted_Deaths	Predicted_New_per_capita	Predicted_Total_New_per_capita	Predicted_Total_Cases_per_capita	Predicted_New_Deaths_per_capita	Total_Predicted_New_Deaths_per_capita	Total_Predicted_Deaths_per_capita
Cumberland	10.324	164.477	544.477	1.028	10.963	26.963	3.517e-05	0.00056029	0.00185476	3.5e-06	3.735e-05	9.185e-05
Somerset	1.23	19.235	35.235	1.028	10.963	10.963	2.431e-05	0.0003802	0.00069645	2.032e-05	0.00021669	0.00021669
Lincoln	0.466	7.106	19.106	1.028	10.963	10.963	1.357e-05	0.00020692	0.00055635	2.993e-05	0.00031923	0.00031923
Penobscot	0.675	11.257	55.257	1.028	10.963	10.963	4.47e-06	7.45e-05	0.00036571	6.8e-06	7.256e-05	7.256e-05
Washington	0.099	1.646	3.646	1.028	10.963	10.963	3.14e-06	5.227e-05	0.00011578	3.265e-05	0.00034814	0.00034814
Oxford	0.0	0.317	14.317	1.028	10.963	10.963	0.0	5.5e-06	0.00024848	1.784e-05	0.00019027	0.00019027
Piscataquis	0.0	0.0	1.0	1.028	10.963	10.963	0.0	0.0	5.952e-05	6.119e-05	0.00065256	0.00065256
Sagadahoc	0.0	0.08	16.08	0.0	0.0	1.0	0.0	2.25e-06	0.00045125	0.0	0.0	2.806e-05
Kennebec	7.364	122.714	219.714	0.703	9.186	13.186	6.032e-05	0.00100517	0.00179971	5.76e-06	7.524e-05	0.00010801
Androscoggin	0.866	14.127	49.127	0.0	0.0	1.0	8.04e-06	0.0001312	0.00045624	0.0	0.0	9.29e-06
Unassigned	0.0	0.632	1.632	0.0	0.0	3.0	N/A	N/A	N/A	N/A	N/A	N/A
Franklin	0.333	5.546	18.546	0.0	0.0	0.0	1.114e-05	0.0001855	0.00062033	0.0	0.0	0.0
Hancock	0.148	2.472	8.472	0.0	0.0	0.0	2.7e-06	4.51e-05	0.00015457	0.0	0.0	0.0
Aroostook	0.0	0.0	2.0	0.0	0.0	0.0	0.0	0.0	2.98e-05	0.0	0.0	0.0
Knox	0.247	4.115	16.115	0.0	0.0	0.0	6.21e-06	0.00010347	0.00040519	0.0	0.0	0.0
York	2.681	51.002	232.002	0.346	5.764	11.764	1.3e-05	0.00024731	0.00112497	1.68e-06	2.795e-05	5.704e-05
Waldo	1.188	26.408	69.408	0.0	0.0	8.0	2.993e-05	0.00066529	0.00174858	0.0	0.0	0.00020154
