Name	Predicted_New_Cases	Total_Predicted_New_Cases	Total_Predicted_Cases	Predicted_New_Deaths	Total_Predicted_New_Deaths	Total_Predicted_Deaths	Predicted_New_per_capita	Predicted_Total_New_per_capita	Predicted_Total_Cases_per_capita	Predicted_New_Deaths_per_capita	Total_Predicted_New_Deaths_per_capita	Total_Predicted_Deaths_per_capita
Prince Edward Island	2.707	510.588	551.588	0.21	195.92	195.92	1.749e-05	0.00329948	0.00356443	1.36e-06	0.00126606	0.00126606
Newfoundland and Labrador	0.004	6.187	274.187	0.0	0.0	3.0	1e-08	1.181e-05	0.00052347	0.0	0.0	5.73e-06
New Brunswick	0.012	16.746	202.746	0.0	0.0	2.0	2e-08	2.169e-05	0.00026259	0.0	0.0	2.59e-06
Yukon	0.0	0.62	15.62	0.0	0.0	0.0	0.0	1.536e-05	0.00038693	0.0	0.0	0.0
Saskatchewan	0.546	510.322	2090.322	0.026	11.729	33.729	4.7e-07	0.00043676	0.00178901	2e-08	1.004e-05	2.887e-05
British Columbia	1.134	1392.016	5750.016	0.361	68.081	264.081	2.3e-07	0.00027728	0.00114535	7e-08	1.356e-05	5.26e-05
Manitoba	0.542	549.931	1246.931	0.003	1.292	10.292	4e-07	0.00040424	0.00091659	0.0	9.5e-07	7.57e-06
Northwest Territories	0.0	0.0	5.0	0.003	1.292	1.292	0.0	0.0	0.00011211	7e-08	2.897e-05	2.897e-05
Ontario	1.672	2322.47	44885.47	0.0	9.677	2845.677	1.2e-07	0.00016076	0.00310701	0.0	6.7e-07	0.00019698
Nova Scotia	0.001	2.021	1076.021	0.0	0.0	64.0	0.0	2.08e-06	0.00110771	0.0	0.0	6.588e-05
Quebec	0.262	2460.002	63611.002	5.708	1381.793	7101.793	3e-08	0.0002917	0.00754284	6.8e-07	0.00016385	0.00084211
Alberta	1.742	2419.47	14472.47	0.051	56.418	277.418	4e-07	0.00055675	0.00333027	1e-08	1.298e-05	6.384e-05
