Name	Confirmed	Deaths	Recovered	Active	Confirmed_per_capita	Deaths_per_capita	IFR_0.30_expected	IFR_0.65_expected	IFR_1.0_expected	IFR_0.30_expected_per_capita	IFR_0.65_expected_per_capita	IFR_1.0_expected_per_capita
British Columbia	3128.0	189.0	2730.0	209.0	0.00062307	3.765e-05	63000.0	29076.9230769	18900.0	0.01255	0.00579230769231	0.003765
Newfoundland and Labrador	262.0	3.0	258.0	1.0	0.0005002	5.73e-06	1000.0	461.538461538	300.0	0.00191	0.000881538461538	0.000573
Saskatchewan	876.0	15.0	785.0	76.0	0.00074973	1.284e-05	5000.0	2307.69230769	1500.0	0.00428	0.00197538461538	0.001284
Prince Edward Island	36.0	0.0	27.0	9.0	0.00023264	0.0	180.0	72.0	45.0	0.0011632	0.00046528	0.0002908
Ontario	38814.0	2769.0	34328.0	1717.0	0.00268674	0.00019167	923000.0	426000.0	276900.0	0.06389	0.0294876923077	0.019167
Nova Scotia	1066.0	63.0	1002.0	1.0	0.00109739	6.486e-05	21000.0	9692.30769231	6300.0	0.02162	0.00997846153846	0.006486
Quebec	56730.0	5633.0	26025.0	25072.0	0.0067269	0.00066795	1877666.66667	866615.384615	563300.0	0.22265	0.102761538462	0.066795
Alberta	8912.0	163.0	8048.0	701.0	0.00205075	3.751e-05	54333.3333333	25076.9230769	16300.0	0.0125033333333	0.00577076923077	0.003751
Manitoba	330.0	7.0	318.0	5.0	0.00024258	5.15e-06	2333.33333333	1076.92307692	700.0	0.00171666666667	0.000792307692308	0.000515
Northwest Territories	5.0	0.0	5.0	0.0	0.00011211	0.0	25.0	10.0	6.25	0.00056055	0.00022422	0.0001401375
New Brunswick	167.0	2.0	163.0	2.0	0.00021629	2.59e-06	666.666666667	307.692307692	200.0	0.000863333333333	0.000398461538462	0.000259
Yukon	11.0	0.0	11.0	0.0	0.00027249	0.0	55.0	22.0	13.75	0.00136245	0.00054498	0.0003406125
