Name	Predicted_New_Cases	Total_Predicted_New_Cases	Total_Predicted_Cases	Predicted_New_Deaths	Total_Predicted_New_Deaths	Total_Predicted_Deaths	Predicted_New_per_capita	Predicted_Total_New_per_capita	Predicted_Total_Cases_per_capita	Predicted_New_Deaths_per_capita	Total_Predicted_New_Deaths_per_capita	Total_Predicted_Deaths_per_capita
Prince Edward Island	0.001	0.618	27.618	100.99	2953.06	2953.06	1e-08	3.99e-06	0.00017847	0.00065261	0.01908303	0.01908303
Newfoundland and Labrador	0.0	0.875	261.875	0.0	0.0	3.0	0.0	1.67e-06	0.00049996	0.0	0.0	5.73e-06
New Brunswick	1.111	9.514	129.514	0.0	0.0	0.0	1.44e-06	1.232e-05	0.00016774	0.0	0.0	0.0
Yukon	0.0	0.0	11.0	0.0	0.0	0.0	0.0	0.0	0.00027249	0.0	0.0	0.0
Saskatchewan	30.044	581.352	1112.352	3.311	33.713	40.713	2.571e-05	0.00049755	0.00095201	2.83e-06	2.885e-05	3.484e-05
British Columbia	0.305	226.484	2514.484	0.74	27.287	153.287	6e-08	4.511e-05	0.00050086	1.5e-07	5.44e-06	3.053e-05
Manitoba	0.017	12.763	295.763	0.007	0.484	7.484	1e-08	9.38e-06	0.00021741	1e-08	3.6e-07	5.5e-06
Northwest Territories	0.0	0.0	5.0	0.007	0.484	0.484	0.0	0.0	0.00011211	1.6e-07	1.085e-05	1.085e-05
Ontario	201.858	6741.182	27129.182	31.114	948.67	2555.67	1.397e-05	0.00046663	0.0018779	2.15e-06	6.567e-05	0.00017691
Nova Scotia	0.0	50.318	1057.318	0.02	16.186	60.186	0.0	5.18e-05	0.00108845	2e-08	1.666e-05	6.196e-05
Quebec	798.349	21643.146	56892.146	65.259	1864.071	4496.071	9.467e-05	0.00256639	0.00674613	7.74e-06	0.00022104	0.00053313
Alberta	3.117	1477.202	7494.202	1.987	59.384	173.384	7.2e-07	0.00033992	0.0017245	4.6e-07	1.366e-05	3.99e-05
