Name	Confirmed	Deaths	Recovered	Active	Confirmed_per_capita	Deaths_per_capita	IFR_0.30_expected	IFR_0.65_expected	IFR_1.0_expected	IFR_0.30_expected_per_capita	IFR_0.65_expected_per_capita	IFR_1.0_expected_per_capita	Date
Dougherty	52.0	6.0	0.0	0.0	0.00056991	6.576e-05	2000.0	923.076923077	600.0	0.02192	0.0101169230769	0.006576	2020-03-22
Dougherty	64	6	0	0	0.00070142	6.576e-05	2000	923.076923077	600	0.02192	0.0101169230769	0.006576	2020-03-23
Dougherty	90	6	0	0	0.00098638	6.576e-05	2000	923.076923077	600	0.02192	0.0101169230769	0.006576	2020-03-24
Dougherty	109	6	0	0	0.00119461	6.576e-05	2000	923.076923077	600	0.02192	0.0101169230769	0.006576	2020-03-25
Dougherty	156	6	0	0	0.00170972	6.576e-05	2000	923.076923077	600	0.02192	0.0101169230769	0.006576	2020-03-26
Dougherty	193	12	0	0	0.00211523	0.00013152	4000	1846.15384615	1200	0.04384	0.0202338461538	0.013152	2020-03-27
Dougherty	205	13	0	0	0.00224675	0.00014248	4333.33333333	2000	1300	0.0474933333333	0.02192	0.014248	2020-03-28
Dougherty	239.0	17.0	0.0	0.0	0.00261938	0.00018632	5666.66666667	2615.38461538	1700.0	0.0621066666667	0.0286646153846	0.018632	2020-03-29
Dougherty	267.0	17.0	0.0	0.0	0.00292625	0.00018632	5666.66666667	2615.38461538	1700.0	0.0621066666667	0.0286646153846	0.018632	2020-03-30
Dougherty	462.0	18.0	0.0	0.0	0.0050634	0.00019728	6000.0	2769.23076923	1800.0	0.06576	0.0303507692308	0.019728	2020-03-31
Dougherty	480.0	27.0	0.0	0.0	0.00526068	0.00029591	9000.0	4153.84615385	2700.0	0.0986366666667	0.0455246153846	0.029591	2020-04-01
Dougherty	507.0	29.0	0.0	0.0	0.00555659	0.00031783	9666.66666667	4461.53846154	2900.0	0.105943333333	0.0488969230769	0.031783	2020-04-02
Dougherty	560.0	30.0	0.0	0.0	0.00613746	0.00032879	10000.0	4615.38461538	3000.0	0.109596666667	0.0505830769231	0.032879	2020-04-03
Dougherty	636.0	30.0	0.0	0.0	0.0069704	0.00032879	10000.0	4615.38461538	3000.0	0.109596666667	0.0505830769231	0.032879	2020-04-04
Dougherty	686.0	30.0	0.0	0.0	0.00751838	0.00032879	10000.0	4615.38461538	3000.0	0.109596666667	0.0505830769231	0.032879	2020-04-05
Dougherty	716.0	31.0	0.0	0.0	0.00784718	0.00033975	10333.3333333	4769.23076923	3100.0	0.11325	0.0522692307692	0.033975	2020-04-06
Dougherty	939.0	52.0	0.0	0.0	0.0102912	0.00056991	17333.3333333	8000.0	5200.0	0.18997	0.0876784615385	0.056991	2020-04-07
Dougherty	986.0	61.0	0.0	0.0	0.01080631	0.00066854	20333.3333333	9384.61538462	6100.0	0.222846666667	0.102852307692	0.066854	2020-04-08
Dougherty	1020.0	62.0	0.0	0.0	0.01117894	0.0006795	20666.6666667	9538.46153846	6200.0	0.2265	0.104538461538	0.06795	2020-04-09
Dougherty	1062.0	67.0	0.0	0.0	0.01163925	0.0007343	22333.3333333	10307.6923077	6700.0	0.244766666667	0.112969230769	0.07343	2020-04-10
Dougherty	1076.0	69.0	0.0	0.0	0.01179269	0.00075622	23000.0	10615.3846154	6900.0	0.252073333333	0.116341538462	0.075622	2020-04-11
Dougherty	1154.0	72.0	0.0	1082.0	0.01264755	0.0007891	24000.0	11076.9230769	7200.0	0.263033333333	0.1214	0.07891	2020-04-12
Dougherty	1217.0	77.0	0.0	1140.0	0.01333801	0.0008439	25666.6666667	11846.1538462	7700.0	0.2813	0.129830769231	0.08439	2020-04-13
Dougherty	1297.0	78.0	0.0	1219.0	0.01421479	0.00085486	26000.0	12000.0	7800.0	0.284953333333	0.131516923077	0.085486	2020-04-14
