Name	Confirmed	Deaths	Recovered	Active	Confirmed_per_capita	Deaths_per_capita	IFR_0.30_expected	IFR_0.65_expected	IFR_1.0_expected	IFR_0.30_expected_per_capita	IFR_0.65_expected_per_capita	IFR_1.0_expected_per_capita	Date
Latah	0.0	0.0	0.0	0.0	0.0	0.0	0.0	0.0	0.0	0.0	0.0	0.0	2020-03-22
Latah	0	0	0	0	0	0	0	0	0	0	0	0	0	0	2020-03-23
Latah	0	0	0	0	0	0	0	0	0	0	0	0	0	0	0	0	2020-03-24
Latah	0	0	0	0	0	0	0	0	0	0	0	0	0	0	0	0	2020-03-25
Latah	0	0	0	0	0	0	0	0	0	0	0	0	0	0	0	0	2020-03-26
Latah	0	0	0	0	0	0	0	0	0	0	0	0	0	0	0	0	2020-03-27
Latah	0	0	0	0	0	0	0	0	0	0	0	0	0	0	0	0	2020-03-28
Latah	0	0	0	0	0	0	0	0	0	0	0	0	0	0	0	0	2020-03-29
Latah	0	0	0	0	0	0	0	0	0	0	0	0	0	0	0	0	2020-03-30
Latah	1	0	0	0	2.492e-5	0	5	2	1.25	1.246e-4	4.984e-5	3.115e-5	NA	NA	100	100	2020-04-01
Latah	1	0	0	0	2.492e-05	0.0	5	2	1.25	0.0001246	4.984e-05	3.115e-05	0	0	100	0	2020-04-02
Latah	1	0	0	0	2.492e-5	0	5	2	1.25	1.246e-4	4.984e-5	3.115e-5	0	0	100	100	2020-04-03
Latah	1.0	0.0	0.0	0.0	2.492e-05	0.0	5.0	2.0	1.25	0.0001246	4.984e-05	3.115e-05	2020-04-04
Latah	1.0	0.0	0.0	0.0	2.492e-05	0.0	5.0	2.0	1.25	0.0001246	4.984e-05	3.115e-05	2020-04-05
