Name	Confirmed	Deaths	Recovered	Active	Confirmed_per_capita	Deaths_per_capita	IFR_0.30_expected	IFR_0.65_expected	IFR_1.0_expected	IFR_0.30_expected_per_capita	IFR_0.65_expected_per_capita	IFR_1.0_expected_per_capita	Date
Mitchell	0.0	0.0	0.0	0.0	0.0	0.0	0.0	0.0	0.0	0.0	0.0	0.0	2020-03-22
Mitchell	0	0	0	0	0	0	0	0	0	0	0	0	2020-03-23
Mitchell	0	0	0	0	0.0	0.0	0	0	0	0.0	0.0	0.0	2020-03-24
Mitchell	0	0	0	0	0	0	0	0	0	0	0	0	2020-03-25
Mitchell	0	0	0	0	0	0	0	0	0	0	0	0	2020-03-26
Mitchell	0	0	0	0	0	0	0	0	0	0	0	0	2020-03-27
Mitchell	0	0	0	0	0	0	0	0	0	0	0	0	2020-03-28
Mitchell	0.0	0.0	0.0	0.0	0.0	0.0	0.0	0.0	0.0	0.0	0.0	0.0	2020-03-29
Mitchell	0.0	0.0	0.0	0.0	0.0	0.0	0.0	0.0	0.0	0.0	0.0	0.0	2020-03-30
Mitchell	2.0	0.0	0.0	0.0	0.00018923	0.0	10.0	4.0	2.5	0.00094615	0.00037846	0.0002365375	2020-04-01
Mitchell	2.0	0.0	0.0	0.0	0.00018923	0.0	10.0	4.0	2.5	0.00094615	0.00037846	0.0002365375	2020-04-02
Mitchell	2.0	0.0	0.0	0.0	0.00018923	0.0	10.0	4.0	2.5	0.00094615	0.00037846	0.0002365375	2020-04-03
Mitchell	2.0	0.0	0.0	0.0	0.00018923	0.0	10.0	4.0	2.5	0.00094615	0.00037846	0.0002365375	2020-04-04
Mitchell	2.0	0.0	0.0	0.0	0.00018923	0.0	10.0	4.0	2.5	0.00094615	0.00037846	0.0002365375	2020-04-05
Mitchell	2.0	0.0	0.0	0.0	0.00018923	0.0	10.0	4.0	2.5	0.00094615	0.00037846	0.0002365375	2020-04-06
Mitchell	2.0	0.0	0.0	0.0	0.00018923	0.0	10.0	4.0	2.5	0.00094615	0.00037846	0.0002365375	2020-04-07
Mitchell	2.0	0.0	0.0	0.0	0.00018923	0.0	10.0	4.0	2.5	0.00094615	0.00037846	0.0002365375	2020-04-08
Mitchell	2.0	0.0	0.0	0.0	0.00018923	0.0	10.0	4.0	2.5	0.00094615	0.00037846	0.0002365375	2020-04-09
Mitchell	2.0	0.0	0.0	0.0	0.00018923	0.0	10.0	4.0	2.5	0.00094615	0.00037846	0.0002365375	2020-04-10
Mitchell	2.0	0.0	0.0	0.0	0.00018923	0.0	10.0	4.0	2.5	0.00094615	0.00037846	0.0002365375	2020-04-11
Mitchell	2.0	0.0	0.0	2.0	0.00018923	0.0	10.0	4.0	2.5	0.00094615	0.00037846	0.0002365375	2020-04-12
Mitchell	2.0	0.0	0.0	2.0	0.00018923	0.0	10.0	4.0	2.5	0.00094615	0.00037846	0.0002365375	2020-04-13
Mitchell	2.0	0.0	0.0	2.0	0.00018923	0.0	10.0	4.0	2.5	0.00094615	0.00037846	0.0002365375	2020-04-14
Mitchell	2.0	0.0	0.0	2.0	0.00018923	0.0	10.0	4.0	2.5	0.00094615	0.00037846	0.0002365375	2020-04-15
Mitchell	2.0	0.0	0.0	2.0	0.00018923	0.0	10.0	4.0	2.5	0.00094615	0.00037846	0.0002365375	2020-04-16
Mitchell	2.0	0.0	0.0	2.0	0.00018923	0.0	10.0	4.0	2.5	0.00094615	0.00037846	0.0002365375	2020-04-17
Mitchell	2.0	0.0	0.0	2.0	0.00018923	0.0	10.0	4.0	2.5	0.00094615	0.00037846	0.0002365375	2020-04-18
Mitchell	2.0	0.0	0.0	2.0	0.00018923	0.0	10.0	4.0	2.5	0.00094615	0.00037846	0.0002365375	2020-04-19
Mitchell	2.0	0.0	0.0	2.0	0.00018923	0.0	10.0	4.0	2.5	0.00094615	0.00037846	0.0002365375	2020-04-20
Mitchell	2.0	0.0	0.0	2.0	0.00018923	0.0	10.0	4.0	2.5	0.00094615	0.00037846	0.0002365375	2020-04-21
Mitchell	2.0	0.0	0.0	2.0	0.00018923	0.0	10.0	4.0	2.5	0.00094615	0.00037846	0.0002365375	2020-04-22
Mitchell	2.0	0.0	0.0	2.0	0.00018923	0.0	10.0	4.0	2.5	0.00094615	0.00037846	0.0002365375	2020-04-23
Mitchell	2.0	0.0	0.0	2.0	0.00018923	0.0	10.0	4.0	2.5	0.00094615	0.00037846	0.0002365375	2020-04-24
Mitchell	2.0	0.0	0.0	2.0	0.00018923	0.0	10.0	4.0	2.5	0.00094615	0.00037846	0.0002365375	2020-04-25
Mitchell	2.0	0.0	0.0	2.0	0.00018923	0.0	10.0	4.0	2.5	0.00094615	0.00037846	0.0002365375	2020-04-26
Mitchell	2.0	0.0	0.0	2.0	0.00018923	0.0	10.0	4.0	2.5	0.00094615	0.00037846	0.0002365375	2020-04-27
Mitchell	2.0	0.0	0.0	2.0	0.00018923	0.0	10.0	4.0	2.5	0.00094615	0.00037846	0.0002365375	2020-04-28
Mitchell	2.0	0.0	0.0	2.0	0.00018923	0.0	10.0	4.0	2.5	0.00094615	0.00037846	0.0002365375	2020-04-29
Mitchell	2.0	0.0	0.0	2.0	0.00018923	0.0	10.0	4.0	2.5	0.00094615	0.00037846	0.0002365375	2020-04-30
Mitchell	3.0	0.0	0.0	3.0	0.00028385	0.0	15.0	6.0	3.75	0.00141925	0.0005677	0.0003548125	2020-05-01
Mitchell	3.0	0.0	0.0	3.0	0.00028385	0.0	15.0	6.0	3.75	0.00141925	0.0005677	0.0003548125	2020-05-02
Mitchell	3.0	0.0	0.0	3.0	0.00028385	0.0	15.0	6.0	3.75	0.00141925	0.0005677	0.0003548125	2020-05-03
Mitchell	3.0	0.0	0.0	3.0	0.00028385	0.0	15.0	6.0	3.75	0.00141925	0.0005677	0.0003548125	2020-05-04
Mitchell	3.0	0.0	0.0	3.0	0.00028385	0.0	15.0	6.0	3.75	0.00141925	0.0005677	0.0003548125	2020-05-05
Mitchell	3.0	0.0	0.0	3.0	0.00028385	0.0	15.0	6.0	3.75	0.00141925	0.0005677	0.0003548125	2020-05-06
Mitchell	3.0	0.0	0.0	3.0	0.00028385	0.0	15.0	6.0	3.75	0.00141925	0.0005677	0.0003548125	2020-05-07
Mitchell	3.0	0.0	0.0	3.0	0.00028385	0.0	15.0	6.0	3.75	0.00141925	0.0005677	0.0003548125	2020-05-08
Mitchell	3.0	0.0	0.0	3.0	0.00028385	0.0	15.0	6.0	3.75	0.00141925	0.0005677	0.0003548125	2020-05-09
Mitchell	3.0	0.0	0.0	3.0	0.00028385	0.0	15.0	6.0	3.75	0.00141925	0.0005677	0.0003548125	2020-05-10
Mitchell	3.0	0.0	0.0	3.0	0.00028385	0.0	15.0	6.0	3.75	0.00141925	0.0005677	0.0003548125	2020-05-11
Mitchell	3.0	0.0	0.0	3.0	0.00028385	0.0	15.0	6.0	3.75	0.00141925	0.0005677	0.0003548125	2020-05-12
Mitchell	3.0	0.0	0.0	3.0	0.00028385	0.0	15.0	6.0	3.75	0.00141925	0.0005677	0.0003548125	2020-05-13
Mitchell	3.0	0.0	0.0	3.0	0.00028385	0.0	15.0	6.0	3.75	0.00141925	0.0005677	0.0003548125	2020-05-14
Mitchell	4.0	0.0	0.0	4.0	0.00037847	0.0	20.0	8.0	5.0	0.00189235	0.00075694	0.0004730875	2020-05-15
Mitchell	4.0	0.0	0.0	4.0	0.00037847	0.0	20.0	8.0	5.0	0.00189235	0.00075694	0.0004730875	2020-05-16
Mitchell	4.0	0.0	0.0	4.0	0.00037847	0.0	20.0	8.0	5.0	0.00189235	0.00075694	0.0004730875	2020-05-17
Mitchell	4.0	0.0	0.0	4.0	0.00037847	0.0	20.0	8.0	5.0	0.00189235	0.00075694	0.0004730875	2020-05-18
Mitchell	4.0	0.0	0.0	4.0	0.00037847	0.0	20.0	8.0	5.0	0.00189235	0.00075694	0.0004730875	2020-05-19
Mitchell	4.0	0.0	0.0	4.0	0.00037847	0.0	20.0	8.0	5.0	0.00189235	0.00075694	0.0004730875	2020-05-20
Mitchell	5.0	0.0	0.0	5.0	0.00047308	0.0	25.0	10.0	6.25	0.0023654	0.00094616	0.00059135	2020-05-21
Mitchell	4.0	0.0	0.0	4.0	0.00037847	0.0	20.0	8.0	5.0	0.00189235	0.00075694	0.0004730875	2020-05-22
Mitchell	4.0	0.0	0.0	4.0	0.00037847	0.0	20.0	8.0	5.0	0.00189235	0.00075694	0.0004730875	2020-05-23
Mitchell	4.0	0.0	0.0	4.0	0.00037847	0.0	20.0	8.0	5.0	0.00189235	0.00075694	0.0004730875	2020-05-24
Mitchell	4.0	0.0	0.0	4.0	0.00037847	0.0	20.0	8.0	5.0	0.00189235	0.00075694	0.0004730875	2020-05-25
Mitchell	4.0	0.0	0.0	4.0	0.00037847	0.0	20.0	8.0	5.0	0.00189235	0.00075694	0.0004730875	2020-05-26
Mitchell	5.0	0.0	0.0	5.0	0.00047308	0.0	25.0	10.0	6.25	0.0023654	0.00094616	0.00059135	2020-05-27
Mitchell	5.0	0.0	0.0	5.0	0.00047308	0.0	25.0	10.0	6.25	0.0023654	0.00094616	0.00059135	2020-05-28
Mitchell	5.0	0.0	0.0	5.0	0.00047308	0.0	25.0	10.0	6.25	0.0023654	0.00094616	0.00059135	2020-05-29
Mitchell	4.0	0.0	0.0	4.0	0.00037847	0.0	20.0	8.0	5.0	0.00189235	0.00075694	0.0004730875	2020-05-30
Mitchell	4.0	0.0	0.0	4.0	0.00037847	0.0	20.0	8.0	5.0	0.00189235	0.00075694	0.0004730875	2020-05-31
Mitchell	4.0	0.0	0.0	4.0	0.00037847	0.0	20.0	8.0	5.0	0.00189235	0.00075694	0.0004730875	2020-06-01
Mitchell	4.0	0.0	0.0	4.0	0.00037847	0.0	20.0	8.0	5.0	0.00189235	0.00075694	0.0004730875	2020-06-02
Mitchell	4.0	0.0	0.0	4.0	0.00037847	0.0	20.0	8.0	5.0	0.00189235	0.00075694	0.0004730875	2020-06-03
Mitchell	4.0	0.0	0.0	4.0	0.00037847	0.0	20.0	8.0	5.0	0.00189235	0.00075694	0.0004730875	2020-06-04
Mitchell	4.0	0.0	0.0	4.0	0.00037847	0.0	20.0	8.0	5.0	0.00189235	0.00075694	0.0004730875	2020-06-05
Mitchell	4.0	0.0	0.0	4.0	0.00037847	0.0	20.0	8.0	5.0	0.00189235	0.00075694	0.0004730875	2020-06-06
Mitchell	4.0	0.0	0.0	4.0	0.00037847	0.0	20.0	8.0	5.0	0.00189235	0.00075694	0.0004730875	2020-06-07
Mitchell	4.0	0.0	0.0	4.0	0.00037847	0.0	20.0	8.0	5.0	0.00189235	0.00075694	0.0004730875	2020-06-08
Mitchell	5.0	0.0	0.0	5.0	0.00047308	0.0	25.0	10.0	6.25	0.0023654	0.00094616	0.00059135	2020-06-09
Mitchell	6.0	0.0	0.0	6.0	0.0005677	0.0	30.0	12.0	7.5	0.0028385	0.0011354	0.000709625	2020-06-10
Mitchell	6.0	0.0	0.0	6.0	0.0005677	0.0	30.0	12.0	7.5	0.0028385	0.0011354	0.000709625	2020-06-11
Mitchell	6.0	0.0	0.0	6.0	0.0005677	0.0	30.0	12.0	7.5	0.0028385	0.0011354	0.000709625	2020-06-12
Mitchell	7.0	0.0	0.0	7.0	0.00066231	0.0	35.0	14.0	8.75	0.00331155	0.00132462	0.0008278875	2020-06-13
Mitchell	7.0	0.0	0.0	7.0	0.00066231	0.0	35.0	14.0	8.75	0.00331155	0.00132462	0.0008278875	2020-06-14
Mitchell	8.0	0.0	0.0	8.0	0.00075693	0.0	40.0	16.0	10.0	0.00378465	0.00151386	0.0009461625	2020-06-15
Mitchell	8.0	0.0	0.0	8.0	0.00075693	0.0	40.0	16.0	10.0	0.00378465	0.00151386	0.0009461625	2020-06-16
Mitchell	8.0	0.0	0.0	8.0	0.00075693	0.0	40.0	16.0	10.0	0.00378465	0.00151386	0.0009461625	2020-06-17
Mitchell	8.0	0.0	0.0	8.0	0.00075693	0.0	40.0	16.0	10.0	0.00378465	0.00151386	0.0009461625	2020-06-18
Mitchell	9.0	0.0	0.0	9.0	0.00085155	0.0	45.0	18.0	11.25	0.00425775	0.0017031	0.0010644375	2020-06-19
Mitchell	8.0	0.0	0.0	8.0	0.00075693	0.0	40.0	16.0	10.0	0.00378465	0.00151386	0.0009461625	2020-06-20
Mitchell	8.0	0.0	0.0	8.0	0.00075693	0.0	40.0	16.0	10.0	0.00378465	0.00151386	0.0009461625	2020-06-21
Mitchell	9.0	0.0	0.0	9.0	0.00085155	0.0	45.0	18.0	11.25	0.00425775	0.0017031	0.0010644375	2020-06-22
Mitchell	9.0	0.0	0.0	9.0	0.00085155	0.0	45.0	18.0	11.25	0.00425775	0.0017031	0.0010644375	2020-06-23
Mitchell	9.0	0.0	0.0	9.0	0.00085155	0.0	45.0	18.0	11.25	0.00425775	0.0017031	0.0010644375	2020-06-24
Mitchell	15.0	0.0	0.0	15.0	0.00141924	0.0	75.0	30.0	18.75	0.0070962	0.00283848	0.00177405	2020-06-25
Mitchell	16.0	0.0	0.0	16.0	0.00151386	0.0	80.0	32.0	20.0	0.0075693	0.00302772	0.001892325	2020-06-26
Mitchell	16.0	0.0	0.0	16.0	0.00151386	0.0	80.0	32.0	20.0	0.0075693	0.00302772	0.001892325	2020-06-27
Mitchell	21.0	0.0	0.0	21.0	0.00198694	0.0	105.0	42.0	26.25	0.0099347	0.00397388	0.002483675	2020-06-28
Mitchell	22.0	0.0	0.0	22.0	0.00208156	0.0	110.0	44.0	27.5	0.0104078	0.00416312	0.00260195	2020-06-29
Mitchell	23.0	0.0	0.0	23.0	0.00217618	0.0	115.0	46.0	28.75	0.0108809	0.00435236	0.002720225	2020-06-30
Mitchell	28.0	0.0	0.0	28.0	0.00264926	0.0	140.0	56.0	35.0	0.0132463	0.00529852	0.003311575	2020-07-01
Mitchell	34.0	0.0	0.0	34.0	0.00321696	0.0	170.0	68.0	42.5	0.0160848	0.00643392	0.0040212	2020-07-02
Mitchell	1.99	3.67	31.67	0.055	0.099	0.099	0.00018829	0.00034724	0.0029965	5.2e-06	9.37e-06	9.37e-06	2020-07-03
Mitchell	2.351	6.021	34.021	0.067	0.166	0.166	0.00022244	0.00056968	0.00321894	6.34e-06	1.571e-05	1.571e-05	2020-07-04
Mitchell	2.775	8.796	36.796	0.081	0.247	0.247	0.00026256	0.00083225	0.0034815	7.66e-06	2.337e-05	2.337e-05	2020-07-05
Mitchell	0.878	0.878	3.653	0.0	0.0	8.796	8.307e-05	8.307e-05	0.00034563	0.0	0.0	0.00083225	2020-07-06
Mitchell	0.87	1.748	4.523	0.0	0.0	8.796	8.232e-05	0.00016539	0.00042795	0.0	0.0	0.00083225	2020-07-07
Mitchell	0.858	2.606	5.381	0.0	0.0	8.796	8.118e-05	0.00024657	0.00050913	0.0	0.0	0.00083225	2020-07-08
Mitchell	2.759	2.759	3.617	0.0	0.0	2.606	0.00026105	0.00026105	0.00034223	0.0	0.0	0.00024657	2020-07-09
Mitchell	2.734	5.493	6.351	0.0	0.0	2.606	0.00025868	0.00051973	0.00060091	0.0	0.0	0.00024657	2020-07-10
Mitchell	3.536	3.536	6.27	0.0	0.0	5.493	0.00033456	0.00033456	0.00059324	0.0	0.0	0.00051973	2020-07-11
Mitchell	3.529	7.065	9.799	0.0	0.0	5.493	0.0003339	0.00066846	0.00092715	0.0	0.0	0.00051973	2020-07-12
Mitchell	3.497	10.562	13.296	0.0	0.0	5.493	0.00033087	0.00099934	0.00125802	0.0	0.0	0.00051973	2020-07-13
Mitchell	1.082	1.082	4.579	0.0	0.0	10.562	0.00010237	0.00010237	0.00043325	0.0	0.0	0.00099934	2020-07-14
Mitchell	0.89	1.972	5.469	0.0	0.0	10.562	8.421e-05	0.00018658	0.00051746	0.0	0.0	0.00099934	2020-07-15
Mitchell	0.696	2.668	6.165	0.0	0.0	10.562	6.585e-05	0.00025244	0.00058331	0.0	0.0	0.00099934	2020-07-16
Mitchell	0.494	3.162	6.659	0.0	0.0	10.562	4.674e-05	0.00029918	0.00063005	0.0	0.0	0.00099934	2020-07-17
Mitchell	63.0	0.0	0.0	63.0	0.00596083	0.0	315.0	126.0	78.75	0.02980415	0.01192166	0.0074510375	2020-07-18
Mitchell	68.0	0.0	0.0	68.0	0.00643391	0.0	340.0	136.0	85.0	0.03216955	0.01286782	0.0080423875	2020-07-19
