Name	Cases	Cases_per_capita	Total_Cases	Total_Cases_per_capita	Deaths	Deaths_per_capita	Total_Deaths	Total_Deaths_per_capita
East Timor	1.135	9e-07	93.843	7.401e-05	0.007	1e-08	0.563	4.4e-07
Sao Tome and Principe	0.146	6.9e-07	0.953	4.51e-06	0.001	0.0	0.006	3e-08
Guernsey	0.001	1e-08	0.274	4.09e-06	0.0	0.0	0.002	2e-08
Saint Kitts and Nevis	0.004	8e-08	0.15	2.86e-06	0.0	0.0	0.001	2e-08
Ethiopia	1486.845	1.361e-05	729545.499	0.00667932	8.921	8e-08	4377.273	4.008e-05
Aruba	0.001	1e-08	0.685	6.47e-06	0.0	0.0	0.004	4e-08
Swaziland	0.215	1.9e-07	78.782	6.934e-05	0.001	0.0	0.473	4.2e-07
Bolivia	5.355	4.7e-07	7898.2	0.00069568	0.032	0.0	47.389	4.17e-06
Guatemala	49.435	2.87e-06	18154.886	0.00105259	0.297	2e-08	108.929	6.32e-06
Guinea	19.208	1.55e-06	9424.483	0.00075916	0.115	1e-08	56.547	4.55e-06
Liberia	6.753	1.4e-06	1408.531	0.00029229	0.041	1e-08	8.451	1.75e-06
Jamaica	0.358	1.2e-07	527.8	0.00017984	0.002	0.0	3.167	1.08e-06
Yemen	2058.181	7.222e-05	7254.244	0.00025455	12.349	4.3e-07	43.525	1.53e-06
Jersey	0.002	2e-08	0.581	5.96e-06	0.0	0.0	0.003	4e-08
Uruguay	1.977	5.7e-07	726.085	0.0002105	0.012	0.0	4.357	1.26e-06
Saint Vincent and the Grenadines	0.002	2e-08	0.741	6.73e-06	0.0	0.0	0.004	4e-08
Kenya	329.18	6.41e-06	161517.614	0.00314279	1.975	4e-08	969.106	1.886e-05
Turkey	281.522	3.42e-06	415244.419	0.00504429	1.689	2e-08	2491.467	3.027e-05
Mauritania	3.222	7.3e-07	1183.276	0.00026872	0.019	0.0	7.1	1.61e-06
Saint Lucia	0.005	3e-08	2.019	1.11e-05	0.0	0.0	0.012	7e-08
Rwanda	25.148	2.04e-06	9235.766	0.00075076	0.151	1e-08	55.415	4.5e-06
Laos	64.219	9.09e-06	2782.113	0.00039398	0.385	5e-08	16.693	2.36e-06
Seychelles	0.002	2e-08	0.571	5.91e-06	0.0	0.0	0.003	4e-08
Malawi	1080.35	5.955e-05	11418.886	0.00062937	6.482	3.6e-07	68.513	3.78e-06
Benin	38.359	3.34e-06	8000.598	0.00069661	0.23	2e-08	48.004	4.18e-06
Libya	57.442	8.6e-06	2488.551	0.00037262	0.345	5e-08	14.931	2.24e-06
Montenegro	0.145	2.3e-07	23.379	3.757e-05	0.001	0.0	0.14	2.3e-07
Republic of the Congo	5.713	1.09e-06	1673.891	0.00031918	0.034	1e-08	10.043	1.92e-06
Ghana	147.244	4.95e-06	54075.315	0.00181661	0.883	3e-08	324.452	1.09e-05
Central African Republic	4.523	9.7e-07	1325.26	0.000284	0.027	1e-08	7.952	1.7e-06
Mauritius	0.732	5.8e-07	96.042	7.59e-05	0.004	0.0	0.576	4.6e-07
Mali	559.445	2.932e-05	19837.612	0.00103983	3.357	1.8e-07	119.026	6.24e-06
Angola	591.523	1.92e-05	55997.547	0.00181753	3.549	1.2e-07	335.985	1.091e-05
Mozambique	722.868	2.451e-05	50167.051	0.00170081	4.337	1.5e-07	301.002	1.02e-05
Uganda	1289.078	3.017e-05	106538.507	0.0024937	7.734	1.8e-07	639.231	1.496e-05
Niger	313.874	1.399e-05	29713.385	0.00132395	1.883	8e-08	178.28	7.94e-06
The Bahamas	0.043	1.1e-07	9.02	2.339e-05	0.0	0.0	0.054	1.4e-07
Cape Verde	0.184	3.4e-07	17.443	3.208e-05	0.001	0.0	0.105	1.9e-07
El Salvador	22.265	3.47e-06	2454.262	0.00038224	0.134	2e-08	14.726	2.29e-06
Haiti	77.1	6.93e-06	7298.774	0.00065618	0.463	4e-08	43.793	3.94e-06
Belize	0.152	4e-07	8.34	2.177e-05	0.001	0.0	0.05	1.3e-07
Sierra Leone	177.487	2.32e-05	2397.294	0.00031337	1.065	1.4e-07	14.384	1.88e-06
Namibia	0.996	4.1e-07	365.796	0.00014941	0.006	0.0	2.195	9e-07
Guinea-Bissau	5.4	2.88e-06	191.479	0.00010216	0.032	2e-08	1.149	6.1e-07
United Republic of Tanzania	922.363	1.638e-05	192378.548	0.00341591	5.534	1e-07	1154.271	2.05e-05
Grenada	0.01	9e-08	0.716	6.43e-06	0.0	0.0	0.004	4e-08
Chad	129.379	8.36e-06	14261.522	0.00092142	0.776	5e-08	85.569	5.53e-06
Kosovo	0.707	3.8e-07	207.241	0.00011231	0.004	0.0	1.243	6.7e-07
Uzbekistan	225.594	6.85e-06	66098.982	0.00200571	1.354	4e-08	396.594	1.203e-05
Djibouti	0.42	4.4e-07	55.161	5.752e-05	0.003	0.0	0.331	3.5e-07
Antigua and Barbuda	0.001	1e-08	0.567	5.89e-06	0.0	0.0	0.003	4e-08
Dominica	0.004	6e-08	0.296	4.13e-06	0.0	0.0	0.002	2e-08
Burundi	378.749	3.389e-05	5115.703	0.00045777	2.272	2e-07	30.694	2.75e-06
Fiji	0.422	4.8e-07	46.467	5.26e-05	0.003	0.0	0.279	3.2e-07
Barbados	0.031	1.1e-07	4.96	1.73e-05	0.0	0.0	0.03	1e-07
Somalia	65.502	4.36e-06	13661.909	0.0009103	0.393	3e-08	81.971	5.46e-06
Madagascar	429.797	1.637e-05	40687.413	0.00154927	2.579	1e-07	244.124	9.3e-06
Curacao	0.004	3e-08	1.559	9.76e-06	0.0	0.0	0.009	6e-08
Sudan	217.776	5.21e-06	106855.333	0.00255625	1.307	3e-08	641.132	1.534e-05
Democratic Republic of the Congo	293.607	3.49e-06	433070.264	0.00515142	1.762	2e-08	2598.422	3.091e-05
Suriname	0.055	1e-07	20.247	3.515e-05	0.0	0.0	0.121	2.1e-07
Venezuela	138.504	4.8e-06	50865.721	0.00176188	0.831	3e-08	305.194	1.057e-05
Zambia	137.59	7.93e-06	18061.813	0.00104092	0.826	5e-08	108.371	6.25e-06
Papua New Guinea	46.156	5.36e-06	4369.451	0.0005077	0.277	3e-08	26.217	3.05e-06
Zimbabwe	129.918	9e-06	12298.939	0.00085178	0.78	5e-08	73.794	5.11e-06
Gambia	1.944	8.5e-07	313.818	0.00013763	0.012	1e-08	1.883	8.3e-07
Kazakhstan	41.63	2.28e-06	20426.681	0.00111765	0.25	1e-08	122.56	6.71e-06
Eritrea	14.143	3.16e-06	1168.87	0.0002612	0.085	2e-08	7.013	1.57e-06
Kyrgyzstan	18.229	2.89e-06	2392.918	0.00037888	0.109	2e-08	14.358	2.27e-06
Trinidad and Tobago	0.321	2.3e-07	117.887	8.482e-05	0.002	0.0	0.707	5.1e-07
South Sudan	400.383	3.648e-05	2977.85	0.00027131	2.402	2.2e-07	17.867	1.63e-06
Guyana	0.05	6e-08	37.16	4.77e-05	0.0	0.0	0.223	2.9e-07
Syria	237.482	1.405e-05	16481.233	0.00097486	1.425	8e-08	98.887	5.85e-06
Honduras	3.819	4e-07	5632.598	0.00058749	0.023	0.0	33.796	3.52e-06
Myanmar	5991.814	0.00011156	147638.298	0.00274889	35.951	6.7e-07	885.83	1.649e-05
Equatorial Guinea	0.356	2.7e-07	104.281	7.967e-05	0.002	0.0	0.626	4.8e-07
Nicaragua	22.576	3.49e-06	2488.606	0.0003849	0.135	2e-08	14.932	2.31e-06
Cuba	10.681	9.4e-07	7871.997	0.00069429	0.064	1e-08	47.232	4.17e-06
Gabon	0.746	3.5e-07	274.095	0.00012933	0.004	0.0	1.645	7.8e-07
Botswana	14.987	6.65e-06	223.118	9.898e-05	0.09	4e-08	1.339	5.9e-07
