Name	Predicted_New_Cases	Total_Predicted_New_Cases	Total_Predicted_Cases	Predicted_New_Deaths	Total_Predicted_New_Deaths	Total_Predicted_Deaths	Predicted_New_per_capita	Predicted_Total_New_per_capita	Predicted_Total_Cases_per_capita	Predicted_New_Deaths_per_capita	Total_Predicted_New_Deaths_per_capita	Total_Predicted_Deaths_per_capita
Wright	0.022	11.425	69.425	0.461	266.323	266.323	1.2e-06	0.00062167	0.00377761	2.508e-05	0.0144914	0.0144914
Pike	0.234	86.615	155.615	0.0	0.0	1.0	1.265e-05	0.00468088	0.0084098	0.0	0.0	5.404e-05
Wayne	1.139	253.711	287.711	0.0	0.0	0.0	8.68e-05	0.01933478	0.02192585	0.0	0.0	0.0
Andrew	0.052	32.366	115.366	0.0	0.0	1.0	2.95e-06	0.00183825	0.00655228	0.0	0.0	5.68e-05
Pemiscot	0.123	71.262	275.262	0.013	4.6	12.6	7.56e-06	0.00437942	0.0169163	8e-07	0.00028269	0.00077434
Lewis	0.138	63.197	95.197	0.0	0.0	1.0	1.4e-05	0.00641268	0.00965977	0.0	0.0	0.00010147
Montgomery	0.191	60.036	93.036	0.0	0.0	0.0	1.656e-05	0.00520513	0.00806624	0.0	0.0	0.0
Platte	1.515	504.227	812.227	0.101	18.725	28.725	1.471e-05	0.00489612	0.00788685	9.8e-07	0.00018182	0.00027892
Webster	0.019	55.306	168.306	0.0	0.0	1.0	4.9e-07	0.00141415	0.00430351	0.0	0.0	2.557e-05
Reynolds	5.057	562.555	578.555	0.0	0.0	0.0	0.0008086	0.08995123	0.09250959	0.0	0.0	0.0
Dent	0.003	2.006	11.006	0.0	0.0	0.0	1.9e-07	0.00012991	0.00071278	0.0	0.0	0.0
St. Louis City	5.128	2466.757	7045.757	0.036	17.38	186.38	N/A	N/A	N/A	N/A	N/A	N/A
Taney	2.876	956.788	1359.788	0.0	0.0	3.0	5.149e-05	0.01713077	0.02434627	0.0	0.0	5.371e-05
Lincoln	0.687	330.262	623.262	0.0	0.0	1.0	1.191e-05	0.00572517	0.01080439	0.0	0.0	1.734e-05
Ralls	0.033	19.296	40.296	0.0	0.0	0.0	3.23e-06	0.00188954	0.00394595	0.0	0.0	0.0
Camden	1.017	489.219	783.219	0.03	8.893	12.893	2.22e-05	0.01067814	0.01709525	6.5e-07	0.00019411	0.00028141
New Madrid	0.243	131.054	310.054	0.0	0.0	1.0	1.405e-05	0.00757713	0.01792634	0.0	0.0	5.782e-05
Howell	0.378	192.1	325.1	0.043	25.092	27.092	9.43e-06	0.00479339	0.00811209	1.07e-06	0.00062611	0.00067602
Washington	0.32	94.364	148.364	0.0	0.0	1.0	1.283e-05	0.00378319	0.00594812	0.0	0.0	4.009e-05
Macon	9.823	1092.665	1145.665	0.0	0.0	0.0	0.00064825	0.07210882	0.07560648	0.0	0.0	0.0
Dunklin	0.339	195.727	437.727	0.007	2.302	6.302	1.152e-05	0.00665218	0.01487703	2.4e-07	7.824e-05	0.00021419
Bates	0.046	32.517	71.517	0.0	0.0	1.0	2.82e-06	0.00199246	0.00438217	0.0	0.0	6.127e-05
Cass	1.909	874.408	1504.408	0.013	3.599	12.599	1.819e-05	0.00833135	0.01433397	1.2e-07	3.429e-05	0.00012004
Jefferson	7.219	2537.428	3865.428	0.169	33.506	57.506	3.218e-05	0.01131028	0.01722968	7.5e-07	0.00014935	0.00025633
Newton	0.241	245.943	1044.943	0.008	4.032	10.032	4.14e-06	0.00422104	0.01793401	1.4e-07	6.92e-05	0.00017218
Pulaski	0.001	32.128	211.128	0.0	0.0	1.0	2e-08	0.00061768	0.00405906	0.0	0.0	1.923e-05
Barton	0.11	47.97	112.97	0.0	0.0	0.0	9.32e-06	0.00406594	0.00957535	0.0	0.0	0.0
Maries	0.007	8.343	22.343	0.0	0.0	0.0	8e-07	0.00095142	0.00254795	0.0	0.0	0.0
Saint Louis	18.511	9401.362	22563.362	0.202	102.422	752.422	1.857e-05	0.00943017	0.0226325	2e-07	0.00010274	0.00075473
Mississippi	0.0	5.683	134.683	0.202	102.422	102.422	0.0	0.00042614	0.01009921	1.515e-05	0.00768011	0.00768011
Monroe	0.021	12.046	29.046	0.202	102.422	102.422	2.42e-06	0.00139035	0.00335249	2.331e-05	0.01182156	0.01182156
Douglas	0.216	99.121	172.121	0.0	0.0	2.0	1.615e-05	0.00741202	0.01287078	0.0	0.0	0.00014956
Saint Francois	0.422	202.795	499.795	0.0	0.0	2.0	6.33e-06	0.00304077	0.00749408	0.0	0.0	2.999e-05
Pettis	4.564	1344.244	1751.244	0.0	0.62	3.62	0.00010728	0.03159804	0.04116506	0.0	1.457e-05	8.509e-05
Lawrence	0.356	180.921	364.921	0.0	0.0	2.0	9.28e-06	0.00471652	0.00951331	0.0	0.0	5.214e-05
Marion	0.702	282.521	432.521	0.0	0.0	1.0	2.455e-05	0.00988112	0.01512734	0.0	0.0	3.497e-05
Mercer	0.0	0.0	8.0	0.0	0.0	0.0	0.0	0.0	0.0021972	0.0	0.0	0.0
McDonald	0.041	179.06	1105.06	0.019	12.326	19.326	1.78e-06	0.0077589	0.0478837	8.2e-07	0.0005341	0.00083742
Livingston	0.568	157.537	210.537	0.019	12.326	12.326	3.75e-05	0.01040123	0.0139005	1.25e-06	0.00081381	0.00081381
Benton	0.141	81.524	152.524	0.0	0.0	1.0	7.31e-06	0.00422886	0.00791182	0.0	0.0	5.187e-05
Saint Charles	7.939	4032.06	7540.06	1.947	310.777	397.777	1.989e-05	0.01010081	0.01888878	4.88e-06	0.00077853	0.00099648
Henry	0.73	202.498	271.498	0.0	0.0	3.0	3.35e-05	0.00929231	0.01245861	0.0	0.0	0.00013767
Ozark	0.011	6.138	12.138	0.0	0.0	0.0	1.22e-06	0.00068071	0.00134612	0.0	0.0	0.0
Carter	0.014	8.359	27.359	0.0	0.0	1.0	2.31e-06	0.00138074	0.00451916	0.0	0.0	0.00016518
Boone	4.084	1578.48	2783.48	0.0	0.62	3.62	2.269e-05	0.00876909	0.01546335	0.0	3.44e-06	2.011e-05
Holt	2.983	331.765	337.765	0.0	0.62	0.62	0.00067734	0.07533265	0.07669505	0.0	0.00014078	0.00014078
Buchanan	0.25	144.43	1200.43	0.02	6.902	16.902	2.82e-06	0.00163067	0.01355331	2.3e-07	7.793e-05	0.00019083
Hickory	0.098	42.688	58.688	0.02	6.902	6.902	1.031e-05	0.00448922	0.00617184	2.1e-06	0.00072584	0.00072584
Scott	0.398	202.194	543.194	0.0	0.0	13.0	1.035e-05	0.00525753	0.01412434	0.0	0.0	0.00033803
Miller	0.389	163.214	256.214	0.0	0.0	0.0	1.535e-05	0.00644198	0.01011265	0.0	0.0	0.0
Howard	0.0	9.958	54.958	0.0	0.0	0.0	0.0	0.00098234	0.00542153	0.0	0.0	0.0
Nodaway	0.987	397.059	550.059	0.0	0.0	0.0	4.425e-05	0.01780214	0.0246619	0.0	0.0	0.0
Scotland	0.584	64.913	76.913	0.0	0.0	1.0	0.0001176	0.01307149	0.01548792	0.0	0.0	0.00020137
Cole	0.546	277.452	584.452	0.0	0.0	2.0	7.11e-06	0.00361284	0.00761045	0.0	0.0	2.604e-05
Saline	0.277	133.262	542.262	0.009	2.542	9.542	1.21e-05	0.00582057	0.02368473	3.9e-07	0.00011103	0.00041677
Christian	3.16	930.897	1205.897	0.0	0.0	1.0	3.633e-05	0.01070206	0.01386359	0.0	0.0	1.15e-05
Stoddard	0.168	85.47	292.47	0.0	0.0	9.0	5.75e-06	0.00292645	0.01001404	0.0	0.0	0.00030816
Dade	0.0	4.436	18.436	0.0	0.0	0.0	0.0	0.00058607	0.00243572	0.0	0.0	0.0
Osage	0.0	2.629	39.629	0.0	0.0	0.0	0.0	0.0001917	0.00288967	0.0	0.0	0.0
Unassigned	0.0	0.0	1.0	0.0	0.0	1.0	N/A	N/A	N/A	N/A	N/A	N/A
Randolph	24.217	2693.789	2748.789	0.0	0.0	1.0	0.00097795	0.10878282	0.11100388	0.0	0.0	4.038e-05
Dallas	0.075	43.161	91.161	0.0	0.0	1.0	4.47e-06	0.00257493	0.00543855	0.0	0.0	5.966e-05
Barry	0.22	127.251	354.251	0.0	0.0	0.0	6.13e-06	0.00354598	0.00987157	0.0	0.0	0.0
Cape Girardeau	0.031	201.76	797.76	0.0	0.0	3.0	3.9e-07	0.00256193	0.0101299	0.0	0.0	3.809e-05
Atchison	0.013	11.192	22.192	0.0	0.0	0.0	2.51e-06	0.00216438	0.00429163	0.0	0.0	0.0
Clay	5.356	1577.764	2473.764	1.059	169.115	189.115	2.174e-05	0.00640417	0.01004105	4.3e-06	0.00068644	0.00076762
De Kalb	0.046	26.655	58.655	0.0	0.0	1.0	3.64e-06	0.00211045	0.0046441	0.0	0.0	7.918e-05
Shelby	0.02	11.708	39.708	0.0	0.0	0.0	3.31e-06	0.00193521	0.00656331	0.0	0.0	0.0
Putnam	1.621	180.308	190.308	0.0	0.0	1.0	0.00034076	0.03790372	0.04000589	0.0	0.0	0.00021022
Franklin	0.392	279.007	795.007	0.0	0.0	18.0	3.78e-06	0.0026913	0.00766863	0.0	0.0	0.00017363
Cooper	61.388	6001.93	6092.93	0.0	0.0	0.0	0.00348736	0.34096063	0.34613021	0.0	0.0	0.0
Butler	0.396	213.919	452.919	0.0	0.0	2.0	9.29e-06	0.00501698	0.01062218	0.0	0.0	4.691e-05
Iron	0.0	9.294	23.294	0.0	0.0	0.0	0.0	0.00091324	0.00228889	0.0	0.0	0.0
Greene	8.337	2773.882	3977.882	0.151	28.091	38.091	2.856e-05	0.0095021	0.01362648	5.2e-07	9.623e-05	0.00013048
Lafayette	0.158	72.377	223.377	0.0	0.0	2.0	4.85e-06	0.00222029	0.00685248	0.0	0.0	6.135e-05
Stone	0.166	89.568	171.568	0.0	0.0	1.0	5.23e-06	0.00282113	0.00540389	0.0	0.0	3.15e-05
Sainte Genevieve	0.08	43.108	86.108	0.0	0.0	1.0	4.47e-06	0.00240988	0.00481373	0.0	0.0	5.59e-05
Chariton	0.031	11.039	25.039	0.0	0.0	0.0	4.16e-06	0.00148155	0.00336049	0.0	0.0	0.0
Perry	0.054	30.893	232.893	0.007	2.302	6.302	2.82e-06	0.00161321	0.01216151	3.7e-07	0.00012021	0.00032909
Texas	0.437	114.236	149.236	0.007	2.302	2.302	1.709e-05	0.0044674	0.00583614	2.7e-07	9.002e-05	9.002e-05
Worth	0.009	5.24	13.24	0.007	2.302	2.302	4.41e-06	0.00256863	0.0064902	3.43e-06	0.00112843	0.00112843
Clark	2.594	288.495	301.495	0.007	2.302	2.302	0.00037913	0.0421653	0.04406533	1.02e-06	0.00033645	0.00033645
Carroll	0.29	132.786	230.786	0.007	2.302	2.302	3.317e-05	0.01518769	0.02639666	8e-07	0.0002633	0.0002633
Moniteau	0.266	121.61	242.61	0.0	0.0	2.0	1.65e-05	0.00754358	0.01504931	0.0	0.0	0.00012406
Morgan	0.558	175.018	237.018	0.0	0.0	0.0	2.741e-05	0.00859701	0.0116425	0.0	0.0	0.0
Knox	0.018	10.37	21.37	0.0	0.0	0.0	4.56e-06	0.00262731	0.00541424	0.0	0.0	0.0
Warren	0.218	125.802	282.802	0.0	0.0	0.0	6.28e-06	0.00362427	0.00814733	0.0	0.0	0.0
Johnson	0.0	44.098	507.098	0.001	0.446	2.446	0.0	0.00082193	0.00945161	2e-08	8.31e-06	4.559e-05
Kansas City	9.505	4827.393	10692.393	0.027	20.435	73.435	N/A	N/A	N/A	N/A	N/A	N/A
Oregon	0.0	1.189	14.189	0.027	20.435	20.435	0.0	0.0001128	0.00134608	2.56e-06	0.00193862	0.00193862
Harrison	0.11	50.162	110.162	0.0	0.0	1.0	1.307e-05	0.00596173	0.0130927	0.0	0.0	0.00011885
Phelps	0.041	23.755	98.755	0.0	0.0	0.0	9.2e-07	0.00053105	0.0022077	0.0	0.0	0.0
Vernon	0.001	8.727	52.727	0.0	0.0	1.0	5e-08	0.00042513	0.00256854	0.0	0.0	4.871e-05
Sullivan	0.061	25.729	159.729	0.0	0.0	0.0	9.81e-06	0.00413583	0.02567578	0.0	0.0	0.0
Clinton	0.082	47.51	108.51	0.0	0.0	0.0	4.01e-06	0.00232096	0.00530093	0.0	0.0	0.0
Crawford	0.042	24.536	76.536	0.0	0.0	0.0	1.75e-06	0.00102417	0.00319472	0.0	0.0	0.0
Gentry	0.372	103.228	182.228	0.0	0.0	9.0	5.613e-05	0.01557453	0.02749366	0.0	0.0	0.00135788
Ray	19.468	2478.172	2568.172	0.0	0.0	0.0	0.00085076	0.10829751	0.11223056	0.0	0.0	0.0
Jasper	1.575	909.611	2555.611	0.066	23.231	48.231	1.306e-05	0.00754013	0.02118448	5.5e-07	0.00019257	0.00039981
Callaway	0.476	158.316	281.316	0.0	0.0	1.0	1.06e-05	0.00352683	0.00626693	0.0	0.0	2.228e-05
Bollinger	0.001	15.615	71.615	0.0	0.0	1.0	8e-08	0.00128318	0.00588504	0.0	0.0	8.218e-05
Adair	0.071	41.042	175.042	0.0	0.0	0.0	2.8e-06	0.00161972	0.00690801	0.0	0.0	0.0
Saint Clair	0.032	16.228	34.228	0.0	0.0	0.0	3.41e-06	0.0017273	0.00364321	0.0	0.0	0.0
Jackson	11.225	4517.07	7913.07	0.04	23.309	82.309	1.603e-05	0.00645013	0.01129943	6e-08	3.328e-05	0.00011753
