Name	Predicted_New_Cases	Total_Predicted_New_Cases	Total_Predicted_Cases	Predicted_New_Deaths	Total_Predicted_New_Deaths	Total_Predicted_Deaths	Predicted_New_per_capita	Predicted_Total_New_per_capita	Predicted_Total_Cases_per_capita	Predicted_New_Deaths_per_capita	Total_Predicted_New_Deaths_per_capita	Total_Predicted_Deaths_per_capita
Wright	0.0	0.0	13.0	1.221	316.831	316.831	0.0	0.0	0.00070737	6.644e-05	0.01723969	0.01723969
Linn	0.05	13.033	23.033	0.0	0.0	1.0	4.15e-06	0.00108274	0.00191352	0.0	0.0	8.308e-05
Pike	0.357	66.538	94.538	0.0	0.0	1.0	1.929e-05	0.00359587	0.00510906	0.0	0.0	5.404e-05
Wayne	0.0	0.0	0.0	0.0	0.0	0.0	0.0	0.0	0.0	0.0	0.0	0.0
Andrew	0.0	0.369	33.369	0.0	0.0	0.0	0.0	2.096e-05	0.00189521	0.0	0.0	0.0
Pemiscot	0.495	92.19	183.19	0.186	18.868	23.868	3.042e-05	0.00566556	0.01125799	1.143e-05	0.00115954	0.00146681
Lewis	0.0	0.0	7.0	0.0	0.0	1.0	0.0	0.0	0.0007103	0.0	0.0	0.00010147
Montgomery	0.0	0.834	11.834	0.0	0.0	0.0	0.0	7.231e-05	0.00102601	0.0	0.0	0.0
Platte	0.067	17.377	94.377	0.0	0.0	0.0	6.5e-07	0.00016873	0.00091642	0.0	0.0	0.0
Webster	1.873	108.367	126.367	0.0	0.0	0.0	4.789e-05	0.0027709	0.00323115	0.0	0.0	0.0
Reynolds	0.0	0.0	2.0	0.0	0.0	0.0	0.0	0.0	0.0003198	0.0	0.0	0.0
Dent	0.0	0.0	0.0	0.0	0.0	0.0	0.0	0.0	0.0	0.0	0.0	0.0
St. Louis City	1.701	441.522	2509.522	0.211	54.852	189.852	N/A	N/A	N/A	N/A	N/A	N/A
Taney	0.0	0.0	14.0	0.0	0.0	2.0	0.0	0.0	0.00025066	0.0	0.0	3.581e-05
Lincoln	8.964	589.876	710.876	0.0	0.0	1.0	0.00015539	0.01022564	0.0123232	0.0	0.0	1.734e-05
Ralls	0.033	8.471	13.471	0.0	0.0	0.0	3.23e-06	0.00082951	0.00131913	0.0	0.0	0.0
Camden	0.0	0.0	38.0	0.0	0.0	1.0	0.0	0.0	0.00082942	0.0	0.0	2.183e-05
New Madrid	0.033	9.506	30.506	0.0	0.0	0.0	1.91e-06	0.00054961	0.00176376	0.0	0.0	0.0
Howell	0.361	46.791	58.791	0.0	0.0	0.0	9.01e-06	0.00116756	0.00146699	0.0	0.0	0.0
Caldwell	2.093	121.118	129.118	0.0	0.0	0.0	0.0002298	0.01329798	0.01417633	0.0	0.0	0.0
Washington	0.026	6.629	19.629	0.0	0.0	1.0	1.04e-06	0.00026577	0.00078695	0.0	0.0	4.009e-05
Gasconade	0.0	0.0	2.0	0.0	0.0	0.0	0.0	0.0	0.00013601	0.0	0.0	0.0
Macon	0.043	10.516	16.516	0.0	0.0	0.0	2.84e-06	0.00069399	0.00108995	0.0	0.0	0.0
Dunklin	0.279	62.32	110.32	0.0	0.0	2.0	9.48e-06	0.00211807	0.00374945	0.0	0.0	6.797e-05
Bates	6.336	366.545	378.545	0.0	0.0	1.0	0.00038824	0.02245987	0.02319516	0.0	0.0	6.127e-05
Cass	0.27	60.259	162.259	0.0	0.0	8.0	2.57e-06	0.00057415	0.001546	0.0	0.0	7.622e-05
Jefferson	78.891	4564.235	4962.235	0.0	1.002	19.002	0.00035165	0.02034453	0.02211857	0.0	4.47e-06	8.47e-05
Newton	8.87	513.16	539.16	0.0	0.0	1.0	0.00015223	0.00880719	0.00925342	0.0	0.0	1.716e-05
Pulaski	6.391	369.729	476.729	0.0	0.0	1.0	0.00012287	0.00710826	0.0091654	0.0	0.0	1.923e-05
Ripley	3.691	213.55	224.55	0.0	0.0	0.0	0.00027543	0.01593538	0.01675621	0.0	0.0	0.0
Barton	0.0	0.0	0.0	0.0	0.0	0.0	0.0	0.0	0.0	0.0	0.0	0.0
Maries	0.0	0.0	2.0	0.0	0.0	0.0	0.0	0.0	0.00022808	0.0	0.0	0.0
Saint Louis	0.0	476.097	5693.097	0.732	190.082	650.082	0.0	0.00047756	0.00571054	7.3e-07	0.00019066	0.00065207
Mississippi	0.12	24.887	85.887	0.732	190.082	190.082	9e-06	0.00186615	0.00644024	5.489e-05	0.0142533	0.0142533
Monroe	0.0	0.0	0.0	0.0	0.0	0.0	0.0	0.0	0.0	0.0	0.0	0.0
Douglas	0.0	0.0	0.0	0.0	0.0	0.0	0.0	0.0	0.0	0.0	0.0	0.0
Saint Francois	0.184	29.262	68.262	0.0	0.0	2.0	2.76e-06	0.00043876	0.00102354	0.0	0.0	2.999e-05
Pettis	0.0	3.543	82.543	0.0	0.0	1.0	0.0	8.328e-05	0.00194027	0.0	0.0	2.351e-05
Lawrence	0.0	0.0	8.0	0.0	0.0	0.0	0.0	0.0	0.00020856	0.0	0.0	0.0
Marion	0.0	0.0	5.0	0.0	0.0	0.0	0.0	0.0	0.00017487	0.0	0.0	0.0
Mercer	0.0	0.0	0.0	0.0	0.0	0.0	0.0	0.0	0.0	0.0	0.0	0.0
McDonald	0.035	11.571	36.571	0.0	0.0	0.0	1.52e-06	0.00050139	0.00158467	0.0	0.0	0.0
Livingston	0.002	0.435	5.435	0.0	0.0	0.0	1.3e-07	2.872e-05	0.00035884	0.0	0.0	0.0
Benton	0.032	6.598	19.598	0.0	0.0	0.0	1.66e-06	0.00034226	0.0010166	0.0	0.0	0.0
Saint Charles	0.627	162.706	998.706	0.083	21.503	86.503	1.57e-06	0.0004076	0.00250188	2.1e-07	5.387e-05	0.0002167
Henry	0.026	6.629	18.629	0.0	0.0	3.0	1.19e-06	0.00030419	0.00085485	0.0	0.0	0.00013767
Ozark	0.0	0.0	0.0	0.0	0.0	0.0	0.0	0.0	0.0	0.0	0.0	0.0
Carter	0.0	0.0	5.0	0.0	0.0	1.0	0.0	0.0	0.0008259	0.0	0.0	0.00016518
Madison	0.0	0.0	3.0	0.0	0.0	0.0	0.0	0.0	0.00024614	0.0	0.0	0.0
Boone	0.33	94.466	279.466	0.992	57.373	59.373	1.83e-06	0.0005248	0.00155255	5.51e-06	0.00031873	0.00032984
Holt	0.035	6.704	8.704	0.992	57.373	57.373	7.95e-06	0.00152225	0.00197639	0.00022525	0.01302748	0.01302748
Schuyler	0.0	0.0	0.0	0.0	0.0	0.0	0.0	0.0	0.0	0.0	0.0	0.0
Laclede	6.886	398.415	405.415	0.992	57.373	57.373	0.00019281	0.01115602	0.01135203	2.778e-05	0.0016065	0.0016065
Buchanan	0.0	102.852	846.852	0.0	0.0	2.0	0.0	0.00116124	0.00956128	0.0	0.0	2.258e-05
Hickory	0.0	0.0	0.0	0.0	0.0	0.0	0.0	0.0	0.0	0.0	0.0	0.0
Scott	0.239	62.13	183.13	0.07	12.377	23.377	6.21e-06	0.00161553	0.00476182	1.82e-06	0.00032183	0.00060786
Miller	0.0	0.0	4.0	0.07	12.377	12.377	0.0	0.0	0.00015788	2.76e-06	0.00048851	0.00048851
Howard	0.0	0.0	3.0	0.07	12.377	12.377	0.0	0.0	0.00029595	6.91e-06	0.00122097	0.00122097
Nodaway	0.028	7.382	21.382	0.07	12.377	12.377	1.26e-06	0.00033097	0.00095866	3.14e-06	0.00055492	0.00055492
Scotland	6.115	353.788	362.788	0.07	12.377	12.377	0.00123137	0.07124205	0.07305437	1.41e-05	0.00249235	0.00249235
Cole	0.015	3.805	64.805	0.0	0.0	1.0	2e-07	4.955e-05	0.00084386	0.0	0.0	1.302e-05
Saline	0.061	15.858	298.858	0.0	0.0	2.0	2.66e-06	0.00069264	0.01305342	0.0	0.0	8.736e-05
Christian	9.696	560.966	589.966	0.0	0.0	0.0	0.00011147	0.00644915	0.00678254	0.0	0.0	0.0
Stoddard	1.759	228.105	334.105	0.0	0.0	0.0	6.023e-05	0.00781021	0.0114396	0.0	0.0	0.0
Dade	0.0	0.0	0.0	0.0	0.0	0.0	0.0	0.0	0.0	0.0	0.0	0.0
Osage	0.0	0.0	5.0	0.0	0.0	0.0	0.0	0.0	0.00036459	0.0	0.0	0.0
Unassigned	0.0	0.0	1.0	0.0	0.0	1.0	N/A	N/A	N/A	N/A	N/A	N/A
Randolph	0.014	3.692	13.692	0.0	0.0	0.0	5.7e-07	0.00014909	0.00055292	0.0	0.0	0.0
Shannon	0.0	0.0	0.0	0.0	0.0	0.0	0.0	0.0	0.0	0.0	0.0	0.0
Dallas	0.551	31.873	35.873	0.0	0.0	0.0	3.287e-05	0.0019015	0.00214014	0.0	0.0	0.0
Barry	0.0	0.0	9.0	0.0	0.0	0.0	0.0	0.0	0.00025079	0.0	0.0	0.0
Cape Girardeau	0.0	5.448	90.448	0.002	0.435	3.435	0.0	6.918e-05	0.0011485	3e-08	5.52e-06	4.362e-05
Atchison	0.0	0.0	3.0	0.002	0.435	0.435	0.0	0.0	0.00058016	3.9e-07	8.412e-05	8.412e-05
Clay	0.0	20.979	246.979	0.0	0.493	4.493	0.0	8.515e-05	0.00100249	0.0	2e-06	1.824e-05
De Kalb	0.0	0.067	7.067	0.0	0.493	0.493	0.0	5.3e-06	0.00055954	0.0	3.903e-05	3.903e-05
Shelby	0.0	0.0	1.0	0.0	0.493	0.493	0.0	0.0	0.00016529	0.0	8.149e-05	8.149e-05
Putnam	0.0	0.0	0.0	0.0	0.0	0.0	0.0	0.0	0.0	0.0	0.0	0.0
Franklin	0.348	48.268	198.268	0.559	41.753	58.753	3.36e-06	0.00046559	0.00191249	5.39e-06	0.00040275	0.00056673
Cooper	0.0	0.0	9.0	0.559	41.753	41.753	0.0	0.0	0.00051128	3.176e-05	0.00237193	0.00237193
Butler	1.412	171.762	218.762	0.559	41.753	41.753	3.312e-05	0.00402828	0.00513056	1.311e-05	0.00097922	0.00097922
Iron	1.873	108.367	111.367	0.559	41.753	41.753	0.00018404	0.01064823	0.01094301	5.493e-05	0.00410268	0.00410268
Greene	0.47	122.083	296.083	0.0	0.0	8.0	1.61e-06	0.0004182	0.00101425	0.0	0.0	2.74e-05
Lafayette	0.065	16.836	97.836	0.0	0.0	3.0	1.99e-06	0.00051647	0.00300129	0.0	0.0	9.203e-05
Stone	4.242	245.423	255.423	0.0	0.0	0.0	0.00013361	0.0077301	0.00804507	0.0	0.0	0.0
Daviess	0.002	0.435	5.435	0.0	0.0	0.0	2.4e-07	5.233e-05	0.0006538	0.0	0.0	0.0
Sainte Genevieve	0.038	9.993	21.993	0.0	0.0	1.0	2.12e-06	0.00055864	0.00122948	0.0	0.0	5.59e-05
Chariton	0.0	0.0	6.0	0.0	0.0	0.0	0.0	0.0	0.00080526	0.0	0.0	0.0
Perry	0.287	61.807	130.807	0.0	0.0	0.0	1.499e-05	0.00322752	0.00683065	0.0	0.0	0.0
Texas	0.0	0.0	1.0	0.0	0.0	0.0	0.0	0.0	3.911e-05	0.0	0.0	0.0
Worth	0.0	0.0	4.0	0.0	0.0	0.0	0.0	0.0	0.00196078	0.0	0.0	0.0
Clark	0.0	0.0	1.0	0.0	0.0	0.0	0.0	0.0	0.00014616	0.0	0.0	0.0
Carroll	0.0	1.785	10.785	0.0	0.0	0.0	0.0	0.00020416	0.00123356	0.0	0.0	0.0
Moniteau	0.157	24.925	73.925	0.0	0.0	0.0	9.74e-06	0.00154612	0.00458563	0.0	0.0	0.0
Morgan	0.0	0.014	9.014	0.0	0.0	0.0	0.0	6.9e-07	0.00044277	0.0	0.0	0.0
Knox	0.0	0.0	0.0	0.0	0.0	0.0	0.0	0.0	0.0	0.0	0.0	0.0
Warren	0.002	0.435	29.435	0.0	0.0	0.0	6e-08	1.253e-05	0.000848	0.0	0.0	0.0
Johnson	0.033	9.12	86.12	0.0	0.0	0.0	6.2e-07	0.00016998	0.00160516	0.0	0.0	0.0
Kansas City	26.567	3445.725	4946.725	1.188	83.343	110.343	N/A	N/A	N/A	N/A	N/A	N/A
Oregon	0.0	0.0	2.0	1.188	83.343	83.343	0.0	0.0	0.00018974	0.0001127	0.00790656	0.00790656
Harrison	0.0	0.067	9.067	1.188	83.343	83.343	0.0	7.96e-06	0.00107761	0.00014119	0.00990528	0.00990528
Phelps	0.992	57.373	62.373	1.188	83.343	83.343	2.218e-05	0.00128259	0.00139437	2.656e-05	0.00186316	0.00186316
Vernon	0.0	1.208	11.208	1.188	83.343	83.343	0.0	5.885e-05	0.00054599	5.787e-05	0.00405997	0.00405997
Sullivan	0.093	26.654	91.654	1.188	83.343	83.343	1.495e-05	0.00428452	0.014733	0.00019097	0.01339704	0.01339704
Cedar	0.0	0.0	9.0	1.188	83.343	83.343	0.0	0.0	0.00063537	8.387e-05	0.00588373	0.00588373
Clinton	1.102	63.748	83.748	1.188	83.343	83.343	5.383e-05	0.00311422	0.00409126	5.804e-05	0.00407147	0.00407147
Crawford	0.0	0.0	9.0	1.188	83.343	83.343	0.0	0.0	0.00037567	4.959e-05	0.00347886	0.00347886
Gentry	0.31	75.011	127.011	1.188	83.343	83.343	4.677e-05	0.01131729	0.01916279	0.00017924	0.01257438	0.01257438
Grundy	0.0	0.0	0.0	0.0	0.0	0.0	0.0	0.0	0.0	0.0	0.0	0.0
Ray	0.034	8.909	31.909	1.188	83.343	83.343	1.49e-06	0.00038933	0.00139444	5.192e-05	0.00364214	0.00364214
Jasper	0.394	62.589	112.589	1.188	83.343	83.343	3.27e-06	0.00051883	0.0009333	9.85e-06	0.00069086	0.00069086
Audrain	0.392	101.878	212.878	1.188	83.343	83.343	1.539e-05	0.00399945	0.00835701	4.664e-05	0.00327182	0.00327182
Polk	0.004	1.085	5.085	1.188	83.343	83.343	1.2e-07	3.369e-05	0.00015791	3.689e-05	0.00258821	0.00258821
Callaway	0.056	14.661	46.661	0.0	0.0	1.0	1.25e-06	0.00032661	0.00103948	0.0	0.0	2.228e-05
Bollinger	0.992	57.373	64.373	0.0	0.0	0.0	8.152e-05	0.00471468	0.00528992	0.0	0.0	0.0
Adair	0.255	59.188	127.188	0.0	0.0	0.0	1.006e-05	0.00233585	0.00501946	0.0	0.0	0.0
Saint Clair	0.0	0.0	3.0	0.0	0.0	0.0	0.0	0.0	0.00031932	0.0	0.0	0.0
Jackson	4.745	844.812	1540.812	1.433	136.917	158.917	6.78e-06	0.00120635	0.0022002	2.05e-06	0.00019551	0.00022692
