Name	Predicted_New_Cases	Total_Predicted_New_Cases	Total_Predicted_Cases	Predicted_New_Deaths	Total_Predicted_New_Deaths	Total_Predicted_Deaths	Predicted_New_per_capita	Predicted_Total_New_per_capita	Predicted_Total_Cases_per_capita	Predicted_New_Deaths_per_capita	Total_Predicted_New_Deaths_per_capita	Total_Predicted_Deaths_per_capita
Wright	0.0	0.085	14.085	0.693	220.429	220.429	0.0	4.63e-06	0.00076641	3.771e-05	0.01199418	0.01199418
Linn	0.011	3.402	16.402	0.0	0.0	1.0	9.1e-07	0.00028263	0.00136263	0.0	0.0	8.308e-05
Pike	0.035	11.083	42.083	0.0	0.0	1.0	1.89e-06	0.00059895	0.00227427	0.0	0.0	5.404e-05
Wayne	0.0	0.0	0.0	0.0	0.0	0.0	0.0	0.0	0.0	0.0	0.0	0.0
Andrew	0.002	4.699	40.699	0.0	0.0	0.0	1.1e-07	0.00026688	0.00231152	0.0	0.0	0.0
Pemiscot	0.076	27.39	132.39	0.016	4.098	10.098	4.67e-06	0.00168326	0.00813606	9.8e-07	0.00025184	0.00062058
Lewis	0.0	0.0	7.0	0.0	0.0	1.0	0.0	0.0	0.0007103	0.0	0.0	0.00010147
Montgomery	0.0	0.225	12.225	0.0	0.0	0.0	0.0	1.951e-05	0.00105991	0.0	0.0	0.0
Platte	0.387	98.987	199.987	0.669	102.801	106.801	3.76e-06	0.00096118	0.0019419	6.5e-06	0.00099821	0.00103705
Webster	0.001	0.439	19.439	0.669	102.801	102.801	3e-08	1.123e-05	0.00049705	1.711e-05	0.00262858	0.00262858
Reynolds	0.078	24.686	27.686	0.669	102.801	102.801	1.247e-05	0.00394723	0.00442693	0.00010697	0.01643764	0.01643764
Dent	0.0	0.0	1.0	0.669	102.801	102.801	0.0	0.0	6.476e-05	4.333e-05	0.00665766	0.00665766
St. Louis City	1.342	426.704	2718.704	0.0	8.073	152.073	N/A	N/A	N/A	N/A	N/A	N/A
Taney	10.416	734.128	763.128	0.0	0.0	2.0	0.00018649	0.01314417	0.0136634	0.0	0.0	3.581e-05
Lincoln	1.296	278.131	369.131	0.0	0.0	1.0	2.247e-05	0.00482146	0.00639897	0.0	0.0	1.734e-05
Ralls	0.0	0.0	5.0	0.0	0.0	0.0	0.0	0.0	0.00048962	0.0	0.0	0.0
Camden	3.504	246.933	291.933	0.0	0.0	1.0	7.648e-05	0.00538979	0.006372	0.0	0.0	2.183e-05
New Madrid	0.149	47.291	81.291	0.0	0.0	2.0	8.61e-06	0.00273422	0.00469999	0.0	0.0	0.00011563
Howell	0.145	40.727	69.727	0.0	0.0	0.0	3.62e-06	0.00101624	0.00173987	0.0	0.0	0.0
Caldwell	0.011	3.51	11.51	0.0	0.0	0.0	1.21e-06	0.00038538	0.00126372	0.0	0.0	0.0
Washington	0.0	0.014	14.014	0.0	0.0	1.0	0.0	5.6e-07	0.00056184	0.0	0.0	4.009e-05
Gasconade	0.0	0.0	2.0	0.0	0.0	0.0	0.0	0.0	0.00013601	0.0	0.0	0.0
Macon	1.61	113.455	120.455	0.0	0.0	0.0	0.00010625	0.0074873	0.00794925	0.0	0.0	0.0
Dunklin	0.643	113.337	178.337	0.0	0.62	3.62	2.185e-05	0.00385199	0.00606114	0.0	2.107e-05	0.00012303
Bates	0.0	0.0	12.0	0.0	0.0	1.0	0.0	0.0	0.00073529	0.0	0.0	6.127e-05
Cass	0.086	28.033	138.033	0.0	0.0	8.0	8.2e-07	0.0002671	0.00131518	0.0	0.0	7.622e-05
Jefferson	9.412	1029.791	1418.791	0.0	0.04	19.04	4.195e-05	0.00459017	0.00632409	0.0	1.8e-07	8.487e-05
Newton	1.079	252.13	360.13	0.001	0.439	2.439	1.852e-05	0.00432722	0.00618079	2e-08	7.53e-06	4.186e-05
Pulaski	0.0	0.1	106.1	0.0	0.0	1.0	0.0	1.92e-06	0.00203984	0.0	0.0	1.923e-05
Ripley	0.001	0.439	12.439	0.0	0.0	0.0	7e-08	3.276e-05	0.00092821	0.0	0.0	0.0
Barton	0.0	0.0	10.0	0.0	0.0	0.0	0.0	0.0	0.0008476	0.0	0.0	0.0
Maries	0.0	0.0	2.0	0.0	0.0	0.0	0.0	0.0	0.00022808	0.0	0.0	0.0
Saint Louis	49.003	7000.259	12731.259	0.15	88.057	632.057	4.915e-05	0.00702171	0.01277027	1.5e-07	8.833e-05	0.00063399
Mississippi	0.111	35.441	112.441	0.15	88.057	88.057	8.32e-06	0.00265754	0.00843139	1.125e-05	0.00660295	0.00660295
Monroe	0.0	0.0	3.0	0.15	88.057	88.057	0.0	0.0	0.00034626	1.731e-05	0.01016355	0.01016355
Douglas	0.0	0.0	3.0	0.15	88.057	88.057	0.0	0.0	0.00022433	1.122e-05	0.00658469	0.00658469
Saint Francois	0.01	3.289	52.289	0.0	0.0	2.0	1.5e-07	4.932e-05	0.00078404	0.0	0.0	2.999e-05
Pettis	0.024	13.095	107.095	0.0	0.0	1.0	5.6e-07	0.00030781	0.00251739	0.0	0.0	2.351e-05
Lawrence	0.009	2.963	12.963	0.0	0.0	0.0	2.3e-07	7.724e-05	0.00033794	0.0	0.0	0.0
Marion	0.031	9.872	18.872	0.0	0.0	0.0	1.08e-06	0.00034527	0.00066004	0.0	0.0	0.0
Mercer	0.0	0.0	5.0	0.0	0.0	0.0	0.0	0.0	0.00137325	0.0	0.0	0.0
McDonald	2.388	470.139	594.139	0.0	0.0	0.0	0.00010348	0.02037174	0.02574482	0.0	0.0	0.0
Livingston	0.018	5.597	11.597	0.0	0.0	0.0	1.19e-06	0.00036954	0.00076568	0.0	0.0	0.0
Benton	0.013	4.169	18.169	0.0	0.0	0.0	6.7e-07	0.00021626	0.00094247	0.0	0.0	0.0
Saint Charles	0.653	207.478	1140.478	0.023	7.352	75.352	1.64e-06	0.00051976	0.00285704	6e-08	1.842e-05	0.00018877
Henry	0.044	14.044	31.044	0.0	0.0	3.0	2.02e-06	0.00064446	0.00142456	0.0	0.0	0.00013767
Ozark	0.0	0.0	0.0	0.0	0.0	0.0	0.0	0.0	0.0	0.0	0.0	0.0
Carter	0.0	0.0	5.0	0.0	0.0	1.0	0.0	0.0	0.0008259	0.0	0.0	0.00016518
Madison	0.0	0.0	3.0	0.0	0.0	0.0	0.0	0.0	0.00024614	0.0	0.0	0.0
Boone	0.0	45.447	271.447	0.0	0.0	2.0	0.0	0.00025248	0.001508	0.0	0.0	1.111e-05
Holt	0.029	6.797	7.797	0.0	0.0	0.0	6.58e-06	0.00154337	0.00177044	0.0	0.0	0.0
Schuyler	0.0	0.0	1.0	0.0	0.0	0.0	0.0	0.0	0.00021744	0.0	0.0	0.0
Laclede	0.035	9.787	21.787	0.0	0.0	0.0	9.8e-07	0.00027405	0.00061006	0.0	0.0	0.0
Buchanan	0.396	125.958	925.958	0.001	0.439	3.439	4.47e-06	0.00142211	0.01045442	1e-08	4.96e-06	3.883e-05
Hickory	0.0	0.0	0.0	0.0	0.0	0.0	0.0	0.0	0.0	0.0	0.0	0.0
Scott	0.291	81.583	230.583	0.073	12.899	22.899	7.57e-06	0.00212135	0.00599571	1.9e-06	0.0003354	0.00059543
Miller	0.019	5.035	13.035	0.073	12.899	12.899	7.5e-07	0.00019873	0.00051449	2.88e-06	0.00050912	0.00050912
Howard	0.0	0.0	3.0	0.073	12.899	12.899	0.0	0.0	0.00029595	7.2e-06	0.00127247	0.00127247
Nodaway	0.013	4.169	22.169	0.073	12.899	12.899	5.8e-07	0.00018692	0.00099395	3.27e-06	0.00057833	0.00057833
Scotland	0.061	11.41	19.41	0.0	0.0	1.0	1.228e-05	0.00229762	0.00390858	0.0	0.0	0.00020137
Cole	0.116	27.175	84.175	0.0	0.0	1.0	1.51e-06	0.00035386	0.00109609	0.0	0.0	1.302e-05
Saline	0.289	70.617	347.617	0.192	27.416	31.416	1.262e-05	0.00308439	0.0151831	8.39e-06	0.00119747	0.00137218
Christian	0.006	1.974	32.974	0.192	27.416	27.416	7e-08	2.269e-05	0.00037909	2.21e-06	0.00031519	0.00031519
Stoddard	0.163	49.01	175.01	0.0	0.0	7.0	5.58e-06	0.00167808	0.00599226	0.0	0.0	0.00023968
Dade	0.0	0.0	1.0	0.0	0.0	0.0	0.0	0.0	0.00013212	0.0	0.0	0.0
Osage	0.009	2.963	7.963	0.0	0.0	0.0	6.6e-07	0.00021606	0.00058065	0.0	0.0	0.0
Unassigned	0.0	0.0	1.0	0.0	0.0	1.0	N/A	N/A	N/A	N/A	N/A	N/A
Randolph	0.852	60.066	72.066	0.0	0.0	0.0	3.441e-05	0.00242564	0.00291023	0.0	0.0	0.0
Shannon	0.0	0.0	6.0	0.0	0.0	0.0	0.0	0.0	0.00073269	0.0	0.0	0.0
Dallas	0.0	0.227	7.227	0.0	0.0	0.0	0.0	1.354e-05	0.00043115	0.0	0.0	0.0
Barry	6.439	453.822	478.822	0.0	0.0	0.0	0.00017943	0.01264621	0.01334286	0.0	0.0	0.0
Cape Girardeau	0.274	82.434	196.434	0.0	0.0	3.0	3.48e-06	0.00104674	0.0024943	0.0	0.0	3.809e-05
Atchison	0.0	0.0	3.0	0.0	0.0	0.0	0.0	0.0	0.00058016	0.0	0.0	0.0
Clay	0.0	62.624	381.624	0.012	3.949	6.949	0.0	0.00025419	0.00154902	5e-08	1.603e-05	2.821e-05
De Kalb	0.064	13.14	22.14	0.012	3.949	3.949	5.07e-06	0.00104038	0.00175297	9.5e-07	0.00031267	0.00031267
Shelby	0.0	0.0	1.0	0.012	3.949	3.949	0.0	0.0	0.00016529	1.98e-06	0.00065273	0.00065273
Putnam	0.0	0.0	2.0	0.012	3.949	3.949	0.0	0.0	0.00042043	2.52e-06	0.00083015	0.00083015
Franklin	0.176	56.069	234.069	0.01	2.244	20.244	1.7e-06	0.00054084	0.00225783	1e-07	2.165e-05	0.00019527
Cooper	0.003	0.875	12.875	0.01	2.244	2.244	1.7e-07	4.971e-05	0.00073141	5.7e-07	0.00012748	0.00012748
Butler	0.058	18.432	76.432	0.01	2.244	2.244	1.36e-06	0.00043228	0.00179254	2.3e-07	5.263e-05	5.263e-05
Iron	0.029	6.797	8.797	0.01	2.244	2.244	2.85e-06	0.00066788	0.0008644	9.8e-07	0.0002205	0.0002205
Greene	0.171	54.42	264.42	0.038	8.076	16.076	5.9e-07	0.00018642	0.00090579	1.3e-07	2.766e-05	5.507e-05
Lafayette	0.0	7.039	93.039	0.029	6.797	8.797	0.0	0.00021593	0.00285413	8.9e-07	0.00020851	0.00026986
Stone	0.087	20.383	28.383	0.029	6.797	6.797	2.74e-06	0.000642	0.00089398	9.1e-07	0.00021409	0.00021409
Daviess	0.0	2.713	9.713	0.029	6.797	6.797	0.0	0.00032636	0.00116841	3.49e-06	0.00081764	0.00081764
Sainte Genevieve	0.021	6.696	20.696	0.0	0.0	1.0	1.17e-06	0.00037433	0.00115698	0.0	0.0	5.59e-05
Chariton	0.0	0.0	6.0	0.0	0.0	0.0	0.0	0.0	0.00080526	0.0	0.0	0.0
Perry	0.147	46.852	133.852	0.0	0.0	0.0	7.68e-06	0.00244658	0.00698966	0.0	0.0	0.0
Texas	0.0	0.0	1.0	0.0	0.0	0.0	0.0	0.0	3.911e-05	0.0	0.0	0.0
Worth	0.0	0.0	4.0	0.0	0.0	0.0	0.0	0.0	0.00196078	0.0	0.0	0.0
Clark	0.0	0.151	1.151	0.0	0.0	0.0	0.0	2.207e-05	0.00016823	0.0	0.0	0.0
Carroll	2.083	146.824	157.824	0.0	0.0	0.0	0.00023825	0.01679332	0.01805147	0.0	0.0	0.0
Moniteau	0.0	0.0	49.0	0.0	0.0	1.0	0.0	0.0	0.00303951	0.0	0.0	6.203e-05
Morgan	0.003	0.875	12.875	0.0	0.0	0.0	1.5e-07	4.298e-05	0.00063243	0.0	0.0	0.0
Knox	0.0	0.0	2.0	0.0	0.0	0.0	0.0	0.0	0.00050671	0.0	0.0	0.0
Warren	0.0	0.467	32.467	0.0	0.0	0.0	0.0	1.345e-05	0.00093535	0.0	0.0	0.0
Johnson	0.14	27.541	114.541	0.0	0.0	0.0	2.61e-06	0.00051333	0.00213489	0.0	0.0	0.0
Kansas City	0.0	216.36	2047.36	0.0	3.023	33.023	N/A	N/A	N/A	N/A	N/A	N/A
Oregon	0.226	34.729	40.729	0.0	3.023	3.023	2.144e-05	0.00329466	0.00386386	0.0	0.00028678	0.00028678
Harrison	0.0	0.0	9.0	0.0	3.023	3.023	0.0	0.0	0.00106965	0.0	0.00035928	0.00035928
Phelps	0.011	3.402	10.402	0.0	3.023	3.023	2.5e-07	7.605e-05	0.00023254	0.0	6.758e-05	6.758e-05
Vernon	0.0	0.062	12.062	0.0	3.023	3.023	0.0	3.02e-06	0.00058759	0.0	0.00014726	0.00014726
Sullivan	0.2	53.743	144.743	0.0	3.023	3.023	3.215e-05	0.00863896	0.02326684	0.0	0.00048593	0.00048593
Cedar	0.0	0.0	9.0	0.0	3.023	3.023	0.0	0.0	0.00063537	0.0	0.00021341	0.00021341
Clinton	0.006	1.974	24.974	0.0	3.023	3.023	2.9e-07	9.643e-05	0.00122003	0.0	0.00014768	0.00014768
Crawford	0.007	2.086	12.086	0.0	3.023	3.023	2.9e-07	8.707e-05	0.00050449	0.0	0.00012618	0.00012618
Gentry	0.0	0.366	54.366	0.0	0.0	9.0	0.0	5.522e-05	0.00820247	0.0	0.0	0.00135788
Grundy	0.0	0.0	12.0	0.0	0.0	0.0	0.0	0.0	0.00121041	0.0	0.0	0.0
Ray	0.018	5.704	30.704	0.0	0.0	0.0	7.9e-07	0.00024927	0.00134178	0.0	0.0	0.0
Jasper	4.482	838.257	1030.257	0.0	0.0	0.0	3.715e-05	0.00694865	0.00854021	0.0	0.0	0.0
Audrain	0.0	3.234	126.234	0.0	0.0	1.0	0.0	0.00012696	0.0049556	0.0	0.0	3.926e-05
Polk	0.112	27.314	38.314	0.0	0.0	0.0	3.48e-06	0.00084823	0.00118984	0.0	0.0	0.0
Callaway	0.091	23.377	65.377	0.0	0.0	1.0	2.03e-06	0.00052077	0.00145641	0.0	0.0	2.228e-05
Bollinger	0.317	45.344	56.344	0.0	0.0	0.0	2.605e-05	0.00372619	0.00463013	0.0	0.0	0.0
Adair	0.113	35.985	120.985	0.0	0.0	0.0	4.46e-06	0.00142014	0.00477466	0.0	0.0	0.0
Saint Clair	0.029	6.797	8.797	0.0	0.0	0.0	3.09e-06	0.00072347	0.00093635	0.0	0.0	0.0
Jackson	2.361	633.712	1566.712	0.0	0.0	22.0	3.37e-06	0.00090491	0.00223718	0.0	0.0	3.141e-05
