Name	Predicted_New_Cases	Total_Predicted_New_Cases	Predicted_New_per_capita	Predicted_Total_per_capita
Wright	0.143	0.764	7.78e-06	4.155e-05
Linn	0.0	0.0	0.0	0.0
Pike	3.234	17.04	0.00017475	0.00092086
Pemiscot	0.053	0.277	3.23e-06	1.7e-05
Montgomery	0.255	1.347	2.213e-05	0.00011678
Platte	0.754	3.976	7.33e-06	3.861e-05
Webster	2.425	12.78	6.201e-05	0.00032677
Reynolds	1.617	8.52	0.00025852	0.0013623
St. Louis City	32.39	170.68	N/A	N/A
Taney	0.485	2.556	8.68e-06	4.576e-05
Lincoln	1.483	7.863	2.57e-05	0.00013631
Ralls	0.766	4.041	7.497e-05	0.0003957
Camden	0.464	2.713	1.013e-05	5.921e-05
New Madrid	0.0	0.0	0.0	0.0
Howell	3.062	16.163	7.641e-05	0.00040332
Caldwell	0.788	4.15	8.651e-05	0.0004556
Washington	0.0	0.0	0.0	0.0
Gasconade	1.576	8.299	0.00010717	0.00056438
Macon	1.617	8.52	0.0001067	0.00056225
Dunklin	0.377	1.988	1.282e-05	6.756e-05
Bates	0.162	0.852	9.91e-06	5.22e-05
Cass	0.647	3.408	6.16e-06	3.247e-05
Jefferson	5.148	27.111	2.295e-05	0.00012084
Newton	0.0	0.0	0.0	0.0
Pulaski	0.377	1.988	7.25e-06	3.822e-05
Ripley	1.617	8.52	0.00012065	0.00063576
Maries	1.617	8.52	0.00018438	0.00097158
Saint Louis	73.672	388.219	7.39e-05	0.00038941
Saint Francois	1.132	5.964	1.697e-05	8.942e-05
Pettis	0.191	1.018	4.48e-06	2.393e-05
McDonald	0.153	0.808	6.63e-06	3.502e-05
Livingston	0.808	4.26	5.337e-05	0.00028126
Benton	0.0	0.0	0.0	0.0
Saint Charles	21.18	111.61	5.306e-05	0.0002796
Henry	0.162	0.852	7.42e-06	3.91e-05
Carter	-0.099	-0.524	-1.633e-05	-8.659e-05
Madison	0.0	0.0	0.0	0.0
Boone	0.03	0.256	1.7e-07	1.42e-06
Buchanan	1.049	5.6	1.184e-05	6.323e-05
Scott	0.701	3.692	1.822e-05	9.6e-05
Howard	0.0	0.0	0.0	0.0
Nodaway	0.0	0.0	0.0	0.0
Scotland	0.0	0.0	0.0	0.0
Cole	1.078	5.68	1.404e-05	7.396e-05
Saline	0.0	0.0	0.0	0.0
Christian	0.229	1.355	2.63e-06	1.557e-05
Stoddard	0.346	1.835	1.184e-05	6.282e-05
Osage	3.234	17.04	0.00023579	0.0012425
Unassigned	0.0	0.0	N/A	N/A
Randolph	0.263	1.383	1.061e-05	5.586e-05
Dallas	0.0	0.0	0.0	0.0
Barry	1.517	6.006	4.226e-05	0.00016735
Cape Girardeau	0.868	4.58	1.102e-05	5.815e-05
Atchison	0.741	3.932	0.00014336	0.00076034
Clay	0.966	5.387	3.92e-06	2.187e-05
De Kalb	1.576	8.299	0.00012477	0.0006571
Shelby	0.766	4.041	0.00012654	0.00066791
Franklin	3.266	17.241	3.151e-05	0.00016631
Cooper	0.0	0.0	0.0	0.0
Butler	3.94	20.748	9.24e-05	0.00048659
Greene	2.048	10.792	7.02e-06	3.697e-05
Lafayette	0.447	2.489	1.37e-05	7.634e-05
Stone	2.425	12.78	7.639e-05	0.00040252
Sainte Genevieve	4.85	25.559	0.00027115	0.00142886
Chariton	0.0	0.0	0.0	0.0
Perry	1.617	8.52	8.443e-05	0.0004449
Texas	-0.143	-0.764	-5.59e-06	-2.987e-05
Worth	0.0	0.0	0.0	0.0
Clark	0.0	0.0	0.0	0.0
Moniteau	0.323	1.704	2.006e-05	0.0001057
Morgan	0.808	4.26	3.971e-05	0.00020925
Warren	0.0	0.0	0.0	0.0
Johnson	0.719	4.09	1.34e-05	7.623e-05
Kansas City	13.419	70.714	N/A	N/A
Oregon	0.0	0.0	0.0	0.0
Harrison	3.234	17.04	0.00038431	0.00202515
Phelps	0.0	0.0	0.0	0.0
Cedar	4.042	21.3	0.00028535	0.00150367
Clinton	0.377	1.988	1.843e-05	9.712e-05
Crawford	3.234	17.04	0.00013497	0.00071126
Gentry	0.0	0.0	0.0	0.0
Ray	0.667	3.564	2.917e-05	0.00015574
Jasper	0.862	4.544	7.15e-06	3.767e-05
Polk	0.0	0.0	0.0	0.0
Callaway	0.216	1.136	4.8e-06	2.531e-05
Bollinger	0.148	0.786	1.218e-05	6.462e-05
Adair	0.016	0.149	6.1e-07	5.87e-06
Jackson	6.018	32.575	8.59e-06	4.652e-05
