Name	Predicted_New_Cases	Total_Predicted_New_Cases	Total_Predicted_Cases	Predicted_New_Deaths	Total_Predicted_New_Deaths	Total_Predicted_Deaths	Predicted_New_per_capita	Predicted_Total_New_per_capita	Predicted_Total_Cases_per_capita	Predicted_New_Deaths_per_capita	Total_Predicted_New_Deaths_per_capita	Total_Predicted_Deaths_per_capita
Wright	0.0	3.827	13.827	0.0	130.244	130.244	0.0	0.00020824	0.00075237	0.0	0.00708695	0.00708695
Linn	0.0	0.0	5.0	0.0	0.0	1.0	0.0	0.0	0.00041539	0.0	0.0	8.308e-05
Pike	0.0	10.376	22.376	0.0	0.0	0.0	0.0	0.00056074	0.00120925	0.0	0.0	0.0
Wayne	0.0	0.0	0.0	0.0	0.0	0.0	0.0	0.0	0.0	0.0	0.0	0.0
Andrew	1.289	381.532	387.532	0.0	0.0	0.0	7.321e-05	0.02166934	0.02201011	0.0	0.0	0.0
Pemiscot	0.252	207.289	255.289	0.0	0.0	3.0	1.549e-05	0.012739	0.01568885	0.0	0.0	0.00018437
Lewis	0.0	0.0	6.0	0.0	0.0	1.0	0.0	0.0	0.00060883	0.0	0.0	0.00010147
Montgomery	0.0	0.0	7.0	0.0	0.0	0.0	0.0	0.0	0.0006069	0.0	0.0	0.0
Platte	0.001	11.486	47.486	0.0	0.0	0.0	1e-08	0.00011153	0.0004611	0.0	0.0	0.0
Webster	0.0	7.656	22.656	0.0	0.0	0.0	0.0	0.00019576	0.0005793	0.0	0.0	0.0
Reynolds	0.0	0.0	2.0	0.0	0.0	0.0	0.0	0.0	0.0003198	0.0	0.0	0.0
Dent	0.0	0.0	0.0	0.0	0.0	0.0	0.0	0.0	0.0	0.0	0.0	0.0
St. Louis City	0.067	843.458	2227.458	0.0	44.04	126.04	N/A	N/A	N/A	N/A	N/A	N/A
Taney	0.001	6.897	18.897	0.355	105.115	107.115	2e-08	0.00012349	0.00033834	6.36e-06	0.00188203	0.00191784
Lincoln	0.0	2.117	76.117	0.0	0.0	1.0	0.0	3.67e-05	0.00131951	0.0	0.0	1.734e-05
Ralls	0.0	0.0	1.0	0.0	0.0	0.0	0.0	0.0	9.792e-05	0.0	0.0	0.0
Camden	0.0	0.0	35.0	0.0	0.0	1.0	0.0	0.0	0.00076394	0.0	0.0	2.183e-05
New Madrid	0.487	144.043	155.043	0.0	0.0	0.0	2.816e-05	0.00832811	0.0089641	0.0	0.0	0.0
Howell	0.0	0.0	5.0	0.0	0.0	0.0	0.0	0.0	0.00012476	0.0	0.0	0.0
Caldwell	0.0	0.62	3.62	0.0	0.0	0.0	0.0	6.807e-05	0.00039745	0.0	0.0	0.0
Washington	0.0	1.242	10.242	0.0	0.0	1.0	0.0	4.979e-05	0.00041062	0.0	0.0	4.009e-05
Gasconade	0.021	14.687	16.687	0.0	0.0	0.0	1.43e-06	0.00099878	0.00113478	0.0	0.0	0.0
Macon	0.0	0.0	2.0	0.0	0.0	0.0	0.0	0.0	0.00013199	0.0	0.0	0.0
Dunklin	0.007	14.047	37.047	0.0	0.0	2.0	2.4e-07	0.00047742	0.00125912	0.0	0.0	6.797e-05
Bates	0.0	0.0	6.0	0.0	0.0	1.0	0.0	0.0	0.00036765	0.0	0.0	6.127e-05
Cass	0.0	16.565	80.565	0.0	0.0	6.0	0.0	0.00015783	0.00076762	0.0	0.0	5.717e-05
Jefferson	0.0	50.469	351.469	0.0	16.628	26.628	0.0	0.00022496	0.00156663	0.0	7.412e-05	0.00011869
Newton	0.0	0.449	11.449	0.0	0.0	1.0	0.0	7.71e-06	0.0001965	0.0	0.0	1.716e-05
Pulaski	0.006	15.089	51.089	0.0	0.0	1.0	1.2e-07	0.00029009	0.00098222	0.0	0.0	1.923e-05
Ripley	0.0	0.067	5.067	0.0	0.0	0.0	0.0	5e-06	0.00037811	0.0	0.0	0.0
Barton	0.0	0.0	0.0	0.0	0.0	0.0	0.0	0.0	0.0	0.0	0.0	0.0
Maries	0.0	0.0	2.0	0.0	0.0	0.0	0.0	0.0	0.00022808	0.0	0.0	0.0
Saint Louis	0.121	2236.817	5884.817	0.0	98.986	302.986	1.2e-07	0.00224367	0.00590285	0.0	9.929e-05	0.00030391
Mississippi	0.004	76.015	108.015	0.0	98.986	98.986	3e-07	0.00569999	0.00809951	0.0	0.00742247	0.00742247
Monroe	0.0	0.0	0.0	0.0	0.0	0.0	0.0	0.0	0.0	0.0	0.0	0.0
Douglas	0.0	0.0	0.0	0.0	0.0	0.0	0.0	0.0	0.0	0.0	0.0	0.0
Saint Francois	0.0	0.312	29.312	0.0	0.0	1.0	0.0	4.68e-06	0.00043951	0.0	0.0	1.499e-05
Pettis	0.008	66.441	121.441	0.0	0.0	0.0	1.9e-07	0.00156177	0.00285461	0.0	0.0	0.0
Lawrence	0.0	0.0	1.0	0.0	0.0	0.0	0.0	0.0	2.607e-05	0.0	0.0	0.0
Marion	0.0	1.69	6.69	0.0	0.0	0.0	0.0	5.911e-05	0.00023398	0.0	0.0	0.0
Mercer	0.0	0.0	0.0	0.0	0.0	0.0	0.0	0.0	0.0	0.0	0.0	0.0
McDonald	0.0	0.0	4.0	0.0	0.0	0.0	0.0	0.0	0.00017333	0.0	0.0	0.0
Livingston	0.0	0.449	4.449	0.0	0.0	0.0	0.0	2.964e-05	0.00029374	0.0	0.0	0.0
Benton	0.015	25.673	33.673	0.0	0.0	0.0	7.8e-07	0.00133173	0.00174671	0.0	0.0	0.0
Saint Charles	0.0	67.1	698.1	0.0	17.011	60.011	0.0	0.00016809	0.00174883	0.0	4.261e-05	0.00015033
Henry	0.0	0.038	8.038	0.0	0.0	1.0	0.0	1.74e-06	0.00036885	0.0	0.0	4.589e-05
Ozark	0.0	0.0	0.0	0.0	0.0	0.0	0.0	0.0	0.0	0.0	0.0	0.0
Carter	0.0	0.0	3.0	0.0	0.0	1.0	0.0	0.0	0.00049554	0.0	0.0	0.00016518
Madison	0.0	0.449	2.449	0.0	0.0	0.0	0.0	3.684e-05	0.00020094	0.0	0.0	0.0
Boone	0.001	9.237	107.237	0.0	0.0	1.0	1e-08	5.132e-05	0.00059574	0.0	0.0	5.56e-06
Holt	0.0	0.0	1.0	0.0	0.0	0.0	0.0	0.0	0.00022707	0.0	0.0	0.0
Schuyler	0.0	0.0	0.0	0.0	0.0	0.0	0.0	0.0	0.0	0.0	0.0	0.0
Laclede	0.0	0.0	0.0	0.0	0.0	0.0	0.0	0.0	0.0	0.0	0.0	0.0
Buchanan	79.774	23611.996	23997.996	0.132	38.931	40.931	0.00090068	0.26658834	0.27094643	1.49e-06	0.00043955	0.00046213
Hickory	0.0	0.0	0.0	0.0	0.0	0.0	0.0	0.0	0.0	0.0	0.0	0.0
Scott	2.16	854.257	930.257	0.0	0.0	2.0	5.617e-05	0.02221273	0.02418891	0.0	0.0	5.2e-05
Miller	0.0	5.073	7.073	0.0	0.0	0.0	0.0	0.00020023	0.00027917	0.0	0.0	0.0
Howard	0.0	0.0	2.0	0.0	0.0	0.0	0.0	0.0	0.0001973	0.0	0.0	0.0
Nodaway	0.355	105.115	110.115	0.0	0.0	0.0	1.592e-05	0.00471283	0.00493701	0.0	0.0	0.0
Scotland	0.0	0.0	4.0	0.0	0.0	0.0	0.0	0.0	0.00080548	0.0	0.0	0.0
Cole	0.001	12.385	65.385	0.0	0.0	1.0	1e-08	0.00016127	0.00085141	0.0	0.0	1.302e-05
Saline	0.0	22.475	230.475	0.0	0.0	0.0	0.0	0.00098166	0.01006661	0.0	0.0	0.0
Christian	0.0	0.0	19.0	0.0	0.0	0.0	0.0	0.0	0.00021843	0.0	0.0	0.0
Stoddard	0.631	186.867	210.867	0.0	0.0	0.0	2.161e-05	0.00639824	0.00721999	0.0	0.0	0.0
Dade	0.0	0.0	0.0	0.0	0.0	0.0	0.0	0.0	0.0	0.0	0.0	0.0
Osage	0.0	0.0	5.0	0.0	0.0	0.0	0.0	0.0	0.00036459	0.0	0.0	0.0
Unassigned	0.0	0.0	1.0	0.0	0.0	1.0	N/A	N/A	N/A	N/A	N/A	N/A
Randolph	0.0	0.0	8.0	0.0	0.0	0.0	0.0	0.0	0.00032306	0.0	0.0	0.0
Shannon	0.0	0.0	0.0	0.0	0.0	0.0	0.0	0.0	0.0	0.0	0.0	0.0
Dallas	0.0	0.0	2.0	0.0	0.0	0.0	0.0	0.0	0.00011932	0.0	0.0	0.0
Barry	0.0	0.0	5.0	0.0	0.0	0.0	0.0	0.0	0.00013933	0.0	0.0	0.0
Cape Girardeau	0.0	1.262	50.262	0.0	0.0	1.0	0.0	1.602e-05	0.00063822	0.0	0.0	1.27e-05
Atchison	0.0	0.0	2.0	0.0	0.0	0.0	0.0	0.0	0.00038677	0.0	0.0	0.0
Clay	0.003	39.022	124.022	0.0	0.124	2.124	1e-08	0.00015839	0.00050341	0.0	5e-07	8.62e-06
De Kalb	0.0	0.0	3.0	0.0	0.124	0.124	0.0	0.0	0.00023753	0.0	9.82e-06	9.82e-06
Shelby	0.0	0.0	1.0	0.0	0.105	0.105	0.0	0.0	0.00016529	0.0	1.736e-05	1.736e-05
Putnam	0.0	0.0	0.0	0.0	0.0	0.0	0.0	0.0	0.0	0.0	0.0	0.0
Franklin	0.342	234.067	366.067	0.991	339.761	352.761	3.3e-06	0.00225781	0.00353108	9.56e-06	0.00327733	0.00340273
Cooper	0.0	7.886	16.886	0.991	339.761	339.761	0.0	0.00044799	0.00095927	5.63e-05	0.01930131	0.01930131
Butler	0.0	0.129	26.129	0.991	339.761	339.761	0.0	3.03e-06	0.0006128	2.324e-05	0.00796832	0.00796832
Iron	0.0	0.0	2.0	0.991	339.761	339.761	0.0	0.0	0.00019652	9.738e-05	0.03338518	0.03338518
Greene	0.044	44.505	143.505	0.0	0.0	8.0	1.5e-07	0.00015245	0.00049159	0.0	0.0	2.74e-05
Lafayette	0.014	35.407	85.407	0.0	0.0	1.0	4.3e-07	0.00108617	0.00262001	0.0	0.0	3.068e-05
Stone	0.0	0.0	3.0	0.0	0.0	0.0	0.0	0.0	9.449e-05	0.0	0.0	0.0
Daviess	0.0	5.073	8.073	0.0	0.0	0.0	0.0	0.00061025	0.00097113	0.0	0.0	0.0
Sainte Genevieve	0.579	171.299	180.299	0.0	0.0	1.0	3.237e-05	0.0095762	0.01007933	0.0	0.0	5.59e-05
Chariton	0.0	0.014	5.014	0.0	0.0	0.0	0.0	1.88e-06	0.00067293	0.0	0.0	0.0
Perry	0.0	7.185	51.185	0.0	0.0	0.0	0.0	0.0003752	0.00267285	0.0	0.0	0.0
Texas	0.0	0.0	1.0	0.0	0.0	0.0	0.0	0.0	3.911e-05	0.0	0.0	0.0
Worth	0.0	0.0	1.0	0.0	0.0	0.0	0.0	0.0	0.0004902	0.0	0.0	0.0
Clark	0.0	0.0	1.0	0.0	0.0	0.0	0.0	0.0	0.00014616	0.0	0.0	0.0
Carroll	0.0	0.0	2.0	0.0	0.0	0.0	0.0	0.0	0.00022875	0.0	0.0	0.0
Moniteau	0.001	14.638	65.638	0.0	0.0	0.0	6e-08	0.00090801	0.00407158	0.0	0.0	0.0
Morgan	0.802	237.485	243.485	0.0	0.0	0.0	3.939e-05	0.01166544	0.01196016	0.0	0.0	0.0
Knox	0.0	0.0	0.0	0.0	0.0	0.0	0.0	0.0	0.0	0.0	0.0	0.0
Warren	0.0	1.8	27.8	0.0	0.0	0.0	0.0	5.186e-05	0.0008009	0.0	0.0	0.0
Johnson	0.167	97.479	157.479	0.0	0.0	0.0	3.11e-06	0.00181688	0.00293519	0.0	0.0	0.0
Kansas City	1.905	1568.199	2274.199	0.128	50.464	66.464	N/A	N/A	N/A	N/A	N/A	N/A
Oregon	0.355	105.115	107.115	0.128	50.464	50.464	3.368e-05	0.00997201	0.01016175	1.214e-05	0.0047874	0.0047874
Harrison	0.0	0.0	6.0	0.128	50.464	50.464	0.0	0.0	0.0007131	1.521e-05	0.00599762	0.00599762
Phelps	0.0	0.175	3.175	0.128	50.464	50.464	0.0	3.91e-06	7.098e-05	2.86e-06	0.00112814	0.00112814
Vernon	0.0	0.0	5.0	0.128	50.464	50.464	0.0	0.0	0.00024357	6.24e-06	0.0024583	0.0024583
Sullivan	0.0	0.0	1.0	0.128	50.464	50.464	0.0	0.0	0.00016075	2.058e-05	0.00811188	0.00811188
Cedar	0.0	0.0	7.0	0.128	50.464	50.464	0.0	0.0	0.00049418	9.04e-06	0.00356258	0.00356258
Clinton	0.0	0.0	13.0	0.128	50.464	50.464	0.0	0.0	0.00063508	6.25e-06	0.00246527	0.00246527
Crawford	0.0	3.451	11.451	0.128	50.464	50.464	0.0	0.00014405	0.00047798	5.34e-06	0.00210644	0.00210644
Gentry	0.0	0.0	1.0	0.128	50.464	50.464	0.0	0.0	0.00015088	1.931e-05	0.00761376	0.00761376
Grundy	0.0	0.0	0.0	0.0	0.0	0.0	0.0	0.0	0.0	0.0	0.0	0.0
Ray	0.0	0.589	12.589	0.128	50.464	50.464	0.0	2.574e-05	0.00055015	5.59e-06	0.00220531	0.00220531
Jasper	0.0	0.241	24.241	0.128	50.464	50.464	0.0	2e-06	0.00020094	1.06e-06	0.00041832	0.00041832
Audrain	0.0	0.0	1.0	0.128	50.464	50.464	0.0	0.0	3.926e-05	5.02e-06	0.00198108	0.00198108
Polk	0.0	0.0	1.0	0.128	50.464	50.464	0.0	0.0	3.105e-05	3.98e-06	0.00156716	0.00156716
Callaway	0.002	7.292	30.292	0.0	0.0	1.0	4e-08	0.00016245	0.00067482	0.0	0.0	2.228e-05
Bollinger	0.0	0.014	4.014	0.0	0.0	0.0	0.0	1.15e-06	0.00032985	0.0	0.0	0.0
Adair	0.0	0.0	12.0	0.0	0.0	0.0	0.0	0.0	0.00047358	0.0	0.0	0.0
Saint Clair	0.0	0.0	2.0	0.0	0.0	0.0	0.0	0.0	0.00021288	0.0	0.0	0.0
Jackson	0.027	140.32	502.32	0.031	27.79	43.79	4e-08	0.00020037	0.00071729	4e-08	3.968e-05	6.253e-05
