Name	Predicted_New_Cases	Total_Predicted_New_Cases	Total_Predicted_Cases	Predicted_New_Deaths	Total_Predicted_New_Deaths	Total_Predicted_Deaths	Predicted_New_per_capita	Predicted_Total_New_per_capita	Predicted_Total_Cases_per_capita	Predicted_New_Deaths_per_capita	Total_Predicted_New_Deaths_per_capita	Total_Predicted_Deaths_per_capita
Linn	0.094	114.02	127.02	0.0	0.0	1.0	7.81e-06	0.00947246	0.01055246	0.0	0.0	8.308e-05
Andrew	0.001	31.45	73.45	0.0	0.0	0.0	6e-08	0.00178622	0.00417164	0.0	0.0	0.0
Webster	0.284	224.084	245.084	0.0	0.0	0.0	7.26e-06	0.00572973	0.00626669	0.0	0.0	0.0
St. Louis City	0.0	462.002	2781.002	0.001	68.752	222.752	N/A	N/A	N/A	N/A	N/A	N/A
Ralls	0.051	40.016	46.016	0.0	0.0	0.0	4.99e-06	0.00391853	0.00450607	0.0	0.0	0.0
Camden	0.006	101.177	151.177	0.0	0.0	1.0	1.3e-07	0.00220838	0.00329973	0.0	0.0	2.183e-05
Washington	0.137	108.042	122.042	0.0	0.0	1.0	5.49e-06	0.00433156	0.00489284	0.0	0.0	4.009e-05
Gasconade	0.142	112.043	116.043	0.0	0.0	0.0	9.66e-06	0.00761938	0.0078914	0.0	0.0	0.0
Dunklin	0.007	170.659	249.659	0.0	0.0	3.0	2.4e-07	0.00580019	0.00848516	0.0	0.0	0.00010196
Newton	0.111	1230.096	1498.096	0.172	136.051	138.051	1.91e-06	0.02111173	0.02571132	2.95e-06	0.002335	0.00236932
Ripley	0.274	216.083	230.083	0.0	0.0	0.0	2.045e-05	0.01612439	0.01716909	0.0	0.0	0.0
Saint Francois	1.719	1356.532	1424.532	0.0	0.0	2.0	2.578e-05	0.02034025	0.02135986	0.0	0.0	2.999e-05
Pettis	0.937	914.518	1014.518	0.0	0.0	1.0	2.203e-05	0.02149683	0.02384744	0.0	0.0	2.351e-05
McDonald	0.044	1138.384	1509.384	0.0	0.0	0.0	1.91e-06	0.04932767	0.06540359	0.0	0.0	0.0
Carter	0.091	72.033	78.033	0.0	0.0	1.0	1.503e-05	0.01189841	0.01288949	0.0	0.0	0.00016518
Boone	0.01	340.253	606.253	0.0	0.0	2.0	6e-08	0.00189024	0.00336798	0.0	0.0	1.111e-05
Laclede	0.001	37.216	57.216	0.0	0.0	0.0	3e-08	0.00104209	0.00160211	0.0	0.0	0.0
Buchanan	0.0	42.503	851.503	0.172	136.051	139.051	0.0	0.00047987	0.00961379	1.94e-06	0.00153607	0.00156994
Scott	0.0	63.996	223.996	0.0	1.92	12.92	0.0	0.00166405	0.00582443	0.0	4.992e-05	0.00033595
Miller	0.216	262.981	273.981	0.0	1.92	1.92	8.53e-06	0.01037974	0.0108139	0.0	7.578e-05	7.578e-05
Howard	0.0	0.0	5.0	0.0	1.92	1.92	0.0	0.0	0.00049324	0.0	0.00018941	0.00018941
Nodaway	0.001	21.374	38.374	0.0	1.92	1.92	4e-08	0.0009583	0.0017205	0.0	8.608e-05	8.608e-05
Christian	0.142	154.87	186.87	0.0	0.447	0.447	1.63e-06	0.00178046	0.00214835	0.0	5.14e-06	5.14e-06
Stoddard	0.0	44.71	171.71	0.0	0.0	8.0	0.0	0.00153085	0.00587927	0.0	0.0	0.00027392
Dade	0.0	0.0	1.0	0.0	0.0	0.0	0.0	0.0	0.00013212	0.0	0.0	0.0
Osage	0.0	0.187	5.187	0.0	0.0	0.0	0.0	1.364e-05	0.00037823	0.0	0.0	0.0
Randolph	0.0	17.834	29.834	0.0	0.0	0.0	0.0	0.00072019	0.00120478	0.0	0.0	0.0
Dallas	0.319	252.099	262.099	0.0	0.0	0.0	1.903e-05	0.01503991	0.0156365	0.0	0.0	0.0
Barry	5.397	3535.464	3566.464	0.0	0.0	0.0	0.00015039	0.09851931	0.09938316	0.0	0.0	0.0
Clay	0.0	183.021	531.021	0.0	9.451	17.451	0.0	0.00074289	0.00215542	0.0	3.836e-05	7.083e-05
De Kalb	0.0	7.886	17.886	0.0	9.451	9.451	0.0	0.00062439	0.00141615	0.0	0.0007483	0.0007483
Shelby	0.091	72.033	74.033	0.0	9.451	9.451	1.504e-05	0.01190628	0.01223686	0.0	0.00156215	0.00156215
Putnam	0.0	0.0	2.0	0.0	9.451	9.451	0.0	0.0	0.00042043	0.0	0.00198676	0.00198676
Franklin	0.0	62.29	253.29	0.0	0.0	18.0	0.0	0.00060085	0.00244323	0.0	0.0	0.00017363
Cooper	0.482	380.151	393.151	0.0	0.0	0.0	2.738e-05	0.02159581	0.02233432	0.0	0.0	0.0
Butler	0.0	55.972	117.972	0.0	0.0	0.0	0.0	0.00131269	0.00276676	0.0	0.0	0.0
Iron	0.0	0.124	2.124	0.0	0.0	0.0	0.0	1.218e-05	0.00020871	0.0	0.0	0.0
Greene	0.115	513.264	741.264	0.063	55.119	63.119	3.9e-07	0.00175822	0.00253924	2.2e-07	0.00018881	0.00021622
Texas	0.051	40.016	42.016	0.0	0.0	0.0	1.99e-06	0.0015649	0.00164311	0.0	0.0	0.0
Morgan	0.482	380.151	392.151	0.0	0.0	0.0	2.368e-05	0.0186733	0.01926275	0.0	0.0	0.0
Warren	0.34	268.107	301.107	0.0	0.0	0.0	9.8e-06	0.00772398	0.00867469	0.0	0.0	0.0
Johnson	0.751	732.671	821.671	0.0	0.0	0.0	1.4e-05	0.01365599	0.01531483	0.0	0.0	0.0
Kansas City	0.0	869.701	2814.701	0.001	19.412	50.412	N/A	N/A	N/A	N/A	N/A	N/A
Oregon	0.0	10.131	16.131	0.001	19.412	19.412	0.0	0.0009611	0.00153031	9e-08	0.00184157	0.00184157
Harrison	0.0	0.0	11.0	0.001	19.412	19.412	0.0	0.0	0.00130734	1.2e-07	0.00230711	0.00230711
Phelps	0.0	3.945	10.945	0.001	19.412	19.412	0.0	8.819e-05	0.00024468	2e-08	0.00043396	0.00043396
Vernon	0.0	0.0	13.0	0.001	19.412	19.412	0.0	0.0	0.00063328	5e-08	0.00094564	0.00094564
Sullivan	0.014	249.39	351.39	0.001	19.412	19.412	2.25e-06	0.04008841	0.05648449	1.6e-07	0.0031204	0.0031204
Cedar	0.0	0.0	9.0	0.001	19.412	19.412	0.0	0.0	0.00063537	7e-08	0.00137042	0.00137042
Clinton	0.735	481.558	504.558	0.001	19.412	19.412	3.591e-05	0.02352506	0.02464866	5e-08	0.00094831	0.00094831
Crawford	0.0	5.743	15.743	0.001	19.412	19.412	0.0	0.00023972	0.00065714	4e-08	0.00081029	0.00081029
Gentry	0.0	0.449	55.449	0.0	0.0	9.0	0.0	6.774e-05	0.00836587	0.0	0.0	0.00135788
Grundy	0.0	0.0	17.0	0.0	0.0	0.0	0.0	0.0	0.00171475	0.0	0.0	0.0
Ray	0.0	0.26	25.26	0.0	0.0	0.0	0.0	1.136e-05	0.00110388	0.0	0.0	0.0
Jasper	0.0	517.308	786.308	0.0	0.0	0.0	0.0	0.00428817	0.00651802	0.0	0.0	0.0
Jackson	0.0	835.075	1865.075	0.0	0.0	23.0	0.0	0.00119244	0.00266322	0.0	0.0	3.284e-05
