Name	Cases	Cases_per_capita	Total_Cases	Total_Cases_per_capita	Deaths	Deaths_per_capita	Total_Deaths	Total_Deaths_per_capita
Sao Tome and Principe	3.136	1.486e-05	168933.113	0.80052463	0.019	9e-08	1013.599	0.00480315
Malawi	134.792	7.43e-06	14524507.594	0.80054321	0.809	4e-08	87147.046	0.00480326
Libya	6.202	9.3e-07	5346524.866	0.80054971	0.037	1e-08	32079.149	0.0048033
Mali	35.434	1.86e-06	15272621.455	0.80054878	0.213	1e-08	91635.729	0.00480329
Angola	11.445	3.7e-07	24664757.438	0.80055008	0.069	0.0	147988.545	0.0048033
Mozambique	27.392	9.3e-07	23612983.786	0.80054971	0.164	1e-08	141677.903	0.0048033
Uganda	15.87	3.7e-07	34202012.35	0.80055008	0.095	0.0	205212.074	0.0048033
Niger	8.337	3.7e-07	17966703.82	0.80055008	0.05	0.0	107800.223	0.0048033
Cape Verde	0.202	3.7e-07	435312.715	0.80055008	0.001	0.0	2611.876	0.0048033
Sierra Leone	56.835	7.43e-06	6124278.825	0.80054321	0.341	4e-08	36745.673	0.00480326
Guinea-Bissau	3.481	1.86e-06	1500475.783	0.80054878	0.021	1e-08	9002.855	0.00480329
Chad	5.749	3.7e-07	12390714.803	0.80055008	0.034	0.0	74344.289	0.0048033
Burundi	83.025	7.43e-06	8946372.955	0.80054321	0.498	4e-08	53678.238	0.00480326
Madagascar	9.756	3.7e-07	21024340.807	0.80055008	0.059	0.0	126146.045	0.0048033
Zimbabwe	5.364	3.7e-07	11559157.017	0.80055008	0.032	0.0	69354.942	0.0048033
Eritrea	1.662	3.7e-07	3582461.609	0.80055008	0.01	0.0	21494.77	0.0048033
South Sudan	122.315	1.114e-05	8786616.664	0.80053578	0.734	7e-08	52719.7	0.00480321
Botswana	8.373	3.71e-06	1804533.633	0.80054692	0.05	2e-08	10827.202	0.00480328
Sao Tome and Principe	3.136	1.486e-05	168933.113	0.80052463	0.019	9e-08	1013.5986757	0.00480315
Malawi	134.792	7.43e-06	14524507.594	0.80054321	0.809	4e-08	87147.04556549	0.00480326
Libya	6.202	9.3e-07	5346524.866	0.80054971	0.037	1e-08	32079.14919737	0.0048033
Mali	35.434	1.86e-06	15272621.455	0.80054878	0.213	1e-08	91635.72872965	0.00480329
Angola	11.445	3.7e-07	24664757.438	0.80055008	0.069	0.0	147988.54462967	0.0048033
Mozambique	27.392	9.3e-07	23612983.786	0.80054971	0.164	1e-08	141677.90271743	0.0048033
Uganda	15.87	3.7e-07	34202012.35	0.80055008	0.095	0.0	205212.07410239	0.0048033
Niger	8.337	3.7e-07	17966703.82	0.80055008	0.05	0.0	107800.22292023	0.0048033
Cape Verde	0.202	3.7e-07	435312.715	0.80055008	0.001	0.0	2611.87629257	0.0048033
Sierra Leone	56.835	7.43e-06	6124278.825	0.80054321	0.341	4e-08	36745.67295012	0.00480326
Guinea-Bissau	3.481	1.86e-06	1500475.783	0.80054878	0.021	1e-08	9002.85469989	0.00480329
Chad	5.749	3.7e-07	12390714.803	0.80055008	0.034	0.0	74344.28882087	0.0048033
Burundi	83.025	7.43e-06	8946372.955	0.80054321	0.498	4e-08	53678.23772985	0.00480326
Madagascar	9.756	3.7e-07	21024340.807	0.80055008	0.059	0.0	126146.04484282	0.0048033
Zimbabwe	5.364	3.7e-07	11559157.017	0.80055008	0.032	0.0	69354.94210249	0.0048033
Eritrea	1.662	3.7e-07	3582461.609	0.80055008	0.01	0.0	21494.76965183	0.0048033
South Sudan	122.315	1.114e-05	8786616.664	0.80053578	0.734	7e-08	52719.699985	0.00480321
Botswana	8.373	3.71e-06	1804533.633	0.80054692	0.05	2e-08	10827.20179582	0.00480328
Sao Tome and Principe	661697.096	3.1355891	35649616889.134	168933.11261602	0.019	9e-08	1013.42	0.0048023
Malawi	2445582673.554	134.79249374	263522716502326.1	14524507.59424758	0.809	4e-08	87131.647	0.00480241
Libya	41421484.055	6.20215146	35707124536268.58	5346524.86622783	0.037	1e-08	32073.481	0.00480245
Mali	675990590.766	35.43356616	291366337604719.4	15272621.45494132	0.213	1e-08	91619.537	0.00480244
Angola	352610920.7	11.44477912	759915306461062.5	24664757.4382776	0.069	0.0	147962.396	0.00480245
Angola	352610920.7	11.44477912	759915306461062.5	24664757.4382776	0.049	0.0	147962.446	0.00480245
Angola	352610920.7	11.44477912	759915306461062.5	24664757.4382776	0.099	0.0	147962.544	0.00480246
Angola	352610920.7	11.44477912	759915306461062.5	24664757.4382776	0.198	1e-08	147962.742	0.00480246
Angola	352610920.7	11.44477912	759915306461062.5	24664757.4382776	0.395	1e-08	147963.137	0.00480248
Angola	352610920.7	11.44477912	759915306461062.5	24664757.4382776	0.687	2e-08	147963.824	0.0048025
Angola	352610920.7	11.44477912	759915306461062.5	24664757.4382776	1.373	4e-08	147965.197	0.00480254
Angola	352610920.7	11.44477912	759915306461062.5	24664757.4382776	2.06	7e-08	147967.257	0.00480261
Angola	352610920.7	11.44477912	759915306461062.5	24664757.4382776	4.12	1.3e-07	147971.377	0.00480274
Angola	352610920.7	11.44477912	759915306461062.5	24664757.4382776	6.867	2.2e-07	147978.244	0.00480297
Mozambique	807949488.909	27.3918677	696487672465522.2	23612983.78623902	0.164	1e-08	141652.869	0.00480245
Uganda	678024488.902	15.87019364	1461217327725763.5	34202012.35039784	0.095	0.0	205175.815	0.00480245
Uganda	678024488.902	15.87019364	1461217327725763.5	34202012.35039784	0.069	0.0	205175.883	0.00480245
Uganda	678024488.902	15.87019364	1461217327725763.5	34202012.35039784	0.137	0.0	205176.02	0.00480246
Uganda	678024488.902	15.87019364	1461217327725763.5	34202012.35039784	0.274	1e-08	205176.294	0.00480246
Uganda	678024488.902	15.87019364	1461217327725763.5	34202012.35039784	0.548	1e-08	205176.842	0.00480248
Uganda	678024488.902	15.87019364	1461217327725763.5	34202012.35039784	0.952	2e-08	205177.794	0.0048025
Uganda	678024488.902	15.87019364	1461217327725763.5	34202012.35039784	1.904	4e-08	205179.699	0.00480254
Uganda	678024488.902	15.87019364	1461217327725763.5	34202012.35039784	2.857	7e-08	205182.556	0.00480261
Uganda	678024488.902	15.87019364	1461217327725763.5	34202012.35039784	5.713	1.3e-07	205188.269	0.00480274
Uganda	678024488.902	15.87019364	1461217327725763.5	34202012.35039784	9.522	2.2e-07	205197.791	0.00480297
Niger	187102193.133	8.33679217	403225799564525.56	17966703.8200385	0.05	0.0	107781.175	0.00480245
Niger	187102193.133	8.33679217	403225799564525.56	17966703.8200385	0.036	0.0	107781.211	0.00480245
Niger	187102193.133	8.33679217	403225799564525.56	17966703.8200385	0.072	0.0	107781.283	0.00480246
Niger	187102193.133	8.33679217	403225799564525.56	17966703.8200385	0.144	1e-08	107781.427	0.00480246
Niger	187102193.133	8.33679217	403225799564525.56	17966703.8200385	0.288	1e-08	107781.715	0.00480248
Niger	187102193.133	8.33679217	403225799564525.56	17966703.8200385	0.5	2e-08	107782.215	0.0048025
Niger	187102193.133	8.33679217	403225799564525.56	17966703.8200385	1.0	4e-08	107783.216	0.00480254
Niger	187102193.133	8.33679217	403225799564525.56	17966703.8200385	1.501	7e-08	107784.716	0.00480261
Niger	187102193.133	8.33679217	403225799564525.56	17966703.8200385	3.001	1.3e-07	107787.718	0.00480274
Niger	187102193.133	8.33679217	403225799564525.56	17966703.8200385	5.002	2.2e-07	107792.72	0.00480297
Cape Verde	109836.015	0.20199095	236708689330.658	435312.71542896	0.001	0.0	2611.415	0.00480245
Cape Verde	109836.015	0.20199095	236708689330.658	435312.71542896	0.001	0.0	2611.416	0.00480245
Cape Verde	109836.015	0.20199095	236708689330.658	435312.71542896	0.002	0.0	2611.417	0.00480246
Cape Verde	109836.015	0.20199095	236708689330.658	435312.71542896	0.003	1e-08	2611.421	0.00480246
Cape Verde	109836.015	0.20199095	236708689330.658	435312.71542896	0.007	1e-08	2611.428	0.00480248
Cape Verde	109836.015	0.20199095	236708689330.658	435312.71542896	0.012	2e-08	2611.44	0.0048025
Cape Verde	109836.015	0.20199095	236708689330.658	435312.71542896	0.024	4e-08	2611.464	0.00480254
Cape Verde	109836.015	0.20199095	236708689330.658	435312.71542896	0.036	7e-08	2611.501	0.00480261
Cape Verde	109836.015	0.20199095	236708689330.658	435312.71542896	0.073	1.3e-07	2611.573	0.00480274
Cape Verde	109836.015	0.20199095	236708689330.658	435312.71542896	0.121	2.2e-07	2611.695	0.00480297
Sierra Leone	434799887.239	56.83544243	46851676150340.28	6124278.82501977	0.341	4e-08	36739.18	0.00480241
Guinea-Bissau	6524863.897	3.48121035	2812355264949.243	1500475.78331494	0.021	1e-08	9001.264	0.00480244
Chad	88988683.727	5.74945829	191780398440258.78	12390714.8034788	0.034	0.0	74331.153	0.00480245
Chad	88988683.727	5.74945829	191780398440258.78	12390714.8034788	0.025	0.0	74331.178	0.00480245
Chad	88988683.727	5.74945829	191780398440258.78	12390714.8034788	0.05	0.0	74331.227	0.00480246
Chad	88988683.727	5.74945829	191780398440258.78	12390714.8034788	0.099	1e-08	74331.326	0.00480246
Chad	88988683.727	5.74945829	191780398440258.78	12390714.8034788	0.199	1e-08	74331.525	0.00480248
Chad	88988683.727	5.74945829	191780398440258.78	12390714.8034788	0.345	2e-08	74331.87	0.0048025
Chad	88988683.727	5.74945829	191780398440258.78	12390714.8034788	0.69	4e-08	74332.56	0.00480254
Chad	88988683.727	5.74945829	191780398440258.78	12390714.8034788	1.035	7e-08	74333.595	0.00480261
Chad	88988683.727	5.74945829	191780398440258.78	12390714.8034788	2.07	1.3e-07	74335.665	0.00480274
Chad	88988683.727	5.74945829	191780398440258.78	12390714.8034788	3.45	2.2e-07	74339.114	0.00480297
Burundi	927840896.231	83.02545974	99979099500819.64	8946372.95497474	0.498	4e-08	53668.753	0.00480241
Madagascar	256204549.199	9.75557685	552148975234452.75	21024340.80713715	0.059	0.0	126123.756	0.00480245
Madagascar	256204549.199	9.75557685	552148975234452.75	21024340.80713715	0.042	0.0	126123.798	0.00480245
Madagascar	256204549.199	9.75557685	552148975234452.75	21024340.80713715	0.084	0.0	126123.882	0.00480246
Madagascar	256204549.199	9.75557685	552148975234452.75	21024340.80713715	0.168	1e-08	126124.051	0.00480246
Madagascar	256204549.199	9.75557685	552148975234452.75	21024340.80713715	0.337	1e-08	126124.387	0.00480248
Madagascar	256204549.199	9.75557685	552148975234452.75	21024340.80713715	0.585	2e-08	126124.973	0.0048025
Madagascar	256204549.199	9.75557685	552148975234452.75	21024340.80713715	1.171	4e-08	126126.143	0.00480254
Madagascar	256204549.199	9.75557685	552148975234452.75	21024340.80713715	1.756	7e-08	126127.899	0.00480261
Madagascar	256204549.199	9.75557685	552148975234452.75	21024340.80713715	3.512	1.3e-07	126131.411	0.00480274
Madagascar	256204549.199	9.75557685	552148975234452.75	21024340.80713715	5.853	2.2e-07	126137.265	0.00480297
Zimbabwe	77445178.898	5.36360429	166902876234472.12	11559157.01708192	0.032	0.0	69342.688	0.00480245
Zimbabwe	77445178.898	5.36360429	166902876234472.12	11559157.01708192	0.023	0.0	69342.711	0.00480245
Zimbabwe	77445178.898	5.36360429	166902876234472.12	11559157.01708192	0.046	0.0	69342.757	0.00480246
Zimbabwe	77445178.898	5.36360429	166902876234472.12	11559157.01708192	0.093	1e-08	69342.85	0.00480246
Zimbabwe	77445178.898	5.36360429	166902876234472.12	11559157.01708192	0.185	1e-08	69343.035	0.00480248
Zimbabwe	77445178.898	5.36360429	166902876234472.12	11559157.01708192	0.322	2e-08	69343.357	0.0048025
Zimbabwe	77445178.898	5.36360429	166902876234472.12	11559157.01708192	0.644	4e-08	69344.0	0.00480254
Zimbabwe	77445178.898	5.36360429	166902876234472.12	11559157.01708192	0.965	7e-08	69344.966	0.00480261
Zimbabwe	77445178.898	5.36360429	166902876234472.12	11559157.01708192	1.931	1.3e-07	69346.897	0.00480274
Zimbabwe	77445178.898	5.36360429	166902876234472.12	11559157.01708192	3.218	2.2e-07	69350.115	0.00480297
Eritrea	7438838.858	1.66231036	16031515698657.707	3582461.60863859	0.01	0.0	21490.972	0.00480245
Eritrea	7438838.858	1.66231036	16031515698657.707	3582461.60863859	0.007	0.0	21490.979	0.00480245
Eritrea	7438838.858	1.66231036	16031515698657.707	3582461.60863859	0.014	0.0	21490.993	0.00480246
Eritrea	7438838.858	1.66231036	16031515698657.707	3582461.60863859	0.029	1e-08	21491.022	0.00480246
Eritrea	7438838.858	1.66231036	16031515698657.707	3582461.60863859	0.057	1e-08	21491.079	0.00480248
Eritrea	7438838.858	1.66231036	16031515698657.707	3582461.60863859	0.1	2e-08	21491.179	0.0048025
Eritrea	7438838.858	1.66231036	16031515698657.707	3582461.60863859	0.199	4e-08	21491.379	0.00480254
Eritrea	7438838.858	1.66231036	16031515698657.707	3582461.60863859	0.299	7e-08	21491.678	0.00480261
Eritrea	7438838.858	1.66231036	16031515698657.707	3582461.60863859	0.598	1.3e-07	21492.276	0.00480274
Eritrea	7438838.858	1.66231036	16031515698657.707	3582461.60863859	0.997	2.2e-07	21493.274	0.00480297
South Sudan	1342524414.18	122.31543362	96441201576560.83	8786616.66416672	0.734	7e-08	52710.385	0.00480237
Botswana	18874499.687	8.37331173	4067646179201.009	1804533.63263678	0.05	2e-08	10825.289	0.00480243
Sao Tome and Principe	3.136	1.486e-05	168933.113	0.80052463	0.019	9e-08	1013.42	0.0048023
Malawi	134.792	7.43e-06	14524507.594	0.80054321	0.809	4e-08	87131.647	0.00480241
Libya	6.202	9.3e-07	5346524.866	0.80054971	0.037	1e-08	32073.481	0.00480245
Mali	35.434	1.86e-06	15272621.455	0.80054878	0.213	1e-08	91619.537	0.00480244
Angola	11.445	3.7e-07	24664757.438	0.80055008	0.069	0.0	147962.396	0.00480245
Angola	11.445	3.7e-07	24664757.438	0.80055008	0.049	0.0	147962.446	0.00480245
Angola	11.445	3.7e-07	24664757.438	0.80055008	0.099	0.0	147962.544	0.00480246
Angola	11.445	3.7e-07	24664757.438	0.80055008	0.198	1e-08	147962.742	0.00480246
Angola	11.445	3.7e-07	24664757.438	0.80055008	0.395	1e-08	147963.137	0.00480248
Angola	11.445	3.7e-07	24664757.438	0.80055008	0.687	2e-08	147963.824	0.0048025
Angola	11.445	3.7e-07	24664757.438	0.80055008	1.373	4e-08	147965.197	0.00480254
Angola	11.445	3.7e-07	24664757.438	0.80055008	2.06	7e-08	147967.257	0.00480261
Angola	11.445	3.7e-07	24664757.438	0.80055008	4.12	1.3e-07	147971.377	0.00480274
Angola	11.445	3.7e-07	24664757.438	0.80055008	6.867	2.2e-07	147978.244	0.00480297
Mozambique	27.392	9.3e-07	23612983.786	0.80054971	0.164	1e-08	141652.869	0.00480245
Uganda	15.87	3.7e-07	34202012.35	0.80055008	0.095	0.0	205175.815	0.00480245
Uganda	15.87	3.7e-07	34202012.35	0.80055008	0.069	0.0	205175.883	0.00480245
Uganda	15.87	3.7e-07	34202012.35	0.80055008	0.137	0.0	205176.02	0.00480246
Uganda	15.87	3.7e-07	34202012.35	0.80055008	0.274	1e-08	205176.294	0.00480246
Uganda	15.87	3.7e-07	34202012.35	0.80055008	0.548	1e-08	205176.842	0.00480248
Uganda	15.87	3.7e-07	34202012.35	0.80055008	0.952	2e-08	205177.794	0.0048025
Uganda	15.87	3.7e-07	34202012.35	0.80055008	1.904	4e-08	205179.699	0.00480254
Uganda	15.87	3.7e-07	34202012.35	0.80055008	2.857	7e-08	205182.556	0.00480261
Uganda	15.87	3.7e-07	34202012.35	0.80055008	5.713	1.3e-07	205188.269	0.00480274
Uganda	15.87	3.7e-07	34202012.35	0.80055008	9.522	2.2e-07	205197.791	0.00480297
Niger	8.337	3.7e-07	17966703.82	0.80055008	0.05	0.0	107781.175	0.00480245
Niger	8.337	3.7e-07	17966703.82	0.80055008	0.036	0.0	107781.211	0.00480245
Niger	8.337	3.7e-07	17966703.82	0.80055008	0.072	0.0	107781.283	0.00480246
Niger	8.337	3.7e-07	17966703.82	0.80055008	0.144	1e-08	107781.427	0.00480246
Niger	8.337	3.7e-07	17966703.82	0.80055008	0.288	1e-08	107781.715	0.00480248
Niger	8.337	3.7e-07	17966703.82	0.80055008	0.5	2e-08	107782.215	0.0048025
Niger	8.337	3.7e-07	17966703.82	0.80055008	1.0	4e-08	107783.216	0.00480254
Niger	8.337	3.7e-07	17966703.82	0.80055008	1.501	7e-08	107784.716	0.00480261
Niger	8.337	3.7e-07	17966703.82	0.80055008	3.001	1.3e-07	107787.718	0.00480274
Niger	8.337	3.7e-07	17966703.82	0.80055008	5.002	2.2e-07	107792.72	0.00480297
Cape Verde	0.202	3.7e-07	435312.715	0.80055008	0.001	0.0	2611.415	0.00480245
Cape Verde	0.202	3.7e-07	435312.715	0.80055008	0.001	0.0	2611.416	0.00480245
Cape Verde	0.202	3.7e-07	435312.715	0.80055008	0.002	0.0	2611.417	0.00480246
Cape Verde	0.202	3.7e-07	435312.715	0.80055008	0.003	1e-08	2611.421	0.00480246
Cape Verde	0.202	3.7e-07	435312.715	0.80055008	0.007	1e-08	2611.428	0.00480248
Cape Verde	0.202	3.7e-07	435312.715	0.80055008	0.012	2e-08	2611.44	0.0048025
Cape Verde	0.202	3.7e-07	435312.715	0.80055008	0.024	4e-08	2611.464	0.00480254
Cape Verde	0.202	3.7e-07	435312.715	0.80055008	0.036	7e-08	2611.501	0.00480261
Cape Verde	0.202	3.7e-07	435312.715	0.80055008	0.073	1.3e-07	2611.573	0.00480274
Cape Verde	0.202	3.7e-07	435312.715	0.80055008	0.121	2.2e-07	2611.695	0.00480297
Sierra Leone	56.835	7.43e-06	6124278.825	0.80054321	0.341	4e-08	36739.18	0.00480241
Guinea-Bissau	3.481	1.86e-06	1500475.783	0.80054878	0.021	1e-08	9001.264	0.00480244
Chad	5.749	3.7e-07	12390714.803	0.80055008	0.034	0.0	74331.153	0.00480245
Chad	5.749	3.7e-07	12390714.803	0.80055008	0.025	0.0	74331.178	0.00480245
Chad	5.749	3.7e-07	12390714.803	0.80055008	0.05	0.0	74331.227	0.00480246
Chad	5.749	3.7e-07	12390714.803	0.80055008	0.099	1e-08	74331.326	0.00480246
Chad	5.749	3.7e-07	12390714.803	0.80055008	0.199	1e-08	74331.525	0.00480248
Chad	5.749	3.7e-07	12390714.803	0.80055008	0.345	2e-08	74331.87	0.0048025
Chad	5.749	3.7e-07	12390714.803	0.80055008	0.69	4e-08	74332.56	0.00480254
Chad	5.749	3.7e-07	12390714.803	0.80055008	1.035	7e-08	74333.595	0.00480261
Chad	5.749	3.7e-07	12390714.803	0.80055008	2.07	1.3e-07	74335.665	0.00480274
Chad	5.749	3.7e-07	12390714.803	0.80055008	3.45	2.2e-07	74339.114	0.00480297
Burundi	83.025	7.43e-06	8946372.955	0.80054321	0.498	4e-08	53668.753	0.00480241
Madagascar	9.756	3.7e-07	21024340.807	0.80055008	0.059	0.0	126123.756	0.00480245
Madagascar	9.756	3.7e-07	21024340.807	0.80055008	0.042	0.0	126123.798	0.00480245
Madagascar	9.756	3.7e-07	21024340.807	0.80055008	0.084	0.0	126123.882	0.00480246
Madagascar	9.756	3.7e-07	21024340.807	0.80055008	0.168	1e-08	126124.051	0.00480246
Madagascar	9.756	3.7e-07	21024340.807	0.80055008	0.337	1e-08	126124.387	0.00480248
Madagascar	9.756	3.7e-07	21024340.807	0.80055008	0.585	2e-08	126124.973	0.0048025
Madagascar	9.756	3.7e-07	21024340.807	0.80055008	1.171	4e-08	126126.143	0.00480254
Madagascar	9.756	3.7e-07	21024340.807	0.80055008	1.756	7e-08	126127.899	0.00480261
Madagascar	9.756	3.7e-07	21024340.807	0.80055008	3.512	1.3e-07	126131.411	0.00480274
Madagascar	9.756	3.7e-07	21024340.807	0.80055008	5.853	2.2e-07	126137.265	0.00480297
Zimbabwe	5.364	3.7e-07	11559157.017	0.80055008	0.032	0.0	69342.688	0.00480245
Zimbabwe	5.364	3.7e-07	11559157.017	0.80055008	0.023	0.0	69342.711	0.00480245
Zimbabwe	5.364	3.7e-07	11559157.017	0.80055008	0.046	0.0	69342.757	0.00480246
Zimbabwe	5.364	3.7e-07	11559157.017	0.80055008	0.093	1e-08	69342.85	0.00480246
Zimbabwe	5.364	3.7e-07	11559157.017	0.80055008	0.185	1e-08	69343.035	0.00480248
Zimbabwe	5.364	3.7e-07	11559157.017	0.80055008	0.322	2e-08	69343.357	0.0048025
Zimbabwe	5.364	3.7e-07	11559157.017	0.80055008	0.644	4e-08	69344.0	0.00480254
Zimbabwe	5.364	3.7e-07	11559157.017	0.80055008	0.965	7e-08	69344.966	0.00480261
Zimbabwe	5.364	3.7e-07	11559157.017	0.80055008	1.931	1.3e-07	69346.897	0.00480274
Zimbabwe	5.364	3.7e-07	11559157.017	0.80055008	3.218	2.2e-07	69350.115	0.00480297
Eritrea	1.662	3.7e-07	3582461.609	0.80055008	0.01	0.0	21490.972	0.00480245
Eritrea	1.662	3.7e-07	3582461.609	0.80055008	0.007	0.0	21490.979	0.00480245
Eritrea	1.662	3.7e-07	3582461.609	0.80055008	0.014	0.0	21490.993	0.00480246
Eritrea	1.662	3.7e-07	3582461.609	0.80055008	0.029	1e-08	21491.022	0.00480246
Eritrea	1.662	3.7e-07	3582461.609	0.80055008	0.057	1e-08	21491.079	0.00480248
Eritrea	1.662	3.7e-07	3582461.609	0.80055008	0.1	2e-08	21491.179	0.0048025
Eritrea	1.662	3.7e-07	3582461.609	0.80055008	0.199	4e-08	21491.379	0.00480254
Eritrea	1.662	3.7e-07	3582461.609	0.80055008	0.299	7e-08	21491.678	0.00480261
Eritrea	1.662	3.7e-07	3582461.609	0.80055008	0.598	1.3e-07	21492.276	0.00480274
Eritrea	1.662	3.7e-07	3582461.609	0.80055008	0.997	2.2e-07	21493.274	0.00480297
South Sudan	122.315	1.114e-05	8786616.664	0.80053578	0.734	7e-08	52710.385	0.00480237
Botswana	8.373	3.71e-06	1804533.633	0.80054692	0.05	2e-08	10825.289	0.00480243
Sao Tome and Principe	11.133	5.276e-05	599810.222	2.84232529	1.002	4.75e-06	3596.69	0.01704366
Malawi	41147.3	0.0022679	4433809755.865	244.37704774	2468.838	0.00013607	26593600.393	1.46575201
Libya	696.923	0.00010435	600777797.163	89.95609345	183.988	2.755e-05	3604035.371	0.53964202
Mali	11373.644	0.00059618	4902282912.642	256.96417714	1774.289	9.3e-05	29407078.015	1.54143809
Angola	5932.732	0.00019256	12785690524.666	414.9882925	3203.675	0.00010398	76703873.588	2.48959643
Angola	0.0	0.0	12785690524.666	414.9882925	2491.748	8.088e-05	76706365.336	2.48967731
Angola	0.0	0.0	12785690524.666	414.9882925	2135.784	6.932e-05	76708501.12	2.48974663
Angola	0.0	0.0	12785690524.666	414.9882925	1779.82	5.777e-05	76710280.939	2.4898044
Angola	0.0	0.0	12785690524.666	414.9882925	1423.856	4.621e-05	76711704.795	2.48985061
Angola	0.0	0.0	12785690524.666	414.9882925	1067.892	3.466e-05	76712772.687	2.48988527
Angola	0.0	0.0	12785690524.666	414.9882925	711.928	2.311e-05	76713484.615	2.48990838
Angola	0.0	0.0	12785690524.666	414.9882925	355.964	1.155e-05	76713840.579	2.48991993
Angola	0.0	0.0	12785690524.666	414.9882925	177.982	5.78e-06	76714018.561	2.48992571
Angola	0.0	0.0	12785690524.666	414.9882925	88.991	2.89e-06	76714107.552	2.4899286
Angola	0.0	0.0	12785690524.666	414.9882925	35.596	1.16e-06	76714143.148	2.48992975
Mozambique	13593.873	0.00046087	11718510942.831	397.29204095	3588.782	0.00012167	70298749.608	2.3833347
Uganda	11407.865	0.00026702	24585203617.737	575.45405589	6160.247	0.00014419	147491474.692	3.45226213
Uganda	0.0	0.0	24585203617.737	575.45405589	4791.303	0.00011215	147496265.995	3.45237427
Uganda	0.0	0.0	24585203617.737	575.45405589	4106.831	9.613e-05	147500372.827	3.4524704
Uganda	0.0	0.0	24585203617.737	575.45405589	3422.36	8.011e-05	147503795.186	3.45255051
Uganda	0.0	0.0	24585203617.737	575.45405589	2737.888	6.408e-05	147506533.074	3.45261459
Uganda	0.0	0.0	24585203617.737	575.45405589	2053.416	4.806e-05	147508586.49	3.45266265
Uganda	0.0	0.0	24585203617.737	575.45405589	1368.944	3.204e-05	147509955.433	3.4526947
Uganda	0.0	0.0	24585203617.737	575.45405589	684.472	1.602e-05	147510639.905	3.45271072
Uganda	0.0	0.0	24585203617.737	575.45405589	342.236	8.01e-06	147510982.141	3.45271873
Uganda	0.0	0.0	24585203617.737	575.45405589	171.118	4.01e-06	147511153.259	3.45272273
Uganda	0.0	0.0	24585203617.737	575.45405589	68.447	1.6e-06	147511221.706	3.45272434
Niger	3148.023	0.00014027	6784335360.742	302.29252239	1699.932	7.574e-05	40700562.937	1.81351233
Niger	0.0	0.0	6784335360.742	302.29252239	1322.17	5.891e-05	40701885.107	1.81357124
Niger	0.0	0.0	6784335360.742	302.29252239	1133.288	5.05e-05	40703018.395	1.81362174
Niger	0.0	0.0	6784335360.742	302.29252239	944.407	4.208e-05	40703962.802	1.81366382
Niger	0.0	0.0	6784335360.742	302.29252239	755.525	3.366e-05	40704718.327	1.81369748
Niger	0.0	0.0	6784335360.742	302.29252239	566.644	2.525e-05	40705284.971	1.81372273
Niger	0.0	0.0	6784335360.742	302.29252239	377.763	1.683e-05	40705662.734	1.81373956
Niger	0.0	0.0	6784335360.742	302.29252239	188.881	8.42e-06	40705851.615	1.81374798
Niger	0.0	0.0	6784335360.742	302.29252239	94.441	4.21e-06	40705946.056	1.81375219
Niger	0.0	0.0	6784335360.742	302.29252239	47.22	2.1e-06	40705993.276	1.81375429
Niger	0.0	0.0	6784335360.742	302.29252239	18.888	8.4e-07	40706012.164	1.81375513
Cape Verde	1.848	3.4e-06	3982659.673	7.3242026	0.998	1.84e-06	23892.759	0.04393933
Cape Verde	0.0	0.0	3982659.673	7.3242026	0.776	1.43e-06	23893.535	0.04394076
Cape Verde	0.0	0.0	3982659.673	7.3242026	0.665	1.22e-06	23894.201	0.04394198
Cape Verde	0.0	0.0	3982659.673	7.3242026	0.554	1.02e-06	23894.755	0.043943
Cape Verde	0.0	0.0	3982659.673	7.3242026	0.444	8.2e-07	23895.199	0.04394382
Cape Verde	0.0	0.0	3982659.673	7.3242026	0.333	6.1e-07	23895.531	0.04394443
Cape Verde	0.0	0.0	3982659.673	7.3242026	0.222	4.1e-07	23895.753	0.04394484
Cape Verde	0.0	0.0	3982659.673	7.3242026	0.111	2e-07	23895.864	0.04394504
Cape Verde	0.0	0.0	3982659.673	7.3242026	0.055	1e-07	23895.919	0.04394514
Cape Verde	0.0	0.0	3982659.673	7.3242026	0.028	5e-08	23895.947	0.0439452
Cape Verde	0.0	0.0	3982659.673	7.3242026	0.011	2e-08	23895.958	0.04394522
Sierra Leone	7315.574	0.00095626	788286571.842	103.04192201	438.934	5.738e-05	4728073.427	0.61803637
Guinea-Bissau	109.782	5.857e-05	47318304.76	25.2457331	17.126	9.14e-06	283845.936	0.15144031
Chad	1497.248	9.674e-05	3226734350.928	208.47565973	808.514	5.224e-05	19357814.369	1.25068651
Chad	0.0	0.0	3226734350.928	208.47565973	628.844	4.063e-05	19358443.213	1.25072714
Chad	0.0	0.0	3226734350.928	208.47565973	539.009	3.482e-05	19358982.223	1.25076196
Chad	0.0	0.0	3226734350.928	208.47565973	449.174	2.902e-05	19359431.397	1.25079098
Chad	0.0	0.0	3226734350.928	208.47565973	359.34	2.322e-05	19359790.737	1.2508142
Chad	0.0	0.0	3226734350.928	208.47565973	269.505	1.741e-05	19360060.241	1.25083161
Chad	0.0	0.0	3226734350.928	208.47565973	179.67	1.161e-05	19360239.911	1.25084322
Chad	0.0	0.0	3226734350.928	208.47565973	89.835	5.8e-06	19360329.746	1.25084902
Chad	0.0	0.0	3226734350.928	208.47565973	44.917	2.9e-06	19360374.663	1.25085193
Chad	0.0	0.0	3226734350.928	208.47565973	22.459	1.45e-06	19360397.122	1.25085338
Chad	0.0	0.0	3226734350.928	208.47565973	8.983	5.8e-07	19360406.106	1.25085396
Burundi	15611.064	0.00139692	1682163544.126	150.52408466	936.664	8.381e-05	10089468.775	0.9028302
Madagascar	4310.68	0.00016414	9289990425.033	353.7377294	2327.767	8.864e-05	55732480.762	2.12214225
Madagascar	0.0	0.0	9289990425.033	353.7377294	1810.486	6.894e-05	55734291.248	2.12221119
Madagascar	0.0	0.0	9289990425.033	353.7377294	1551.845	5.909e-05	55735843.093	2.12227028
Madagascar	0.0	0.0	9289990425.033	353.7377294	1293.204	4.924e-05	55737136.297	2.12231952
Madagascar	0.0	0.0	9289990425.033	353.7377294	1034.563	3.939e-05	55738170.861	2.12235892
Madagascar	0.0	0.0	9289990425.033	353.7377294	775.922	2.955e-05	55738946.783	2.12238846
Madagascar	0.0	0.0	9289990425.033	353.7377294	517.282	1.97e-05	55739464.065	2.12240816
Madagascar	0.0	0.0	9289990425.033	353.7377294	258.641	9.85e-06	55739722.705	2.12241801
Madagascar	0.0	0.0	9289990425.033	353.7377294	129.32	4.92e-06	55739852.026	2.12242293
Madagascar	0.0	0.0	9289990425.033	353.7377294	64.66	2.46e-06	55739916.686	2.12242539
Madagascar	0.0	0.0	9289990425.033	353.7377294	25.864	9.8e-07	55739942.55	2.12242638
Zimbabwe	1303.027	9.024e-05	2808166258.88	194.4845736	703.635	4.873e-05	16846742.014	1.16675123
Zimbabwe	0.0	0.0	2808166258.88	194.4845736	547.271	3.79e-05	16847289.285	1.16678913
Zimbabwe	0.0	0.0	2808166258.88	194.4845736	469.09	3.249e-05	16847758.375	1.16682162
Zimbabwe	0.0	0.0	2808166258.88	194.4845736	390.908	2.707e-05	16848149.283	1.16684869
Zimbabwe	0.0	0.0	2808166258.88	194.4845736	312.726	2.166e-05	16848462.009	1.16687035
Zimbabwe	0.0	0.0	2808166258.88	194.4845736	234.545	1.624e-05	16848696.554	1.1668866
Zimbabwe	0.0	0.0	2808166258.88	194.4845736	156.363	1.083e-05	16848852.917	1.16689742
Zimbabwe	0.0	0.0	2808166258.88	194.4845736	78.182	5.41e-06	16848931.099	1.16690284
Zimbabwe	0.0	0.0	2808166258.88	194.4845736	39.091	2.71e-06	16848970.19	1.16690555
Zimbabwe	0.0	0.0	2808166258.88	194.4845736	19.545	1.35e-06	16848989.735	1.1669069
Zimbabwe	0.0	0.0	2808166258.88	194.4845736	7.818	5.4e-07	16848997.553	1.16690744
Eritrea	125.16	2.797e-05	269732688.132	60.27546104	67.586	1.51e-05	1618179.478	0.36160435
Eritrea	0.0	0.0	269732688.132	60.27546104	52.567	1.175e-05	1618232.045	0.3616161
Eritrea	0.0	0.0	269732688.132	60.27546104	45.057	1.007e-05	1618277.102	0.36162617
Eritrea	0.0	0.0	269732688.132	60.27546104	37.548	8.39e-06	1618314.65	0.36163456
Eritrea	0.0	0.0	269732688.132	60.27546104	30.038	6.71e-06	1618344.688	0.36164127
Eritrea	0.0	0.0	269732688.132	60.27546104	22.529	5.03e-06	1618367.217	0.36164631
Eritrea	0.0	0.0	269732688.132	60.27546104	15.019	3.36e-06	1618382.236	0.36164966
Eritrea	0.0	0.0	269732688.132	60.27546104	7.51	1.68e-06	1618389.746	0.36165134
Eritrea	0.0	0.0	269732688.132	60.27546104	3.755	8.4e-07	1618393.5	0.36165218
Eritrea	0.0	0.0	269732688.132	60.27546104	1.877	4.2e-07	1618395.378	0.3616526
Eritrea	0.0	0.0	269732688.132	60.27546104	0.751	1.7e-07	1618396.129	0.36165277
South Sudan	22588.177	0.00205798	1622637873.854	147.83616078	1807.054	0.00016464	9731625.842	0.88663418
Botswana	317.566	0.00014088	68438765.174	30.36155263	28.581	1.268e-05	410516.362	0.18211775
Sao Tome and Principe	3.136	1.486e-05	168933.113	0.80052463	0.282	1.34e-06	1012.987	0.00480025
Malawi	134.792	7.43e-06	14524507.594	0.80054321	8.088	4.5e-07	87116.717	0.00480159
Libya	6.202	9.3e-07	5346524.866	0.80054971	1.637	2.5e-07	32073.53	0.00480246
Mali	35.434	1.86e-06	15272621.455	0.80054878	5.528	2.9e-07	91615.106	0.00480221
Angola	11.445	3.7e-07	24664757.438	0.80055008	6.18	2e-07	147968.734	0.00480266
Angola	0.0	0.0	24664757.438	0.80055008	4.807	1.6e-07	147973.541	0.00480281
Angola	0.0	0.0	24664757.438	0.80055008	4.12	1.3e-07	147977.661	0.00480295
Angola	0.0	0.0	24664757.438	0.80055008	3.433	1.1e-07	147981.094	0.00480306
Angola	0.0	0.0	24664757.438	0.80055008	2.747	9e-08	147983.841	0.00480315
Angola	0.0	0.0	24664757.438	0.80055008	2.06	7e-08	147985.901	0.00480321
Angola	0.0	0.0	24664757.438	0.80055008	1.373	4e-08	147987.274	0.00480326
Angola	0.0	0.0	24664757.438	0.80055008	0.687	2e-08	147987.961	0.00480328
Angola	0.0	0.0	24664757.438	0.80055008	0.343	1e-08	147988.304	0.00480329
Angola	0.0	0.0	24664757.438	0.80055008	0.172	1e-08	147988.476	0.0048033
Angola	0.0	0.0	24664757.438	0.80055008	0.069	0.0	147988.545	0.0048033
Mozambique	27.392	9.3e-07	23612983.786	0.80054971	7.231	2.5e-07	141653.086	0.00480246
Uganda	15.87	3.7e-07	34202012.35	0.80055008	8.57	2e-07	205184.603	0.00480266
Uganda	0.0	0.0	34202012.35	0.80055008	6.665	1.6e-07	205191.268	0.00480281
Uganda	0.0	0.0	34202012.35	0.80055008	5.713	1.3e-07	205196.982	0.00480295
Uganda	0.0	0.0	34202012.35	0.80055008	4.761	1.1e-07	205201.743	0.00480306
Uganda	0.0	0.0	34202012.35	0.80055008	3.809	9e-08	205205.551	0.00480315
Uganda	0.0	0.0	34202012.35	0.80055008	2.857	7e-08	205208.408	0.00480321
Uganda	0.0	0.0	34202012.35	0.80055008	1.904	4e-08	205210.313	0.00480326
Uganda	0.0	0.0	34202012.35	0.80055008	0.952	2e-08	205211.265	0.00480328
Uganda	0.0	0.0	34202012.35	0.80055008	0.476	1e-08	205211.741	0.00480329
Uganda	0.0	0.0	34202012.35	0.80055008	0.238	1e-08	205211.979	0.0048033
Uganda	0.0	0.0	34202012.35	0.80055008	0.095	0.0	205212.074	0.0048033
Niger	8.337	3.7e-07	17966703.82	0.80055008	4.502	2e-07	107785.792	0.00480266
Niger	0.0	0.0	17966703.82	0.80055008	3.501	1.6e-07	107789.293	0.00480281
Niger	0.0	0.0	17966703.82	0.80055008	3.001	1.3e-07	107792.295	0.00480295
Niger	0.0	0.0	17966703.82	0.80055008	2.501	1.1e-07	107794.796	0.00480306
Niger	0.0	0.0	17966703.82	0.80055008	2.001	9e-08	107796.796	0.00480315
Niger	0.0	0.0	17966703.82	0.80055008	1.501	7e-08	107798.297	0.00480321
Niger	0.0	0.0	17966703.82	0.80055008	1.0	4e-08	107799.298	0.00480326
Niger	0.0	0.0	17966703.82	0.80055008	0.5	2e-08	107799.798	0.00480328
Niger	0.0	0.0	17966703.82	0.80055008	0.25	1e-08	107800.048	0.00480329
Niger	0.0	0.0	17966703.82	0.80055008	0.125	1e-08	107800.173	0.0048033
Niger	0.0	0.0	17966703.82	0.80055008	0.05	0.0	107800.223	0.0048033
Cape Verde	0.202	3.7e-07	435312.715	0.80055008	0.109	2e-07	2611.527	0.00480266
Cape Verde	0.0	0.0	435312.715	0.80055008	0.085	1.6e-07	2611.611	0.00480281
Cape Verde	0.0	0.0	435312.715	0.80055008	0.073	1.3e-07	2611.684	0.00480295
Cape Verde	0.0	0.0	435312.715	0.80055008	0.061	1.1e-07	2611.745	0.00480306
Cape Verde	0.0	0.0	435312.715	0.80055008	0.048	9e-08	2611.793	0.00480315
Cape Verde	0.0	0.0	435312.715	0.80055008	0.036	7e-08	2611.83	0.00480321
Cape Verde	0.0	0.0	435312.715	0.80055008	0.024	4e-08	2611.854	0.00480326
Cape Verde	0.0	0.0	435312.715	0.80055008	0.012	2e-08	2611.866	0.00480328
Cape Verde	0.0	0.0	435312.715	0.80055008	0.006	1e-08	2611.872	0.00480329
Cape Verde	0.0	0.0	435312.715	0.80055008	0.003	1e-08	2611.875	0.0048033
Cape Verde	0.0	0.0	435312.715	0.80055008	0.001	0.0	2611.876	0.0048033
Sierra Leone	56.835	7.43e-06	6124278.825	0.80054321	3.41	4.5e-07	36732.885	0.00480159
Guinea-Bissau	3.481	1.86e-06	1500475.783	0.80054878	0.543	2.9e-07	9000.829	0.00480221
Chad	5.749	3.7e-07	12390714.803	0.80055008	3.105	2e-07	74334.337	0.00480266
Chad	0.0	0.0	12390714.803	0.80055008	2.415	1.6e-07	74336.751	0.00480281
Chad	0.0	0.0	12390714.803	0.80055008	2.07	1.3e-07	74338.821	0.00480295
Chad	0.0	0.0	12390714.803	0.80055008	1.725	1.1e-07	74340.546	0.00480306
Chad	0.0	0.0	12390714.803	0.80055008	1.38	9e-08	74341.926	0.00480315
Chad	0.0	0.0	12390714.803	0.80055008	1.035	7e-08	74342.961	0.00480321
Chad	0.0	0.0	12390714.803	0.80055008	0.69	4e-08	74343.651	0.00480326
Chad	0.0	0.0	12390714.803	0.80055008	0.345	2e-08	74343.996	0.00480328
Chad	0.0	0.0	12390714.803	0.80055008	0.172	1e-08	74344.168	0.00480329
Chad	0.0	0.0	12390714.803	0.80055008	0.086	1e-08	74344.254	0.0048033
Chad	0.0	0.0	12390714.803	0.80055008	0.034	0.0	74344.289	0.0048033
Burundi	83.025	7.43e-06	8946372.955	0.80054321	4.982	4.5e-07	53659.557	0.00480159
Madagascar	9.756	3.7e-07	21024340.807	0.80055008	5.268	2e-07	126129.158	0.00480266
Madagascar	0.0	0.0	21024340.807	0.80055008	4.097	1.6e-07	126133.255	0.00480281
Madagascar	0.0	0.0	21024340.807	0.80055008	3.512	1.3e-07	126136.767	0.00480295
Madagascar	0.0	0.0	21024340.807	0.80055008	2.927	1.1e-07	126139.694	0.00480306
Madagascar	0.0	0.0	21024340.807	0.80055008	2.341	9e-08	126142.035	0.00480315
Madagascar	0.0	0.0	21024340.807	0.80055008	1.756	7e-08	126143.791	0.00480321
Madagascar	0.0	0.0	21024340.807	0.80055008	1.171	4e-08	126144.962	0.00480326
Madagascar	0.0	0.0	21024340.807	0.80055008	0.585	2e-08	126145.547	0.00480328
Madagascar	0.0	0.0	21024340.807	0.80055008	0.293	1e-08	126145.84	0.00480329
Madagascar	0.0	0.0	21024340.807	0.80055008	0.146	1e-08	126145.986	0.0048033
Madagascar	0.0	0.0	21024340.807	0.80055008	0.059	0.0	126146.045	0.0048033
Zimbabwe	5.364	3.7e-07	11559157.017	0.80055008	2.896	2e-07	69345.658	0.00480266
Zimbabwe	0.0	0.0	11559157.017	0.80055008	2.253	1.6e-07	69347.91	0.00480281
Zimbabwe	0.0	0.0	11559157.017	0.80055008	1.931	1.3e-07	69349.841	0.00480295
Zimbabwe	0.0	0.0	11559157.017	0.80055008	1.609	1.1e-07	69351.45	0.00480306
Zimbabwe	0.0	0.0	11559157.017	0.80055008	1.287	9e-08	69352.738	0.00480315
Zimbabwe	0.0	0.0	11559157.017	0.80055008	0.965	7e-08	69353.703	0.00480321
Zimbabwe	0.0	0.0	11559157.017	0.80055008	0.644	4e-08	69354.347	0.00480326
Zimbabwe	0.0	0.0	11559157.017	0.80055008	0.322	2e-08	69354.669	0.00480328
Zimbabwe	0.0	0.0	11559157.017	0.80055008	0.161	1e-08	69354.829	0.00480329
Zimbabwe	0.0	0.0	11559157.017	0.80055008	0.08	1e-08	69354.91	0.0048033
Zimbabwe	0.0	0.0	11559157.017	0.80055008	0.032	0.0	69354.942	0.0048033
Eritrea	1.662	3.7e-07	3582461.609	0.80055008	0.898	2e-07	21491.892	0.00480266
Eritrea	0.0	0.0	3582461.609	0.80055008	0.698	1.6e-07	21492.59	0.00480281
Eritrea	0.0	0.0	3582461.609	0.80055008	0.598	1.3e-07	21493.189	0.00480295
Eritrea	0.0	0.0	3582461.609	0.80055008	0.499	1.1e-07	21493.687	0.00480306
Eritrea	0.0	0.0	3582461.609	0.80055008	0.399	9e-08	21494.086	0.00480315
Eritrea	0.0	0.0	3582461.609	0.80055008	0.299	7e-08	21494.386	0.00480321
Eritrea	0.0	0.0	3582461.609	0.80055008	0.199	4e-08	21494.585	0.00480326
Eritrea	0.0	0.0	3582461.609	0.80055008	0.1	2e-08	21494.685	0.00480328
Eritrea	0.0	0.0	3582461.609	0.80055008	0.05	1e-08	21494.735	0.00480329
Eritrea	0.0	0.0	3582461.609	0.80055008	0.025	1e-08	21494.76	0.0048033
Eritrea	0.0	0.0	3582461.609	0.80055008	0.01	0.0	21494.77	0.0048033
South Sudan	122.315	1.114e-05	8786616.664	0.80053578	9.785	8.9e-07	52696.949	0.00480114
Botswana	8.373	3.71e-06	1804533.633	0.80054692	0.754	3.3e-07	10824.137	0.00480192
Sao Tome and Principe	3.136	1.486e-05	168933.113	0.80052463	0.282	1.34e-06	1012.987	0.00480025
Malawi	134.792	7.43e-06	14524507.594	0.80054321	8.088	4.5e-07	87116.717	0.00480159
Libya	6.202	9.3e-07	5346524.866	0.80054971	1.637	2.5e-07	32073.53	0.00480246
Mali	35.434	1.86e-06	15272621.455	0.80054878	5.528	2.9e-07	91615.106	0.00480221
Angola	11.445	3.7e-07	24664757.438	0.80055008	6.18	2e-07	147968.734	0.00480266
Angola	0.0	0.0	24664757.438	0.80055008	4.807	1.6e-07	147973.541	0.00480281
Angola	0.0	0.0	24664757.438	0.80055008	4.12	1.3e-07	147977.661	0.00480295
Angola	0.0	0.0	24664757.438	0.80055008	3.433	1.1e-07	147981.094	0.00480306
Angola	0.0	0.0	24664757.438	0.80055008	2.747	9e-08	147983.841	0.00480315
Angola	0.0	0.0	24664757.438	0.80055008	2.06	7e-08	147985.901	0.00480321
Angola	0.0	0.0	24664757.438	0.80055008	1.373	4e-08	147987.274	0.00480326
Angola	0.0	0.0	24664757.438	0.80055008	0.687	2e-08	147987.961	0.00480328
Angola	0.0	0.0	24664757.438	0.80055008	0.343	1e-08	147988.304	0.00480329
Angola	0.0	0.0	24664757.438	0.80055008	0.172	1e-08	147988.476	0.0048033
Angola	0.0	0.0	24664757.438	0.80055008	0.069	0.0	147988.545	0.0048033
Mozambique	27.392	9.3e-07	23612983.786	0.80054971	7.231	2.5e-07	141653.086	0.00480246
Uganda	15.87	3.7e-07	34202012.35	0.80055008	8.57	2e-07	205184.603	0.00480266
Uganda	0.0	0.0	34202012.35	0.80055008	6.665	1.6e-07	205191.268	0.00480281
Uganda	0.0	0.0	34202012.35	0.80055008	5.713	1.3e-07	205196.982	0.00480295
Uganda	0.0	0.0	34202012.35	0.80055008	4.761	1.1e-07	205201.743	0.00480306
Uganda	0.0	0.0	34202012.35	0.80055008	3.809	9e-08	205205.551	0.00480315
Uganda	0.0	0.0	34202012.35	0.80055008	2.857	7e-08	205208.408	0.00480321
Uganda	0.0	0.0	34202012.35	0.80055008	1.904	4e-08	205210.313	0.00480326
Uganda	0.0	0.0	34202012.35	0.80055008	0.952	2e-08	205211.265	0.00480328
Uganda	0.0	0.0	34202012.35	0.80055008	0.476	1e-08	205211.741	0.00480329
Uganda	0.0	0.0	34202012.35	0.80055008	0.238	1e-08	205211.979	0.0048033
Uganda	0.0	0.0	34202012.35	0.80055008	0.095	0.0	205212.074	0.0048033
Niger	8.337	3.7e-07	17966703.82	0.80055008	4.502	2e-07	107785.792	0.00480266
Niger	0.0	0.0	17966703.82	0.80055008	3.501	1.6e-07	107789.293	0.00480281
Niger	0.0	0.0	17966703.82	0.80055008	3.001	1.3e-07	107792.295	0.00480295
Niger	0.0	0.0	17966703.82	0.80055008	2.501	1.1e-07	107794.796	0.00480306
Niger	0.0	0.0	17966703.82	0.80055008	2.001	9e-08	107796.796	0.00480315
Niger	0.0	0.0	17966703.82	0.80055008	1.501	7e-08	107798.297	0.00480321
Niger	0.0	0.0	17966703.82	0.80055008	1.0	4e-08	107799.298	0.00480326
Niger	0.0	0.0	17966703.82	0.80055008	0.5	2e-08	107799.798	0.00480328
Niger	0.0	0.0	17966703.82	0.80055008	0.25	1e-08	107800.048	0.00480329
Niger	0.0	0.0	17966703.82	0.80055008	0.125	1e-08	107800.173	0.0048033
Niger	0.0	0.0	17966703.82	0.80055008	0.05	0.0	107800.223	0.0048033
Cape Verde	0.202	3.7e-07	435312.715	0.80055008	0.109	2e-07	2611.527	0.00480266
Cape Verde	0.0	0.0	435312.715	0.80055008	0.085	1.6e-07	2611.611	0.00480281
Cape Verde	0.0	0.0	435312.715	0.80055008	0.073	1.3e-07	2611.684	0.00480295
Cape Verde	0.0	0.0	435312.715	0.80055008	0.061	1.1e-07	2611.745	0.00480306
Cape Verde	0.0	0.0	435312.715	0.80055008	0.048	9e-08	2611.793	0.00480315
Cape Verde	0.0	0.0	435312.715	0.80055008	0.036	7e-08	2611.83	0.00480321
Cape Verde	0.0	0.0	435312.715	0.80055008	0.024	4e-08	2611.854	0.00480326
Cape Verde	0.0	0.0	435312.715	0.80055008	0.012	2e-08	2611.866	0.00480328
Cape Verde	0.0	0.0	435312.715	0.80055008	0.006	1e-08	2611.872	0.00480329
Cape Verde	0.0	0.0	435312.715	0.80055008	0.003	1e-08	2611.875	0.0048033
Cape Verde	0.0	0.0	435312.715	0.80055008	0.001	0.0	2611.876	0.0048033
Sierra Leone	56.835	7.43e-06	6124278.825	0.80054321	3.41	4.5e-07	36732.885	0.00480159
Guinea-Bissau	3.481	1.86e-06	1500475.783	0.80054878	0.543	2.9e-07	9000.829	0.00480221
Chad	5.749	3.7e-07	12390714.803	0.80055008	3.105	2e-07	74334.337	0.00480266
Chad	0.0	0.0	12390714.803	0.80055008	2.415	1.6e-07	74336.751	0.00480281
Chad	0.0	0.0	12390714.803	0.80055008	2.07	1.3e-07	74338.821	0.00480295
Chad	0.0	0.0	12390714.803	0.80055008	1.725	1.1e-07	74340.546	0.00480306
Chad	0.0	0.0	12390714.803	0.80055008	1.38	9e-08	74341.926	0.00480315
Chad	0.0	0.0	12390714.803	0.80055008	1.035	7e-08	74342.961	0.00480321
Chad	0.0	0.0	12390714.803	0.80055008	0.69	4e-08	74343.651	0.00480326
Chad	0.0	0.0	12390714.803	0.80055008	0.345	2e-08	74343.996	0.00480328
Chad	0.0	0.0	12390714.803	0.80055008	0.172	1e-08	74344.168	0.00480329
Chad	0.0	0.0	12390714.803	0.80055008	0.086	1e-08	74344.254	0.0048033
Chad	0.0	0.0	12390714.803	0.80055008	0.034	0.0	74344.289	0.0048033
Burundi	83.025	7.43e-06	8946372.955	0.80054321	4.982	4.5e-07	53659.557	0.00480159
Madagascar	9.756	3.7e-07	21024340.807	0.80055008	5.268	2e-07	126129.158	0.00480266
Madagascar	0.0	0.0	21024340.807	0.80055008	4.097	1.6e-07	126133.255	0.00480281
Madagascar	0.0	0.0	21024340.807	0.80055008	3.512	1.3e-07	126136.767	0.00480295
Madagascar	0.0	0.0	21024340.807	0.80055008	2.927	1.1e-07	126139.694	0.00480306
Madagascar	0.0	0.0	21024340.807	0.80055008	2.341	9e-08	126142.035	0.00480315
Madagascar	0.0	0.0	21024340.807	0.80055008	1.756	7e-08	126143.791	0.00480321
Madagascar	0.0	0.0	21024340.807	0.80055008	1.171	4e-08	126144.962	0.00480326
Madagascar	0.0	0.0	21024340.807	0.80055008	0.585	2e-08	126145.547	0.00480328
Madagascar	0.0	0.0	21024340.807	0.80055008	0.293	1e-08	126145.84	0.00480329
Madagascar	0.0	0.0	21024340.807	0.80055008	0.146	1e-08	126145.986	0.0048033
Madagascar	0.0	0.0	21024340.807	0.80055008	0.059	0.0	126146.045	0.0048033
Zimbabwe	5.364	3.7e-07	11559157.017	0.80055008	2.896	2e-07	69345.658	0.00480266
Zimbabwe	0.0	0.0	11559157.017	0.80055008	2.253	1.6e-07	69347.91	0.00480281
Zimbabwe	0.0	0.0	11559157.017	0.80055008	1.931	1.3e-07	69349.841	0.00480295
Zimbabwe	0.0	0.0	11559157.017	0.80055008	1.609	1.1e-07	69351.45	0.00480306
Zimbabwe	0.0	0.0	11559157.017	0.80055008	1.287	9e-08	69352.738	0.00480315
Zimbabwe	0.0	0.0	11559157.017	0.80055008	0.965	7e-08	69353.703	0.00480321
Zimbabwe	0.0	0.0	11559157.017	0.80055008	0.644	4e-08	69354.347	0.00480326
Zimbabwe	0.0	0.0	11559157.017	0.80055008	0.322	2e-08	69354.669	0.00480328
Zimbabwe	0.0	0.0	11559157.017	0.80055008	0.161	1e-08	69354.829	0.00480329
Zimbabwe	0.0	0.0	11559157.017	0.80055008	0.08	1e-08	69354.91	0.0048033
Zimbabwe	0.0	0.0	11559157.017	0.80055008	0.032	0.0	69354.942	0.0048033
Eritrea	1.662	3.7e-07	3582461.609	0.80055008	0.898	2e-07	21491.892	0.00480266
Eritrea	0.0	0.0	3582461.609	0.80055008	0.698	1.6e-07	21492.59	0.00480281
Eritrea	0.0	0.0	3582461.609	0.80055008	0.598	1.3e-07	21493.189	0.00480295
Eritrea	0.0	0.0	3582461.609	0.80055008	0.499	1.1e-07	21493.687	0.00480306
Eritrea	0.0	0.0	3582461.609	0.80055008	0.399	9e-08	21494.086	0.00480315
Eritrea	0.0	0.0	3582461.609	0.80055008	0.299	7e-08	21494.386	0.00480321
Eritrea	0.0	0.0	3582461.609	0.80055008	0.199	4e-08	21494.585	0.00480326
Eritrea	0.0	0.0	3582461.609	0.80055008	0.1	2e-08	21494.685	0.00480328
Eritrea	0.0	0.0	3582461.609	0.80055008	0.05	1e-08	21494.735	0.00480329
Eritrea	0.0	0.0	3582461.609	0.80055008	0.025	1e-08	21494.76	0.0048033
Eritrea	0.0	0.0	3582461.609	0.80055008	0.01	0.0	21494.77	0.0048033
South Sudan	122.315	1.114e-05	8786616.664	0.80053578	9.785	8.9e-07	52696.949	0.00480114
Botswana	8.373	3.71e-06	1804533.633	0.80054692	0.754	3.3e-07	10824.137	0.00480192
Sao Tome and Principe	3.136	1.486e-05	168933.113	0.80052463	0.282	1.34e-06	1012.987	0.00480025
Malawi	134.792	7.43e-06	14524507.594	0.80054321	8.088	4.5e-07	87116.717	0.00480159
Libya	6.202	9.3e-07	5346524.866	0.80054971	1.637	2.5e-07	32073.53	0.00480246
Mali	35.434	1.86e-06	15272621.455	0.80054878	5.528	2.9e-07	91615.106	0.00480221
Angola	11.445	3.7e-07	24664757.438	0.80055008	6.18	2e-07	147968.734	0.00480266
Angola	0.0	0.0	24664757.438	0.80055008	4.807	1.6e-07	147973.541	0.00480281
Angola	0.0	0.0	24664757.438	0.80055008	4.12	1.3e-07	147977.661	0.00480295
Angola	0.0	0.0	24664757.438	0.80055008	3.433	1.1e-07	147981.094	0.00480306
Angola	0.0	0.0	24664757.438	0.80055008	2.747	9e-08	147983.841	0.00480315
Angola	0.0	0.0	24664757.438	0.80055008	2.06	7e-08	147985.901	0.00480321
Angola	0.0	0.0	24664757.438	0.80055008	1.373	4e-08	147987.274	0.00480326
Angola	0.0	0.0	24664757.438	0.80055008	0.687	2e-08	147987.961	0.00480328
Angola	0.0	0.0	24664757.438	0.80055008	0.343	1e-08	147988.304	0.00480329
Angola	0.0	0.0	24664757.438	0.80055008	0.172	1e-08	147988.476	0.0048033
Angola	0.0	0.0	24664757.438	0.80055008	0.069	0.0	147988.545	0.0048033
Mozambique	27.392	9.3e-07	23612983.786	0.80054971	7.231	2.5e-07	141653.086	0.00480246
Uganda	15.87	3.7e-07	34202012.35	0.80055008	8.57	2e-07	205184.603	0.00480266
Uganda	0.0	0.0	34202012.35	0.80055008	6.665	1.6e-07	205191.268	0.00480281
Uganda	0.0	0.0	34202012.35	0.80055008	5.713	1.3e-07	205196.982	0.00480295
Uganda	0.0	0.0	34202012.35	0.80055008	4.761	1.1e-07	205201.743	0.00480306
Uganda	0.0	0.0	34202012.35	0.80055008	3.809	9e-08	205205.551	0.00480315
Uganda	0.0	0.0	34202012.35	0.80055008	2.857	7e-08	205208.408	0.00480321
Uganda	0.0	0.0	34202012.35	0.80055008	1.904	4e-08	205210.313	0.00480326
Uganda	0.0	0.0	34202012.35	0.80055008	0.952	2e-08	205211.265	0.00480328
Uganda	0.0	0.0	34202012.35	0.80055008	0.476	1e-08	205211.741	0.00480329
Uganda	0.0	0.0	34202012.35	0.80055008	0.238	1e-08	205211.979	0.0048033
Uganda	0.0	0.0	34202012.35	0.80055008	0.095	0.0	205212.074	0.0048033
Niger	8.337	3.7e-07	17966703.82	0.80055008	4.502	2e-07	107785.792	0.00480266
Niger	0.0	0.0	17966703.82	0.80055008	3.501	1.6e-07	107789.293	0.00480281
Niger	0.0	0.0	17966703.82	0.80055008	3.001	1.3e-07	107792.295	0.00480295
Niger	0.0	0.0	17966703.82	0.80055008	2.501	1.1e-07	107794.796	0.00480306
Niger	0.0	0.0	17966703.82	0.80055008	2.001	9e-08	107796.796	0.00480315
Niger	0.0	0.0	17966703.82	0.80055008	1.501	7e-08	107798.297	0.00480321
Niger	0.0	0.0	17966703.82	0.80055008	1.0	4e-08	107799.298	0.00480326
Niger	0.0	0.0	17966703.82	0.80055008	0.5	2e-08	107799.798	0.00480328
Niger	0.0	0.0	17966703.82	0.80055008	0.25	1e-08	107800.048	0.00480329
Niger	0.0	0.0	17966703.82	0.80055008	0.125	1e-08	107800.173	0.0048033
Niger	0.0	0.0	17966703.82	0.80055008	0.05	0.0	107800.223	0.0048033
Cape Verde	0.202	3.7e-07	435312.715	0.80055008	0.109	2e-07	2611.527	0.00480266
Cape Verde	0.0	0.0	435312.715	0.80055008	0.085	1.6e-07	2611.611	0.00480281
Cape Verde	0.0	0.0	435312.715	0.80055008	0.073	1.3e-07	2611.684	0.00480295
Cape Verde	0.0	0.0	435312.715	0.80055008	0.061	1.1e-07	2611.745	0.00480306
Cape Verde	0.0	0.0	435312.715	0.80055008	0.048	9e-08	2611.793	0.00480315
Cape Verde	0.0	0.0	435312.715	0.80055008	0.036	7e-08	2611.83	0.00480321
Cape Verde	0.0	0.0	435312.715	0.80055008	0.024	4e-08	2611.854	0.00480326
Cape Verde	0.0	0.0	435312.715	0.80055008	0.012	2e-08	2611.866	0.00480328
Cape Verde	0.0	0.0	435312.715	0.80055008	0.006	1e-08	2611.872	0.00480329
Cape Verde	0.0	0.0	435312.715	0.80055008	0.003	1e-08	2611.875	0.0048033
Cape Verde	0.0	0.0	435312.715	0.80055008	0.001	0.0	2611.876	0.0048033
Sierra Leone	56.835	7.43e-06	6124278.825	0.80054321	3.41	4.5e-07	36732.885	0.00480159
Guinea-Bissau	3.481	1.86e-06	1500475.783	0.80054878	0.543	2.9e-07	9000.829	0.00480221
Chad	5.749	3.7e-07	12390714.803	0.80055008	3.105	2e-07	74334.337	0.00480266
Chad	0.0	0.0	12390714.803	0.80055008	2.415	1.6e-07	74336.751	0.00480281
Chad	0.0	0.0	12390714.803	0.80055008	2.07	1.3e-07	74338.821	0.00480295
Chad	0.0	0.0	12390714.803	0.80055008	1.725	1.1e-07	74340.546	0.00480306
Chad	0.0	0.0	12390714.803	0.80055008	1.38	9e-08	74341.926	0.00480315
Chad	0.0	0.0	12390714.803	0.80055008	1.035	7e-08	74342.961	0.00480321
Chad	0.0	0.0	12390714.803	0.80055008	0.69	4e-08	74343.651	0.00480326
Chad	0.0	0.0	12390714.803	0.80055008	0.345	2e-08	74343.996	0.00480328
Chad	0.0	0.0	12390714.803	0.80055008	0.172	1e-08	74344.168	0.00480329
Chad	0.0	0.0	12390714.803	0.80055008	0.086	1e-08	74344.254	0.0048033
Chad	0.0	0.0	12390714.803	0.80055008	0.034	0.0	74344.289	0.0048033
Burundi	83.025	7.43e-06	8946372.955	0.80054321	4.982	4.5e-07	53659.557	0.00480159
Madagascar	9.756	3.7e-07	21024340.807	0.80055008	5.268	2e-07	126129.158	0.00480266
Madagascar	0.0	0.0	21024340.807	0.80055008	4.097	1.6e-07	126133.255	0.00480281
Madagascar	0.0	0.0	21024340.807	0.80055008	3.512	1.3e-07	126136.767	0.00480295
Madagascar	0.0	0.0	21024340.807	0.80055008	2.927	1.1e-07	126139.694	0.00480306
Madagascar	0.0	0.0	21024340.807	0.80055008	2.341	9e-08	126142.035	0.00480315
Madagascar	0.0	0.0	21024340.807	0.80055008	1.756	7e-08	126143.791	0.00480321
Madagascar	0.0	0.0	21024340.807	0.80055008	1.171	4e-08	126144.962	0.00480326
Madagascar	0.0	0.0	21024340.807	0.80055008	0.585	2e-08	126145.547	0.00480328
Madagascar	0.0	0.0	21024340.807	0.80055008	0.293	1e-08	126145.84	0.00480329
Madagascar	0.0	0.0	21024340.807	0.80055008	0.146	1e-08	126145.986	0.0048033
Madagascar	0.0	0.0	21024340.807	0.80055008	0.059	0.0	126146.045	0.0048033
Zimbabwe	5.364	3.7e-07	11559157.017	0.80055008	2.896	2e-07	69345.658	0.00480266
Zimbabwe	0.0	0.0	11559157.017	0.80055008	2.253	1.6e-07	69347.91	0.00480281
Zimbabwe	0.0	0.0	11559157.017	0.80055008	1.931	1.3e-07	69349.841	0.00480295
Zimbabwe	0.0	0.0	11559157.017	0.80055008	1.609	1.1e-07	69351.45	0.00480306
Zimbabwe	0.0	0.0	11559157.017	0.80055008	1.287	9e-08	69352.738	0.00480315
Zimbabwe	0.0	0.0	11559157.017	0.80055008	0.965	7e-08	69353.703	0.00480321
Zimbabwe	0.0	0.0	11559157.017	0.80055008	0.644	4e-08	69354.347	0.00480326
Zimbabwe	0.0	0.0	11559157.017	0.80055008	0.322	2e-08	69354.669	0.00480328
Zimbabwe	0.0	0.0	11559157.017	0.80055008	0.161	1e-08	69354.829	0.00480329
Zimbabwe	0.0	0.0	11559157.017	0.80055008	0.08	1e-08	69354.91	0.0048033
Zimbabwe	0.0	0.0	11559157.017	0.80055008	0.032	0.0	69354.942	0.0048033
Eritrea	1.662	3.7e-07	3582461.609	0.80055008	0.898	2e-07	21491.892	0.00480266
Eritrea	0.0	0.0	3582461.609	0.80055008	0.698	1.6e-07	21492.59	0.00480281
Eritrea	0.0	0.0	3582461.609	0.80055008	0.598	1.3e-07	21493.189	0.00480295
Eritrea	0.0	0.0	3582461.609	0.80055008	0.499	1.1e-07	21493.687	0.00480306
Eritrea	0.0	0.0	3582461.609	0.80055008	0.399	9e-08	21494.086	0.00480315
Eritrea	0.0	0.0	3582461.609	0.80055008	0.299	7e-08	21494.386	0.00480321
Eritrea	0.0	0.0	3582461.609	0.80055008	0.199	4e-08	21494.585	0.00480326
Eritrea	0.0	0.0	3582461.609	0.80055008	0.1	2e-08	21494.685	0.00480328
Eritrea	0.0	0.0	3582461.609	0.80055008	0.05	1e-08	21494.735	0.00480329
Eritrea	0.0	0.0	3582461.609	0.80055008	0.025	1e-08	21494.76	0.0048033
Eritrea	0.0	0.0	3582461.609	0.80055008	0.01	0.0	21494.77	0.0048033
South Sudan	122.315	1.114e-05	8786616.664	0.80053578	9.785	8.9e-07	52696.949	0.00480114
Botswana	8.373	3.71e-06	1804533.633	0.80054692	0.754	3.3e-07	10824.137	0.00480192
Sao Tome and Principe	3.136	1.486e-05	168933.113	0.80052463	0.282	1.34e-06	1012.987	0.00480025
Malawi	134.792	7.43e-06	14524507.594	0.80054321	8.088	4.5e-07	87116.717	0.00480159
Libya	6.202	9.3e-07	5346524.866	0.80054971	1.637	2.5e-07	32073.53	0.00480246
Mali	35.434	1.86e-06	15272621.455	0.80054878	5.528	2.9e-07	91615.106	0.00480221
Angola	11.445	3.7e-07	24664757.438	0.80055008	6.18	2e-07	147968.734	0.00480266
Angola	0.0	0.0	24664757.438	0.80055008	4.807	1.6e-07	147973.541	0.00480281
Angola	0.0	0.0	24664757.438	0.80055008	4.12	1.3e-07	147977.661	0.00480295
Angola	0.0	0.0	24664757.438	0.80055008	3.433	1.1e-07	147981.094	0.00480306
Angola	0.0	0.0	24664757.438	0.80055008	2.747	9e-08	147983.841	0.00480315
Angola	0.0	0.0	24664757.438	0.80055008	2.06	7e-08	147985.901	0.00480321
Angola	0.0	0.0	24664757.438	0.80055008	1.373	4e-08	147987.274	0.00480326
Angola	0.0	0.0	24664757.438	0.80055008	0.687	2e-08	147987.961	0.00480328
Angola	0.0	0.0	24664757.438	0.80055008	0.343	1e-08	147988.304	0.00480329
Angola	0.0	0.0	24664757.438	0.80055008	0.172	1e-08	147988.476	0.0048033
Angola	0.0	0.0	24664757.438	0.80055008	0.069	0.0	147988.545	0.0048033
Mozambique	27.392	9.3e-07	23612983.786	0.80054971	7.231	2.5e-07	141653.086	0.00480246
Uganda	15.87	3.7e-07	34202012.35	0.80055008	8.57	2e-07	205184.603	0.00480266
Uganda	0.0	0.0	34202012.35	0.80055008	6.665	1.6e-07	205191.268	0.00480281
Uganda	0.0	0.0	34202012.35	0.80055008	5.713	1.3e-07	205196.982	0.00480295
Uganda	0.0	0.0	34202012.35	0.80055008	4.761	1.1e-07	205201.743	0.00480306
Uganda	0.0	0.0	34202012.35	0.80055008	3.809	9e-08	205205.551	0.00480315
Uganda	0.0	0.0	34202012.35	0.80055008	2.857	7e-08	205208.408	0.00480321
Uganda	0.0	0.0	34202012.35	0.80055008	1.904	4e-08	205210.313	0.00480326
Uganda	0.0	0.0	34202012.35	0.80055008	0.952	2e-08	205211.265	0.00480328
Uganda	0.0	0.0	34202012.35	0.80055008	0.476	1e-08	205211.741	0.00480329
Uganda	0.0	0.0	34202012.35	0.80055008	0.238	1e-08	205211.979	0.0048033
Uganda	0.0	0.0	34202012.35	0.80055008	0.095	0.0	205212.074	0.0048033
Niger	8.337	3.7e-07	17966703.82	0.80055008	4.502	2e-07	107785.792	0.00480266
Niger	0.0	0.0	17966703.82	0.80055008	3.501	1.6e-07	107789.293	0.00480281
Niger	0.0	0.0	17966703.82	0.80055008	3.001	1.3e-07	107792.295	0.00480295
Niger	0.0	0.0	17966703.82	0.80055008	2.501	1.1e-07	107794.796	0.00480306
Niger	0.0	0.0	17966703.82	0.80055008	2.001	9e-08	107796.796	0.00480315
Niger	0.0	0.0	17966703.82	0.80055008	1.501	7e-08	107798.297	0.00480321
Niger	0.0	0.0	17966703.82	0.80055008	1.0	4e-08	107799.298	0.00480326
Niger	0.0	0.0	17966703.82	0.80055008	0.5	2e-08	107799.798	0.00480328
Niger	0.0	0.0	17966703.82	0.80055008	0.25	1e-08	107800.048	0.00480329
Niger	0.0	0.0	17966703.82	0.80055008	0.125	1e-08	107800.173	0.0048033
Niger	0.0	0.0	17966703.82	0.80055008	0.05	0.0	107800.223	0.0048033
Cape Verde	0.202	3.7e-07	435312.715	0.80055008	0.109	2e-07	2611.527	0.00480266
Cape Verde	0.0	0.0	435312.715	0.80055008	0.085	1.6e-07	2611.611	0.00480281
Cape Verde	0.0	0.0	435312.715	0.80055008	0.073	1.3e-07	2611.684	0.00480295
Cape Verde	0.0	0.0	435312.715	0.80055008	0.061	1.1e-07	2611.745	0.00480306
Cape Verde	0.0	0.0	435312.715	0.80055008	0.048	9e-08	2611.793	0.00480315
Cape Verde	0.0	0.0	435312.715	0.80055008	0.036	7e-08	2611.83	0.00480321
Cape Verde	0.0	0.0	435312.715	0.80055008	0.024	4e-08	2611.854	0.00480326
Cape Verde	0.0	0.0	435312.715	0.80055008	0.012	2e-08	2611.866	0.00480328
Cape Verde	0.0	0.0	435312.715	0.80055008	0.006	1e-08	2611.872	0.00480329
Cape Verde	0.0	0.0	435312.715	0.80055008	0.003	1e-08	2611.875	0.0048033
Cape Verde	0.0	0.0	435312.715	0.80055008	0.001	0.0	2611.876	0.0048033
Sierra Leone	56.835	7.43e-06	6124278.825	0.80054321	3.41	4.5e-07	36732.885	0.00480159
Guinea-Bissau	3.481	1.86e-06	1500475.783	0.80054878	0.543	2.9e-07	9000.829	0.00480221
Chad	5.749	3.7e-07	12390714.803	0.80055008	3.105	2e-07	74334.337	0.00480266
Chad	0.0	0.0	12390714.803	0.80055008	2.415	1.6e-07	74336.751	0.00480281
Chad	0.0	0.0	12390714.803	0.80055008	2.07	1.3e-07	74338.821	0.00480295
Chad	0.0	0.0	12390714.803	0.80055008	1.725	1.1e-07	74340.546	0.00480306
Chad	0.0	0.0	12390714.803	0.80055008	1.38	9e-08	74341.926	0.00480315
Chad	0.0	0.0	12390714.803	0.80055008	1.035	7e-08	74342.961	0.00480321
Chad	0.0	0.0	12390714.803	0.80055008	0.69	4e-08	74343.651	0.00480326
Chad	0.0	0.0	12390714.803	0.80055008	0.345	2e-08	74343.996	0.00480328
Chad	0.0	0.0	12390714.803	0.80055008	0.172	1e-08	74344.168	0.00480329
Chad	0.0	0.0	12390714.803	0.80055008	0.086	1e-08	74344.254	0.0048033
Chad	0.0	0.0	12390714.803	0.80055008	0.034	0.0	74344.289	0.0048033
Burundi	83.025	7.43e-06	8946372.955	0.80054321	4.982	4.5e-07	53659.557	0.00480159
Madagascar	9.756	3.7e-07	21024340.807	0.80055008	5.268	2e-07	126129.158	0.00480266
Madagascar	0.0	0.0	21024340.807	0.80055008	4.097	1.6e-07	126133.255	0.00480281
Madagascar	0.0	0.0	21024340.807	0.80055008	3.512	1.3e-07	126136.767	0.00480295
Madagascar	0.0	0.0	21024340.807	0.80055008	2.927	1.1e-07	126139.694	0.00480306
Madagascar	0.0	0.0	21024340.807	0.80055008	2.341	9e-08	126142.035	0.00480315
Madagascar	0.0	0.0	21024340.807	0.80055008	1.756	7e-08	126143.791	0.00480321
Madagascar	0.0	0.0	21024340.807	0.80055008	1.171	4e-08	126144.962	0.00480326
Madagascar	0.0	0.0	21024340.807	0.80055008	0.585	2e-08	126145.547	0.00480328
Madagascar	0.0	0.0	21024340.807	0.80055008	0.293	1e-08	126145.84	0.00480329
Madagascar	0.0	0.0	21024340.807	0.80055008	0.146	1e-08	126145.986	0.0048033
Madagascar	0.0	0.0	21024340.807	0.80055008	0.059	0.0	126146.045	0.0048033
Zimbabwe	5.364	3.7e-07	11559157.017	0.80055008	2.896	2e-07	69345.658	0.00480266
Zimbabwe	0.0	0.0	11559157.017	0.80055008	2.253	1.6e-07	69347.91	0.00480281
Zimbabwe	0.0	0.0	11559157.017	0.80055008	1.931	1.3e-07	69349.841	0.00480295
Zimbabwe	0.0	0.0	11559157.017	0.80055008	1.609	1.1e-07	69351.45	0.00480306
Zimbabwe	0.0	0.0	11559157.017	0.80055008	1.287	9e-08	69352.738	0.00480315
Zimbabwe	0.0	0.0	11559157.017	0.80055008	0.965	7e-08	69353.703	0.00480321
Zimbabwe	0.0	0.0	11559157.017	0.80055008	0.644	4e-08	69354.347	0.00480326
Zimbabwe	0.0	0.0	11559157.017	0.80055008	0.322	2e-08	69354.669	0.00480328
Zimbabwe	0.0	0.0	11559157.017	0.80055008	0.161	1e-08	69354.829	0.00480329
Zimbabwe	0.0	0.0	11559157.017	0.80055008	0.08	1e-08	69354.91	0.0048033
Zimbabwe	0.0	0.0	11559157.017	0.80055008	0.032	0.0	69354.942	0.0048033
Eritrea	1.662	3.7e-07	3582461.609	0.80055008	0.898	2e-07	21491.892	0.00480266
Eritrea	0.0	0.0	3582461.609	0.80055008	0.698	1.6e-07	21492.59	0.00480281
Eritrea	0.0	0.0	3582461.609	0.80055008	0.598	1.3e-07	21493.189	0.00480295
Eritrea	0.0	0.0	3582461.609	0.80055008	0.499	1.1e-07	21493.687	0.00480306
Eritrea	0.0	0.0	3582461.609	0.80055008	0.399	9e-08	21494.086	0.00480315
Eritrea	0.0	0.0	3582461.609	0.80055008	0.299	7e-08	21494.386	0.00480321
Eritrea	0.0	0.0	3582461.609	0.80055008	0.199	4e-08	21494.585	0.00480326
Eritrea	0.0	0.0	3582461.609	0.80055008	0.1	2e-08	21494.685	0.00480328
Eritrea	0.0	0.0	3582461.609	0.80055008	0.05	1e-08	21494.735	0.00480329
Eritrea	0.0	0.0	3582461.609	0.80055008	0.025	1e-08	21494.76	0.0048033
Eritrea	0.0	0.0	3582461.609	0.80055008	0.01	0.0	21494.77	0.0048033
South Sudan	122.315	1.114e-05	8786616.664	0.80053578	9.785	8.9e-07	52696.949	0.00480114
Botswana	8.373	3.71e-06	1804533.633	0.80054692	0.754	3.3e-07	10824.137	0.00480192
Sao Tome and Principe	3.136	1.486e-05	168933.113	0.80052463	0.282	1.34e-06	1012.987	0.00480025
Malawi	134.792	7.43e-06	14524507.594	0.80054321	8.088	4.5e-07	87116.717	0.00480159
Libya	6.202	9.3e-07	5346524.866	0.80054971	1.637	2.5e-07	32073.53	0.00480246
Mali	35.434	1.86e-06	15272621.455	0.80054878	5.528	2.9e-07	91615.106	0.00480221
Angola	11.445	3.7e-07	24664757.438	0.80055008	6.18	2e-07	147968.734	0.00480266
Angola	0.0	0.0	24664757.438	0.80055008	4.807	1.6e-07	147973.541	0.00480281
Angola	0.0	0.0	24664757.438	0.80055008	4.12	1.3e-07	147977.661	0.00480295
Angola	0.0	0.0	24664757.438	0.80055008	3.433	1.1e-07	147981.094	0.00480306
Angola	0.0	0.0	24664757.438	0.80055008	2.747	9e-08	147983.841	0.00480315
Angola	0.0	0.0	24664757.438	0.80055008	2.06	7e-08	147985.901	0.00480321
Angola	0.0	0.0	24664757.438	0.80055008	1.373	4e-08	147987.274	0.00480326
Angola	0.0	0.0	24664757.438	0.80055008	0.687	2e-08	147987.961	0.00480328
Angola	0.0	0.0	24664757.438	0.80055008	0.343	1e-08	147988.304	0.00480329
Angola	0.0	0.0	24664757.438	0.80055008	0.172	1e-08	147988.476	0.0048033
Angola	0.0	0.0	24664757.438	0.80055008	0.069	0.0	147988.545	0.0048033
Mozambique	27.392	9.3e-07	23612983.786	0.80054971	7.231	2.5e-07	141653.086	0.00480246
Uganda	15.87	3.7e-07	34202012.35	0.80055008	8.57	2e-07	205184.603	0.00480266
Uganda	0.0	0.0	34202012.35	0.80055008	6.665	1.6e-07	205191.268	0.00480281
Uganda	0.0	0.0	34202012.35	0.80055008	5.713	1.3e-07	205196.982	0.00480295
Uganda	0.0	0.0	34202012.35	0.80055008	4.761	1.1e-07	205201.743	0.00480306
Uganda	0.0	0.0	34202012.35	0.80055008	3.809	9e-08	205205.551	0.00480315
Uganda	0.0	0.0	34202012.35	0.80055008	2.857	7e-08	205208.408	0.00480321
Uganda	0.0	0.0	34202012.35	0.80055008	1.904	4e-08	205210.313	0.00480326
Uganda	0.0	0.0	34202012.35	0.80055008	0.952	2e-08	205211.265	0.00480328
Uganda	0.0	0.0	34202012.35	0.80055008	0.476	1e-08	205211.741	0.00480329
Uganda	0.0	0.0	34202012.35	0.80055008	0.238	1e-08	205211.979	0.0048033
Uganda	0.0	0.0	34202012.35	0.80055008	0.095	0.0	205212.074	0.0048033
Niger	8.337	3.7e-07	17966703.82	0.80055008	4.502	2e-07	107785.792	0.00480266
Niger	0.0	0.0	17966703.82	0.80055008	3.501	1.6e-07	107789.293	0.00480281
Niger	0.0	0.0	17966703.82	0.80055008	3.001	1.3e-07	107792.295	0.00480295
Niger	0.0	0.0	17966703.82	0.80055008	2.501	1.1e-07	107794.796	0.00480306
Niger	0.0	0.0	17966703.82	0.80055008	2.001	9e-08	107796.796	0.00480315
Niger	0.0	0.0	17966703.82	0.80055008	1.501	7e-08	107798.297	0.00480321
Niger	0.0	0.0	17966703.82	0.80055008	1.0	4e-08	107799.298	0.00480326
Niger	0.0	0.0	17966703.82	0.80055008	0.5	2e-08	107799.798	0.00480328
Niger	0.0	0.0	17966703.82	0.80055008	0.25	1e-08	107800.048	0.00480329
Niger	0.0	0.0	17966703.82	0.80055008	0.125	1e-08	107800.173	0.0048033
Niger	0.0	0.0	17966703.82	0.80055008	0.05	0.0	107800.223	0.0048033
Cape Verde	0.202	3.7e-07	435312.715	0.80055008	0.109	2e-07	2611.527	0.00480266
Cape Verde	0.0	0.0	435312.715	0.80055008	0.085	1.6e-07	2611.611	0.00480281
Cape Verde	0.0	0.0	435312.715	0.80055008	0.073	1.3e-07	2611.684	0.00480295
Cape Verde	0.0	0.0	435312.715	0.80055008	0.061	1.1e-07	2611.745	0.00480306
Cape Verde	0.0	0.0	435312.715	0.80055008	0.048	9e-08	2611.793	0.00480315
Cape Verde	0.0	0.0	435312.715	0.80055008	0.036	7e-08	2611.83	0.00480321
Cape Verde	0.0	0.0	435312.715	0.80055008	0.024	4e-08	2611.854	0.00480326
Cape Verde	0.0	0.0	435312.715	0.80055008	0.012	2e-08	2611.866	0.00480328
Cape Verde	0.0	0.0	435312.715	0.80055008	0.006	1e-08	2611.872	0.00480329
Cape Verde	0.0	0.0	435312.715	0.80055008	0.003	1e-08	2611.875	0.0048033
Cape Verde	0.0	0.0	435312.715	0.80055008	0.001	0.0	2611.876	0.0048033
Sierra Leone	56.835	7.43e-06	6124278.825	0.80054321	3.41	4.5e-07	36732.885	0.00480159
Guinea-Bissau	3.481	1.86e-06	1500475.783	0.80054878	0.543	2.9e-07	9000.829	0.00480221
Chad	5.749	3.7e-07	12390714.803	0.80055008	3.105	2e-07	74334.337	0.00480266
Chad	0.0	0.0	12390714.803	0.80055008	2.415	1.6e-07	74336.751	0.00480281
Chad	0.0	0.0	12390714.803	0.80055008	2.07	1.3e-07	74338.821	0.00480295
Chad	0.0	0.0	12390714.803	0.80055008	1.725	1.1e-07	74340.546	0.00480306
Chad	0.0	0.0	12390714.803	0.80055008	1.38	9e-08	74341.926	0.00480315
Chad	0.0	0.0	12390714.803	0.80055008	1.035	7e-08	74342.961	0.00480321
Chad	0.0	0.0	12390714.803	0.80055008	0.69	4e-08	74343.651	0.00480326
Chad	0.0	0.0	12390714.803	0.80055008	0.345	2e-08	74343.996	0.00480328
Chad	0.0	0.0	12390714.803	0.80055008	0.172	1e-08	74344.168	0.00480329
Chad	0.0	0.0	12390714.803	0.80055008	0.086	1e-08	74344.254	0.0048033
Chad	0.0	0.0	12390714.803	0.80055008	0.034	0.0	74344.289	0.0048033
Burundi	83.025	7.43e-06	8946372.955	0.80054321	4.982	4.5e-07	53659.557	0.00480159
Madagascar	9.756	3.7e-07	21024340.807	0.80055008	5.268	2e-07	126129.158	0.00480266
Madagascar	0.0	0.0	21024340.807	0.80055008	4.097	1.6e-07	126133.255	0.00480281
Madagascar	0.0	0.0	21024340.807	0.80055008	3.512	1.3e-07	126136.767	0.00480295
Madagascar	0.0	0.0	21024340.807	0.80055008	2.927	1.1e-07	126139.694	0.00480306
Madagascar	0.0	0.0	21024340.807	0.80055008	2.341	9e-08	126142.035	0.00480315
Madagascar	0.0	0.0	21024340.807	0.80055008	1.756	7e-08	126143.791	0.00480321
Madagascar	0.0	0.0	21024340.807	0.80055008	1.171	4e-08	126144.962	0.00480326
Madagascar	0.0	0.0	21024340.807	0.80055008	0.585	2e-08	126145.547	0.00480328
Madagascar	0.0	0.0	21024340.807	0.80055008	0.293	1e-08	126145.84	0.00480329
Madagascar	0.0	0.0	21024340.807	0.80055008	0.146	1e-08	126145.986	0.0048033
Madagascar	0.0	0.0	21024340.807	0.80055008	0.059	0.0	126146.045	0.0048033
Zimbabwe	5.364	3.7e-07	11559157.017	0.80055008	2.896	2e-07	69345.658	0.00480266
Zimbabwe	0.0	0.0	11559157.017	0.80055008	2.253	1.6e-07	69347.91	0.00480281
Zimbabwe	0.0	0.0	11559157.017	0.80055008	1.931	1.3e-07	69349.841	0.00480295
Zimbabwe	0.0	0.0	11559157.017	0.80055008	1.609	1.1e-07	69351.45	0.00480306
Zimbabwe	0.0	0.0	11559157.017	0.80055008	1.287	9e-08	69352.738	0.00480315
Zimbabwe	0.0	0.0	11559157.017	0.80055008	0.965	7e-08	69353.703	0.00480321
Zimbabwe	0.0	0.0	11559157.017	0.80055008	0.644	4e-08	69354.347	0.00480326
Zimbabwe	0.0	0.0	11559157.017	0.80055008	0.322	2e-08	69354.669	0.00480328
Zimbabwe	0.0	0.0	11559157.017	0.80055008	0.161	1e-08	69354.829	0.00480329
Zimbabwe	0.0	0.0	11559157.017	0.80055008	0.08	1e-08	69354.91	0.0048033
Zimbabwe	0.0	0.0	11559157.017	0.80055008	0.032	0.0	69354.942	0.0048033
Eritrea	1.662	3.7e-07	3582461.609	0.80055008	0.898	2e-07	21491.892	0.00480266
Eritrea	0.0	0.0	3582461.609	0.80055008	0.698	1.6e-07	21492.59	0.00480281
Eritrea	0.0	0.0	3582461.609	0.80055008	0.598	1.3e-07	21493.189	0.00480295
Eritrea	0.0	0.0	3582461.609	0.80055008	0.499	1.1e-07	21493.687	0.00480306
Eritrea	0.0	0.0	3582461.609	0.80055008	0.399	9e-08	21494.086	0.00480315
Eritrea	0.0	0.0	3582461.609	0.80055008	0.299	7e-08	21494.386	0.00480321
Eritrea	0.0	0.0	3582461.609	0.80055008	0.199	4e-08	21494.585	0.00480326
Eritrea	0.0	0.0	3582461.609	0.80055008	0.1	2e-08	21494.685	0.00480328
Eritrea	0.0	0.0	3582461.609	0.80055008	0.05	1e-08	21494.735	0.00480329
Eritrea	0.0	0.0	3582461.609	0.80055008	0.025	1e-08	21494.76	0.0048033
Eritrea	0.0	0.0	3582461.609	0.80055008	0.01	0.0	21494.77	0.0048033
South Sudan	122.315	1.114e-05	8786616.664	0.80053578	9.785	8.9e-07	52696.949	0.00480114
Botswana	8.373	3.71e-06	1804533.633	0.80054692	0.754	3.3e-07	10824.137	0.00480192
