Name	Confirmed	Deaths	Recovered	Active	Confirmed_per_capita	Deaths_per_capita	IFR_0.30_expected	IFR_0.65_expected	IFR_1.0_expected	IFR_0.30_expected_per_capita	IFR_0.65_expected_per_capita	IFR_1.0_expected_per_capita	Date
Marion	0.0	0.0	0.0	0.0	0.0	0.0	0.0	0.0	0.0	0.0	0.0	0.0	2020-03-22
Marion	0	0	0	0	0.0	0.0	0	0	0	0.0	0.0	0.0	2020-03-23
Marion	0	0	0	0	0.0	0.0	0	0	0	0.0	0.0	0.0	2020-03-24
Marion	0	0	0	0	0.0	0.0	0	0	0	0.0	0.0	0.0	2020-03-25
Marion	0	0	0	0	0.0	0.0	0	0	0	0.0	0.0	0.0	2020-03-26
Marion	0	0	0	0	0.0	0.0	0	0	0	0.0	0.0	0.0	2020-03-27
Marion	0	0	0	0	0.0	0.0	0	0	0	0.0	0.0	0.0	2020-03-28
Marion	0.0	0.0	0.0	0.0	0.0	0.0	0.0	0.0	0.0	0.0	0.0	0.0	2020-03-29
Marion	0.0	0.0	0.0	0.0	0.0	0.0	0.0	0.0	0.0	0.0	0.0	0.0	2020-03-30
Marion	1.0	0.0	0.0	0.0	0.00011975	0.0	5.0	2.0	1.25	0.00059875	0.0002395	0.0001496875	2020-04-03
Marion	2.0	0.0	0.0	0.0	0.00023949	0.0	10.0	4.0	2.5	0.00119745	0.00047898	0.0002993625	2020-04-04
Marion	2.0	0.0	0.0	0.0	0.00023949	0.0	10.0	4.0	2.5	0.00119745	0.00047898	0.0002993625	2020-04-05
Marion	2.0	0.0	0.0	0.0	0.00023949	0.0	10.0	4.0	2.5	0.00119745	0.00047898	0.0002993625	2020-04-06
Marion	3.0	0.0	0.0	0.0	0.00035924	0.0	15.0	6.0	3.75	0.0017962	0.00071848	0.00044905	2020-04-07
Marion	5.0	0.0	0.0	0.0	0.00059873	0.0	25.0	10.0	6.25	0.00299365	0.00119746	0.0007484125	2020-04-08
Marion	7.0	0.0	0.0	0.0	0.00083822	0.0	35.0	14.0	8.75	0.0041911	0.00167644	0.001047775	2020-04-09
Marion	9.0	0.0	0.0	0.0	0.00107772	0.0	45.0	18.0	11.25	0.0053886	0.00215544	0.00134715	2020-04-10
Marion	10.0	0.0	0.0	0.0	0.00119746	0.0	50.0	20.0	12.5	0.0059873	0.00239492	0.001496825	2020-04-11
Marion	10.0	0.0	0.0	10.0	0.00119746	0.0	50.0	20.0	12.5	0.0059873	0.00239492	0.001496825	2020-04-12
Marion	10.0	0.0	0.0	10.0	0.00119746	0.0	50.0	20.0	12.5	0.0059873	0.00239492	0.001496825	2020-04-13
Marion	17.0	0.0	0.0	17.0	0.00203568	0.0	85.0	34.0	21.25	0.0101784	0.00407136	0.0025446	2020-04-14
Marion	17.0	0.0	0.0	17.0	0.00203568	0.0	85.0	34.0	21.25	0.0101784	0.00407136	0.0025446	2020-04-15
Marion	17.0	0.0	0.0	17.0	0.00203568	0.0	85.0	34.0	21.25	0.0101784	0.00407136	0.0025446	2020-04-16
Marion	24.0	1.0	0.0	23.0	0.00287391	0.00011975	333.333333333	153.846153846	100.0	0.0399166666667	0.0184230769231	0.011975	2020-04-17
Marion	26.0	1.0	0.0	25.0	0.0031134	0.00011975	333.333333333	153.846153846	100.0	0.0399166666667	0.0184230769231	0.011975	2020-04-18
Marion	28.0	1.0	0.0	27.0	0.00335289	0.00011975	333.333333333	153.846153846	100.0	0.0399166666667	0.0184230769231	0.011975	2020-04-19
Marion	29.0	1.0	0.0	28.0	0.00347264	0.00011975	333.333333333	153.846153846	100.0	0.0399166666667	0.0184230769231	0.011975	2020-04-20
Marion	29.0	1.0	0.0	28.0	0.00347264	0.00011975	333.333333333	153.846153846	100.0	0.0399166666667	0.0184230769231	0.011975	2020-04-21
Marion	33.0	1.0	0.0	32.0	0.00395162	0.00011975	333.333333333	153.846153846	100.0	0.0399166666667	0.0184230769231	0.011975	2020-04-22
Marion	34.0	1.0	0.0	33.0	0.00407137	0.00011975	333.333333333	153.846153846	100.0	0.0399166666667	0.0184230769231	0.011975	2020-04-23
Marion	35.0	1.0	0.0	34.0	0.00419111	0.00011975	333.333333333	153.846153846	100.0	0.0399166666667	0.0184230769231	0.011975	2020-04-24
Marion	38.0	1.0	0.0	37.0	0.00455035	0.00011975	333.333333333	153.846153846	100.0	0.0399166666667	0.0184230769231	0.011975	2020-04-25
Marion	38.0	1.0	0.0	37.0	0.00455035	0.00011975	333.333333333	153.846153846	100.0	0.0399166666667	0.0184230769231	0.011975	2020-04-26
Marion	40.0	1.0	0.0	39.0	0.00478985	0.00011975	333.333333333	153.846153846	100.0	0.0399166666667	0.0184230769231	0.011975	2020-04-27
Marion	40.0	1.0	0.0	39.0	0.00478985	0.00011975	333.333333333	153.846153846	100.0	0.0399166666667	0.0184230769231	0.011975	2020-04-28
Marion	42.0	1.0	0.0	41.0	0.00502934	0.00011975	333.333333333	153.846153846	100.0	0.0399166666667	0.0184230769231	0.011975	2020-04-29
Marion	42.0	1.0	0.0	41.0	0.00502934	0.00011975	333.333333333	153.846153846	100.0	0.0399166666667	0.0184230769231	0.011975	2020-04-30
Marion	42.0	1.0	0.0	41.0	0.00502934	0.00011975	333.333333333	153.846153846	100.0	0.0399166666667	0.0184230769231	0.011975	2020-05-01
Marion	42.0	1.0	0.0	41.0	0.00502934	0.00011975	333.333333333	153.846153846	100.0	0.0399166666667	0.0184230769231	0.011975	2020-05-02
Marion	42.0	1.0	0.0	41.0	0.00502934	0.00011975	333.333333333	153.846153846	100.0	0.0399166666667	0.0184230769231	0.011975	2020-05-03
Marion	39.0	1.0	0.0	38.0	0.0046701	0.00011975	333.333333333	153.846153846	100.0	0.0399166666667	0.0184230769231	0.011975	2020-05-04
Marion	37.0	1.0	0.0	36.0	0.00443061	0.00011975	333.333333333	153.846153846	100.0	0.0399166666667	0.0184230769231	0.011975	2020-05-05
Marion	37.0	1.0	0.0	36.0	0.00443061	0.00011975	333.333333333	153.846153846	100.0	0.0399166666667	0.0184230769231	0.011975	2020-05-06
Marion	37.0	1.0	0.0	36.0	0.00443061	0.00011975	333.333333333	153.846153846	100.0	0.0399166666667	0.0184230769231	0.011975	2020-05-07
Marion	39.0	1.0	0.0	38.0	0.0046701	0.00011975	333.333333333	153.846153846	100.0	0.0399166666667	0.0184230769231	0.011975	2020-05-08
Marion	39.0	1.0	0.0	38.0	0.0046701	0.00011975	333.333333333	153.846153846	100.0	0.0399166666667	0.0184230769231	0.011975	2020-05-09
Marion	40.0	1.0	0.0	39.0	0.00478985	0.00011975	333.333333333	153.846153846	100.0	0.0399166666667	0.0184230769231	0.011975	2020-05-10
Marion	40.0	1.0	0.0	39.0	0.00478985	0.00011975	333.333333333	153.846153846	100.0	0.0399166666667	0.0184230769231	0.011975	2020-05-11
Marion	40.0	1.0	0.0	39.0	0.00478985	0.00011975	333.333333333	153.846153846	100.0	0.0399166666667	0.0184230769231	0.011975	2020-05-12
Marion	38.0	1.0	0.0	37.0	0.00455035	0.00011975	333.333333333	153.846153846	100.0	0.0399166666667	0.0184230769231	0.011975	2020-05-13
Marion	38.0	1.0	0.0	37.0	0.00455035	0.00011975	333.333333333	153.846153846	100.0	0.0399166666667	0.0184230769231	0.011975	2020-05-14
Marion	39.0	1.0	0.0	38.0	0.0046701	0.00011975	333.333333333	153.846153846	100.0	0.0399166666667	0.0184230769231	0.011975	2020-05-15
Marion	39.0	1.0	0.0	38.0	0.0046701	0.00011975	333.333333333	153.846153846	100.0	0.0399166666667	0.0184230769231	0.011975	2020-05-16
Marion	40.0	2.0	0.0	38.0	0.00478985	0.00023949	666.666666667	307.692307692	200.0	0.07983	0.0368446153846	0.023949	2020-05-17
Marion	46.0	2.0	0.0	44.0	0.00550832	0.00023949	666.666666667	307.692307692	200.0	0.07983	0.0368446153846	0.023949	2020-05-18
Marion	47.0	2.0	0.0	45.0	0.00562807	0.00023949	666.666666667	307.692307692	200.0	0.07983	0.0368446153846	0.023949	2020-05-19
Marion	47.0	2.0	0.0	45.0	0.00562807	0.00023949	666.666666667	307.692307692	200.0	0.07983	0.0368446153846	0.023949	2020-05-20
Marion	48.0	2.0	0.0	46.0	0.00574781	0.00023949	666.666666667	307.692307692	200.0	0.07983	0.0368446153846	0.023949	2020-05-21
Marion	48.0	2.0	0.0	46.0	0.00574781	0.00023949	666.666666667	307.692307692	200.0	0.07983	0.0368446153846	0.023949	2020-05-22
Marion	49.0	2.0	0.0	47.0	0.00586756	0.00023949	666.666666667	307.692307692	200.0	0.07983	0.0368446153846	0.023949	2020-05-23
Marion	49.0	2.0	0.0	47.0	0.00586756	0.00023949	666.666666667	307.692307692	200.0	0.07983	0.0368446153846	0.023949	2020-05-24
Marion	49.0	2.0	0.0	47.0	0.00586756	0.00023949	666.666666667	307.692307692	200.0	0.07983	0.0368446153846	0.023949	2020-05-25
Marion	49.0	2.0	0.0	47.0	0.00586756	0.00023949	666.666666667	307.692307692	200.0	0.07983	0.0368446153846	0.023949	2020-05-26
Marion	52.0	2.0	0.0	50.0	0.0062268	0.00023949	666.666666667	307.692307692	200.0	0.07983	0.0368446153846	0.023949	2020-05-27
Marion	53.0	2.0	0.0	51.0	0.00634655	0.00023949	666.666666667	307.692307692	200.0	0.07983	0.0368446153846	0.023949	2020-05-28
Marion	57.0	2.0	0.0	55.0	0.00682553	0.00023949	666.666666667	307.692307692	200.0	0.07983	0.0368446153846	0.023949	2020-05-29
Marion	57.0	2.0	0.0	55.0	0.00682553	0.00023949	666.666666667	307.692307692	200.0	0.07983	0.0368446153846	0.023949	2020-05-30
Marion	57.0	2.0	0.0	55.0	0.00682553	0.00023949	666.666666667	307.692307692	200.0	0.07983	0.0368446153846	0.023949	2020-05-31
Marion	57.0	2.0	0.0	55.0	0.00682553	0.00023949	666.666666667	307.692307692	200.0	0.07983	0.0368446153846	0.023949	2020-06-01
Marion	59.0	2.0	0.0	57.0	0.00706502	0.00023949	666.666666667	307.692307692	200.0	0.07983	0.0368446153846	0.023949	2020-06-02
Marion	59.0	2.0	0.0	57.0	0.00706502	0.00023949	666.666666667	307.692307692	200.0	0.07983	0.0368446153846	0.023949	2020-06-03
Marion	59.0	2.0	0.0	57.0	0.00706502	0.00023949	666.666666667	307.692307692	200.0	0.07983	0.0368446153846	0.023949	2020-06-04
Marion	59.0	2.0	0.0	57.0	0.00706502	0.00023949	666.666666667	307.692307692	200.0	0.07983	0.0368446153846	0.023949	2020-06-05
Marion	59.0	2.0	0.0	57.0	0.00706502	0.00023949	666.666666667	307.692307692	200.0	0.07983	0.0368446153846	0.023949	2020-06-06
Marion	59.0	2.0	0.0	57.0	0.00706502	0.00023949	666.666666667	307.692307692	200.0	0.07983	0.0368446153846	0.023949	2020-06-07
Marion	59.0	2.0	0.0	57.0	0.00706502	0.00023949	666.666666667	307.692307692	200.0	0.07983	0.0368446153846	0.023949	2020-06-08
Marion	59.0	2.0	0.0	57.0	0.00706502	0.00023949	666.666666667	307.692307692	200.0	0.07983	0.0368446153846	0.023949	2020-06-09
Marion	59.0	2.0	0.0	57.0	0.00706502	0.00023949	666.666666667	307.692307692	200.0	0.07983	0.0368446153846	0.023949	2020-06-10
Marion	61.0	2.0	0.0	59.0	0.00730451	0.00023949	666.666666667	307.692307692	200.0	0.07983	0.0368446153846	0.023949	2020-06-11
Marion	61.0	2.0	0.0	59.0	0.00730451	0.00023949	666.666666667	307.692307692	200.0	0.07983	0.0368446153846	0.023949	2020-06-12
Marion	62.0	2.0	0.0	60.0	0.00742426	0.00023949	666.666666667	307.692307692	200.0	0.07983	0.0368446153846	0.023949	2020-06-13
Marion	62.0	2.0	0.0	60.0	0.00742426	0.00023949	666.666666667	307.692307692	200.0	0.07983	0.0368446153846	0.023949	2020-06-14
Marion	62.0	2.0	0.0	60.0	0.00742426	0.00023949	666.666666667	307.692307692	200.0	0.07983	0.0368446153846	0.023949	2020-06-15
Marion	63.0	2.0	0.0	61.0	0.00754401	0.00023949	666.666666667	307.692307692	200.0	0.07983	0.0368446153846	0.023949	2020-06-16
Marion	66.0	2.0	0.0	64.0	0.00790325	0.00023949	666.666666667	307.692307692	200.0	0.07983	0.0368446153846	0.023949	2020-06-17
Marion	68.0	3.0	0.0	65.0	0.00814274	0.00035924	1000.0	461.538461538	300.0	0.119746666667	0.0552676923077	0.035924	2020-06-18
Marion	69.0	3.0	0.0	66.0	0.00826248	0.00035924	1000.0	461.538461538	300.0	0.119746666667	0.0552676923077	0.035924	2020-06-19
Marion	73.0	3.0	0.0	70.0	0.00874147	0.00035924	1000.0	461.538461538	300.0	0.119746666667	0.0552676923077	0.035924	2020-06-20
Marion	74.0	3.0	0.0	71.0	0.00886121	0.00035924	1000.0	461.538461538	300.0	0.119746666667	0.0552676923077	0.035924	2020-06-21
Marion	75.0	3.0	0.0	72.0	0.00898096	0.00035924	1000.0	461.538461538	300.0	0.119746666667	0.0552676923077	0.035924	2020-06-22
Marion	78.0	3.0	0.0	75.0	0.0093402	0.00035924	1000.0	461.538461538	300.0	0.119746666667	0.0552676923077	0.035924	2020-06-23
Marion	77.0	2.0	0.0	75.0	0.00922045	0.00023949	666.666666667	307.692307692	200.0	0.07983	0.0368446153846	0.023949	2020-06-24
Marion	77.0	2.0	0.0	75.0	0.00922045	0.00023949	666.666666667	307.692307692	200.0	0.07983	0.0368446153846	0.023949	2020-06-25
Marion	77.0	2.0	0.0	75.0	0.00922045	0.00023949	666.666666667	307.692307692	200.0	0.07983	0.0368446153846	0.023949	2020-06-26
Marion	78.0	2.0	0.0	76.0	0.0093402	0.00023949	666.666666667	307.692307692	200.0	0.07983	0.0368446153846	0.023949	2020-06-27
Marion	78.0	2.0	0.0	76.0	0.0093402	0.00023949	666.666666667	307.692307692	200.0	0.07983	0.0368446153846	0.023949	2020-06-28
Marion	78.0	2.0	0.0	76.0	0.0093402	0.00023949	666.666666667	307.692307692	200.0	0.07983	0.0368446153846	0.023949	2020-06-29
Marion	79.0	2.0	0.0	77.0	0.00945994	0.00023949	666.666666667	307.692307692	200.0	0.07983	0.0368446153846	0.023949	2020-06-30
Marion	82.0	2.0	0.0	80.0	0.00981918	0.00023949	666.666666667	307.692307692	200.0	0.07983	0.0368446153846	0.023949	2020-07-01
Marion	83.0	2.0	0.0	81.0	0.00993893	0.00023949	666.666666667	307.692307692	200.0	0.07983	0.0368446153846	0.023949	2020-07-02
Marion	0.41	0.988	82.988	0.15	0.301	2.301	4.91e-05	0.00011831	0.00993749	1.796e-05	3.604e-05	0.00027554	2020-07-03
Marion	0.264	1.252	83.252	0.148	0.449	2.449	3.161e-05	0.00014992	0.00996911	1.772e-05	5.377e-05	0.00029326	2020-07-04
Marion	0.163	1.415	83.415	0.146	0.595	2.595	1.952e-05	0.00016944	0.00998862	1.748e-05	7.125e-05	0.00031074	2020-07-05
Marion	2.989	2.989	3.152	0.051	0.051	1.466	0.00035792	0.00035792	0.00037744	6.11e-06	6.11e-06	0.00017555	2020-07-06
Marion	2.962	5.951	6.114	0.044	0.095	1.51	0.00035469	0.00071261	0.00073213	5.27e-06	1.138e-05	0.00018082	2020-07-07
Marion	2.923	8.874	9.037	0.038	0.133	1.548	0.00035002	0.00106263	0.00108215	4.55e-06	1.593e-05	0.00018537	2020-07-08
Marion	11.636	11.636	14.559	0.023	0.023	8.897	0.00139337	0.00139337	0.00174338	2.75e-06	2.75e-06	0.00106538	2020-07-09
Marion	14.36	25.996	28.919	0.016	0.039	8.913	0.00171955	0.00311292	0.00346294	1.92e-06	4.67e-06	0.0010673	2020-07-10
Marion	11.591	11.591	25.951	0.516	0.516	26.512	0.00138798	0.00138798	0.00310753	6.179e-05	6.179e-05	0.00317471	2020-07-11
Marion	11.484	23.075	37.435	0.561	1.077	27.073	0.00137516	0.00276314	0.0044827	6.718e-05	0.00012897	0.00324189	2020-07-12
Marion	11.335	34.41	48.77	0.61	1.687	27.683	0.00135732	0.00412046	0.00584002	7.305e-05	0.00020201	0.00331493	2020-07-13
Marion	2.181	2.181	13.516	1.993	1.993	36.403	0.00026117	0.00026117	0.00161849	0.00023865	0.00023865	0.00435912	2020-07-14
Marion	1.606	3.787	15.122	1.282	3.275	37.685	0.00019231	0.00045348	0.0018108	0.00015351	0.00039217	0.00451263	2020-07-15
Marion	0.0	3.787	15.122	0.791	4.066	38.476	0.0	0.00045348	0.0018108	9.472e-05	0.00048689	0.00460735	2020-07-16
Marion	0.0	3.787	15.122	0.498	4.564	38.974	0.0	0.00045348	0.0018108	5.963e-05	0.00054652	0.00466699	2020-07-17
Marion	109.0	3.0	0.0	106.0	0.01305233	0.00035924	1000.0	461.538461538	300.0	0.119746666667	0.0552676923077	0.035924	2020-07-18
Marion	111.0	3.0	0.0	108.0	0.01329182	0.00035924	1000.0	461.538461538	300.0	0.119746666667	0.0552676923077	0.035924	2020-07-19
