Name	Confirmed	Deaths	Recovered	Active	Confirmed_per_capita	Deaths_per_capita	IFR_0.30_expected	IFR_0.65_expected	IFR_1.0_expected	IFR_0.30_expected_per_capita	IFR_0.65_expected_per_capita	IFR_1.0_expected_per_capita	Date
Macon	0.0	0.0	0.0	0.0	0.0	0.0	0.0	0.0	0.0	0.0	0.0	0.0	2020-03-22
Macon	0	0	0	0	0.0	0.0	0	0	0	0.0	0.0	0.0	0	0	2020-03-23
Macon	1	0	0	0	7.609e-05	0.0	5	2	1.25	0.00038045	0.00015218	9.51125e-05	1	0	0	0	2020-03-24
Macon	1	0	0	0	7.609e-05	0.0	5	2	1.25	0.00038045	0.00015218	9.51125e-05	0	0	0	0	2020-03-25
Macon	1	0	0	0	7.609e-05	0.0	5	2	1.25	0.00038045	0.00015218	9.51125e-05	0	0	0	0	2020-03-26
Macon	1	0	0	0	7.609e-05	0.0	5	2	1.25	0.00038045	0.00015218	9.51125e-05	0	0	0	0	2020-03-27
Macon	1	0	0	0	7.609e-05	0.0	5	2	1.25	0.00038045	0.00015218	9.51125e-05	0	0	0	0	2020-03-28
Macon	1.0	0.0	0.0	0.0	7.609e-05	0.0	5.0	2.0	1.25	0.00038045	0.00015218	9.51125e-05	2020-03-29
Macon	1.0	0.0	0.0	0.0	7.609e-05	0.0	5.0	2.0	1.25	0.00038045	0.00015218	9.51125e-05	2020-03-30
Macon	2.0	0.0	0.0	0.0	0.00015217	0.0	10.0	4.0	2.5	0.00076085	0.00030434	0.0001902125	2020-03-31
Macon	2.0	0.0	0.0	0.0	0.00015217	0.0	10.0	4.0	2.5	0.00076085	0.00030434	0.0001902125	2020-04-01
Macon	2.0	0.0	0.0	0.0	0.00015217	0.0	10.0	4.0	2.5	0.00076085	0.00030434	0.0001902125	2020-04-02
Macon	2.0	0.0	0.0	0.0	0.00015217	0.0	10.0	4.0	2.5	0.00076085	0.00030434	0.0001902125	2020-04-03
Macon	4.0	0.0	0.0	0.0	0.00030434	0.0	20.0	8.0	5.0	0.0015217	0.00060868	0.000380425	2020-04-04
Macon	4.0	0.0	0.0	0.0	0.00030434	0.0	20.0	8.0	5.0	0.0015217	0.00060868	0.000380425	2020-04-05
Macon	4.0	0.0	0.0	0.0	0.00030434	0.0	20.0	8.0	5.0	0.0015217	0.00060868	0.000380425	2020-04-06
Macon	8.0	0.0	0.0	0.0	0.00060869	0.0	40.0	16.0	10.0	0.00304345	0.00121738	0.0007608625	2020-04-07
Macon	11.0	0.0	0.0	0.0	0.00083695	0.0	55.0	22.0	13.75	0.00418475	0.0016739	0.0010461875	2020-04-08
Macon	15.0	0.0	0.0	0.0	0.00114129	0.0	75.0	30.0	18.75	0.00570645	0.00228258	0.0014266125	2020-04-09
Macon	18.0	0.0	0.0	0.0	0.00136955	0.0	90.0	36.0	22.5	0.00684775	0.0027391	0.0017119375	2020-04-10
Macon	19.0	0.0	0.0	0.0	0.00144564	0.0	95.0	38.0	23.75	0.0072282	0.00289128	0.00180705	2020-04-11
Macon	21.0	0.0	0.0	21.0	0.00159781	0.0	105.0	42.0	26.25	0.00798905	0.00319562	0.0019972625	2020-04-12
Macon	25.0	0.0	0.0	25.0	0.00190215	0.0	125.0	50.0	31.25	0.00951075	0.0038043	0.0023776875	2020-04-13
Macon	47.0	0.0	0.0	47.0	0.00357605	0.0	235.0	94.0	58.75	0.01788025	0.0071521	0.0044700625	2020-04-14
