Name	Predicted_New_Cases	Total_Predicted_New_Cases	Total_Predicted_Cases	Predicted_New_Deaths	Total_Predicted_New_Deaths	Total_Predicted_Deaths	Predicted_New_per_capita	Predicted_Total_New_per_capita	Predicted_Total_Cases_per_capita	Predicted_New_Deaths_per_capita	Total_Predicted_New_Deaths_per_capita	Total_Predicted_Deaths_per_capita
Chittenden	0.026	6.364	437.364	0.109	5.693	42.693	1.6e-07	3.867e-05	0.00265758	6.6e-07	3.459e-05	0.00025942
Bennington	1.208	19.244	72.244	0.0	0.0	1.0	3.39e-05	0.00054009	0.00202756	0.0	0.0	2.807e-05
Rutland	1.796	19.159	68.159	0.0	0.0	1.0	3.061e-05	0.00032654	0.0011617	0.0	0.0	1.704e-05
Addison	0.0	0.0	61.0	0.0	0.0	2.0	0.0	0.0	0.00164985	0.0	0.0	5.409e-05
Washington	3.258	20.223	57.223	0.0	0.0	1.0	5.604e-05	0.00034783	0.00098423	0.0	0.0	1.72e-05
Caledonia	0.125	2.088	16.088	0.0	0.0	0.0	4.13e-06	6.891e-05	0.00053092	0.0	0.0	0.0
Windham	0.005	1.307	74.307	0.112	1.868	4.868	1.2e-07	3.057e-05	0.00173793	2.62e-06	4.369e-05	0.00011386
Unassigned	0.001	0.152	4.152	0.099	1.646	2.646	N/A	N/A	N/A	N/A	N/A	N/A
Essex	0.0	0.0	2.0	0.099	1.646	1.646	0.0	0.0	0.00032	1.584e-05	0.00026336	0.00026336
Franklin	1.941	25.369	124.369	0.0	0.0	5.0	3.927e-05	0.00051332	0.00251652	0.0	0.0	0.00010117
Orleans	0.0	0.0	9.0	0.0	0.0	0.0	0.0	0.0	0.00033449	0.0	0.0	0.0
Windsor	0.343	5.529	51.529	0.0	0.0	2.0	6.2e-06	0.00010001	0.00093204	0.0	0.0	3.618e-05
Grand Isle	1.073	6.66	10.66	0.0	0.0	0.0	0.00015134	0.00093935	0.00150353	0.0	0.0	0.0
Lamoille	0.0	0.014	26.014	0.715	4.439	5.439	0.0	5.5e-07	0.00102822	2.826e-05	0.00017545	0.00021498
Orange	0.092	1.538	9.538	0.715	4.439	4.439	3.17e-06	5.304e-05	0.00032891	2.466e-05	0.00015307	0.00015307
