Name	Predicted_New_Cases	Total_Predicted_New_Cases	Total_Predicted_Cases	Predicted_New_Deaths	Total_Predicted_New_Deaths	Total_Predicted_Deaths	Predicted_New_per_capita	Predicted_Total_New_per_capita	Predicted_Total_Cases_per_capita	Predicted_New_Deaths_per_capita	Total_Predicted_New_Deaths_per_capita	Total_Predicted_Deaths_per_capita
Hardy	0.0	0.0	2.0	1.124	19.205	19.205	0.0	0.0	0.00014519	8.16e-05	0.00139419	0.00139419
Mingo	0.0	0.0	1.0	0.0	0.0	0.0	0.0	0.0	4.204e-05	0.0	0.0	0.0
Monongalia	3.126	68.362	151.362	0.0	0.0	2.0	2.937e-05	0.00064238	0.00142231	0.0	0.0	1.879e-05
Logan	0.0	0.0	8.0	0.0	0.0	1.0	0.0	0.0	0.00024535	0.0	0.0	3.067e-05
Cabell	0.014	7.8	35.8	0.0	0.0	0.0	1.5e-07	8.367e-05	0.00038402	0.0	0.0	0.0
Gilmer	0.0	0.0	0.0	0.0	0.0	0.0	0.0	0.0	0.0	0.0	0.0	0.0
Tyler	0.0	0.0	3.0	0.0	0.0	0.0	0.0	0.0	0.00034301	0.0	0.0	0.0
Wood	0.486	14.495	36.495	0.0	0.0	0.0	5.77e-06	0.00017214	0.00043342	0.0	0.0	0.0
Berkeley	4.122	90.14	189.14	0.0	0.0	0.0	3.519e-05	0.00076962	0.00161488	0.0	0.0	0.0
Wayne	0.0	0.0	61.0	0.0	0.0	0.0	0.0	0.0	0.00152714	0.0	0.0	0.0
Pendleton	0.0	0.0	1.0	0.0	0.0	0.0	0.0	0.0	0.00014292	0.0	0.0	0.0
Lewis	0.0	0.0	2.0	0.0	0.0	0.0	0.0	0.0	0.00012481	0.0	0.0	0.0
Webster	0.0	0.0	0.0	0.0	0.0	0.0	0.0	0.0	0.0	0.0	0.0	0.0
Lincoln	0.0	0.0	0.0	0.0	0.0	0.0	0.0	0.0	0.0	0.0	0.0	0.0
Doddridge	0.0	0.0	0.0	0.0	0.0	0.0	0.0	0.0	0.0	0.0	0.0	0.0
Wetzel	0.0	0.0	3.0	0.0	0.0	0.0	0.0	0.0	0.00019646	0.0	0.0	0.0
Greenbrier	0.0	0.0	3.0	0.0	0.0	0.0	0.0	0.0	8.624e-05	0.0	0.0	0.0
Roane	0.0	0.0	2.0	0.0	0.0	0.0	0.0	0.0	0.00014355	0.0	0.0	0.0
Fayette	0.0	0.0	2.0	0.0	0.0	0.0	0.0	0.0	4.649e-05	0.0	0.0	0.0
Jefferson	2.69	58.814	112.814	0.0	0.0	0.0	4.735e-05	0.00103526	0.00198578	0.0	0.0	0.0
Ohio	0.352	7.688	29.688	0.0	0.0	0.0	8.43e-06	0.00018412	0.000711	0.0	0.0	0.0
Barbour	0.0	0.0	4.0	0.0	0.0	0.0	0.0	0.0	0.00024191	0.0	0.0	0.0
McDowell	0.0	0.0	6.0	0.0	0.0	0.0	0.0	0.0	0.00032925	0.0	0.0	0.0
Monroe	0.0	0.0	1.0	0.0	0.0	0.0	0.0	0.0	7.53e-05	0.0	0.0	0.0
Braxton	0.0	0.0	1.0	0.0	0.0	0.0	0.0	0.0	7.098e-05	0.0	0.0	0.0
Raleigh	0.132	2.884	8.884	0.0	0.0	0.0	1.78e-06	3.884e-05	0.00011964	0.0	0.0	0.0
Marion	0.398	11.995	52.995	0.0	0.0	1.0	7.09e-06	0.00021383	0.0009447	0.0	0.0	1.783e-05
Mercer	0.439	9.61	17.61	0.0	0.0	0.0	7.42e-06	0.00016252	0.00029781	0.0	0.0	0.0
Summers	0.0	0.0	1.0	0.0	0.0	0.0	0.0	0.0	7.837e-05	0.0	0.0	0.0
Hampshire	0.0	0.0	7.0	0.0	0.0	0.0	0.0	0.0	0.00029982	0.0	0.0	0.0
Tucker	0.053	1.153	5.153	0.0	0.0	0.0	7.62e-06	0.00016578	0.00074091	0.0	0.0	0.0
Boone	0.0	0.0	1.0	0.0	0.0	0.0	0.0	0.0	4.556e-05	0.0	0.0	0.0
Upshur	0.132	2.884	5.884	0.0	0.0	0.0	5.41e-06	0.00011812	0.000241	0.0	0.0	0.0
Kanawha	3.091	67.591	155.591	0.0	0.0	0.0	1.713e-05	0.00037456	0.00086222	0.0	0.0	0.0
Calhoun	0.0	0.0	0.0	0.0	0.0	0.0	0.0	0.0	0.0	0.0	0.0	0.0
Mineral	0.659	14.414	20.414	0.0	0.0	0.0	2.446e-05	0.00053504	0.00075776	0.0	0.0	0.0
Marshall	0.129	2.819	9.819	0.0	0.0	0.0	4.19e-06	9.157e-05	0.00031895	0.0	0.0	0.0
Preston	0.0	0.483	6.483	0.0	0.0	0.0	0.0	1.427e-05	0.00019158	0.0	0.0	0.0
Unassigned	0.0	0.0	4.0	0.0	0.0	0.0	N/A	N/A	N/A	N/A	N/A	N/A
Randolph	0.132	2.884	6.884	0.0	0.0	0.0	4.58e-06	0.00010006	0.00023884	0.0	0.0	0.0
Pleasants	0.0	0.0	1.0	0.0	0.0	0.0	0.0	0.0	0.00013321	0.0	0.0	0.0
Mason	0.264	5.765	14.765	0.0	0.0	0.0	9.88e-06	0.00021577	0.00055262	0.0	0.0	0.0
Wyoming	0.0	0.0	1.0	0.0	0.0	0.0	0.0	0.0	4.811e-05	0.0	0.0	0.0
Clay	0.0	0.0	0.0	0.0	0.0	0.0	0.0	0.0	0.0	0.0	0.0	0.0
Putnam	0.243	6.484	19.484	0.0	0.0	0.0	4.29e-06	0.00011439	0.00034374	0.0	0.0	0.0
Wirt	0.088	1.921	3.921	0.0	0.0	0.0	1.509e-05	0.0003295	0.00067256	0.0	0.0	0.0
Hancock	0.0	0.0	7.0	0.0	0.0	0.0	0.0	0.0	0.0002406	0.0	0.0	0.0
Pocahontas	0.0	0.0	0.0	0.0	0.0	0.0	0.0	0.0	0.0	0.0	0.0	0.0
Ritchie	0.0	0.0	0.0	0.0	0.0	0.0	0.0	0.0	0.0	0.0	0.0	0.0
Nicholas	0.659	14.414	17.414	0.0	0.0	0.0	2.653e-05	0.00058023	0.00070099	0.0	0.0	0.0
Morgan	0.0	1.406	7.406	0.0	0.0	0.0	0.0	7.905e-05	0.00041637	0.0	0.0	0.0
Brooke	0.0	0.0	3.0	0.0	0.0	0.0	0.0	0.0	0.00013512	0.0	0.0	0.0
Harrison	0.0	2.997	30.997	0.0	0.0	1.0	0.0	4.436e-05	0.00045885	0.0	0.0	1.48e-05
Taylor	0.0	0.0	4.0	0.0	0.0	0.0	0.0	0.0	0.00023722	0.0	0.0	0.0
Grant	0.0	0.0	1.0	0.0	0.0	0.0	0.0	0.0	8.601e-05	0.0	0.0	0.0
Jackson	0.955	20.886	53.886	0.0	0.0	1.0	3.327e-05	0.00072758	0.00187717	0.0	0.0	3.484e-05
