Name	Predicted_New_Cases	Total_Predicted_New_Cases	Total_Predicted_Cases	Predicted_New_Deaths	Total_Predicted_New_Deaths	Total_Predicted_Deaths	Predicted_New_per_capita	Predicted_Total_New_per_capita	Predicted_Total_Cases_per_capita	Predicted_New_Deaths_per_capita	Total_Predicted_New_Deaths_per_capita	Total_Predicted_Deaths_per_capita
Hardy	0.0	0.0	2.0	0.06	42.167	42.167	0.0	0.0	0.00014519	4.36e-06	0.00306113	0.00306113
Mingo	0.0	0.0	1.0	0.0	0.0	0.0	0.0	0.0	4.204e-05	0.0	0.0	0.0
Monongalia	0.056	120.064	203.064	0.0	0.0	2.0	5.3e-07	0.00112821	0.00190814	0.0	0.0	1.879e-05
Logan	0.0	0.0	8.0	0.0	0.0	1.0	0.0	0.0	0.00024535	0.0	0.0	3.067e-05
Cabell	0.0	7.8	35.8	0.0	0.0	0.0	0.0	8.367e-05	0.00038402	0.0	0.0	0.0
Gilmer	0.0	0.0	0.0	0.0	0.0	0.0	0.0	0.0	0.0	0.0	0.0	0.0
Tyler	0.0	0.0	3.0	0.0	0.0	0.0	0.0	0.0	0.00034301	0.0	0.0	0.0
Wood	0.0	20.222	42.222	0.0	0.0	0.0	0.0	0.00024016	0.00050143	0.0	0.0	0.0
Berkeley	0.073	158.317	257.317	0.0	0.0	0.0	6.2e-07	0.00135172	0.00219698	0.0	0.0	0.0
Wayne	0.0	0.0	61.0	0.0	0.0	0.0	0.0	0.0	0.00152714	0.0	0.0	0.0
Pendleton	0.0	0.0	1.0	0.0	0.0	0.0	0.0	0.0	0.00014292	0.0	0.0	0.0
Lewis	0.0	0.0	2.0	0.0	0.0	0.0	0.0	0.0	0.00012481	0.0	0.0	0.0
Webster	0.0	0.0	0.0	0.0	0.0	0.0	0.0	0.0	0.0	0.0	0.0	0.0
Lincoln	0.0	0.0	0.0	0.0	0.0	0.0	0.0	0.0	0.0	0.0	0.0	0.0
Doddridge	0.0	0.0	0.0	0.0	0.0	0.0	0.0	0.0	0.0	0.0	0.0	0.0
Wetzel	0.0	0.0	3.0	0.0	0.0	0.0	0.0	0.0	0.00019646	0.0	0.0	0.0
Greenbrier	0.0	0.0	3.0	0.0	0.0	0.0	0.0	0.0	8.624e-05	0.0	0.0	0.0
Roane	0.0	0.0	2.0	0.0	0.0	0.0	0.0	0.0	0.00014355	0.0	0.0	0.0
Fayette	0.0	0.0	2.0	0.0	0.0	0.0	0.0	0.0	4.649e-05	0.0	0.0	0.0
Jefferson	0.048	103.294	157.294	0.0	0.0	0.0	8.4e-07	0.0018182	0.00276872	0.0	0.0	0.0
Ohio	0.006	13.502	35.502	0.0	0.0	0.0	1.4e-07	0.00032336	0.00085025	0.0	0.0	0.0
Barbour	0.0	0.0	4.0	0.0	0.0	0.0	0.0	0.0	0.00024191	0.0	0.0	0.0
McDowell	0.0	0.0	6.0	0.0	0.0	0.0	0.0	0.0	0.00032925	0.0	0.0	0.0
Monroe	0.0	0.0	1.0	0.0	0.0	0.0	0.0	0.0	7.53e-05	0.0	0.0	0.0
Braxton	0.0	0.0	1.0	0.0	0.0	0.0	0.0	0.0	7.098e-05	0.0	0.0	0.0
Raleigh	0.002	5.069	11.069	0.0	0.0	0.0	3e-08	6.827e-05	0.00014907	0.0	0.0	0.0
Marion	0.0	16.027	57.027	0.0	0.0	1.0	0.0	0.0002857	0.00101658	0.0	0.0	1.783e-05
Mercer	0.008	16.877	24.877	0.0	0.0	0.0	1.4e-07	0.00028542	0.00042071	0.0	0.0	0.0
Summers	0.0	0.0	1.0	0.0	0.0	0.0	0.0	0.0	7.837e-05	0.0	0.0	0.0
Hampshire	0.0	0.0	7.0	0.0	0.0	0.0	0.0	0.0	0.00029982	0.0	0.0	0.0
Tucker	0.001	2.023	6.023	0.0	0.0	0.0	1.4e-07	0.00029087	0.000866	0.0	0.0	0.0
Boone	0.0	0.0	1.0	0.0	0.0	0.0	0.0	0.0	4.556e-05	0.0	0.0	0.0
Upshur	0.002	5.069	8.069	0.0	0.0	0.0	8e-08	0.00020762	0.00033049	0.0	0.0	0.0
Kanawha	0.055	118.706	206.706	0.0	0.0	0.0	3e-07	0.00065782	0.00114548	0.0	0.0	0.0
Calhoun	0.0	0.0	0.0	0.0	0.0	0.0	0.0	0.0	0.0	0.0	0.0	0.0
Mineral	0.012	25.316	31.316	0.0	0.0	0.0	4.5e-07	0.00093972	0.00116244	0.0	0.0	0.0
Marshall	0.002	4.947	11.947	0.0	0.0	0.0	6e-08	0.0001607	0.00038808	0.0	0.0	0.0
Preston	0.0	0.483	6.483	0.0	0.0	0.0	0.0	1.427e-05	0.00019158	0.0	0.0	0.0
Unassigned	0.0	0.0	4.0	0.0	0.0	0.0	N/A	N/A	N/A	N/A	N/A	N/A
Randolph	0.002	5.069	9.069	0.0	0.0	0.0	7e-08	0.00017587	0.00031464	0.0	0.0	0.0
Pleasants	0.0	0.0	1.0	0.0	0.0	0.0	0.0	0.0	0.00013321	0.0	0.0	0.0
Mason	0.005	10.123	19.123	0.0	0.0	0.0	1.9e-07	0.00037888	0.00071573	0.0	0.0	0.0
Wyoming	0.0	0.0	1.0	0.0	0.0	0.0	0.0	0.0	4.811e-05	0.0	0.0	0.0
Clay	0.0	0.0	0.0	0.0	0.0	0.0	0.0	0.0	0.0	0.0	0.0	0.0
Putnam	0.0	9.684	22.684	0.0	0.0	0.0	0.0	0.00017085	0.0004002	0.0	0.0	0.0
Wirt	0.002	3.373	5.373	0.0	0.0	0.0	3.4e-07	0.00057856	0.00092161	0.0	0.0	0.0
Hancock	0.0	0.0	7.0	0.0	0.0	0.0	0.0	0.0	0.0002406	0.0	0.0	0.0
Pocahontas	0.0	0.0	0.0	0.0	0.0	0.0	0.0	0.0	0.0	0.0	0.0	0.0
Ritchie	0.0	0.0	0.0	0.0	0.0	0.0	0.0	0.0	0.0	0.0	0.0	0.0
Nicholas	0.012	25.316	28.316	0.0	0.0	0.0	4.8e-07	0.00101908	0.00113984	0.0	0.0	0.0
Morgan	0.0	1.406	7.406	0.0	0.0	0.0	0.0	7.905e-05	0.00041637	0.0	0.0	0.0
Brooke	0.0	0.0	3.0	0.0	0.0	0.0	0.0	0.0	0.00013512	0.0	0.0	0.0
Harrison	0.0	2.997	30.997	0.0	0.0	1.0	0.0	4.436e-05	0.00045885	0.0	0.0	1.48e-05
Taylor	0.0	0.0	4.0	0.0	0.0	0.0	0.0	0.0	0.00023722	0.0	0.0	0.0
Grant	0.0	0.0	1.0	0.0	0.0	0.0	0.0	0.0	8.601e-05	0.0	0.0	0.0
Jackson	0.017	36.681	69.681	0.0	0.0	1.0	5.9e-07	0.00127782	0.0024274	0.0	0.0	3.484e-05
