Name	Predicted_New_Cases	Total_Predicted_New_Cases	Total_Predicted_Cases	Predicted_New_Deaths	Total_Predicted_New_Deaths	Total_Predicted_Deaths	Predicted_New_per_capita	Predicted_Total_New_per_capita	Predicted_Total_Cases_per_capita	Predicted_New_Deaths_per_capita	Total_Predicted_New_Deaths_per_capita	Total_Predicted_Deaths_per_capita
Lincoln	0.085	1.867	2.028	10.891	238.137	238.137	1.634e-05	0.00035897	0.00038993	0.00209402	0.04578677	0.04578677
Lander	0.043	0.948	1.12	0.001	0.032	0.544	7.71e-06	0.00017004	0.0002009	1.8e-07	5.74e-06	9.758e-05
Eureka	0.809	10.028	10.176	0.001	0.032	0.032	0.00040389	0.00500649	0.00508038	5e-07	1.598e-05	1.598e-05
Elko County	0.0	0.0	2.0	0.001	0.032	0.032	N/A	N/A	N/A	N/A	N/A	N/A
Lyon	1.819	39.781	42.699	0.169	2.882	12.039	3.259e-05	0.00071282	0.00076511	3.03e-06	5.164e-05	0.00021572
Douglas	0.071	15.295	18.681	2.657	100.51	111.452	1.46e-06	0.00031558	0.00038544	5.482e-05	0.00207378	0.00229954
Carson City	2.712	59.307	63.99	0.025	0.428	14.479	4.894e-05	0.00107025	0.00115476	4.5e-07	7.72e-06	0.00026129
Humboldt	0.353	7.723	9.315	0.0	0.0	3.935	2.103e-05	0.00046009	0.00055493	0.0	0.0	0.00023442
Mineral	0.0	0.0	11.0	0.0	0.0	0.0	0.0	0.0	0.00243686	0.0	0.0	0.0
Unassigned	12.722	157.668	161.241	5.711	43.958	54.804	N/A	N/A	N/A	N/A	N/A	N/A
Pershing	0.068	1.481	1.602	5.711	43.958	43.958	1.02e-05	0.00022217	0.00024032	0.00085674	0.00659436	0.00659436
Clark	179.045	4943.049	5622.008	10.076	220.327	2358.427	8.023e-05	0.00221498	0.00251922	4.52e-06	9.873e-05	0.00105681
Washoe	24.304	531.443	599.554	0.636	12.922	219.691	5.218e-05	0.00114108	0.00128733	1.37e-06	2.775e-05	0.00047171
Nye	2.332	54.441	63.248	0.123	2.409	28.086	5.143e-05	0.00120057	0.00139479	2.71e-06	5.312e-05	0.00061937
Storey	2.583	18.343	18.386	0.573	12.526	12.657	0.0006411	0.00455274	0.00456342	0.00014222	0.00310896	0.00314147
Churchill	2.147	46.947	50.738	11.76	200.985	210.357	8.785e-05	0.00192091	0.00207602	0.00048118	0.00822361	0.00860708
Elko	3.913	87.073	96.034	0.056	0.996	28.273	7.459e-05	0.0016598	0.00183061	1.07e-06	1.899e-05	0.00053894
White Pine	0.082	1.801	1.929	0.002	0.034	0.486	8.65e-06	0.00019008	0.00020359	2.1e-07	3.59e-06	5.129e-05
