Name	Predicted_New_Cases	Total_Predicted_New_Cases	Total_Predicted_Cases	Predicted_New_Deaths	Total_Predicted_New_Deaths	Total_Predicted_Deaths	Predicted_New_per_capita	Predicted_Total_New_per_capita	Predicted_Total_Cases_per_capita	Predicted_New_Deaths_per_capita	Total_Predicted_New_Deaths_per_capita	Total_Predicted_Deaths_per_capita
Lincoln	0.484	66.464	69.464	0.181	189.166	189.166	9.306e-05	0.01277908	0.01335589	3.48e-05	0.03637108	0.03637108
Lander	0.031	24.639	71.639	0.181	189.166	189.166	5.56e-06	0.00441955	0.01285004	3.247e-05	0.03393112	0.03393112
Eureka	0.031	25.197	27.197	0.181	189.166	189.166	1.548e-05	0.01257963	0.01357813	9.036e-05	0.09444134	0.09444134
Elko County	0.0	0.0	2.0	0.181	189.166	189.166	N/A	N/A	N/A	N/A	N/A	N/A
Lyon	0.064	52.077	206.077	0.0	0.0	2.0	1.15e-06	0.00093315	0.00369261	0.0	0.0	3.584e-05
Douglas	0.104	62.343	163.343	0.0	0.0	0.0	2.15e-06	0.0012863	0.00337019	0.0	0.0	0.0
Carson City	0.176	142.349	393.349	0.002	0.929	6.929	3.18e-06	0.00256883	0.00709837	4e-08	1.676e-05	0.00012504
Mineral	2.472	339.691	349.691	0.0	0.0	0.0	0.00054763	0.07525277	0.0774681	0.0	0.0	0.0
Unassigned	0.114	92.058	123.058	0.012	9.629	11.629	N/A	N/A	N/A	N/A	N/A	N/A
Pershing	0.013	10.192	23.192	0.012	9.629	9.629	1.95e-06	0.00152895	0.00347915	1.8e-06	0.00144449	0.00144449
Clark	57.749	30526.015	60958.015	0.172	150.076	677.076	2.588e-05	0.01367869	0.02731526	8e-08	6.725e-05	0.0003034
Washoe	1.94	1567.024	5621.024	0.059	47.709	148.709	4.17e-06	0.00336463	0.01206915	1.3e-07	0.00010244	0.0003193
Storey	0.0	0.0	3.0	0.0	0.0	0.0	0.0	0.0	0.0007446	0.0	0.0	0.0
Elko	0.398	321.425	646.425	0.0	0.0	1.0	7.59e-06	0.00612705	0.01232225	0.0	0.0	1.906e-05
White Pine	0.088	32.37	42.37	0.0	0.0	1.0	9.29e-06	0.00341636	0.00447177	0.0	0.0	0.00010554
