Name	Predicted_New_Cases	Total_Predicted_New_Cases	Total_Predicted_Cases	Predicted_New_Deaths	Total_Predicted_New_Deaths	Total_Predicted_Deaths	Predicted_New_per_capita	Predicted_Total_New_per_capita	Predicted_Total_Cases_per_capita	Predicted_New_Deaths_per_capita	Total_Predicted_New_Deaths_per_capita	Total_Predicted_Deaths_per_capita
Lincoln	0.0	0.0	2.0	0.003	86.266	86.266	0.0	0.0	0.00038454	5.8e-07	0.01658643	0.01658643
Lander	1.344	398.417	422.417	0.003	86.266	86.266	0.00024108	0.07146493	0.07576987	5.4e-07	0.01547372	0.01547372
Eureka	0.0	0.0	0.0	0.0	0.0	0.0	0.0	0.0	0.0	0.0	0.0	0.0
Elko County	0.0	0.0	2.0	0.003	86.266	86.266	N/A	N/A	N/A	N/A	N/A	N/A
Esmeralda	0.0	0.0	0.0	0.0	0.0	0.0	0.0	0.0	0.0	0.0	0.0	0.0
Lyon	0.002	78.946	167.946	0.0	0.0	2.0	4e-08	0.0014146	0.00300935	0.0	0.0	3.584e-05
Douglas	0.001	21.961	60.961	0.0	0.0	0.0	2e-08	0.00045311	0.00125778	0.0	0.0	0.0
Carson City	0.019	70.571	185.571	0.02	16.691	21.691	3.4e-07	0.00127352	0.00334881	3.6e-07	0.00030121	0.00039144
Humboldt	0.0	0.0	78.0	0.0	0.0	4.0	0.0	0.0	0.00464673	0.0	0.0	0.00023829
Mineral	0.0	0.0	4.0	0.0	0.0	0.0	0.0	0.0	0.00088613	0.0	0.0	0.0
Unassigned	0.003	92.575	123.575	0.0	9.682	11.682	N/A	N/A	N/A	N/A	N/A	N/A
Pershing	0.0	0.0	4.0	0.0	9.682	9.682	0.0	0.0	0.00060006	0.0	0.00145245	0.00145245
Clark	1.195	4466.17	12566.17	0.002	63.408	438.408	5.4e-07	0.00200129	0.0056309	0.0	2.841e-05	0.00019645
Washoe	0.252	943.276	2836.276	0.001	24.776	93.776	5.4e-07	0.00202535	0.00608989	0.0	5.32e-05	0.00020135
Nye	0.0	13.737	85.737	0.0	0.014	2.014	0.0	0.00030294	0.00189073	0.0	3.1e-07	4.441e-05
Storey	0.0	0.0	1.0	0.0	0.014	0.014	0.0	0.0	0.0002482	0.0	3.47e-06	3.47e-06
Churchill	0.012	15.734	25.734	0.0	0.0	1.0	4.9e-07	0.00064378	0.00105295	0.0	0.0	4.092e-05
Elko	0.001	13.537	52.537	0.0	0.0	1.0	2e-08	0.00025804	0.00100147	0.0	0.0	1.906e-05
White Pine	0.0	3.041	6.041	0.0	0.0	0.0	0.0	0.00032095	0.00063757	0.0	0.0	0.0
