Name	Predicted_New_Cases	Total_Predicted_New_Cases	Total_Predicted_Cases	Predicted_New_Deaths	Total_Predicted_New_Deaths	Total_Predicted_Deaths	Predicted_New_per_capita	Predicted_Total_New_per_capita	Predicted_Total_Cases_per_capita	Predicted_New_Deaths_per_capita	Total_Predicted_New_Deaths_per_capita	Total_Predicted_Deaths_per_capita
Lincoln	0.0	0.0	2.0	0.841	132.047	132.047	0.0	0.0	0.00038454	0.0001617	0.02538877	0.02538877
Lander	0.007	1.049	21.049	0.841	132.047	132.047	1.26e-06	0.00018816	0.00377561	0.00015085	0.02368556	0.02368556
Eureka	0.0	0.0	0.0	0.0	0.0	0.0	0.0	0.0	0.0	0.0	0.0	0.0
Elko County	0.0	0.0	2.0	0.841	132.047	132.047	N/A	N/A	N/A	N/A	N/A	N/A
Esmeralda	0.0	0.0	0.0	0.0	0.0	0.0	0.0	0.0	0.0	0.0	0.0	0.0
Lyon	0.625	55.964	111.964	0.841	132.047	132.047	1.12e-05	0.0010028	0.00200624	1.507e-05	0.00236609	0.00236609
Douglas	0.069	9.3	39.3	0.841	132.047	132.047	1.42e-06	0.00019188	0.00081086	1.735e-05	0.00272447	0.00272447
Carson City	0.314	51.56	142.56	0.078	9.003	13.003	5.67e-06	0.00093045	0.00257264	1.41e-06	0.00016247	0.00023465
Humboldt	0.127	19.946	97.946	0.069	7.146	11.146	7.57e-06	0.00118825	0.00583498	4.11e-06	0.00042571	0.00066401
Mineral	0.0	0.0	4.0	0.069	7.146	7.146	0.0	0.0	0.00088613	1.529e-05	0.00158307	0.00158307
Unassigned	0.549	86.281	117.281	0.02	2.103	8.103	N/A	N/A	N/A	N/A	N/A	N/A
Pershing	0.0	0.0	0.0	0.0	0.0	0.0	0.0	0.0	0.0	0.0	0.0	0.0
Clark	16.109	2426.302	8713.302	0.654	104.743	435.743	7.22e-06	0.00108722	0.00390443	2.9e-07	4.694e-05	0.00019526
Washoe	0.949	331.528	1816.528	0.065	10.181	64.181	2.04e-06	0.00071184	0.00390035	1.4e-07	2.186e-05	0.00013781
Nye	0.0	0.942	61.942	0.0	0.0	1.0	0.0	2.077e-05	0.00136599	0.0	0.0	2.205e-05
Storey	0.0	0.0	1.0	0.0	0.0	0.0	0.0	0.0	0.0002482	0.0	0.0	0.0
Churchill	0.021	3.255	10.255	0.0	0.0	1.0	8.6e-07	0.00013318	0.0004196	0.0	0.0	4.092e-05
Elko	0.0	0.896	24.896	0.0	0.0	1.0	0.0	1.708e-05	0.00047457	0.0	0.0	1.906e-05
White Pine	0.0	0.124	4.124	0.0	0.0	0.0	0.0	1.309e-05	0.00043525	0.0	0.0	0.0
