Name	Predicted_New_Cases	Total_Predicted_New_Cases	Total_Predicted_Cases	Predicted_New_Deaths	Total_Predicted_New_Deaths	Total_Predicted_Deaths	Predicted_New_per_capita	Predicted_Total_New_per_capita	Predicted_Total_Cases_per_capita	Predicted_New_Deaths_per_capita	Total_Predicted_New_Deaths_per_capita	Total_Predicted_Deaths_per_capita
Lincoln	0.121	3.131	5.131	1.881	69.137	69.137	2.326e-05	0.000602	0.00098654	0.00036166	0.01329302	0.01329302
Lander	0.01	5.359	24.359	1.881	69.137	69.137	1.79e-06	0.00096126	0.00436933	0.0003374	0.01240126	0.01240126
Eureka	0.0	0.0	0.0	0.0	0.0	0.0	0.0	0.0	0.0	0.0	0.0	0.0
Elko County	0.0	0.0	2.0	1.881	69.137	69.137	N/A	N/A	N/A	N/A	N/A	N/A
Esmeralda	0.0	0.0	0.0	0.0	0.0	0.0	0.0	0.0	0.0	0.0	0.0	0.0
Lyon	0.998	24.307	71.307	1.881	69.137	69.137	1.788e-05	0.00043555	0.00127772	3.37e-05	0.00123884	0.00123884
Douglas	0.12	3.771	28.771	1.881	69.137	69.137	2.48e-06	7.781e-05	0.00059362	3.881e-05	0.00142648	0.00142648
Carson City	3.431	53.411	123.411	0.091	2.366	4.366	6.192e-05	0.00096385	0.00222707	1.64e-06	4.27e-05	7.879e-05
Humboldt	1.134	31.517	102.517	0.0	0.014	3.014	6.756e-05	0.00187758	0.00610729	0.0	8.3e-07	0.00017955
Mineral	0.0	0.0	4.0	0.0	0.014	0.014	0.0	0.0	0.00088613	0.0	3.1e-06	3.1e-06
Unassigned	2.205	57.175	88.175	0.0	0.366	2.366	N/A	N/A	N/A	N/A	N/A	N/A
Pershing	0.0	0.0	0.0	0.0	0.0	0.0	0.0	0.0	0.0	0.0	0.0	0.0
Clark	42.781	1109.203	6407.203	2.186	68.561	361.561	1.917e-05	0.00049703	0.00287106	9.8e-07	3.072e-05	0.00016202
Washoe	9.341	246.704	1436.704	0.896	18.666	64.666	2.006e-05	0.00052971	0.00308481	1.92e-06	4.008e-05	0.00013885
Nye	0.512	14.224	72.224	0.896	18.666	18.666	1.129e-05	0.00031368	0.00159273	1.976e-05	0.00041163	0.00041163
Storey	0.0	0.0	1.0	0.896	18.666	18.666	0.0	0.0	0.0002482	0.00022239	0.00463291	0.00463291
Churchill	3.628	28.464	33.464	0.0	0.0	1.0	0.00014845	0.00116465	0.00136923	0.0	0.0	4.092e-05
Elko	6.854	53.767	73.767	0.0	0.0	1.0	0.00013065	0.00102491	0.00140616	0.0	0.0	1.906e-05
White Pine	0.0	0.0	3.0	0.0	0.0	0.0	0.0	0.0	0.00031662	0.0	0.0	0.0
