Name	Predicted_New_Cases	Total_Predicted_New_Cases	Total_Predicted_Cases	Predicted_New_Deaths	Total_Predicted_New_Deaths	Total_Predicted_Deaths	Predicted_New_per_capita	Predicted_Total_New_per_capita	Predicted_Total_Cases_per_capita	Predicted_New_Deaths_per_capita	Total_Predicted_New_Deaths_per_capita	Total_Predicted_Deaths_per_capita
Lincoln	0.001	3.375	5.375	0.04	189.81	189.81	1.9e-07	0.00064891	0.00103346	7.69e-06	0.0364949	0.0364949
Lander	0.005	26.013	45.013	0.04	189.81	189.81	9e-07	0.00466601	0.00807408	7.17e-06	0.03404664	0.03404664
Eureka	0.0	0.0	0.0	0.0	0.0	0.0	0.0	0.0	0.0	0.0	0.0	0.0
Elko County	0.0	0.0	2.0	0.04	189.81	189.81	N/A	N/A	N/A	N/A	N/A	N/A
Esmeralda	0.0	0.0	0.0	0.0	0.0	0.0	0.0	0.0	0.0	0.0	0.0	0.0
Lyon	0.006	28.931	74.931	0.04	189.81	189.81	1.1e-07	0.0005184	0.00134266	7.2e-07	0.00340113	0.00340113
Douglas	0.002	10.467	34.467	0.04	189.81	189.81	4e-08	0.00021596	0.00071114	8.3e-07	0.00391627	0.00391627
Carson City	0.004	20.936	78.936	0.001	5.072	7.072	7e-08	0.00037781	0.00142448	2e-08	9.153e-05	0.00012762
Humboldt	0.013	63.388	134.388	0.0	0.62	3.62	7.7e-07	0.00377624	0.00800596	0.0	3.694e-05	0.00021566
Mineral	0.0	0.0	4.0	0.0	0.62	0.62	0.0	0.0	0.00088613	0.0	0.00013735	0.00013735
Unassigned	0.02	92.543	123.543	0.036	31.0	38.0	N/A	N/A	N/A	N/A	N/A	N/A
Pershing	0.0	0.0	0.0	0.0	0.0	0.0	0.0	0.0	0.0	0.0	0.0	0.0
Clark	0.0	1036.125	6081.125	0.031	146.92	421.92	0.0	0.00046429	0.00272495	1e-08	6.583e-05	0.00018906
Washoe	0.0	175.894	1307.894	0.0	10.712	53.712	0.0	0.00037767	0.00280824	0.0	2.3e-05	0.00011533
Nye	0.016	30.358	79.358	0.0	10.713	10.713	3.5e-07	0.00066947	0.00175006	0.0	0.00023625	0.00023625
Storey	0.0	0.0	0.0	0.0	0.0	0.0	0.0	0.0	0.0	0.0	0.0	0.0
Churchill	0.0	0.898	5.898	0.0	0.0	1.0	0.0	3.674e-05	0.00024133	0.0	0.0	4.092e-05
Elko	0.474	115.532	133.532	0.0	0.0	1.0	9.04e-06	0.00220229	0.00254541	0.0	0.0	1.906e-05
White Pine	0.0	0.0	3.0	0.0	0.0	0.0	0.0	0.0	0.00031662	0.0	0.0	0.0
