Name	Predicted_New_Cases	Total_Predicted_New_Cases	Total_Predicted_Cases	Predicted_New_Deaths	Total_Predicted_New_Deaths	Total_Predicted_Deaths	Predicted_New_per_capita	Predicted_Total_New_per_capita	Predicted_Total_Cases_per_capita	Predicted_New_Deaths_per_capita	Total_Predicted_New_Deaths_per_capita	Total_Predicted_Deaths_per_capita
Lincoln	0.18	1.34	3.34	4.095	35.814	35.814	3.461e-05	0.00025764	0.00064218	0.00078735	0.00688598	0.00688598
Lander	0.389	3.947	22.947	4.095	35.814	35.814	6.978e-05	0.00070798	0.00411605	0.00073453	0.00642404	0.00642404
Eureka	0.0	0.0	0.0	0.0	0.0	0.0	0.0	0.0	0.0	0.0	0.0	0.0
Elko County	0.0	0.0	2.0	4.095	35.814	35.814	N/A	N/A	N/A	N/A	N/A	N/A
Esmeralda	0.0	0.0	0.0	0.0	0.0	0.0	0.0	0.0	0.0	0.0	0.0	0.0
Lyon	1.398	10.044	57.044	4.095	35.814	35.814	2.505e-05	0.00017997	0.00102215	7.338e-05	0.00064174	0.00064174
Douglas	0.225	1.799	26.799	4.095	35.814	35.814	4.64e-06	3.712e-05	0.00055293	8.449e-05	0.00073894	0.00073894
Carson City	2.474	13.331	83.331	0.136	1.013	3.013	4.465e-05	0.00024057	0.00150379	2.45e-06	1.828e-05	5.437e-05
Humboldt	1.837	13.924	84.924	0.001	0.013	3.013	0.00010944	0.0008295	0.00505922	6e-08	7.7e-07	0.00017949
Mineral	0.0	0.0	4.0	0.001	0.013	0.013	0.0	0.0	0.00088613	2.2e-07	2.88e-06	2.88e-06
Unassigned	3.282	24.467	55.467	0.0	0.366	2.366	N/A	N/A	N/A	N/A	N/A	N/A
Pershing	0.0	0.0	0.0	0.0	0.0	0.0	0.0	0.0	0.0	0.0	0.0	0.0
Clark	63.665	474.66	5772.66	4.086	32.701	325.701	2.853e-05	0.00021269	0.00258673	1.83e-06	1.465e-05	0.00014595
Washoe	14.165	106.471	1296.471	1.066	6.504	52.504	3.041e-05	0.00022861	0.00278371	2.29e-06	1.397e-05	0.00011273
Nye	0.829	6.284	64.284	1.066	6.504	6.504	1.828e-05	0.00013858	0.00141763	2.351e-05	0.00014343	0.00014343
Storey	0.0	0.0	1.0	1.066	6.504	6.504	0.0	0.0	0.0002482	0.00026458	0.0016143	0.0016143
Churchill	0.726	3.202	8.202	0.0	0.0	1.0	2.971e-05	0.00013101	0.0003356	0.0	0.0	4.092e-05
Elko	1.372	6.049	26.049	0.0	0.0	1.0	2.615e-05	0.00011531	0.00049655	0.0	0.0	1.906e-05
White Pine	0.0	0.0	3.0	0.0	0.0	0.0	0.0	0.0	0.00031662	0.0	0.0	0.0
