Name	Predicted_New_Cases	Total_Predicted_New_Cases	Total_Predicted_Cases	Predicted_New_Deaths	Total_Predicted_New_Deaths	Total_Predicted_Deaths	Predicted_New_per_capita	Predicted_Total_New_per_capita	Predicted_Total_Cases_per_capita	Predicted_New_Deaths_per_capita	Total_Predicted_New_Deaths_per_capita	Total_Predicted_Deaths_per_capita
Lincoln	0.0	0.0	2.0	0.781	79.734	79.734	0.0	0.0	0.00038454	0.00015016	0.01533051	0.01533051
Lander	3.038	76.646	99.646	0.781	79.734	79.734	0.00054493	0.01374816	0.01787372	0.00014009	0.01430206	0.01430206
Eureka	0.0	0.0	0.0	0.0	0.0	0.0	0.0	0.0	0.0	0.0	0.0	0.0
Elko County	0.0	0.0	2.0	0.781	79.734	79.734	N/A	N/A	N/A	N/A	N/A	N/A
Esmeralda	0.0	0.0	0.0	0.0	0.0	0.0	0.0	0.0	0.0	0.0	0.0	0.0
Lyon	4.679	239.538	326.538	0.0	0.0	1.0	8.384e-05	0.00429218	0.0058511	0.0	0.0	1.792e-05
Douglas	1.356	73.353	111.353	0.0	0.0	0.0	2.798e-05	0.00151346	0.0022975	0.0	0.0	0.0
Carson City	0.323	32.997	143.997	0.076	5.295	10.295	5.83e-06	0.00059546	0.00259857	1.37e-06	9.555e-05	0.00018578
Humboldt	0.0	0.0	78.0	0.0	0.0	4.0	0.0	0.0	0.00464673	0.0	0.0	0.00023829
Mineral	0.0	0.0	4.0	0.0	0.0	0.0	0.0	0.0	0.00088613	0.0	0.0	0.0
Unassigned	0.807	82.44	113.44	0.084	8.623	10.623	N/A	N/A	N/A	N/A	N/A	N/A
Pershing	0.0	0.0	2.0	0.084	8.623	8.623	0.0	0.0	0.00030003	1.26e-05	0.00129358	0.00129358
Clark	30.972	2718.534	10310.534	0.554	56.567	419.567	1.388e-05	0.00121817	0.00462015	2.5e-07	2.535e-05	0.00018801
Washoe	4.657	475.691	2247.691	0.212	21.66	86.66	1e-05	0.00102138	0.00482612	4.6e-07	4.651e-05	0.00018607
Nye	0.139	13.093	79.093	0.0	0.62	2.62	3.07e-06	0.00028874	0.00174421	0.0	1.367e-05	5.778e-05
Storey	0.0	0.0	1.0	0.0	0.62	0.62	0.0	0.0	0.0002482	0.0	0.00015388	0.00015388
Churchill	0.055	4.649	14.649	0.0	0.0	1.0	2.25e-06	0.00019022	0.00059939	0.0	0.0	4.092e-05
Elko	0.135	11.439	38.439	0.0	0.0	1.0	2.57e-06	0.00021805	0.00073273	0.0	0.0	1.906e-05
White Pine	3.038	76.646	79.646	0.0	0.0	0.0	0.00032063	0.00808929	0.00840591	0.0	0.0	0.0
