Name	Predicted_New_Cases	Total_Predicted_New_Cases	Total_Predicted_Cases	Predicted_New_Deaths	Total_Predicted_New_Deaths	Total_Predicted_Deaths	Predicted_New_per_capita	Predicted_Total_New_per_capita	Predicted_Total_Cases_per_capita	Predicted_New_Deaths_per_capita	Total_Predicted_New_Deaths_per_capita	Total_Predicted_Deaths_per_capita
Lincoln	0.0	0.0	2.0	3.373	6.777	6.777	0.0	0.0	0.00038454	0.00064853	0.00130302	0.00130302
Lander	0.368	0.666	24.666	3.373	6.777	6.777	6.601e-05	0.00011946	0.00442439	0.00060502	0.00121561	0.00121561
Eureka	0.0	0.0	0.0	0.0	0.0	0.0	0.0	0.0	0.0	0.0	0.0	0.0
Elko County	0.0	0.0	2.0	3.373	6.777	6.777	N/A	N/A	N/A	N/A	N/A	N/A
Esmeralda	0.0	0.0	0.0	0.0	0.0	0.0	0.0	0.0	0.0	0.0	0.0	0.0
Lyon	3.087	6.203	95.203	0.0	0.0	2.0	5.531e-05	0.00011115	0.0017059	0.0	0.0	3.584e-05
Douglas	0.859	1.726	40.726	0.0	0.0	0.0	1.772e-05	3.561e-05	0.00084028	0.0	0.0	0.0
Carson City	2.1	4.087	119.087	0.173	0.324	5.324	3.79e-05	7.375e-05	0.00214904	3.12e-06	5.85e-06	9.608e-05
Humboldt	0.0	0.0	78.0	0.0	0.0	4.0	0.0	0.0	0.00464673	0.0	0.0	0.00023829
Mineral	0.0	0.0	4.0	0.0	0.0	0.0	0.0	0.0	0.00088613	0.0	0.0	0.0
Unassigned	3.62	7.273	38.273	0.379	0.761	2.761	N/A	N/A	N/A	N/A	N/A	N/A
Pershing	0.0	0.0	4.0	0.379	0.761	0.761	0.0	0.0	0.00060006	5.686e-05	0.00011416	0.00011416
Clark	132.898	258.631	8358.631	2.479	4.981	379.981	5.955e-05	0.00011589	0.0037455	1.11e-06	2.23e-06	0.00017027
Washoe	28.069	54.625	1947.625	0.969	1.947	70.947	6.027e-05	0.00011729	0.00418183	2.08e-06	4.18e-06	0.00015233
Nye	0.537	1.079	73.079	0.003	0.007	2.007	1.184e-05	2.379e-05	0.00161159	7e-08	1.5e-07	4.426e-05
Storey	0.0	0.0	1.0	0.003	0.007	0.007	0.0	0.0	0.0002482	7.4e-07	1.74e-06	1.74e-06
Churchill	0.264	0.504	10.504	0.0	0.0	1.0	1.08e-05	2.062e-05	0.00042979	0.0	0.0	4.092e-05
Elko	0.477	0.948	39.948	0.0	0.0	1.0	9.09e-06	1.807e-05	0.00076149	0.0	0.0	1.906e-05
White Pine	0.119	0.239	3.239	0.0	0.0	0.0	1.256e-05	2.522e-05	0.00034185	0.0	0.0	0.0
