Name	Predicted_New_Cases	Total_Predicted_New_Cases	Total_Predicted_Cases	Predicted_New_Deaths	Total_Predicted_New_Deaths	Total_Predicted_Deaths	Predicted_New_per_capita	Predicted_Total_New_per_capita	Predicted_Total_Cases_per_capita	Predicted_New_Deaths_per_capita	Total_Predicted_New_Deaths_per_capita	Total_Predicted_Deaths_per_capita
Lincoln	0.003	3.031	5.031	0.143	147.463	147.463	5.8e-07	0.00058277	0.00096731	2.749e-05	0.02835282	0.02835282
Lander	0.0	1.111	20.111	0.143	147.463	147.463	0.0	0.00019928	0.00360735	2.565e-05	0.02645076	0.02645076
Eureka	0.0	0.0	0.0	0.0	0.0	0.0	0.0	0.0	0.0	0.0	0.0	0.0
Elko County	0.0	0.0	2.0	0.143	147.463	147.463	N/A	N/A	N/A	N/A	N/A	N/A
Esmeralda	0.0	0.0	0.0	0.0	0.0	0.0	0.0	0.0	0.0	0.0	0.0	0.0
Lyon	0.0	3.681	52.681	0.143	147.463	147.463	0.0	6.596e-05	0.00094397	2.56e-06	0.00264233	0.00264233
Douglas	0.003	3.59	29.59	0.143	147.463	147.463	6e-08	7.407e-05	0.00061052	2.95e-06	0.00304254	0.00304254
Carson City	0.213	111.165	188.165	0.002	1.572	4.572	3.84e-06	0.00200608	0.00339562	4e-08	2.837e-05	8.251e-05
Humboldt	0.0	2.673	78.673	0.0	0.0	4.0	0.0	0.00015924	0.00468682	0.0	0.0	0.00023829
Mineral	0.0	0.0	4.0	0.0	0.0	0.0	0.0	0.0	0.00088613	0.0	0.0	0.0
Unassigned	0.09	92.25	123.25	0.05	24.439	30.439	N/A	N/A	N/A	N/A	N/A	N/A
Pershing	0.0	0.0	0.0	0.0	0.0	0.0	0.0	0.0	0.0	0.0	0.0	0.0
Clark	3.217	2593.221	8243.221	0.131	134.333	448.333	1.44e-06	0.00116202	0.00369378	6e-08	6.019e-05	0.0002009
Washoe	0.997	687.209	2082.209	0.294	111.01	159.01	2.14e-06	0.00147554	0.0044708	6.3e-07	0.00023835	0.00034142
Nye	0.351	140.506	198.506	0.0	0.0	1.0	7.74e-06	0.00309853	0.00437759	0.0	0.0	2.205e-05
Storey	0.0	0.0	1.0	0.0	0.0	0.0	0.0	0.0	0.0002482	0.0	0.0	0.0
Churchill	0.006	6.507	12.507	0.0	0.0	1.0	2.5e-07	0.00026624	0.00051174	0.0	0.0	4.092e-05
Elko	0.013	13.243	34.243	0.0	0.0	1.0	2.5e-07	0.00025244	0.00065274	0.0	0.0	1.906e-05
White Pine	0.418	67.332	71.332	0.0	0.0	0.0	4.412e-05	0.00710628	0.00752844	0.0	0.0	0.0
