Name	Confirmed	Deaths	Recovered	Active	Confirmed_per_capita	Deaths_per_capita	IFR_0.30_expected	IFR_0.65_expected	IFR_1.0_expected	IFR_0.30_expected_per_capita	IFR_0.65_expected_per_capita	IFR_1.0_expected_per_capita	Date
Greene	2.0	0.0	0.0	0.0	2.895e-05	0.0	10.0	4.0	2.5	0.00014475	5.79e-05	3.61875e-05	2020-03-22
Greene	4	0	0	0	5.79e-05	0.0	20	8	5	0.0002895	0.0001158	7.2375e-05	2020-03-23
Greene	5	0	0	0	7.237e-05	0.0	25	10	6.25	0.00036185	0.00014474	9.04625e-05	2020-03-24
Greene	7	0	0	0	0.00010132	0.0	35	14	8.75	0.0005066	0.00020264	0.00012665	2020-03-25
Greene	8	0	0	0	0.0001158	0.0	40	16	10	0.000579	0.0002316	0.00014475	2020-03-26
Greene	8	0	0	0	0.0001158	0.0	40	16	10	0.000579	0.0002316	0.00014475	2020-03-27
Greene	8	0	0	0	0.0001158	0.0	40	16	10	0.000579	0.0002316	0.00014475	2020-03-28
Greene	9.0	0.0	0.0	0.0	0.00013027	0.0	45.0	18.0	11.25	0.00065135	0.00026054	0.0001628375	2020-03-29
Greene	9.0	0.0	0.0	0.0	0.00013027	0.0	45.0	18.0	11.25	0.00065135	0.00026054	0.0001628375	2020-03-30
Greene	12.0	0.0	0.0	0.0	0.00017369	0.0	60.0	24.0	15.0	0.00086845	0.00034738	0.0002171125	2020-03-31
Greene	15.0	0.0	0.0	0.0	0.00021712	0.0	75.0	30.0	18.75	0.0010856	0.00043424	0.0002714	2020-04-01
Greene	16.0	1.0	0.0	0.0	0.00023159	1.447e-05	333.333333333	153.846153846	100.0	0.00482333333333	0.00222615384615	0.001447	2020-04-02
Greene	16.0	1.0	0.0	0.0	0.00023159	1.447e-05	333.333333333	153.846153846	100.0	0.00482333333333	0.00222615384615	0.001447	2020-04-03
Greene	16.0	1.0	0.0	0.0	0.00023159	1.447e-05	333.333333333	153.846153846	100.0	0.00482333333333	0.00222615384615	0.001447	2020-04-04
Greene	17.0	1.0	0.0	0.0	0.00024607	1.447e-05	333.333333333	153.846153846	100.0	0.00482333333333	0.00222615384615	0.001447	2020-04-05
Greene	17.0	1.0	0.0	0.0	0.00024607	1.447e-05	333.333333333	153.846153846	100.0	0.00482333333333	0.00222615384615	0.001447	2020-04-06
Greene	18.0	1.0	0.0	0.0	0.00026054	1.447e-05	333.333333333	153.846153846	100.0	0.00482333333333	0.00222615384615	0.001447	2020-04-07
Greene	20.0	1.0	0.0	0.0	0.00028949	1.447e-05	333.333333333	153.846153846	100.0	0.00482333333333	0.00222615384615	0.001447	2020-04-08
Greene	22.0	1.0	0.0	0.0	0.00031844	1.447e-05	333.333333333	153.846153846	100.0	0.00482333333333	0.00222615384615	0.001447	2020-04-09
Greene	25.0	1.0	0.0	0.0	0.00036186	1.447e-05	333.333333333	153.846153846	100.0	0.00482333333333	0.00222615384615	0.001447	2020-04-10
Greene	26.0	1.0	0.0	0.0	0.00037634	1.447e-05	333.333333333	153.846153846	100.0	0.00482333333333	0.00222615384615	0.001447	2020-04-11
Greene	26.0	1.0	0.0	25.0	0.00037634	1.447e-05	333.333333333	153.846153846	100.0	0.00482333333333	0.00222615384615	0.001447	2020-04-12
Greene	27.0	1.0	0.0	26.0	0.00039081	1.447e-05	333.333333333	153.846153846	100.0	0.00482333333333	0.00222615384615	0.001447	2020-04-13
Greene	27.0	2.0	0.0	25.0	0.00039081	2.895e-05	666.666666667	307.692307692	200.0	0.00965	0.00445384615385	0.002895	2020-04-14
Greene	27.0	2.0	0.0	25.0	0.00039081	2.895e-05	666.666666667	307.692307692	200.0	0.00965	0.00445384615385	0.002895	2020-04-15
Greene	28.0	2.0	0.0	26.0	0.00040529	2.895e-05	666.666666667	307.692307692	200.0	0.00965	0.00445384615385	0.002895	2020-04-16
Greene	29.0	2.0	0.0	27.0	0.00041976	2.895e-05	666.666666667	307.692307692	200.0	0.00965	0.00445384615385	0.002895	2020-04-17
Greene	30.0	2.0	0.0	28.0	0.00043424	2.895e-05	666.666666667	307.692307692	200.0	0.00965	0.00445384615385	0.002895	2020-04-18
Greene	30.0	2.0	0.0	28.0	0.00043424	2.895e-05	666.666666667	307.692307692	200.0	0.00965	0.00445384615385	0.002895	2020-04-19
Greene	35.0	2.0	0.0	33.0	0.00050661	2.895e-05	666.666666667	307.692307692	200.0	0.00965	0.00445384615385	0.002895	2020-04-20
Greene	37.0	2.0	0.0	35.0	0.00053556	2.895e-05	666.666666667	307.692307692	200.0	0.00965	0.00445384615385	0.002895	2020-04-21
Greene	37.0	2.0	0.0	35.0	0.00053556	2.895e-05	666.666666667	307.692307692	200.0	0.00965	0.00445384615385	0.002895	2020-04-22
Greene	38.0	2.0	0.0	36.0	0.00055003	2.895e-05	666.666666667	307.692307692	200.0	0.00965	0.00445384615385	0.002895	2020-04-23
Greene	41.0	2.0	0.0	39.0	0.00059345	2.895e-05	666.666666667	307.692307692	200.0	0.00965	0.00445384615385	0.002895	2020-04-24
Greene	41.0	2.0	0.0	39.0	0.00059345	2.895e-05	666.666666667	307.692307692	200.0	0.00965	0.00445384615385	0.002895	2020-04-25
Greene	41.0	2.0	0.0	39.0	0.00059345	2.895e-05	666.666666667	307.692307692	200.0	0.00965	0.00445384615385	0.002895	2020-04-26
Greene	41.0	2.0	0.0	39.0	0.00059345	2.895e-05	666.666666667	307.692307692	200.0	0.00965	0.00445384615385	0.002895	2020-04-27
Greene	42.0	2.0	0.0	40.0	0.00060793	2.895e-05	666.666666667	307.692307692	200.0	0.00965	0.00445384615385	0.002895	2020-04-28
Greene	43.0	2.0	0.0	41.0	0.0006224	2.895e-05	666.666666667	307.692307692	200.0	0.00965	0.00445384615385	0.002895	2020-04-29
Greene	44.0	2.0	0.0	42.0	0.00063688	2.895e-05	666.666666667	307.692307692	200.0	0.00965	0.00445384615385	0.002895	2020-04-30
Greene	44.0	2.0	0.0	42.0	0.00063688	2.895e-05	666.666666667	307.692307692	200.0	0.00965	0.00445384615385	0.002895	2020-05-01
Greene	43.0	2.0	0.0	41.0	0.0006224	2.895e-05	666.666666667	307.692307692	200.0	0.00965	0.00445384615385	0.002895	2020-05-02
Greene	43.0	2.0	0.0	41.0	0.0006224	2.895e-05	666.666666667	307.692307692	200.0	0.00965	0.00445384615385	0.002895	2020-05-03
Greene	43.0	2.0	0.0	41.0	0.0006224	2.895e-05	666.666666667	307.692307692	200.0	0.00965	0.00445384615385	0.002895	2020-05-04
Greene	43.0	2.0	0.0	41.0	0.0006224	2.895e-05	666.666666667	307.692307692	200.0	0.00965	0.00445384615385	0.002895	2020-05-05
Greene	43.0	2.0	0.0	41.0	0.0006224	2.895e-05	666.666666667	307.692307692	200.0	0.00965	0.00445384615385	0.002895	2020-05-06
Greene	43.0	2.0	0.0	41.0	0.0006224	2.895e-05	666.666666667	307.692307692	200.0	0.00965	0.00445384615385	0.002895	2020-05-07
Greene	43.0	2.0	0.0	41.0	0.0006224	2.895e-05	666.666666667	307.692307692	200.0	0.00965	0.00445384615385	0.002895	2020-05-08
Greene	44.0	2.0	0.0	42.0	0.00063688	2.895e-05	666.666666667	307.692307692	200.0	0.00965	0.00445384615385	0.002895	2020-05-09
Greene	46.0	2.0	0.0	44.0	0.00066583	2.895e-05	666.666666667	307.692307692	200.0	0.00965	0.00445384615385	0.002895	2020-05-10
Greene	46.0	2.0	0.0	44.0	0.00066583	2.895e-05	666.666666667	307.692307692	200.0	0.00965	0.00445384615385	0.002895	2020-05-11
Greene	46.0	2.0	0.0	44.0	0.00066583	2.895e-05	666.666666667	307.692307692	200.0	0.00965	0.00445384615385	0.002895	2020-05-12
Greene	47.0	2.0	0.0	45.0	0.0006803	2.895e-05	666.666666667	307.692307692	200.0	0.00965	0.00445384615385	0.002895	2020-05-13
Greene	46.0	2.0	0.0	44.0	0.00066583	2.895e-05	666.666666667	307.692307692	200.0	0.00965	0.00445384615385	0.002895	2020-05-14
Greene	46.0	2.0	0.0	44.0	0.00066583	2.895e-05	666.666666667	307.692307692	200.0	0.00965	0.00445384615385	0.002895	2020-05-15
Greene	46.0	2.0	0.0	44.0	0.00066583	2.895e-05	666.666666667	307.692307692	200.0	0.00965	0.00445384615385	0.002895	2020-05-16
Greene	46.0	2.0	0.0	44.0	0.00066583	2.895e-05	666.666666667	307.692307692	200.0	0.00965	0.00445384615385	0.002895	2020-05-17
Greene	46.0	2.0	0.0	44.0	0.00066583	2.895e-05	666.666666667	307.692307692	200.0	0.00965	0.00445384615385	0.002895	2020-05-18
Greene	46.0	2.0	0.0	44.0	0.00066583	2.895e-05	666.666666667	307.692307692	200.0	0.00965	0.00445384615385	0.002895	2020-05-19
Greene	46.0	2.0	0.0	44.0	0.00066583	2.895e-05	666.666666667	307.692307692	200.0	0.00965	0.00445384615385	0.002895	2020-05-20
Greene	46.0	2.0	0.0	44.0	0.00066583	2.895e-05	666.666666667	307.692307692	200.0	0.00965	0.00445384615385	0.002895	2020-05-21
Greene	47.0	2.0	0.0	45.0	0.0006803	2.895e-05	666.666666667	307.692307692	200.0	0.00965	0.00445384615385	0.002895	2020-05-22
Greene	48.0	2.0	0.0	46.0	0.00069478	2.895e-05	666.666666667	307.692307692	200.0	0.00965	0.00445384615385	0.002895	2020-05-23
Greene	48.0	2.0	0.0	46.0	0.00069478	2.895e-05	666.666666667	307.692307692	200.0	0.00965	0.00445384615385	0.002895	2020-05-24
Greene	47.0	2.0	0.0	45.0	0.0006803	2.895e-05	666.666666667	307.692307692	200.0	0.00965	0.00445384615385	0.002895	2020-05-25
Greene	47.0	2.0	0.0	45.0	0.0006803	2.895e-05	666.666666667	307.692307692	200.0	0.00965	0.00445384615385	0.002895	2020-05-26
Greene	48.0	2.0	0.0	46.0	0.00069478	2.895e-05	666.666666667	307.692307692	200.0	0.00965	0.00445384615385	0.002895	2020-05-27
Greene	48.0	2.0	0.0	46.0	0.00069478	2.895e-05	666.666666667	307.692307692	200.0	0.00965	0.00445384615385	0.002895	2020-05-28
Greene	49.0	2.0	0.0	47.0	0.00070925	2.895e-05	666.666666667	307.692307692	200.0	0.00965	0.00445384615385	0.002895	2020-05-29
Greene	50.0	2.0	0.0	48.0	0.00072373	2.895e-05	666.666666667	307.692307692	200.0	0.00965	0.00445384615385	0.002895	2020-05-30
Greene	50.0	2.0	0.0	48.0	0.00072373	2.895e-05	666.666666667	307.692307692	200.0	0.00965	0.00445384615385	0.002895	2020-05-31
Greene	50.0	2.0	0.0	48.0	0.00072373	2.895e-05	666.666666667	307.692307692	200.0	0.00965	0.00445384615385	0.002895	2020-06-01
Greene	52.0	2.0	0.0	50.0	0.00075267	2.895e-05	666.666666667	307.692307692	200.0	0.00965	0.00445384615385	0.002895	2020-06-02
Greene	52.0	2.0	0.0	50.0	0.00075267	2.895e-05	666.666666667	307.692307692	200.0	0.00965	0.00445384615385	0.002895	2020-06-03
Greene	52.0	2.0	0.0	50.0	0.00075267	2.895e-05	666.666666667	307.692307692	200.0	0.00965	0.00445384615385	0.002895	2020-06-04
Greene	52.0	2.0	0.0	50.0	0.00075267	2.895e-05	666.666666667	307.692307692	200.0	0.00965	0.00445384615385	0.002895	2020-06-05
Greene	52.0	2.0	0.0	50.0	0.00075267	2.895e-05	666.666666667	307.692307692	200.0	0.00965	0.00445384615385	0.002895	2020-06-06
Greene	52.0	2.0	0.0	50.0	0.00075267	2.895e-05	666.666666667	307.692307692	200.0	0.00965	0.00445384615385	0.002895	2020-06-07
Greene	52.0	2.0	0.0	50.0	0.00075267	2.895e-05	666.666666667	307.692307692	200.0	0.00965	0.00445384615385	0.002895	2020-06-08
Greene	52.0	2.0	0.0	50.0	0.00075267	2.895e-05	666.666666667	307.692307692	200.0	0.00965	0.00445384615385	0.002895	2020-06-09
Greene	52.0	2.0	0.0	50.0	0.00075267	2.895e-05	666.666666667	307.692307692	200.0	0.00965	0.00445384615385	0.002895	2020-06-10
Greene	52.0	2.0	0.0	50.0	0.00075267	2.895e-05	666.666666667	307.692307692	200.0	0.00965	0.00445384615385	0.002895	2020-06-11
Greene	53.0	2.0	0.0	51.0	0.00076715	2.895e-05	666.666666667	307.692307692	200.0	0.00965	0.00445384615385	0.002895	2020-06-12
Greene	53.0	2.0	0.0	51.0	0.00076715	2.895e-05	666.666666667	307.692307692	200.0	0.00965	0.00445384615385	0.002895	2020-06-13
Greene	53.0	2.0	0.0	51.0	0.00076715	2.895e-05	666.666666667	307.692307692	200.0	0.00965	0.00445384615385	0.002895	2020-06-14
Greene	53.0	2.0	0.0	51.0	0.00076715	2.895e-05	666.666666667	307.692307692	200.0	0.00965	0.00445384615385	0.002895	2020-06-15
Greene	55.0	2.0	0.0	53.0	0.0007961	2.895e-05	666.666666667	307.692307692	200.0	0.00965	0.00445384615385	0.002895	2020-06-16
Greene	55.0	2.0	0.0	53.0	0.0007961	2.895e-05	666.666666667	307.692307692	200.0	0.00965	0.00445384615385	0.002895	2020-06-17
Greene	56.0	2.0	0.0	54.0	0.00081057	2.895e-05	666.666666667	307.692307692	200.0	0.00965	0.00445384615385	0.002895	2020-06-18
Greene	55.0	2.0	0.0	53.0	0.0007961	2.895e-05	666.666666667	307.692307692	200.0	0.00965	0.00445384615385	0.002895	2020-06-19
Greene	55.0	2.0	0.0	53.0	0.0007961	2.895e-05	666.666666667	307.692307692	200.0	0.00965	0.00445384615385	0.002895	2020-06-20
Greene	55.0	2.0	0.0	53.0	0.0007961	2.895e-05	666.666666667	307.692307692	200.0	0.00965	0.00445384615385	0.002895	2020-06-21
Greene	56.0	2.0	0.0	54.0	0.00081057	2.895e-05	666.666666667	307.692307692	200.0	0.00965	0.00445384615385	0.002895	2020-06-22
Greene	56.0	2.0	0.0	54.0	0.00081057	2.895e-05	666.666666667	307.692307692	200.0	0.00965	0.00445384615385	0.002895	2020-06-23
Greene	58.0	2.0	0.0	56.0	0.00083952	2.895e-05	666.666666667	307.692307692	200.0	0.00965	0.00445384615385	0.002895	2020-06-24
Greene	66.0	2.0	0.0	64.0	0.00095532	2.895e-05	666.666666667	307.692307692	200.0	0.00965	0.00445384615385	0.002895	2020-06-25
Greene	68.0	3.0	0.0	65.0	0.00098427	4.342e-05	1000.0	461.538461538	300.0	0.0144733333333	0.00668	0.004342	2020-06-26
Greene	74.0	2.0	0.0	72.0	0.00107111	2.895e-05	666.666666667	307.692307692	200.0	0.00965	0.00445384615385	0.002895	2020-06-27
Greene	74.0	2.0	0.0	72.0	0.00107111	2.895e-05	666.666666667	307.692307692	200.0	0.00965	0.00445384615385	0.002895	2020-06-28
Greene	81.0	2.0	0.0	79.0	0.00117243	2.895e-05	666.666666667	307.692307692	200.0	0.00965	0.00445384615385	0.002895	2020-06-29
Greene	85.0	2.0	0.0	83.0	0.00123033	2.895e-05	666.666666667	307.692307692	200.0	0.00965	0.00445384615385	0.002895	2020-06-30
Greene	85.0	2.0	0.0	83.0	0.00123033	2.895e-05	666.666666667	307.692307692	200.0	0.00965	0.00445384615385	0.002895	2020-07-01
Greene	86.0	2.0	0.0	84.0	0.00124481	2.895e-05	666.666666667	307.692307692	200.0	0.00965	0.00445384615385	0.002895	2020-07-02
Greene	3.745	6.847	91.847	0.0	0.0	2.0	5.421e-05	9.911e-05	0.00132944	0.0	0.0	2.895e-05	2020-07-03
Greene	4.437	11.284	96.284	0.0	0.0	2.0	6.422e-05	0.00016333	0.00139366	0.0	0.0	2.895e-05	2020-07-04
Greene	5.24	16.524	101.524	0.0	0.0	2.0	7.585e-05	0.00023918	0.00146951	0.0	0.0	2.895e-05	2020-07-05
Greene	0.554	0.554	5.794	0.294	0.294	16.818	8.02e-06	8.02e-06	8.387e-05	4.26e-06	4.26e-06	0.00024343	2020-07-06
Greene	0.514	1.068	6.308	0.279	0.573	17.097	7.44e-06	1.546e-05	9.131e-05	4.04e-06	8.29e-06	0.00024747	2020-07-07
Greene	0.477	1.545	6.785	0.265	0.838	17.362	6.9e-06	2.236e-05	9.821e-05	3.84e-06	1.213e-05	0.00025131	2020-07-08
Greene	11.192	11.192	11.669	0.811	0.811	2.356	0.000162	0.000162	0.0001689	1.174e-05	1.174e-05	3.41e-05	2020-07-09
Greene	13.812	25.004	25.481	0.857	1.668	3.213	0.00019992	0.00036192	0.00036882	1.24e-05	2.414e-05	4.651e-05	2020-07-10
Greene	12.151	12.151	25.963	0.429	0.429	25.433	0.00017588	0.00017588	0.0003758	6.21e-06	6.21e-06	0.00036813	2020-07-11
Greene	12.039	24.19	38.002	0.466	0.895	25.899	0.00017426	0.00035014	0.00055006	6.75e-06	1.295e-05	0.00037488	2020-07-12
Greene	11.883	36.073	49.885	0.507	1.402	26.406	0.000172	0.00052214	0.00072206	7.34e-06	2.029e-05	0.00038221	2020-07-13
Greene	2.819	2.819	14.702	0.868	0.868	36.941	4.08e-05	4.08e-05	0.0002128	1.256e-05	1.256e-05	0.0005347	2020-07-14
Greene	2.202	5.021	16.904	0.678	1.546	37.619	3.187e-05	7.268e-05	0.00024468	9.81e-06	2.238e-05	0.00054452	2020-07-15
Greene	1.671	6.692	18.575	0.482	2.028	38.101	2.419e-05	9.686e-05	0.00026886	6.98e-06	2.935e-05	0.00055149	2020-07-16
Greene	1.231	7.923	19.806	0.31	2.338	38.411	1.782e-05	0.00011468	0.00028668	4.49e-06	3.384e-05	0.00055598	2020-07-17
Greene	196.0	3.0	0.0	193.0	0.002837	4.342e-05	1000.0	461.538461538	300.0	0.0144733333333	0.00668	0.004342	2020-07-18
Greene	209.0	3.0	0.0	206.0	0.00302517	4.342e-05	1000.0	461.538461538	300.0	0.0144733333333	0.00668	0.004342	2020-07-19
