Name	Predicted_New_Cases	Total_Predicted_New_Cases	Total_Predicted_Cases	Predicted_New_Deaths	Total_Predicted_New_Deaths	Total_Predicted_Deaths	Predicted_New_per_capita	Predicted_Total_New_per_capita	Predicted_Total_Cases_per_capita	Predicted_New_Deaths_per_capita	Total_Predicted_New_Deaths_per_capita	Total_Predicted_Deaths_per_capita
Wright	0.048	0.871	9.871	7.981	145.847	145.847	2.61e-06	4.739e-05	0.00053711	0.00043427	0.00793596	0.00793596
Linn	0.0	0.0	5.0	0.0	0.0	1.0	0.0	0.0	0.00041539	0.0	0.0	8.308e-05
Pike	0.006	1.702	7.702	0.0	0.0	0.0	3.2e-07	9.198e-05	0.00041623	0.0	0.0	0.0
Wayne	0.0	0.0	0.0	0.0	0.0	0.0	0.0	0.0	0.0	0.0	0.0	0.0
Andrew	0.0	0.0	1.0	0.0	0.0	0.0	0.0	0.0	5.68e-05	0.0	0.0	0.0
Pemiscot	3.47	22.46	30.46	0.0	0.0	0.0	0.00021325	0.00138029	0.00187193	0.0	0.0	0.0
Lewis	0.0	0.0	0.0	0.0	0.0	0.0	0.0	0.0	0.0	0.0	0.0	0.0
Montgomery	0.004	1.126	7.126	0.0	0.0	0.0	3.5e-07	9.762e-05	0.00061783	0.0	0.0	0.0
Platte	1.257	21.778	47.778	0.0	0.0	0.0	1.221e-05	0.00021147	0.00046393	0.0	0.0	0.0
Webster	3.379	21.877	26.877	0.0	0.0	0.0	8.64e-05	0.00055939	0.00068723	0.0	0.0	0.0
Reynolds	0.0	0.0	2.0	0.0	0.0	0.0	0.0	0.0	0.0003198	0.0	0.0	0.0
Dent	0.0	0.0	0.0	0.0	0.0	0.0	0.0	0.0	0.0	0.0	0.0	0.0
St. Louis City	31.539	576.36	1299.36	2.777	39.781	65.781	N/A	N/A	N/A	N/A	N/A	N/A
Taney	0.0	0.725	8.725	0.0	0.0	1.0	0.0	1.298e-05	0.00015622	0.0	0.0	1.79e-05
Lincoln	0.572	10.455	45.455	0.0	0.0	1.0	9.92e-06	0.00018124	0.00078797	0.0	0.0	1.734e-05
Ralls	0.0	0.0	1.0	0.0	0.0	0.0	0.0	0.0	9.792e-05	0.0	0.0	0.0
Camden	0.007	2.342	28.342	0.0	0.0	1.0	1.5e-07	5.112e-05	0.00061862	0.0	0.0	2.183e-05
New Madrid	0.0	0.0	8.0	0.0	0.0	0.0	0.0	0.0	0.00046253	0.0	0.0	0.0
Howell	0.0	0.0	4.0	0.0	0.0	0.0	0.0	0.0	9.981e-05	0.0	0.0	0.0
Caldwell	0.0	0.0	1.0	0.0	0.0	0.0	0.0	0.0	0.00010979	0.0	0.0	0.0
Washington	0.0	0.0	1.0	0.0	0.0	0.0	0.0	0.0	4.009e-05	0.0	0.0	0.0
Gasconade	0.0	0.0	2.0	0.0	0.0	0.0	0.0	0.0	0.00013601	0.0	0.0	0.0
Macon	0.0	0.0	2.0	0.0	0.0	0.0	0.0	0.0	0.00013199	0.0	0.0	0.0
Dunklin	3.869	35.909	52.909	0.0	0.0	0.0	0.0001315	0.00122044	0.00179822	0.0	0.0	0.0
Bates	0.887	11.562	17.562	0.0	0.0	1.0	5.435e-05	0.00070846	0.0010761	0.0	0.0	6.127e-05
Cass	1.875	31.246	76.246	0.0	0.0	4.0	1.786e-05	0.00029771	0.00072647	0.0	0.0	3.811e-05
Jefferson	4.553	88.38	227.38	0.0	0.0	3.0	2.029e-05	0.00039394	0.00101352	0.0	0.0	1.337e-05
Newton	2.929	18.96	27.96	0.0	0.0	0.0	5.027e-05	0.0003254	0.00047987	0.0	0.0	0.0
Pulaski	0.0	0.177	16.177	0.0	0.0	1.0	0.0	3.4e-06	0.00031101	0.0	0.0	1.923e-05
Ripley	0.095	1.741	4.741	0.0	0.0	0.0	7.09e-06	0.00012992	0.00035378	0.0	0.0	0.0
Barton	0.0	0.0	0.0	0.0	0.0	0.0	0.0	0.0	0.0	0.0	0.0	0.0
Maries	0.0	0.0	2.0	0.0	0.0	0.0	0.0	0.0	0.00022808	0.0	0.0	0.0
Saint Louis	73.247	1338.524	3189.524	4.197	71.551	124.551	7.347e-05	0.00134263	0.0031993	4.21e-06	7.177e-05	0.00012493
Mississippi	0.0	0.0	0.0	0.0	0.0	0.0	0.0	0.0	0.0	0.0	0.0	0.0
Monroe	0.0	0.0	0.0	0.0	0.0	0.0	0.0	0.0	0.0	0.0	0.0	0.0
Douglas	0.0	0.0	0.0	0.0	0.0	0.0	0.0	0.0	0.0	0.0	0.0	0.0
Saint Francois	0.011	3.708	26.708	0.0	0.0	1.0	1.6e-07	5.56e-05	0.00040047	0.0	0.0	1.499e-05
Pettis	0.0	0.0	3.0	0.0	0.0	0.0	0.0	0.0	7.052e-05	0.0	0.0	0.0
Lawrence	0.0	0.0	0.0	0.0	0.0	0.0	0.0	0.0	0.0	0.0	0.0	0.0
Marion	0.0	0.0	0.0	0.0	0.0	0.0	0.0	0.0	0.0	0.0	0.0	0.0
Mercer	0.0	0.0	0.0	0.0	0.0	0.0	0.0	0.0	0.0	0.0	0.0	0.0
McDonald	0.165	3.02	7.02	0.0	0.0	0.0	7.15e-06	0.00013086	0.00030419	0.0	0.0	0.0
Livingston	0.095	1.741	3.741	0.0	0.0	0.0	6.27e-06	0.00011495	0.000247	0.0	0.0	0.0
Benton	0.0	0.0	3.0	0.0	0.0	0.0	0.0	0.0	0.00015562	0.0	0.0	0.0
Saint Charles	20.03	366.039	766.039	1.372	19.655	35.655	5.018e-05	0.00091697	0.00191902	3.44e-06	4.924e-05	8.932e-05
Henry	2.352	17.586	22.586	0.0	0.0	1.0	0.00010793	0.00080699	0.00103644	0.0	0.0	4.589e-05
Ozark	0.0	0.0	0.0	0.0	0.0	0.0	0.0	0.0	0.0	0.0	0.0	0.0
Carter	0.0	0.0	3.0	0.0	0.0	1.0	0.0	0.0	0.00049554	0.0	0.0	0.00016518
Madison	0.0	0.0	1.0	0.0	0.0	0.0	0.0	0.0	8.205e-05	0.0	0.0	0.0
Boone	0.42	9.299	96.299	0.0	0.0	1.0	2.33e-06	5.166e-05	0.00053498	0.0	0.0	5.56e-06
Holt	0.0	0.0	0.0	0.0	0.0	0.0	0.0	0.0	0.0	0.0	0.0	0.0
Schuyler	0.0	0.0	0.0	0.0	0.0	0.0	0.0	0.0	0.0	0.0	0.0	0.0
Laclede	0.0	0.0	0.0	0.0	0.0	0.0	0.0	0.0	0.0	0.0	0.0	0.0
Buchanan	0.016	4.97	26.97	0.0	0.0	1.0	1.8e-07	5.611e-05	0.0003045	0.0	0.0	1.129e-05
Hickory	0.0	0.0	0.0	0.0	0.0	0.0	0.0	0.0	0.0	0.0	0.0	0.0
Scott	3.099	36.211	62.211	0.0	0.0	0.0	8.058e-05	0.00094157	0.00161763	0.0	0.0	0.0
Miller	0.0	0.0	0.0	0.0	0.0	0.0	0.0	0.0	0.0	0.0	0.0	0.0
Howard	0.0	0.0	2.0	0.0	0.0	0.0	0.0	0.0	0.0001973	0.0	0.0	0.0
Nodaway	0.0	0.0	3.0	0.0	0.0	0.0	0.0	0.0	0.00013451	0.0	0.0	0.0
Scotland	0.0	0.0	3.0	0.0	0.0	0.0	0.0	0.0	0.00060411	0.0	0.0	0.0
Cole	0.779	14.231	52.231	0.0	0.0	1.0	1.014e-05	0.00018531	0.00068013	0.0	0.0	1.302e-05
Saline	0.0	0.0	35.0	0.0	0.0	0.0	0.0	0.0	0.00152872	0.0	0.0	0.0
Christian	0.0	0.187	19.187	0.0	0.0	0.0	0.0	2.15e-06	0.00022058	0.0	0.0	0.0
Stoddard	0.286	5.226	17.226	0.0	0.0	0.0	9.79e-06	0.00017894	0.00058981	0.0	0.0	0.0
Dade	0.0	0.0	0.0	0.0	0.0	0.0	0.0	0.0	0.0	0.0	0.0	0.0
Osage	0.0	0.0	4.0	0.0	0.0	0.0	0.0	0.0	0.00029167	0.0	0.0	0.0
Unassigned	0.0	0.0	1.0	0.0	0.0	1.0	N/A	N/A	N/A	N/A	N/A	N/A
Randolph	0.0	0.24	8.24	0.0	0.0	0.0	0.0	9.69e-06	0.00033275	0.0	0.0	0.0
Shannon	0.0	0.0	0.0	0.0	0.0	0.0	0.0	0.0	0.0	0.0	0.0	0.0
Dallas	0.0	0.0	2.0	0.0	0.0	0.0	0.0	0.0	0.00011932	0.0	0.0	0.0
Barry	0.048	0.871	2.871	0.0	0.0	0.0	1.34e-06	2.427e-05	8e-05	0.0	0.0	0.0
Cape Girardeau	1.446	24.644	54.644	0.0	0.0	1.0	1.836e-05	0.00031293	0.00069387	0.0	0.0	1.27e-05
Atchison	0.0	0.0	2.0	0.0	0.0	0.0	0.0	0.0	0.00038677	0.0	0.0	0.0
Clay	1.494	27.299	78.299	0.0	0.0	2.0	6.06e-06	0.00011081	0.00031782	0.0	0.0	8.12e-06
De Kalb	0.0	0.0	3.0	0.0	0.0	0.0	0.0	0.0	0.00023753	0.0	0.0	0.0
Shelby	0.0	0.0	1.0	0.0	0.0	0.0	0.0	0.0	0.00016529	0.0	0.0	0.0
Putnam	0.0	0.0	0.0	0.0	0.0	0.0	0.0	0.0	0.0	0.0	0.0	0.0
Franklin	13.49	184.489	271.489	0.0	0.0	4.0	0.00013012	0.00177958	0.00261878	0.0	0.0	3.858e-05
Cooper	2.749	17.795	21.795	0.0	0.0	0.0	0.00015617	0.00101091	0.00123814	0.0	0.0	0.0
Butler	0.0	0.0	16.0	0.0	0.0	0.0	0.0	0.0	0.00037524	0.0	0.0	0.0
Iron	0.0	0.0	1.0	0.0	0.0	0.0	0.0	0.0	9.826e-05	0.0	0.0	0.0
Greene	0.029	8.701	88.701	0.029	1.387	9.387	1e-07	2.981e-05	0.00030385	1e-07	4.75e-06	3.216e-05
Lafayette	0.0	0.267	28.267	0.0	0.0	1.0	0.0	8.19e-06	0.00086714	0.0	0.0	3.068e-05
Stone	0.0	0.212	3.212	0.0	0.0	0.0	0.0	6.68e-06	0.00010117	0.0	0.0	0.0
Daviess	0.0	0.0	0.0	0.0	0.0	0.0	0.0	0.0	0.0	0.0	0.0	0.0
Sainte Genevieve	0.143	2.615	9.615	0.0	0.0	1.0	7.99e-06	0.00014619	0.00053751	0.0	0.0	5.59e-05
Chariton	0.0	0.0	4.0	0.0	0.0	0.0	0.0	0.0	0.00053684	0.0	0.0	0.0
Perry	0.623	15.322	53.322	0.0	0.0	0.0	3.253e-05	0.0008001	0.00278444	0.0	0.0	0.0
Texas	0.0	0.0	1.0	0.0	0.0	0.0	0.0	0.0	3.911e-05	0.0	0.0	0.0
Worth	0.0	0.0	1.0	0.0	0.0	0.0	0.0	0.0	0.0004902	0.0	0.0	0.0
Clark	0.0	0.0	1.0	0.0	0.0	0.0	0.0	0.0	0.00014616	0.0	0.0	0.0
Carroll	0.0	0.0	0.0	0.0	0.0	0.0	0.0	0.0	0.0	0.0	0.0	0.0
Moniteau	0.015	1.213	5.213	0.0	0.0	0.0	9.3e-07	7.524e-05	0.00032337	0.0	0.0	0.0
Morgan	0.0	0.0	1.0	0.0	0.0	0.0	0.0	0.0	4.912e-05	0.0	0.0	0.0
Knox	0.0	0.0	0.0	0.0	0.0	0.0	0.0	0.0	0.0	0.0	0.0	0.0
Warren	0.572	10.455	27.455	0.0	0.0	0.0	1.648e-05	0.0003012	0.00079096	0.0	0.0	0.0
Johnson	1.081	19.748	64.748	0.0	0.0	0.0	2.015e-05	0.00036808	0.00120681	0.0	0.0	0.0
Kansas City	13.213	241.452	592.452	0.0	0.0	12.0	N/A	N/A	N/A	N/A	N/A	N/A
Oregon	0.0	0.0	1.0	0.0	0.0	0.0	0.0	0.0	9.487e-05	0.0	0.0	0.0
Harrison	0.003	1.01	7.01	0.0	0.0	0.0	3.6e-07	0.00012004	0.00083314	0.0	0.0	0.0
Phelps	0.0	0.0	1.0	0.0	0.0	0.0	0.0	0.0	2.236e-05	0.0	0.0	0.0
Vernon	0.0	0.0	3.0	0.0	0.0	0.0	0.0	0.0	0.00014614	0.0	0.0	0.0
Sullivan	0.0	0.0	0.0	0.0	0.0	0.0	0.0	0.0	0.0	0.0	0.0	0.0
Cedar	0.191	3.487	8.487	0.0	0.0	0.0	1.348e-05	0.00024617	0.00059915	0.0	0.0	0.0
Clinton	0.413	7.549	18.549	0.0	0.0	0.0	2.018e-05	0.00036878	0.00090616	0.0	0.0	0.0
Crawford	0.143	2.615	7.615	0.0	0.0	0.0	5.97e-06	0.00010915	0.00031786	0.0	0.0	0.0
Gentry	0.0	0.0	1.0	0.0	0.0	0.0	0.0	0.0	0.00015088	0.0	0.0	0.0
Grundy	0.0	0.0	0.0	0.0	0.0	0.0	0.0	0.0	0.0	0.0	0.0	0.0
Ray	0.0	0.0	7.0	0.0	0.0	0.0	0.0	0.0	0.0003059	0.0	0.0	0.0
Jasper	1.382	23.556	50.556	0.0	0.0	0.0	1.146e-05	0.00019527	0.00041908	0.0	0.0	0.0
Audrain	0.0	0.0	0.0	0.0	0.0	0.0	0.0	0.0	0.0	0.0	0.0	0.0
Polk	0.0	0.0	1.0	0.0	0.0	0.0	0.0	0.0	3.105e-05	0.0	0.0	0.0
Callaway	0.161	3.51	23.51	0.0	0.0	1.0	3.59e-06	7.819e-05	0.00052374	0.0	0.0	2.228e-05
Bollinger	0.095	1.741	4.741	0.0	0.0	0.0	7.81e-06	0.00014307	0.0003896	0.0	0.0	0.0
Adair	0.0	0.605	12.605	0.0	0.0	0.0	0.0	2.388e-05	0.00049745	0.0	0.0	0.0
Saint Clair	0.0	0.0	2.0	0.0	0.0	0.0	0.0	0.0	0.00021288	0.0	0.0	0.0
Jackson	8.353	152.643	389.643	0.775	11.097	20.097	1.193e-05	0.00021797	0.00055639	1.11e-06	1.585e-05	2.87e-05
