Name	Predicted_New_Cases	Total_Predicted_New_Cases	Total_Predicted_Cases	Predicted_New_Deaths	Total_Predicted_New_Deaths	Total_Predicted_Deaths	Predicted_New_per_capita	Predicted_Total_New_per_capita	Predicted_Total_Cases_per_capita	Predicted_New_Deaths_per_capita	Total_Predicted_New_Deaths_per_capita	Total_Predicted_Deaths_per_capita
Wright	0.018	1.456	10.456	3.05	243.86	243.86	9.8e-07	7.923e-05	0.00056894	0.00016596	0.01326913	0.01326913
Linn	0.0	0.0	5.0	0.0	0.0	1.0	0.0	0.0	0.00041539	0.0	0.0	8.308e-05
Pike	0.0	1.713	7.713	0.0	0.0	0.0	0.0	9.257e-05	0.00041683	0.0	0.0	0.0
Wayne	0.0	0.0	0.0	0.0	0.0	0.0	0.0	0.0	0.0	0.0	0.0	0.0
Andrew	0.0	0.0	1.0	0.0	0.0	0.0	0.0	0.0	5.68e-05	0.0	0.0	0.0
Pemiscot	7.462	152.358	160.358	0.0	0.0	0.0	0.00045858	0.0093632	0.00985484	0.0	0.0	0.0
Lewis	0.0	0.0	0.0	0.0	0.0	0.0	0.0	0.0	0.0	0.0	0.0	0.0
Montgomery	0.0	1.129	7.129	0.0	0.0	0.0	0.0	9.788e-05	0.00061809	0.0	0.0	0.0
Platte	0.537	38.247	64.247	0.0	0.0	0.0	5.21e-06	0.00037138	0.00062385	0.0	0.0	0.0
Webster	7.269	148.402	153.402	0.0	0.0	0.0	0.00018587	0.00379457	0.00392242	0.0	0.0	0.0
Reynolds	0.0	0.0	2.0	0.0	0.0	0.0	0.0	0.0	0.0003198	0.0	0.0	0.0
Dent	0.0	0.0	0.0	0.0	0.0	0.0	0.0	0.0	0.0	0.0	0.0	0.0
St. Louis City	12.053	963.684	1686.684	1.395	79.17	105.17	N/A	N/A	N/A	N/A	N/A	N/A
Taney	0.0	0.725	8.725	0.0	0.0	1.0	0.0	1.298e-05	0.00015622	0.0	0.0	1.79e-05
Lincoln	0.219	17.48	52.48	0.0	0.0	1.0	3.8e-06	0.00030302	0.00090975	0.0	0.0	1.734e-05
Ralls	0.0	0.0	1.0	0.0	0.0	0.0	0.0	0.0	9.792e-05	0.0	0.0	0.0
Camden	0.0	2.342	28.342	0.0	0.0	1.0	0.0	5.112e-05	0.00061862	0.0	0.0	2.183e-05
New Madrid	0.0	0.0	8.0	0.0	0.0	0.0	0.0	0.0	0.00046253	0.0	0.0	0.0
Howell	0.0	0.0	4.0	0.0	0.0	0.0	0.0	0.0	9.981e-05	0.0	0.0	0.0
Caldwell	0.0	0.0	1.0	0.0	0.0	0.0	0.0	0.0	0.00010979	0.0	0.0	0.0
Washington	0.0	0.0	1.0	0.0	0.0	0.0	0.0	0.0	4.009e-05	0.0	0.0	0.0
Gasconade	0.0	0.0	2.0	0.0	0.0	0.0	0.0	0.0	0.00013601	0.0	0.0	0.0
Macon	0.0	0.0	2.0	0.0	0.0	0.0	0.0	0.0	0.00013199	0.0	0.0	0.0
Dunklin	2.76	103.15	120.15	0.0	0.0	0.0	9.38e-05	0.00350576	0.00408354	0.0	0.0	0.0
Bates	0.476	24.569	30.569	0.0	0.0	1.0	2.917e-05	0.00150545	0.0018731	0.0	0.0	6.127e-05
Cass	0.848	56.647	101.647	0.0	0.0	4.0	8.08e-06	0.00053973	0.00096849	0.0	0.0	3.811e-05
Jefferson	1.546	142.085	281.085	0.0	0.0	3.0	6.89e-06	0.00063333	0.0012529	0.0	0.0	1.337e-05
Newton	6.299	128.614	137.614	0.0	0.0	0.0	0.00010811	0.00220736	0.00236182	0.0	0.0	0.0
Pulaski	0.0	0.177	16.177	0.0	0.0	1.0	0.0	3.4e-06	0.00031101	0.0	0.0	1.923e-05
Ripley	0.036	2.912	5.912	0.0	0.0	0.0	2.69e-06	0.0002173	0.00044116	0.0	0.0	0.0
Barton	0.0	0.0	0.0	0.0	0.0	0.0	0.0	0.0	0.0	0.0	0.0	0.0
Maries	0.0	0.0	2.0	0.0	0.0	0.0	0.0	0.0	0.00022808	0.0	0.0	0.0
Saint Louis	27.991	2238.04	4089.04	1.846	127.563	180.563	2.808e-05	0.0022449	0.00410157	1.85e-06	0.00012795	0.00018112
Mississippi	0.0	0.0	0.0	0.0	0.0	0.0	0.0	0.0	0.0	0.0	0.0	0.0
Monroe	0.0	0.0	0.0	0.0	0.0	0.0	0.0	0.0	0.0	0.0	0.0	0.0
Douglas	0.0	0.0	0.0	0.0	0.0	0.0	0.0	0.0	0.0	0.0	0.0	0.0
Saint Francois	0.0	3.708	26.708	0.0	0.0	1.0	0.0	5.56e-05	0.00040047	0.0	0.0	1.499e-05
Pettis	0.0	0.0	3.0	0.0	0.0	0.0	0.0	0.0	7.052e-05	0.0	0.0	0.0
Lawrence	0.0	0.0	0.0	0.0	0.0	0.0	0.0	0.0	0.0	0.0	0.0	0.0
Marion	0.0	0.0	0.0	0.0	0.0	0.0	0.0	0.0	0.0	0.0	0.0	0.0
Mercer	0.0	0.0	0.0	0.0	0.0	0.0	0.0	0.0	0.0	0.0	0.0	0.0
McDonald	0.063	5.049	9.049	0.0	0.0	0.0	2.73e-06	0.00021878	0.00039211	0.0	0.0	0.0
Livingston	0.036	2.912	4.912	0.0	0.0	0.0	2.38e-06	0.00019226	0.00032431	0.0	0.0	0.0
Benton	0.0	0.0	3.0	0.0	0.0	0.0	0.0	0.0	0.00015562	0.0	0.0	0.0
Saint Charles	7.655	612.025	1012.025	0.689	39.117	55.117	1.918e-05	0.0015332	0.00253525	1.73e-06	9.799e-05	0.00013807
Henry	3.048	81.097	86.097	0.0	0.0	1.0	0.00013987	0.00372141	0.00395085	0.0	0.0	4.589e-05
Ozark	0.0	0.0	0.0	0.0	0.0	0.0	0.0	0.0	0.0	0.0	0.0	0.0
Carter	0.0	0.0	3.0	0.0	0.0	1.0	0.0	0.0	0.00049554	0.0	0.0	0.00016518
Madison	0.0	0.0	1.0	0.0	0.0	0.0	0.0	0.0	8.205e-05	0.0	0.0	0.0
Boone	0.121	13.754	100.754	0.0	0.0	1.0	6.7e-07	7.641e-05	0.00055973	0.0	0.0	5.56e-06
Holt	0.0	0.0	0.0	0.0	0.0	0.0	0.0	0.0	0.0	0.0	0.0	0.0
Schuyler	0.0	0.0	0.0	0.0	0.0	0.0	0.0	0.0	0.0	0.0	0.0	0.0
Laclede	0.0	0.0	0.0	0.0	0.0	0.0	0.0	0.0	0.0	0.0	0.0	0.0
Buchanan	0.0	4.991	26.991	0.0	0.0	1.0	0.0	5.635e-05	0.00030474	0.0	0.0	1.129e-05
Hickory	0.0	0.0	0.0	0.0	0.0	0.0	0.0	0.0	0.0	0.0	0.0	0.0
Scott	1.787	83.399	109.399	0.0	0.0	0.0	4.647e-05	0.00216857	0.00284464	0.0	0.0	0.0
Miller	0.0	0.0	0.0	0.0	0.0	0.0	0.0	0.0	0.0	0.0	0.0	0.0
Howard	0.0	0.0	2.0	0.0	0.0	0.0	0.0	0.0	0.0001973	0.0	0.0	0.0
Nodaway	0.0	0.0	3.0	0.0	0.0	0.0	0.0	0.0	0.00013451	0.0	0.0	0.0
Scotland	0.0	0.0	3.0	0.0	0.0	0.0	0.0	0.0	0.00060411	0.0	0.0	0.0
Cole	0.298	23.794	61.794	0.0	0.0	1.0	3.88e-06	0.00030983	0.00080465	0.0	0.0	1.302e-05
Saline	0.0	0.0	35.0	0.0	0.0	0.0	0.0	0.0	0.00152872	0.0	0.0	0.0
Christian	0.0	0.187	19.187	0.0	0.0	0.0	0.0	2.15e-06	0.00022058	0.0	0.0	0.0
Stoddard	0.109	8.74	20.74	0.0	0.0	0.0	3.73e-06	0.00029925	0.00071013	0.0	0.0	0.0
Dade	0.0	0.0	0.0	0.0	0.0	0.0	0.0	0.0	0.0	0.0	0.0	0.0
Osage	0.0	0.0	4.0	0.0	0.0	0.0	0.0	0.0	0.00029167	0.0	0.0	0.0
Unassigned	0.0	0.0	1.0	0.0	0.0	1.0	N/A	N/A	N/A	N/A	N/A	N/A
Randolph	0.0	0.24	8.24	0.0	0.0	0.0	0.0	9.69e-06	0.00033275	0.0	0.0	0.0
Shannon	0.0	0.0	0.0	0.0	0.0	0.0	0.0	0.0	0.0	0.0	0.0	0.0
Dallas	0.0	0.0	2.0	0.0	0.0	0.0	0.0	0.0	0.00011932	0.0	0.0	0.0
Barry	0.018	1.456	3.456	0.0	0.0	0.0	5e-07	4.057e-05	9.63e-05	0.0	0.0	0.0
Cape Girardeau	0.636	43.935	73.935	0.0	0.0	1.0	8.08e-06	0.00055788	0.00093882	0.0	0.0	1.27e-05
Atchison	0.0	0.0	2.0	0.0	0.0	0.0	0.0	0.0	0.00038677	0.0	0.0	0.0
Clay	0.571	45.643	96.643	0.0	0.0	2.0	2.32e-06	0.00018527	0.00039228	0.0	0.0	8.12e-06
De Kalb	0.0	0.0	3.0	0.0	0.0	0.0	0.0	0.0	0.00023753	0.0	0.0	0.0
Shelby	0.0	0.0	1.0	0.0	0.0	0.0	0.0	0.0	0.00016529	0.0	0.0	0.0
Putnam	0.0	0.0	0.0	0.0	0.0	0.0	0.0	0.0	0.0	0.0	0.0	0.0
Franklin	6.988	378.716	465.716	0.0	0.0	4.0	6.741e-05	0.00365309	0.00449229	0.0	0.0	3.858e-05
Cooper	5.912	120.702	124.702	0.0	0.0	0.0	0.00033585	0.0068569	0.00708413	0.0	0.0	0.0
Butler	0.0	0.0	16.0	0.0	0.0	0.0	0.0	0.0	0.00037524	0.0	0.0	0.0
Iron	0.0	0.0	1.0	0.0	0.0	0.0	0.0	0.0	9.826e-05	0.0	0.0	0.0
Greene	0.0	8.739	88.739	0.0	1.421	9.421	0.0	2.994e-05	0.00030398	0.0	4.87e-06	3.227e-05
Lafayette	0.0	0.267	28.267	0.0	0.0	1.0	0.0	8.19e-06	0.00086714	0.0	0.0	3.068e-05
Stone	0.0	0.212	3.212	0.0	0.0	0.0	0.0	6.68e-06	0.00010117	0.0	0.0	0.0
Daviess	0.0	0.0	0.0	0.0	0.0	0.0	0.0	0.0	0.0	0.0	0.0	0.0
Sainte Genevieve	0.055	4.371	11.371	0.0	0.0	1.0	3.07e-06	0.00024435	0.00063568	0.0	0.0	5.59e-05
Chariton	0.0	0.0	4.0	0.0	0.0	0.0	0.0	0.0	0.00053684	0.0	0.0	0.0
Perry	0.153	21.849	59.849	0.0	0.0	0.0	7.99e-06	0.00114094	0.00312527	0.0	0.0	0.0
Texas	0.0	0.0	1.0	0.0	0.0	0.0	0.0	0.0	3.911e-05	0.0	0.0	0.0
Worth	0.0	0.0	1.0	0.0	0.0	0.0	0.0	0.0	0.0004902	0.0	0.0	0.0
Clark	0.0	0.0	1.0	0.0	0.0	0.0	0.0	0.0	0.00014616	0.0	0.0	0.0
Carroll	0.0	0.0	0.0	0.0	0.0	0.0	0.0	0.0	0.0	0.0	0.0	0.0
Moniteau	0.0	1.243	5.243	0.0	0.0	0.0	0.0	7.71e-05	0.00032523	0.0	0.0	0.0
Morgan	0.0	0.0	1.0	0.0	0.0	0.0	0.0	0.0	4.912e-05	0.0	0.0	0.0
Knox	0.0	0.0	0.0	0.0	0.0	0.0	0.0	0.0	0.0	0.0	0.0	0.0
Warren	0.219	17.48	34.48	0.0	0.0	0.0	6.31e-06	0.00050359	0.00099335	0.0	0.0	0.0
Johnson	0.413	33.018	78.018	0.0	0.0	0.0	7.7e-06	0.00061541	0.00145415	0.0	0.0	0.0
Kansas City	5.049	403.711	754.711	0.0	0.0	12.0	N/A	N/A	N/A	N/A	N/A	N/A
Oregon	0.0	0.0	1.0	0.0	0.0	0.0	0.0	0.0	9.487e-05	0.0	0.0	0.0
Harrison	0.0	1.01	7.01	0.0	0.0	0.0	0.0	0.00012004	0.00083314	0.0	0.0	0.0
Phelps	0.0	0.0	1.0	0.0	0.0	0.0	0.0	0.0	2.236e-05	0.0	0.0	0.0
Vernon	0.0	0.0	3.0	0.0	0.0	0.0	0.0	0.0	0.00014614	0.0	0.0	0.0
Sullivan	0.0	0.0	0.0	0.0	0.0	0.0	0.0	0.0	0.0	0.0	0.0	0.0
Cedar	0.073	5.829	10.829	0.0	0.0	0.0	5.15e-06	0.00041151	0.00076449	0.0	0.0	0.0
Clinton	0.158	12.623	23.623	0.0	0.0	0.0	7.72e-06	0.00061666	0.00115403	0.0	0.0	0.0
Crawford	0.055	4.371	9.371	0.0	0.0	0.0	2.3e-06	0.00018245	0.00039116	0.0	0.0	0.0
Gentry	0.0	0.0	1.0	0.0	0.0	0.0	0.0	0.0	0.00015088	0.0	0.0	0.0
Grundy	0.0	0.0	0.0	0.0	0.0	0.0	0.0	0.0	0.0	0.0	0.0	0.0
Ray	0.0	0.0	7.0	0.0	0.0	0.0	0.0	0.0	0.0003059	0.0	0.0	0.0
Jasper	0.608	41.996	68.996	0.0	0.0	0.0	5.04e-06	0.00034812	0.00057194	0.0	0.0	0.0
Audrain	0.0	0.0	0.0	0.0	0.0	0.0	0.0	0.0	0.0	0.0	0.0	0.0
Polk	0.0	0.0	1.0	0.0	0.0	0.0	0.0	0.0	3.105e-05	0.0	0.0	0.0
Callaway	0.048	5.246	25.246	0.0	0.0	1.0	1.07e-06	0.00011687	0.00056241	0.0	0.0	2.228e-05
Bollinger	0.036	2.912	5.912	0.0	0.0	0.0	2.96e-06	0.0002393	0.00048582	0.0	0.0	0.0
Adair	0.0	0.605	12.605	0.0	0.0	0.0	0.0	2.388e-05	0.00049745	0.0	0.0	0.0
Saint Clair	0.0	0.0	2.0	0.0	0.0	0.0	0.0	0.0	0.00021288	0.0	0.0	0.0
Jackson	3.192	255.222	492.222	0.389	22.085	31.085	4.56e-06	0.00036444	0.00070287	5.6e-07	3.154e-05	4.439e-05
