Name	Predicted_New_Cases	Total_Predicted_New_Cases	Total_Predicted_Cases	Predicted_New_Deaths	Total_Predicted_New_Deaths	Total_Predicted_Deaths	Predicted_New_per_capita	Predicted_Total_New_per_capita	Predicted_Total_Cases_per_capita	Predicted_New_Deaths_per_capita	Total_Predicted_New_Deaths_per_capita	Total_Predicted_Deaths_per_capita
Wright	0.042	1.003	10.003	7.045	167.918	167.918	2.29e-06	5.458e-05	0.00054429	0.00038334	0.0091369	0.0091369
Linn	0.0	0.0	5.0	0.0	0.0	1.0	0.0	0.0	0.00041539	0.0	0.0	8.308e-05
Pike	0.003	1.713	7.713	0.0	0.0	0.0	1.6e-07	9.257e-05	0.00041683	0.0	0.0	0.0
Wayne	0.0	0.0	0.0	0.0	0.0	0.0	0.0	0.0	0.0	0.0	0.0	0.0
Andrew	0.0	0.0	1.0	0.0	0.0	0.0	0.0	0.0	5.68e-05	0.0	0.0	0.0
Pemiscot	4.745	35.418	43.418	0.0	0.0	0.0	0.00029161	0.00217662	0.00266826	0.0	0.0	0.0
Lewis	0.0	0.0	0.0	0.0	0.0	0.0	0.0	0.0	0.0	0.0	0.0	0.0
Montgomery	0.0	1.129	7.129	0.0	0.0	0.0	0.0	9.788e-05	0.00061809	0.0	0.0	0.0
Platte	1.153	25.346	51.346	0.0	0.0	0.0	1.12e-05	0.00024611	0.00049858	0.0	0.0	0.0
Webster	4.622	34.497	39.497	0.0	0.0	0.0	0.00011818	0.00088207	0.00100992	0.0	0.0	0.0
Reynolds	0.0	0.0	2.0	0.0	0.0	0.0	0.0	0.0	0.0003198	0.0	0.0	0.0
Dent	0.0	0.0	0.0	0.0	0.0	0.0	0.0	0.0	0.0	0.0	0.0	0.0
St. Louis City	27.841	663.582	1386.582	2.57	47.704	73.704	N/A	N/A	N/A	N/A	N/A	N/A
Taney	0.0	0.725	8.725	0.0	0.0	1.0	0.0	1.298e-05	0.00015622	0.0	0.0	1.79e-05
Lincoln	0.505	12.037	47.037	0.0	0.0	1.0	8.75e-06	0.00020866	0.0008154	0.0	0.0	1.734e-05
Ralls	0.0	0.0	1.0	0.0	0.0	0.0	0.0	0.0	9.792e-05	0.0	0.0	0.0
Camden	0.0	2.342	28.342	0.0	0.0	1.0	0.0	5.112e-05	0.00061862	0.0	0.0	2.183e-05
New Madrid	0.0	0.0	8.0	0.0	0.0	0.0	0.0	0.0	0.00046253	0.0	0.0	0.0
Howell	0.0	0.0	4.0	0.0	0.0	0.0	0.0	0.0	9.981e-05	0.0	0.0	0.0
Caldwell	0.0	0.0	1.0	0.0	0.0	0.0	0.0	0.0	0.00010979	0.0	0.0	0.0
Washington	0.0	0.0	1.0	0.0	0.0	0.0	0.0	0.0	4.009e-05	0.0	0.0	0.0
Gasconade	0.0	0.0	2.0	0.0	0.0	0.0	0.0	0.0	0.00013601	0.0	0.0	0.0
Macon	0.0	0.0	2.0	0.0	0.0	0.0	0.0	0.0	0.00013199	0.0	0.0	0.0
Dunklin	4.024	47.902	64.902	0.0	0.0	0.0	0.00013676	0.00162805	0.00220583	0.0	0.0	0.0
Bates	0.837	14.13	20.13	0.0	0.0	1.0	5.129e-05	0.00086581	0.00123346	0.0	0.0	6.127e-05
Cass	1.737	36.592	81.592	0.0	0.0	4.0	1.655e-05	0.00034865	0.00077741	0.0	0.0	3.811e-05
Jefferson	3.954	100.832	239.832	0.0	0.0	3.0	1.762e-05	0.00044945	0.00106902	0.0	0.0	1.337e-05
Newton	4.005	29.897	38.897	0.0	0.0	0.0	6.874e-05	0.00051311	0.00066758	0.0	0.0	0.0
Pulaski	0.0	0.177	16.177	0.0	0.0	1.0	0.0	3.4e-06	0.00031101	0.0	0.0	1.923e-05
Ripley	0.084	2.005	5.005	0.0	0.0	0.0	6.27e-06	0.00014962	0.00037348	0.0	0.0	0.0
Barton	0.0	0.0	0.0	0.0	0.0	0.0	0.0	0.0	0.0	0.0	0.0	0.0
Maries	0.0	0.0	2.0	0.0	0.0	0.0	0.0	0.0	0.00022808	0.0	0.0	0.0
Saint Louis	64.658	1541.087	3392.087	3.878	83.516	136.516	6.486e-05	0.00154581	0.00340248	3.89e-06	8.377e-05	0.00013693
Mississippi	0.0	0.0	0.0	0.0	0.0	0.0	0.0	0.0	0.0	0.0	0.0	0.0
Monroe	0.0	0.0	0.0	0.0	0.0	0.0	0.0	0.0	0.0	0.0	0.0	0.0
Douglas	0.0	0.0	0.0	0.0	0.0	0.0	0.0	0.0	0.0	0.0	0.0	0.0
Saint Francois	0.0	3.708	26.708	0.0	0.0	1.0	0.0	5.56e-05	0.00040047	0.0	0.0	1.499e-05
Pettis	0.0	0.0	3.0	0.0	0.0	0.0	0.0	0.0	7.052e-05	0.0	0.0	0.0
Lawrence	0.0	0.0	0.0	0.0	0.0	0.0	0.0	0.0	0.0	0.0	0.0	0.0
Marion	0.0	0.0	0.0	0.0	0.0	0.0	0.0	0.0	0.0	0.0	0.0	0.0
Mercer	0.0	0.0	0.0	0.0	0.0	0.0	0.0	0.0	0.0	0.0	0.0	0.0
McDonald	0.146	3.477	7.477	0.0	0.0	0.0	6.33e-06	0.00015066	0.00032399	0.0	0.0	0.0
Livingston	0.084	2.005	4.005	0.0	0.0	0.0	5.55e-06	0.00013238	0.00026443	0.0	0.0	0.0
Benton	0.0	0.0	3.0	0.0	0.0	0.0	0.0	0.0	0.00015562	0.0	0.0	0.0
Saint Charles	17.682	421.434	821.434	1.27	23.57	39.57	4.43e-05	0.00105574	0.00205779	3.18e-06	5.905e-05	9.913e-05
Henry	3.002	25.922	30.922	0.0	0.0	1.0	0.00013776	0.00118952	0.00141896	0.0	0.0	4.589e-05
Ozark	0.0	0.0	0.0	0.0	0.0	0.0	0.0	0.0	0.0	0.0	0.0	0.0
Carter	0.0	0.0	3.0	0.0	0.0	1.0	0.0	0.0	0.00049554	0.0	0.0	0.00016518
Madison	0.0	0.0	1.0	0.0	0.0	0.0	0.0	0.0	8.205e-05	0.0	0.0	0.0
Boone	0.352	10.422	97.422	0.0	0.0	1.0	1.96e-06	5.79e-05	0.00054122	0.0	0.0	5.56e-06
Holt	0.0	0.0	0.0	0.0	0.0	0.0	0.0	0.0	0.0	0.0	0.0	0.0
Schuyler	0.0	0.0	0.0	0.0	0.0	0.0	0.0	0.0	0.0	0.0	0.0	0.0
Laclede	0.0	0.0	0.0	0.0	0.0	0.0	0.0	0.0	0.0	0.0	0.0	0.0
Buchanan	0.0	4.991	26.991	0.0	0.0	1.0	0.0	5.635e-05	0.00030474	0.0	0.0	1.129e-05
Hickory	0.0	0.0	0.0	0.0	0.0	0.0	0.0	0.0	0.0	0.0	0.0	0.0
Scott	2.985	45.297	71.297	0.0	0.0	0.0	7.762e-05	0.00117783	0.00185389	0.0	0.0	0.0
Miller	0.0	0.0	0.0	0.0	0.0	0.0	0.0	0.0	0.0	0.0	0.0	0.0
Howard	0.0	0.0	2.0	0.0	0.0	0.0	0.0	0.0	0.0001973	0.0	0.0	0.0
Nodaway	0.0	0.0	3.0	0.0	0.0	0.0	0.0	0.0	0.00013451	0.0	0.0	0.0
Scotland	0.0	0.0	3.0	0.0	0.0	0.0	0.0	0.0	0.00060411	0.0	0.0	0.0
Cole	0.687	16.384	54.384	0.0	0.0	1.0	8.95e-06	0.00021334	0.00070816	0.0	0.0	1.302e-05
Saline	0.0	0.0	35.0	0.0	0.0	0.0	0.0	0.0	0.00152872	0.0	0.0	0.0
Christian	0.0	0.187	19.187	0.0	0.0	0.0	0.0	2.15e-06	0.00022058	0.0	0.0	0.0
Stoddard	0.253	6.018	18.018	0.0	0.0	0.0	8.66e-06	0.00020605	0.00061693	0.0	0.0	0.0
Dade	0.0	0.0	0.0	0.0	0.0	0.0	0.0	0.0	0.0	0.0	0.0	0.0
Osage	0.0	0.0	4.0	0.0	0.0	0.0	0.0	0.0	0.00029167	0.0	0.0	0.0
Unassigned	0.0	0.0	1.0	0.0	0.0	1.0	N/A	N/A	N/A	N/A	N/A	N/A
Randolph	0.0	0.24	8.24	0.0	0.0	0.0	0.0	9.69e-06	0.00033275	0.0	0.0	0.0
Shannon	0.0	0.0	0.0	0.0	0.0	0.0	0.0	0.0	0.0	0.0	0.0	0.0
Dallas	0.0	0.0	2.0	0.0	0.0	0.0	0.0	0.0	0.00011932	0.0	0.0	0.0
Barry	0.042	1.003	3.003	0.0	0.0	0.0	1.17e-06	2.795e-05	8.368e-05	0.0	0.0	0.0
Cape Girardeau	1.336	28.765	58.765	0.0	0.0	1.0	1.696e-05	0.00036526	0.00074619	0.0	0.0	1.27e-05
Atchison	0.0	0.0	2.0	0.0	0.0	0.0	0.0	0.0	0.00038677	0.0	0.0	0.0
Clay	1.319	31.43	82.43	0.0	0.0	2.0	5.35e-06	0.00012757	0.00033458	0.0	0.0	8.12e-06
De Kalb	0.0	0.0	3.0	0.0	0.0	0.0	0.0	0.0	0.00023753	0.0	0.0	0.0
Shelby	0.0	0.0	1.0	0.0	0.0	0.0	0.0	0.0	0.00016529	0.0	0.0	0.0
Putnam	0.0	0.0	0.0	0.0	0.0	0.0	0.0	0.0	0.0	0.0	0.0	0.0
Franklin	12.581	223.217	310.217	0.0	0.0	4.0	0.00012136	0.00215315	0.00299235	0.0	0.0	3.858e-05
Cooper	3.759	28.06	32.06	0.0	0.0	0.0	0.00021354	0.00159405	0.00182128	0.0	0.0	0.0
Butler	0.0	0.0	16.0	0.0	0.0	0.0	0.0	0.0	0.00037524	0.0	0.0	0.0
Iron	0.0	0.0	1.0	0.0	0.0	0.0	0.0	0.0	9.826e-05	0.0	0.0	0.0
Greene	0.0	8.739	88.739	0.0	1.421	9.421	0.0	2.994e-05	0.00030398	0.0	4.87e-06	3.227e-05
Lafayette	0.0	0.267	28.267	0.0	0.0	1.0	0.0	8.19e-06	0.00086714	0.0	0.0	3.068e-05
Stone	0.0	0.212	3.212	0.0	0.0	0.0	0.0	6.68e-06	0.00010117	0.0	0.0	0.0
Daviess	0.0	0.0	0.0	0.0	0.0	0.0	0.0	0.0	0.0	0.0	0.0	0.0
Sainte Genevieve	0.126	3.01	10.01	0.0	0.0	1.0	7.04e-06	0.00016827	0.00055959	0.0	0.0	5.59e-05
Chariton	0.0	0.0	4.0	0.0	0.0	0.0	0.0	0.0	0.00053684	0.0	0.0	0.0
Perry	0.524	16.991	54.991	0.0	0.0	0.0	2.736e-05	0.00088726	0.00287159	0.0	0.0	0.0
Texas	0.0	0.0	1.0	0.0	0.0	0.0	0.0	0.0	3.911e-05	0.0	0.0	0.0
Worth	0.0	0.0	1.0	0.0	0.0	0.0	0.0	0.0	0.0004902	0.0	0.0	0.0
Clark	0.0	0.0	1.0	0.0	0.0	0.0	0.0	0.0	0.00014616	0.0	0.0	0.0
Carroll	0.0	0.0	0.0	0.0	0.0	0.0	0.0	0.0	0.0	0.0	0.0	0.0
Moniteau	0.004	1.232	5.232	0.0	0.0	0.0	2.5e-07	7.642e-05	0.00032455	0.0	0.0	0.0
Morgan	0.0	0.0	1.0	0.0	0.0	0.0	0.0	0.0	4.912e-05	0.0	0.0	0.0
Knox	0.0	0.0	0.0	0.0	0.0	0.0	0.0	0.0	0.0	0.0	0.0	0.0
Warren	0.505	12.037	29.037	0.0	0.0	0.0	1.455e-05	0.00034678	0.00083654	0.0	0.0	0.0
Johnson	0.954	22.736	67.736	0.0	0.0	0.0	1.778e-05	0.00042377	0.00126251	0.0	0.0	0.0
Kansas City	11.663	277.991	628.991	0.0	0.0	12.0	N/A	N/A	N/A	N/A	N/A	N/A
Oregon	0.0	0.0	1.0	0.0	0.0	0.0	0.0	0.0	9.487e-05	0.0	0.0	0.0
Harrison	0.0	1.01	7.01	0.0	0.0	0.0	0.0	0.00012004	0.00083314	0.0	0.0	0.0
Phelps	0.0	0.0	1.0	0.0	0.0	0.0	0.0	0.0	2.236e-05	0.0	0.0	0.0
Vernon	0.0	0.0	3.0	0.0	0.0	0.0	0.0	0.0	0.00014614	0.0	0.0	0.0
Sullivan	0.0	0.0	0.0	0.0	0.0	0.0	0.0	0.0	0.0	0.0	0.0	0.0
Cedar	0.168	4.014	9.014	0.0	0.0	0.0	1.186e-05	0.00028337	0.00063636	0.0	0.0	0.0
Clinton	0.365	8.692	19.692	0.0	0.0	0.0	1.783e-05	0.00042462	0.00096199	0.0	0.0	0.0
Crawford	0.126	3.01	8.01	0.0	0.0	0.0	5.26e-06	0.00012564	0.00033435	0.0	0.0	0.0
Gentry	0.0	0.0	1.0	0.0	0.0	0.0	0.0	0.0	0.00015088	0.0	0.0	0.0
Grundy	0.0	0.0	0.0	0.0	0.0	0.0	0.0	0.0	0.0	0.0	0.0	0.0
Ray	0.0	0.0	7.0	0.0	0.0	0.0	0.0	0.0	0.0003059	0.0	0.0	0.0
Jasper	1.277	27.495	54.495	0.0	0.0	0.0	1.059e-05	0.00022792	0.00045173	0.0	0.0	0.0
Audrain	0.0	0.0	0.0	0.0	0.0	0.0	0.0	0.0	0.0	0.0	0.0	0.0
Polk	0.0	0.0	1.0	0.0	0.0	0.0	0.0	0.0	3.105e-05	0.0	0.0	0.0
Callaway	0.136	3.942	23.942	0.0	0.0	1.0	3.03e-06	8.782e-05	0.00053336	0.0	0.0	2.228e-05
Bollinger	0.084	2.005	5.005	0.0	0.0	0.0	6.9e-06	0.00016476	0.00041129	0.0	0.0	0.0
Adair	0.0	0.605	12.605	0.0	0.0	0.0	0.0	2.388e-05	0.00049745	0.0	0.0	0.0
Saint Clair	0.0	0.0	2.0	0.0	0.0	0.0	0.0	0.0	0.00021288	0.0	0.0	0.0
Jackson	7.373	175.742	412.742	0.717	13.307	22.307	1.053e-05	0.00025095	0.00058937	1.02e-06	1.9e-05	3.185e-05
