Name	Confirmed	Deaths	Recovered	Active	Confirmed_per_capita	Deaths_per_capita	IFR_0.30_expected	IFR_0.65_expected	IFR_1.0_expected	IFR_0.30_expected_per_capita	IFR_0.65_expected_per_capita	IFR_1.0_expected_per_capita	Date
Polk	0.0	0.0	0.0	0.0	0.0	0.0	0.0	0.0	0.0	0.0	0.0	0.0	2020-03-22
Polk	0	0	0	0	0.0	0.0	0	0	0	0.0	0.0	0.0	2020-03-23
Polk	0	0	0	0	0	0	0	0	0	0	0	0	2020-03-24
Polk	0	0	0	0	0	0	0	0	0	0	0	0	2020-03-25
Polk	0	0	0	0	0	0	0	0	0	0	0	0	2020-03-26
Polk	0	0	0	0	0.0	0.0	0	0	0	0.0	0.0	0.0	2020-03-27
Polk	0	0	0	0	0	0	0	0	0	0	0	0	2020-03-28
Polk	0.0	0.0	0.0	0.0	0.0	0.0	0.0	0.0	0.0	0.0	0.0	0.0	2020-03-29
Polk	0.0	0.0	0.0	0.0	0.0	0.0	0.0	0.0	0.0	0.0	0.0	0.0	2020-03-30
Polk	1.0	0.0	0.0	0.0	3.172e-05	0.0	5.0	2.0	1.25	0.0001586	6.344e-05	3.965e-05	2020-04-04
Polk	1.0	0.0	0.0	0.0	3.172e-05	0.0	5.0	2.0	1.25	0.0001586	6.344e-05	3.965e-05	2020-04-05
Polk	1.0	0.0	0.0	0.0	3.172e-05	0.0	5.0	2.0	1.25	0.0001586	6.344e-05	3.965e-05	2020-04-06
Polk	1.0	0.0	0.0	0.0	3.172e-05	0.0	5.0	2.0	1.25	0.0001586	6.344e-05	3.965e-05	2020-04-07
Polk	1.0	0.0	0.0	0.0	3.172e-05	0.0	5.0	2.0	1.25	0.0001586	6.344e-05	3.965e-05	2020-04-08
Polk	1.0	0.0	0.0	0.0	3.172e-05	0.0	5.0	2.0	1.25	0.0001586	6.344e-05	3.965e-05	2020-04-09
Polk	1.0	0.0	0.0	0.0	3.172e-05	0.0	5.0	2.0	1.25	0.0001586	6.344e-05	3.965e-05	2020-04-10
Polk	1.0	0.0	0.0	0.0	3.172e-05	0.0	5.0	2.0	1.25	0.0001586	6.344e-05	3.965e-05	2020-04-11
Polk	1.0	0.0	0.0	1.0	3.172e-05	0.0	5.0	2.0	1.25	0.0001586	6.344e-05	3.965e-05	2020-04-12
Polk	1.0	0.0	0.0	1.0	3.172e-05	0.0	5.0	2.0	1.25	0.0001586	6.344e-05	3.965e-05	2020-04-13
Polk	1.0	0.0	0.0	1.0	3.172e-05	0.0	5.0	2.0	1.25	0.0001586	6.344e-05	3.965e-05	2020-04-14
Polk	1.0	0.0	0.0	1.0	3.172e-05	0.0	5.0	2.0	1.25	0.0001586	6.344e-05	3.965e-05	2020-04-15
Polk	1.0	0.0	0.0	1.0	3.172e-05	0.0	5.0	2.0	1.25	0.0001586	6.344e-05	3.965e-05	2020-04-16
Polk	2.0	0.0	0.0	2.0	6.343e-05	0.0	10.0	4.0	2.5	0.00031715	0.00012686	7.92875e-05	2020-04-17
Polk	2.0	0.0	0.0	2.0	6.343e-05	0.0	10.0	4.0	2.5	0.00031715	0.00012686	7.92875e-05	2020-04-18
Polk	3.0	0.0	0.0	3.0	9.515e-05	0.0	15.0	6.0	3.75	0.00047575	0.0001903	0.0001189375	2020-04-19
Polk	3.0	0.0	0.0	3.0	9.515e-05	0.0	15.0	6.0	3.75	0.00047575	0.0001903	0.0001189375	2020-04-20
Polk	4.0	0.0	0.0	4.0	0.00012687	0.0	20.0	8.0	5.0	0.00063435	0.00025374	0.0001585875	2020-04-21
Polk	17.0	0.0	0.0	17.0	0.00053919	0.0	85.0	34.0	21.25	0.00269595	0.00107838	0.0006739875	2020-04-22
Polk	19.0	0.0	0.0	19.0	0.00060262	0.0	95.0	38.0	23.75	0.0030131	0.00120524	0.000753275	2020-04-23
Polk	19.0	0.0	0.0	19.0	0.00060262	0.0	95.0	38.0	23.75	0.0030131	0.00120524	0.000753275	2020-04-24
Polk	20.0	0.0	0.0	20.0	0.00063434	0.0	100.0	40.0	25.0	0.0031717	0.00126868	0.000792925	2020-04-25
Polk	23.0	0.0	0.0	23.0	0.00072949	0.0	115.0	46.0	28.75	0.00364745	0.00145898	0.0009118625	2020-04-26
Polk	24.0	0.0	0.0	24.0	0.0007612	0.0	120.0	48.0	30.0	0.003806	0.0015224	0.0009515	2020-04-27
Polk	26.0	0.0	0.0	26.0	0.00082464	0.0	130.0	52.0	32.5	0.0041232	0.00164928	0.0010308	2020-04-28
Polk	27.0	0.0	0.0	27.0	0.00085635	0.0	135.0	54.0	33.75	0.00428175	0.0017127	0.0010704375	2020-04-29
Polk	27.0	0.0	0.0	27.0	0.00085635	0.0	135.0	54.0	33.75	0.00428175	0.0017127	0.0010704375	2020-04-30
Polk	32.0	0.0	0.0	32.0	0.00101494	0.0	160.0	64.0	40.0	0.0050747	0.00202988	0.001268675	2020-05-01
Polk	36.0	0.0	0.0	36.0	0.00114181	0.0	180.0	72.0	45.0	0.00570905	0.00228362	0.0014272625	2020-05-02
Polk	41.0	0.0	0.0	41.0	0.00130039	0.0	205.0	82.0	51.25	0.00650195	0.00260078	0.0016254875	2020-05-03
Polk	42.0	0.0	0.0	42.0	0.00133211	0.0	210.0	84.0	52.5	0.00666055	0.00266422	0.0016651375	2020-05-04
Polk	42.0	0.0	0.0	42.0	0.00133211	0.0	210.0	84.0	52.5	0.00666055	0.00266422	0.0016651375	2020-05-05
Polk	43.0	0.0	0.0	43.0	0.00136382	0.0	215.0	86.0	53.75	0.0068191	0.00272764	0.001704775	2020-05-06
Polk	43.0	0.0	0.0	43.0	0.00136382	0.0	215.0	86.0	53.75	0.0068191	0.00272764	0.001704775	2020-05-07
Polk	45.0	0.0	0.0	45.0	0.00142726	0.0	225.0	90.0	56.25	0.0071363	0.00285452	0.001784075	2020-05-08
Polk	48.0	1.0	0.0	47.0	0.00152241	3.172e-05	333.333333333	153.846153846	100.0	0.0105733333333	0.00488	0.003172	2020-05-09
Polk	52.0	1.0	0.0	51.0	0.00164928	3.172e-05	333.333333333	153.846153846	100.0	0.0105733333333	0.00488	0.003172	2020-05-10
Polk	53.0	1.0	0.0	52.0	0.00168099	3.172e-05	333.333333333	153.846153846	100.0	0.0105733333333	0.00488	0.003172	2020-05-11
Polk	54.0	1.0	0.0	53.0	0.00171271	3.172e-05	333.333333333	153.846153846	100.0	0.0105733333333	0.00488	0.003172	2020-05-12
Polk	55.0	1.0	0.0	54.0	0.00174443	3.172e-05	333.333333333	153.846153846	100.0	0.0105733333333	0.00488	0.003172	2020-05-13
Polk	55.0	2.0	0.0	53.0	0.00174443	6.343e-05	666.666666667	307.692307692	200.0	0.0211433333333	0.00975846153846	0.006343	2020-05-14
Polk	55.0	2.0	0.0	53.0	0.00174443	6.343e-05	666.666666667	307.692307692	200.0	0.0211433333333	0.00975846153846	0.006343	2020-05-15
Polk	55.0	2.0	0.0	53.0	0.00174443	6.343e-05	666.666666667	307.692307692	200.0	0.0211433333333	0.00975846153846	0.006343	2020-05-16
Polk	55.0	2.0	0.0	53.0	0.00174443	6.343e-05	666.666666667	307.692307692	200.0	0.0211433333333	0.00975846153846	0.006343	2020-05-17
Polk	56.0	2.0	0.0	54.0	0.00177614	6.343e-05	666.666666667	307.692307692	200.0	0.0211433333333	0.00975846153846	0.006343	2020-05-18
Polk	56.0	2.0	0.0	54.0	0.00177614	6.343e-05	666.666666667	307.692307692	200.0	0.0211433333333	0.00975846153846	0.006343	2020-05-19
Polk	57.0	2.0	0.0	55.0	0.00180786	6.343e-05	666.666666667	307.692307692	200.0	0.0211433333333	0.00975846153846	0.006343	2020-05-20
Polk	57.0	2.0	0.0	55.0	0.00180786	6.343e-05	666.666666667	307.692307692	200.0	0.0211433333333	0.00975846153846	0.006343	2020-05-21
Polk	57.0	2.0	0.0	55.0	0.00180786	6.343e-05	666.666666667	307.692307692	200.0	0.0211433333333	0.00975846153846	0.006343	2020-05-22
Polk	59.0	2.0	0.0	57.0	0.00187129	6.343e-05	666.666666667	307.692307692	200.0	0.0211433333333	0.00975846153846	0.006343	2020-05-23
Polk	58.0	2.0	0.0	56.0	0.00183958	6.343e-05	666.666666667	307.692307692	200.0	0.0211433333333	0.00975846153846	0.006343	2020-05-24
Polk	59.0	2.0	0.0	57.0	0.00187129	6.343e-05	666.666666667	307.692307692	200.0	0.0211433333333	0.00975846153846	0.006343	2020-05-25
Polk	59.0	2.0	0.0	57.0	0.00187129	6.343e-05	666.666666667	307.692307692	200.0	0.0211433333333	0.00975846153846	0.006343	2020-05-26
Polk	59.0	2.0	0.0	57.0	0.00187129	6.343e-05	666.666666667	307.692307692	200.0	0.0211433333333	0.00975846153846	0.006343	2020-05-27
Polk	59.0	2.0	0.0	57.0	0.00187129	6.343e-05	666.666666667	307.692307692	200.0	0.0211433333333	0.00975846153846	0.006343	2020-05-28
Polk	60.0	2.0	0.0	58.0	0.00190301	6.343e-05	666.666666667	307.692307692	200.0	0.0211433333333	0.00975846153846	0.006343	2020-05-29
Polk	61.0	2.0	0.0	59.0	0.00193473	6.343e-05	666.666666667	307.692307692	200.0	0.0211433333333	0.00975846153846	0.006343	2020-05-30
Polk	61.0	2.0	0.0	59.0	0.00193473	6.343e-05	666.666666667	307.692307692	200.0	0.0211433333333	0.00975846153846	0.006343	2020-05-31
Polk	61.0	2.0	0.0	59.0	0.00193473	6.343e-05	666.666666667	307.692307692	200.0	0.0211433333333	0.00975846153846	0.006343	2020-06-01
Polk	61.0	2.0	0.0	59.0	0.00193473	6.343e-05	666.666666667	307.692307692	200.0	0.0211433333333	0.00975846153846	0.006343	2020-06-02
Polk	61.0	2.0	0.0	59.0	0.00193473	6.343e-05	666.666666667	307.692307692	200.0	0.0211433333333	0.00975846153846	0.006343	2020-06-03
Polk	61.0	2.0	0.0	59.0	0.00193473	6.343e-05	666.666666667	307.692307692	200.0	0.0211433333333	0.00975846153846	0.006343	2020-06-04
Polk	63.0	2.0	0.0	61.0	0.00199816	6.343e-05	666.666666667	307.692307692	200.0	0.0211433333333	0.00975846153846	0.006343	2020-06-05
Polk	63.0	2.0	0.0	61.0	0.00199816	6.343e-05	666.666666667	307.692307692	200.0	0.0211433333333	0.00975846153846	0.006343	2020-06-06
Polk	64.0	2.0	0.0	62.0	0.00202988	6.343e-05	666.666666667	307.692307692	200.0	0.0211433333333	0.00975846153846	0.006343	2020-06-07
Polk	64.0	2.0	0.0	62.0	0.00202988	6.343e-05	666.666666667	307.692307692	200.0	0.0211433333333	0.00975846153846	0.006343	2020-06-08
Polk	67.0	2.0	0.0	65.0	0.00212503	6.343e-05	666.666666667	307.692307692	200.0	0.0211433333333	0.00975846153846	0.006343	2020-06-09
Polk	67.0	2.0	0.0	65.0	0.00212503	6.343e-05	666.666666667	307.692307692	200.0	0.0211433333333	0.00975846153846	0.006343	2020-06-10
Polk	67.0	2.0	0.0	65.0	0.00212503	6.343e-05	666.666666667	307.692307692	200.0	0.0211433333333	0.00975846153846	0.006343	2020-06-11
Polk	67.0	2.0	0.0	65.0	0.00212503	6.343e-05	666.666666667	307.692307692	200.0	0.0211433333333	0.00975846153846	0.006343	2020-06-12
Polk	67.0	2.0	0.0	65.0	0.00212503	6.343e-05	666.666666667	307.692307692	200.0	0.0211433333333	0.00975846153846	0.006343	2020-06-13
Polk	67.0	2.0	0.0	65.0	0.00212503	6.343e-05	666.666666667	307.692307692	200.0	0.0211433333333	0.00975846153846	0.006343	2020-06-14
Polk	67.0	2.0	0.0	65.0	0.00212503	6.343e-05	666.666666667	307.692307692	200.0	0.0211433333333	0.00975846153846	0.006343	2020-06-15
Polk	67.0	2.0	0.0	65.0	0.00212503	6.343e-05	666.666666667	307.692307692	200.0	0.0211433333333	0.00975846153846	0.006343	2020-06-16
Polk	67.0	2.0	0.0	65.0	0.00212503	6.343e-05	666.666666667	307.692307692	200.0	0.0211433333333	0.00975846153846	0.006343	2020-06-17
Polk	67.0	2.0	0.0	65.0	0.00212503	6.343e-05	666.666666667	307.692307692	200.0	0.0211433333333	0.00975846153846	0.006343	2020-06-18
Polk	67.0	2.0	0.0	65.0	0.00212503	6.343e-05	666.666666667	307.692307692	200.0	0.0211433333333	0.00975846153846	0.006343	2020-06-19
Polk	71.0	2.0	0.0	69.0	0.0022519	6.343e-05	666.666666667	307.692307692	200.0	0.0211433333333	0.00975846153846	0.006343	2020-06-20
Polk	72.0	2.0	0.0	70.0	0.00228361	6.343e-05	666.666666667	307.692307692	200.0	0.0211433333333	0.00975846153846	0.006343	2020-06-21
Polk	72.0	2.0	0.0	70.0	0.00228361	6.343e-05	666.666666667	307.692307692	200.0	0.0211433333333	0.00975846153846	0.006343	2020-06-22
Polk	73.0	2.0	0.0	71.0	0.00231533	6.343e-05	666.666666667	307.692307692	200.0	0.0211433333333	0.00975846153846	0.006343	2020-06-23
Polk	75.0	2.0	0.0	73.0	0.00237876	6.343e-05	666.666666667	307.692307692	200.0	0.0211433333333	0.00975846153846	0.006343	2020-06-24
Polk	75.0	2.0	0.0	73.0	0.00237876	6.343e-05	666.666666667	307.692307692	200.0	0.0211433333333	0.00975846153846	0.006343	2020-06-25
Polk	78.0	2.0	0.0	76.0	0.00247391	6.343e-05	666.666666667	307.692307692	200.0	0.0211433333333	0.00975846153846	0.006343	2020-06-26
Polk	77.0	2.0	0.0	75.0	0.0024422	6.343e-05	666.666666667	307.692307692	200.0	0.0211433333333	0.00975846153846	0.006343	2020-06-27
Polk	79.0	2.0	0.0	77.0	0.00250563	6.343e-05	666.666666667	307.692307692	200.0	0.0211433333333	0.00975846153846	0.006343	2020-06-28
Polk	79.0	2.0	0.0	77.0	0.00250563	6.343e-05	666.666666667	307.692307692	200.0	0.0211433333333	0.00975846153846	0.006343	2020-06-29
Polk	79.0	2.0	0.0	77.0	0.00250563	6.343e-05	666.666666667	307.692307692	200.0	0.0211433333333	0.00975846153846	0.006343	2020-06-30
Polk	81.0	2.0	0.0	79.0	0.00256906	6.343e-05	666.666666667	307.692307692	200.0	0.0211433333333	0.00975846153846	0.006343	2020-07-01
Polk	81.0	2.0	0.0	79.0	0.00256906	6.343e-05	666.666666667	307.692307692	200.0	0.0211433333333	0.00975846153846	0.006343	2020-07-02
Polk	1.03	2.07	83.07	0.0	0.0	2.0	3.267e-05	6.565e-05	0.00263472	0.0	0.0	6.343e-05	2020-07-03
Polk	1.017	3.087	84.087	0.0	0.0	2.0	3.226e-05	9.791e-05	0.00266697	0.0	0.0	6.343e-05	2020-07-04
Polk	1.002	4.089	85.089	0.0	0.0	2.0	3.178e-05	0.00012969	0.00269875	0.0	0.0	6.343e-05	2020-07-05
Polk	2.843	2.843	3.845	0.021	0.021	4.11	9.017e-05	9.017e-05	0.00012195	6.7e-07	6.7e-07	0.00013036	2020-07-06
Polk	2.817	5.66	6.662	0.023	0.044	4.133	8.935e-05	0.00017952	0.0002113	7.3e-07	1.4e-06	0.00013109	2020-07-07
Polk	2.781	8.441	9.443	0.025	0.069	4.158	8.82e-05	0.00026772	0.0002995	7.9e-07	2.19e-06	0.00013188	2020-07-08
Polk	11.633	11.633	14.414	0.205	0.205	8.646	0.00036896	0.00036896	0.00045717	6.5e-06	6.5e-06	0.00027422	2020-07-09
Polk	14.356	25.989	28.77	0.147	0.352	8.793	0.00045533	0.00082429	0.00091249	4.66e-06	1.116e-05	0.00027889	2020-07-10
Polk	11.549	11.549	25.905	0.604	0.604	26.593	0.0003663	0.0003663	0.00082162	1.916e-05	1.916e-05	0.00084345	2020-07-11
Polk	11.443	22.992	37.348	0.656	1.26	27.249	0.00036294	0.00072923	0.00118456	2.081e-05	3.996e-05	0.00086425	2020-07-12
Polk	11.294	34.286	48.642	0.714	1.974	27.963	0.00035821	0.00108744	0.00154277	2.265e-05	6.261e-05	0.0008869	2020-07-13
Polk	2.223	2.223	13.517	1.802	1.802	36.088	7.051e-05	7.051e-05	0.00042872	5.715e-05	5.715e-05	0.0011446	2020-07-14
Polk	1.775	3.998	15.292	1.534	3.336	37.622	5.63e-05	0.0001268	0.00048501	4.865e-05	0.00010581	0.00119325	2020-07-15
Polk	1.41	5.408	16.702	1.262	4.598	38.884	4.472e-05	0.00017152	0.00052973	4.003e-05	0.00014583	0.00123328	2020-07-16
Polk	1.102	6.51	17.804	0.986	5.584	39.87	3.495e-05	0.00020648	0.00056469	3.127e-05	0.00017711	0.00126455	2020-07-17
Polk	94.0	3.0	0.0	91.0	0.00298138	9.515e-05	1000.0	461.538461538	300.0	0.0317166666667	0.0146384615385	0.009515	2020-07-18
Polk	95.0	3.0	0.0	92.0	0.0030131	9.515e-05	1000.0	461.538461538	300.0	0.0317166666667	0.0146384615385	0.009515	2020-07-19
