Grant	0.0	0.0	0.0	0.0	0.0	0.0	0.0	0.0	0.0	0.0	0.0	0.0	2020-03-22
Grant	0.0	0.0	0.0	0.0	0.0	0.0	0.0	0.0	0.0	0.0	0.0	0.0	2020-03-23
Grant	0.0	0.0	0.0	0.0	0.0	0.0	0.0	0.0	0.0	0.0	0.0	0.0	2020-03-24
Grant	1.0	0.0	0.0	0.0	1.94e-05	0.0	5.0	2.0	1.25	9.7e-05	3.88e-05	2.425e-05	2020-03-25
Grant	1.0	0.0	0.0	0.0	1.94e-05	0.0	5.0	2.0	1.25	9.7e-05	3.88e-05	2.425e-05	2020-03-26
Grant	1.0	0.0	0.0	0.0	1.94e-05	0.0	5.0	2.0	1.25	9.7e-05	3.88e-05	2.425e-05	2020-03-27
Grant	1.0	0.0	0.0	0.0	1.94e-05	0.0	5.0	2.0	1.25	9.7e-05	3.88e-05	2.425e-05	2020-03-28
Grant	1.0	0.0	0.0	0.0	1.94e-05	0.0	5.0	2.0	1.25	9.7e-05	3.88e-05	2.425e-05	2020-03-29
Grant	1.0	0.0	0.0	0.0	1.94e-05	0.0	5.0	2.0	1.25	9.7e-05	3.88e-05	2.425e-05	2020-03-30
Grant	2.0	0.0	0.0	0.0	3.879e-05	0.0	10.0	4.0	2.5	0.00019395	7.758e-05	4.84875e-05	2020-03-31
Grant	2.0	0.0	0.0	0.0	3.879e-05	0.0	10.0	4.0	2.5	0.00019395	7.758e-05	4.84875e-05	2020-04-01
Grant	2.0	0.0	0.0	0.0	3.879e-05	0.0	10.0	4.0	2.5	0.00019395	7.758e-05	4.84875e-05	2020-04-02
Grant	2.0	0.0	0.0	0.0	3.879e-05	0.0	10.0	4.0	2.5	0.00019395	7.758e-05	4.84875e-05	2020-04-03
Grant	0	0	0	0	_2020-3-24
Grant	1	0	0	0	_2020-3-25
Grant	1	0	0	0	_2020-3-26
