Name	Predicted_New_Cases	Total_Predicted_New_Cases	Total_Predicted_Cases	Predicted_New_Deaths	Total_Predicted_New_Deaths	Total_Predicted_Deaths	Predicted_New_per_capita	Predicted_Total_New_per_capita	Predicted_Total_Cases_per_capita	Predicted_New_Deaths_per_capita	Total_Predicted_New_Deaths_per_capita	Total_Predicted_Deaths_per_capita
Choctaw	0.11	17.318	29.318	1.351	190.576	190.576	8.57e-06	0.00134865	0.00228316	0.00010521	0.01484121	0.01484121
Limestone	0.103	17.772	54.772	1.351	190.576	190.576	1.07e-06	0.00018479	0.00056951	1.405e-05	0.00198158	0.00198158
Pike	0.003	14.366	38.366	1.351	190.576	190.576	9e-08	0.00043092	0.00115082	4.052e-05	0.00571648	0.00571648
Cherokee	0.045	7.034	16.034	1.351	190.576	190.576	1.73e-06	0.00027021	0.00061593	5.19e-05	0.00732084	0.00732084
Montgomery	1.282	193.123	367.123	0.285	26.883	31.883	5.68e-06	0.00085542	0.00162614	1.26e-06	0.00011908	0.00014122
Tuscaloosa	1.161	182.329	310.329	0.285	26.883	26.883	5.56e-06	0.00087276	0.00148546	1.36e-06	0.00012868	0.00012868
Russell	0.528	71.218	101.218	0.285	26.883	26.883	9.14e-06	0.00123255	0.00175175	4.93e-06	0.00046526	0.00046526
Bullock	0.06	9.445	17.445	0.285	26.883	26.883	5.92e-06	0.00093164	0.00172075	2.811e-05	0.00265171	0.00265171
Lee	4.76	610.069	879.069	1.146	87.452	99.452	2.903e-05	0.00372127	0.00536211	6.99e-06	0.00053344	0.00060663
Washington	0.163	25.074	37.074	0.0	0.0	1.0	9.95e-06	0.00153096	0.00226365	0.0	0.0	6.106e-05
Etowah	0.782	122.811	200.811	0.0	0.0	7.0	7.63e-06	0.00119814	0.00195911	0.0	0.0	6.829e-05
Wilcox	0.671	81.394	115.394	0.0	0.0	0.0	6.314e-05	0.00765917	0.01085857	0.0	0.0	0.0
Sumter	0.221	34.641	62.641	0.0	0.0	0.0	1.741e-05	0.00272957	0.00493586	0.0	0.0	0.0
Baldwin	1.222	164.897	255.897	0.02	3.146	5.146	5.6e-06	0.00075633	0.00117372	9e-08	1.443e-05	2.36e-05
Macon	0.488	62.575	81.575	0.0	0.0	2.0	2.647e-05	0.00339362	0.00442405	0.0	0.0	0.00010847
Coosa	0.211	33.063	52.063	0.0	0.0	1.0	1.969e-05	0.00308567	0.00485889	0.0	0.0	9.333e-05
Fayette	0.08	12.595	16.595	0.0	0.0	0.0	4.87e-06	0.00076645	0.00100986	0.0	0.0	0.0
Jefferson	4.035	633.584	1258.584	0.0	0.0	17.0	6.12e-06	0.00096099	0.00190897	0.0	0.0	2.578e-05
Bibb	0.221	34.641	52.641	0.0	0.0	0.0	9.87e-06	0.00154647	0.00235004	0.0	0.0	0.0
Barbour	0.0	0.0	12.0	0.0	0.0	0.0	0.0	0.0	0.0004823	0.0	0.0	0.0
Covington	0.16	25.192	42.192	0.0	0.0	0.0	4.33e-06	0.00068112	0.00114076	0.0	0.0	0.0
Monroe	0.04	6.301	13.301	0.0	0.0	1.0	1.9e-06	0.00029909	0.00063137	0.0	0.0	4.747e-05
Lamar	0.088	14.09	21.09	0.0	0.0	0.0	6.36e-06	0.00101777	0.0015234	0.0	0.0	0.0
Lawrence	0.0	0.0	8.0	0.0	0.0	0.0	0.0	0.0	0.00024274	0.0	0.0	0.0
Marion	6.744	486.409	544.409	0.0	0.0	4.0	0.00022659	0.01634274	0.01829147	0.0	0.0	0.0001344
Dale	0.0	0.0	12.0	0.0	0.0	0.0	0.0	0.0	0.00024512	0.0	0.0	0.0
Elmore	3.806	258.921	305.921	0.0	0.0	0.0	4.648e-05	0.00316193	0.00373589	0.0	0.0	0.0
Autauga	1.663	119.933	143.933	0.0	0.0	1.0	2.991e-05	0.00215703	0.00258868	0.0	0.0	1.799e-05
Talladega	0.417	64.259	102.259	0.0	0.0	1.0	5.22e-06	0.00080497	0.00128099	0.0	0.0	1.253e-05
Houston	0.787	106.168	160.168	0.0	0.0	2.0	7.52e-06	0.00101381	0.00152946	0.0	0.0	1.91e-05
Colbert	0.083	12.133	23.133	0.0	0.0	1.0	1.52e-06	0.00022156	0.00042243	0.0	0.0	1.826e-05
Henry	0.0	0.0	14.0	0.0	0.0	0.0	0.0	0.0	0.00081353	0.0	0.0	0.0
Madison	1.166	183.063	374.063	0.0	0.116	3.116	3.18e-06	0.00049946	0.00102058	0.0	3.2e-07	8.5e-06
Conecuh	0.0	0.0	5.0	0.0	0.116	0.116	0.0	0.0	0.00040727	0.0	9.45e-06	9.45e-06
Geneva	0.15	23.616	25.616	0.0	0.116	0.116	5.7e-06	0.00089747	0.00097347	0.0	4.41e-06	4.41e-06
Tallapoosa	86.941	3607.215	3734.215	0.0	3.343	10.343	0.00214685	0.08907364	0.09220967	0.0	8.255e-05	0.0002554
Cullman	1.056	115.419	155.419	0.0	0.0	1.0	1.266e-05	0.00138322	0.0018626	0.0	0.0	1.198e-05
Calhoun	0.682	107.066	169.066	0.0	0.0	0.0	5.97e-06	0.0009369	0.00147944	0.0	0.0	0.0
Clarke	0.0	0.0	21.0	0.0	0.0	0.0	0.0	0.0	0.00087793	0.0	0.0	0.0
Marshall	2.844	345.26	451.26	0.0	0.0	2.0	2.959e-05	0.00359238	0.00469529	0.0	0.0	2.081e-05
Unassigned	1.364	141.834	146.834	0.0	0.0	0.0	N/A	N/A	N/A	N/A	N/A	N/A
Randolph	0.632	99.192	144.192	0.0	0.0	4.0	2.781e-05	0.00436488	0.00634508	0.0	0.0	0.00017602
Dallas	0.159	23.324	41.324	0.0	0.0	0.0	4.15e-06	0.00060882	0.00107867	0.0	0.0	0.0
Clay	0.098	15.326	29.326	0.0	0.0	0.0	7.38e-06	0.0011545	0.00220911	0.0	0.0	0.0
Mobile	9.929	1339.382	1887.382	1.559	125.744	142.744	2.4e-05	0.00323712	0.00456157	3.77e-06	0.00030391	0.00034499
De Kalb	0.321	50.381	79.381	1.559	125.744	125.744	4.5e-06	0.00070576	0.00111201	2.184e-05	0.00176149	0.00176149
Shelby	1.58	248.143	485.143	0.121	12.61	19.61	7.32e-06	0.00115037	0.00224908	5.6e-07	5.846e-05	9.091e-05
Chilton	0.513	65.736	100.736	0.121	12.61	12.61	1.162e-05	0.00148882	0.00228152	2.74e-06	0.0002856	0.0002856
Crenshaw	0.02	3.146	6.146	0.121	12.61	12.61	1.45e-06	0.00022758	0.00044459	8.75e-06	0.00091218	0.00091218
Franklin	0.076	11.86	25.86	0.0	0.0	1.0	2.42e-06	0.00037815	0.00082454	0.0	0.0	3.188e-05
Coffee	0.0	0.0	40.0	0.0	0.0	0.0	0.0	0.0	0.00077058	0.0	0.0	0.0
Butler	13.0	474.466	483.466	0.0	0.0	0.0	0.00066057	0.02410904	0.02456636	0.0	0.0	0.0
Blount	0.076	11.967	28.967	0.0	0.0	0.0	1.31e-06	0.0002069	0.00050081	0.0	0.0	0.0
Greene	0.191	29.918	47.918	0.0	0.0	0.0	2.32e-05	0.00363391	0.00582024	0.0	0.0	0.0
Escambia	0.13	20.468	29.468	0.0	0.0	0.0	3.54e-06	0.00055698	0.00080189	0.0	0.0	0.0
Lauderdale	0.116	18.161	40.161	0.152	15.757	19.757	1.26e-06	0.00019658	0.0004347	1.65e-06	0.00017055	0.00021385
Perry	0.0	0.0	7.0	0.152	15.757	15.757	0.0	0.0	0.00076586	1.663e-05	0.00172396	0.00172396
Chambers	9.67	910.661	1131.661	1.146	61.179	71.179	0.00028767	0.02709091	0.03366536	3.409e-05	0.00181999	0.00211748
Morgan	0.263	41.252	83.252	1.146	61.179	61.179	2.21e-06	0.0003464	0.00069907	9.62e-06	0.00051373	0.00051373
Cleburne	0.093	14.591	26.591	1.146	61.179	61.179	6.21e-06	0.00097358	0.00177427	7.647e-05	0.00408214	0.00408214
Lowndes	0.18	28.344	48.344	1.146	61.179	61.179	1.805e-05	0.00284179	0.004847	0.0001149	0.00613385	0.00613385
Hale	0.545	66.127	84.127	1.146	61.179	61.179	3.701e-05	0.00449049	0.00571282	7.782e-05	0.00415449	0.00415449
Winston	0.02	3.146	7.146	1.146	61.179	61.179	8.5e-07	0.00013297	0.00030203	4.844e-05	0.00258576	0.00258576
Walker	0.612	96.043	180.043	1.146	61.179	61.179	9.61e-06	0.00150748	0.00282593	1.799e-05	0.00096026	0.00096026
Marengo	0.211	33.063	56.063	0.0	0.0	1.0	1.107e-05	0.00173413	0.00294047	0.0	0.0	5.245e-05
Pickens	0.243	36.62	62.62	0.0	0.0	0.0	1.219e-05	0.00183669	0.00314074	0.0	0.0	0.0
Saint Clair	0.312	49.019	96.019	0.0	0.0	0.0	3.52e-06	0.0005527	0.00108264	0.0	0.0	0.0
Jackson	0.12	25.236	56.236	2.555	93.247	95.247	2.32e-06	0.00048778	0.00108698	4.939e-05	0.00180236	0.00184102
