Name	Predicted_New_Cases	Total_Predicted_New_Cases	Total_Predicted_Cases	Predicted_New_Deaths	Total_Predicted_New_Deaths	Total_Predicted_Deaths	Predicted_New_per_capita	Predicted_Total_New_per_capita	Predicted_Total_Cases_per_capita	Predicted_New_Deaths_per_capita	Total_Predicted_New_Deaths_per_capita	Total_Predicted_Deaths_per_capita
Czech Republic	0.0	3020.328	8410.164	0.624	280.158	334.079	0.0	0.00028425	0.00079149	6e-08	2.637e-05	3.144e-05
West Bank And Gaza	28.155	4061.388	2479.694	0.0	0.35	3.175	5.63e-06	0.00081228	0.00049594	0.0	7e-08	6.3e-07
Poland	51.004	16017.348	17601.674	3.148	969.542	864.771	1.34e-06	0.00042175	0.00046346	8e-08	2.553e-05	2.277e-05
Belarus	59.306	18265.574	15396.787	0.338	116.922	109.461	6.25e-06	0.00192565	0.00162321	4e-08	1.233e-05	1.154e-05
Sweden	76.224	23937.532	26745.766	14.928	4368.162	3764.081	7.49e-06	0.00235069	0.00262647	1.47e-06	0.00042896	0.00036964
Russia	2482.184	422162.156	258202.078	25.883	4174.706	2492.353	1.718e-05	0.00292198	0.00178714	1.8e-07	2.89e-05	1.725e-05
Norway	10.904	3773.754	9042.877	0.525	227.628	294.814	2.05e-06	0.00071011	0.0017016	1e-07	4.283e-05	5.548e-05
Luxembourg	2.918	1366.15	4241.075	0.0	19.304	84.652	4.8e-06	0.00224796	0.00697857	0.0	3.176e-05	0.00013929
Cyprus	1.775	796.788	1170.394	0.034	12.132	18.066	1.52e-06	0.00068102	0.00100034	3e-08	1.037e-05	1.544e-05
Ukraine	75.7	20424.234	15922.117	1.3	400.328	351.164	1.7e-06	0.00045771	0.00035682	3e-08	8.97e-06	7.87e-06
France	248.538	107808.068	210384.034	121.067	38020.34	39302.17	3.71e-06	0.00160938	0.00314066	1.81e-06	0.00056758	0.00058671
Jersey	0.0	0.0	2.0	0.174	36.144	18.072	0.0	0.0	2.049e-05	1.78e-06	0.00037038	0.00018519
Moldova	18.165	5704.544	5400.272	4.828	737.08	438.54	5.12e-06	0.00160878	0.00152297	1.36e-06	0.00020787	0.00012368
San Marino	1.989	624.556	774.278	0.257	53.37	65.685	5.887e-05	0.01848619	0.0229178	7.61e-06	0.0015797	0.00194421
Georgia	8.562	1780.156	1292.078	0.558	67.4	37.7	2.29e-06	0.00047713	0.00034631	1.5e-07	1.806e-05	1.01e-05
Bosnia and Herzegovina	5.103	1822.112	2220.056	0.276	74.408	86.204	1.54e-06	0.00054818	0.0006679	8e-08	2.239e-05	2.593e-05
Belgium	182.59	59872.166	69919.083	43.919	14078.53	12867.265	1.599e-05	0.0052418	0.0061214	3.85e-06	0.00123257	0.00112653
Turkey	659.348	207063.744	194511.872	21.429	6044.198	5162.099	8.01e-06	0.00251536	0.00236288	2.6e-07	7.342e-05	6.271e-05
Netherlands	121.088	43236.974	55206.487	20.055	6298.24	6913.12	7.03e-06	0.00250925	0.0032039	1.16e-06	0.00036552	0.0004012
Estonia	4.53	1422.516	2246.258	0.91	189.11	134.555	3.43e-06	0.00107694	0.00170057	6.9e-07	0.00014317	0.00010187
Spain	655.086	205725.408	303072.704	42.627	18490.164	30097.082	1.402e-05	0.00440302	0.00648648	9.1e-07	0.00039573	0.00064415
Montenegro	0.976	306.508	465.254	0.166	34.466	22.233	1.57e-06	0.0004925	0.00074758	2.7e-07	5.538e-05	3.572e-05
Guernsey	0.0	0.0	1.0	0.166	34.466	17.233	0.0	0.0	1.491e-05	2.48e-06	0.00051402	0.00025701
Croatia	2.529	1538.162	2650.081	0.23	93.038	93.519	6.2e-07	0.00037613	0.00064804	6e-08	2.275e-05	2.287e-05
Azerbaijan	0.0	731.536	1801.768	0.0	18.874	28.437	0.0	7.358e-05	0.00018122	0.0	1.9e-06	2.86e-06
Latvia	0.0	152.842	815.421	0.0	0.0	5.0	0.0	7.933e-05	0.00042326	0.0	0.0	2.6e-06
Germany	39.476	79546.274	186838.137	44.598	12579.03	11151.515	4.8e-07	0.00095922	0.00225302	5.4e-07	0.00015169	0.00013447
Albania	3.176	895.878	1031.939	0.385	65.522	58.761	1.11e-06	0.00031255	0.00036002	1.3e-07	2.286e-05	2.05e-05
Slovakia	10.148	2738.03	2542.015	1.049	169.116	97.558	1.86e-06	0.00050267	0.00046668	1.9e-07	3.105e-05	1.791e-05
Republic of Serbia	80.418	21697.178	17478.589	1.252	337.774	293.887	1.152e-05	0.00310755	0.00250335	1.8e-07	4.838e-05	4.209e-05
Portugal	0.0	12801.296	27263.648	4.684	1471.01	1470.505	0.0	0.00124505	0.00265165	4.6e-07	0.00014307	0.00014302
Ireland	130.443	40964.872	36134.436	7.588	2047.338	1710.669	2.688e-05	0.00844026	0.00744502	1.56e-06	0.00042183	0.00035246
Macedonia	11.216	3163.63	2806.815	0.364	114.204	111.102	5.38e-06	0.00151882	0.00134751	1.7e-07	5.483e-05	5.334e-05
Switzerland	0.0	5320.172	30604.086	4.799	1848.37	2353.185	0.0	0.00062469	0.00359349	5.6e-07	0.00021703	0.00027631
Vatican	0.0	0.028	9.014	4.799	1848.37	924.185	0.0	3.496e-05	0.01125343	0.00599126	2.30757803	1.15378901
Liechtenstein	0.0	0.606	81.303	0.0	0.0	1.0	0.0	1.599e-05	0.00214463	0.0	0.0	2.638e-05
Lithuania	3.802	1194.104	1923.052	0.839	174.404	124.202	1.36e-06	0.00042807	0.00068938	3e-07	6.252e-05	4.452e-05
Kosovo	7.533	2032.456	1526.228	0.71	114.446	69.223	4.08e-06	0.00110142	0.00082709	3.8e-07	6.202e-05	3.751e-05
United Kingdom	667.989	224660.948	238186.474	103.954	34962.116	34031.058	1.005e-05	0.00337892	0.00358234	1.56e-06	0.00052583	0.00051183
Slovenia	1.095	629.488	1649.744	0.363	121.992	137.996	5.3e-07	0.00030449	0.00079799	1.8e-07	5.901e-05	6.675e-05
Hungary	0.0	2080.618	3024.309	2.093	612.58	505.29	0.0	0.00021299	0.00030959	2.1e-07	6.271e-05	5.172e-05
Monaco	0.0	2.392	95.196	5.11	372.992	189.496	0.0	6.184e-05	0.00246099	0.0001321	0.00964252	0.00489882
Bulgaria	7.079	1814.534	1836.267	2.46	375.62	230.81	1.01e-06	0.00025833	0.00026142	3.5e-07	5.348e-05	3.286e-05
Romania	50.31	16127.116	16999.558	1.763	726.262	841.131	2.58e-06	0.00082814	0.00087294	9e-08	3.729e-05	4.319e-05
Italy	305.446	125833.226	244144.613	82.697	25970.536	37099.268	5.05e-06	0.00208225	0.00404004	1.37e-06	0.00042975	0.00061391
Denmark	20.916	7468.382	11445.191	1.449	517.4	622.7	3.61e-06	0.00128822	0.00197418	2.5e-07	8.925e-05	0.00010741
Andorra	0.037	371.09	902.545	0.057	39.484	56.742	4.8e-07	0.00481898	0.01172045	7.4e-07	0.00051274	0.00073685
Austria	0.0	1267.108	15428.554	0.053	437.882	688.941	0.0	0.00014322	0.00174392	1e-08	4.949e-05	7.787e-05
Finland	15.215	4877.356	6306.678	1.006	283.814	239.907	2.76e-06	0.00088389	0.00114292	1.8e-07	5.143e-05	4.348e-05
Malta	0.0	73.458	467.729	0.0	0.0	3.0	0.0	0.00015192	0.00096732	0.0	0.0	6.2e-06
Greece	0.0	247.708	2368.854	0.007	64.842	148.421	0.0	2.309e-05	0.00022082	0.0	6.04e-06	1.384e-05
Armenia	8.116	2189.786	2433.893	1.085	174.95	109.475	2.75e-06	0.00074185	0.00082455	3.7e-07	5.927e-05	3.709e-05
Israel	57.413	18030.202	22728.101	1.269	398.666	376.333	6.46e-06	0.00202956	0.00255838	1.4e-07	4.488e-05	4.236e-05
Iceland	0.0	98.142	1822.071	0.0	3.334	11.667	0.0	0.00027757	0.00515329	0.0	9.43e-06	3.3e-05
Honduras	0.0	160.714	557.357	0.0	52.576	72.288	0.0	1.676e-05	5.813e-05	0.0	5.48e-06	7.54e-06
Haiti	0.214	74.14	94.07	0.0	0.0	3.0	2e-08	6.67e-06	8.46e-06	0.0	0.0	2.7e-07
Saint Vincent and the Grenadines	0.0	0.42	12.21	0.0	0.0	0.0	0.0	3.81e-06	0.00011079	0.0	0.0	0.0
Guatemala	1.987	624.132	601.066	0.182	37.828	25.914	1.2e-07	3.619e-05	3.485e-05	1e-08	2.19e-06	1.5e-06
Dominican Republic	38.845	11366.874	10647.437	1.425	467.246	468.623	3.66e-06	0.00106961	0.00100191	1.3e-07	4.397e-05	4.41e-05
Dominica	0.0	0.088	16.044	1.425	467.246	233.623	0.0	1.23e-06	0.000224	1.99e-05	0.0065235	0.00326175
The Bahamas	0.0	29.548	74.774	0.0	3.41	10.705	0.0	7.662e-05	0.0001939	0.0	8.84e-06	2.776e-05
Jamaica	208.455	15215.868	7830.934	0.0	1.152	5.576	7.103e-05	0.00518454	0.00266825	0.0	3.9e-07	1.9e-06
Nicaragua	0.0	2.996	11.498	0.751	54.852	29.426	0.0	4.6e-07	1.78e-06	1.2e-07	8.48e-06	4.55e-06
Mexico	80.597	22732.644	19627.322	22.453	4443.49	2907.745	6.4e-07	0.00018015	0.00015554	1.8e-07	3.521e-05	2.304e-05
El Salvador	1.429	448.628	442.314	0.061	12.61	13.305	2.2e-07	6.987e-05	6.889e-05	1e-08	1.96e-06	2.07e-06
Saint Lucia	0.0	0.248	15.124	0.061	12.61	6.305	0.0	1.36e-06	8.315e-05	3.4e-07	6.933e-05	3.466e-05
Panama	12.373	5792.624	7363.312	0.919	283.09	267.545	2.96e-06	0.00138683	0.00176288	2.2e-07	6.778e-05	6.405e-05
Costa Rica	0.0	172.512	748.256	0.0	3.672	7.836	0.0	3.451e-05	0.00014967	0.0	7.3e-07	1.57e-06
United States of America	4152.402	1331069.144	1449708.572	614.627	157546.234	120867.117	1.269e-05	0.00406846	0.00443109	1.88e-06	0.00048155	0.00036944
Cuba	7.251	2324.438	2249.219	0.804	175.8	123.9	6.4e-07	0.00020501	0.00019838	7e-08	1.551e-05	1.093e-05
Saint Kitts and Nevis	0.056	17.634	23.817	0.804	175.8	87.9	1.07e-06	0.00033626	0.00045417	1.533e-05	0.00335234	0.00167617
Trinidad and Tobago	0.0	4.616	116.308	0.0	0.0	8.0	0.0	3.32e-06	8.368e-05	0.0	0.0	5.76e-06
Antigua and Barbuda	0.0	6.508	26.254	0.0	0.0	3.0	0.0	6.759e-05	0.00027267	0.0	0.0	3.116e-05
Canada	268.858	78673.73	76981.865	56.771	11234.822	7343.411	7.25e-06	0.00212294	0.00207729	1.53e-06	0.00030316	0.00019816
Paraguay	7.456	1268.128	842.064	2.367	223.044	119.522	1.07e-06	0.00018231	0.00012105	3.4e-07	3.206e-05	1.718e-05
Guyana	0.52	152.206	141.103	0.016	2.852	8.426	6.7e-07	0.00019539	0.00018113	2e-08	3.66e-06	1.082e-05
Brazil	397.467	112107.344	96796.672	61.557	13454.346	9314.173	1.9e-06	0.0005352	0.0004621	2.9e-07	6.423e-05	4.447e-05
Ecuador	0.0	2261.29	11258.645	1.476	662.802	838.401	0.0	0.00013236	0.000659	9e-08	3.88e-05	4.907e-05
Uruguay	0.0	45.334	557.667	0.0	4.712	12.356	0.0	1.314e-05	0.00016168	0.0	1.37e-06	3.58e-06
Venezuela	5.027	855.054	683.527	0.058	5.508	11.754	1.7e-07	2.962e-05	2.368e-05	0.0	1.9e-07	4.1e-07
Argentina	18.995	5558.212	5720.106	0.852	279.318	275.659	4.3e-07	0.00012492	0.00012856	2e-08	6.28e-06	6.2e-06
Belize	0.111	41.842	38.921	0.0	0.0	2.0	2.9e-07	0.00010923	0.0001016	0.0	0.0	5.22e-06
Bolivia	7.241	1855.966	1491.983	1.937	295.66	180.83	6.4e-07	0.00016348	0.00013142	1.7e-07	2.604e-05	1.593e-05
Colombia	0.587	3723.944	5838.972	1.201	415.78	396.89	1e-08	7.501e-05	0.00011761	2e-08	8.37e-06	7.99e-06
Suriname	0.0	0.0	10.0	0.0	0.0	1.0	0.0	0.0	1.736e-05	0.0	0.0	1.74e-06
Peru	170.782	52599.086	42624.543	3.82	1117.726	1003.863	5.34e-06	0.00164427	0.00133246	1.2e-07	3.494e-05	3.138e-05
Grenada	0.0	0.5	14.25	3.82	1117.726	558.863	0.0	4.49e-06	0.00012786	3.427e-05	0.01002859	0.00501429
Barbados	0.0	13.726	81.863	0.0	2.734	6.367	0.0	4.789e-05	0.00028559	0.0	9.54e-06	2.221e-05
Curacao	0.0	0.0	1.0	0.0	2.734	1.367	0.0	0.0	6.26e-06	0.0	1.71e-05	8.55e-06
Chile	59.275	18614.872	19814.436	1.116	343.66	310.83	3.16e-06	0.0009939	0.00105795	6e-08	1.835e-05	1.66e-05
Aruba	0.0	0.0	4.0	1.116	343.66	171.83	0.0	0.0	3.779e-05	1.054e-05	0.00324682	0.00162341
Fiji	0.025	7.768	21.884	1.116	343.66	171.83	3e-08	8.79e-06	2.477e-05	1.26e-06	0.00038898	0.00019449
New Zealand	0.0	160.91	1520.455	0.0	19.426	21.713	0.0	3.294e-05	0.00031122	0.0	3.98e-06	4.44e-06
Australia	0.0	331.948	6712.974	0.0	11.56	72.78	0.0	1.328e-05	0.0002686	0.0	4.6e-07	2.91e-06
Papua New Guinea	10.145	740.496	377.248	0.0	0.0	0.0	1.18e-06	8.604e-05	4.383e-05	0.0	0.0	0.0
Kenya	1.674	472.272	517.136	0.544	92.51	60.255	3e-08	9.19e-06	1.006e-05	1e-08	1.8e-06	1.17e-06
Botswana	0.0	7.042	23.521	0.0	0.0	1.0	0.0	3.12e-06	1.043e-05	0.0	0.0	4.4e-07
Benin	0.0	1.39	54.695	0.0	0.0	1.0	0.0	1.2e-07	4.76e-06	0.0	0.0	9e-08
Tunisia	6.382	1635.864	1701.932	1.822	278.18	177.09	5.5e-07	0.00014145	0.00014716	1.6e-07	2.405e-05	1.531e-05
Mauritius	0.0	12.612	334.306	0.0	0.912	9.456	0.0	9.97e-06	0.00026421	0.0	7.2e-07	7.47e-06
Namibia	0.0	0.0	16.0	0.0	0.914	0.457	0.0	0.0	6.54e-06	0.0	3.7e-07	1.9e-07
Sao Tome and Principe	0.0	0.0	4.0	0.0	0.912	0.456	0.0	0.0	1.895e-05	0.0	4.32e-06	2.16e-06
Zambia	3.994	512.112	321.056	0.0	0.0	3.0	2.3e-07	2.951e-05	1.85e-05	0.0	0.0	1.7e-07
Republic of the Congo	185.31	13526.432	6923.216	0.0	0.986	6.493	3.534e-05	0.00257923	0.00132013	0.0	1.9e-07	1.24e-06
Ghana	7.072	2220.888	2152.444	0.095	19.754	18.877	2.4e-07	7.461e-05	7.231e-05	0.0	6.6e-07	6.3e-07
Gabon	9.399	1435.024	837.512	0.0	0.0	1.0	4.44e-06	0.00067713	0.00039519	0.0	0.0	4.7e-07
Malawi	0.0	1.48	17.74	0.0	0.0	2.0	0.0	8e-08	9.8e-07	0.0	0.0	1.1e-07
Libya	3.339	567.894	334.947	0.0	0.0	1.0	5e-07	8.503e-05	5.015e-05	0.0	0.0	1.5e-07
Morocco	89.068	16775.938	11433.969	0.0	53.212	169.606	2.47e-06	0.00046562	0.00031735	0.0	1.48e-06	4.71e-06
Seychelles	0.0	0.0	11.0	0.0	53.212	26.606	0.0	0.0	0.00011368	0.0	0.00054993	0.00027496
Guinea-Bissau	0.176	55.422	77.711	0.0	53.212	26.606	9e-08	2.957e-05	4.146e-05	0.0	2.839e-05	1.42e-05
South Sudan	0.0	0.0	4.0	0.0	53.212	26.606	0.0	0.0	3.6e-07	0.0	4.85e-06	2.42e-06
Liberia	0.0	113.852	155.926	0.001	9.418	12.709	0.0	2.363e-05	3.236e-05	0.0	1.95e-06	2.64e-06
Zimbabwe	0.366	98.858	74.429	0.0	0.028	3.014	3e-08	6.85e-06	5.15e-06	0.0	0.0	2.1e-07
Swaziland	0.156	43.946	45.973	0.0	0.0	1.0	1.4e-07	3.868e-05	4.046e-05	0.0	0.0	8.8e-07
Sudan	20.296	2036.956	1125.478	0.0	3.358	13.679	4.9e-07	4.873e-05	2.692e-05	0.0	8e-08	3.3e-07
Democratic Republic of the Congo	1.658	520.634	592.317	0.241	50.01	50.005	2e-08	6.19e-06	7.05e-06	0.0	5.9e-07	5.9e-07
Mali	3.257	878.836	685.418	0.926	149.432	88.716	1.7e-07	4.607e-05	3.593e-05	5e-08	7.83e-06	4.65e-06
Nigeria	28.237	4554.49	2942.245	9.267	819.686	431.843	1.4e-07	2.325e-05	1.502e-05	5e-08	4.18e-06	2.2e-06
Somalia	20.046	2891.71	1682.855	0.0	0.0	8.0	1.34e-06	0.00019268	0.00011213	0.0	0.0	5.3e-07
Algeria	15.534	4679.536	5057.768	0.041	409.262	588.631	3.7e-07	0.00011081	0.00011977	0.0	9.69e-06	1.394e-05
United Republic of Tanzania	240.091	17525.122	9016.561	0.0	2.462	11.231	4.26e-06	0.00031118	0.0001601	0.0	4e-08	2e-07
Burkina Faso	0.0	226.89	694.445	0.0	30.714	53.357	0.0	1.149e-05	3.516e-05	0.0	1.56e-06	2.7e-06
Mozambique	0.432	121.912	99.956	0.0	30.718	15.359	1e-08	4.13e-06	3.39e-06	0.0	1.04e-06	5.2e-07
Angola	0.035	10.914	29.457	0.0	0.0	2.0	0.0	3.5e-07	9.6e-07	0.0	0.0	6e-08
Senegal	2.192	618.274	686.137	0.057	9.638	9.819	1.4e-07	3.9e-05	4.328e-05	0.0	6.1e-07	6.2e-07
Ethiopia	0.874	255.866	238.933	0.0	0.0	3.0	1e-08	2.34e-06	2.19e-06	0.0	0.0	3e-08
Togo	0.003	32.174	100.087	0.011	7.562	9.781	0.0	4.08e-06	1.269e-05	0.0	9.6e-07	1.24e-06
Uganda	0.03	11.522	61.761	0.011	7.562	3.781	0.0	2.7e-07	1.45e-06	0.0	1.8e-07	9e-08
Chad	0.374	115.276	90.638	0.011	7.562	3.781	2e-08	7.45e-06	5.86e-06	0.0	4.9e-07	2.4e-07
Niger	0.0	207.296	751.648	0.0	13.56	26.78	0.0	9.24e-06	3.349e-05	0.0	6e-07	1.19e-06
Equatorial Guinea	125.268	9143.782	4650.891	0.0	13.566	6.783	9.57e-05	0.00698546	0.00355308	0.0	1.036e-05	5.18e-06
Gambia	0.0	6.486	13.243	0.0	0.0	1.0	0.0	2.84e-06	5.81e-06	0.0	0.0	4.4e-07
Guinea	8.516	2297.678	1770.839	0.0	0.0	5.0	6.9e-07	0.00018508	0.00014264	0.0	0.0	4e-07
South Africa	52.84	10985.606	8792.803	2.65	474.56	295.28	9.1e-07	0.00019013	0.00015218	5e-08	8.21e-06	5.11e-06
Ivory Coast	0.0	879.62	1286.81	0.003	13.134	15.567	0.0	3.509e-05	5.133e-05	0.0	5.2e-07	6.2e-07
Cameroon	4.154	1304.538	1815.269	0.833	173.14	128.57	1.6e-07	5.173e-05	7.199e-05	3e-08	6.87e-06	5.1e-06
Central African Republic	0.091	28.548	26.274	0.833	173.14	86.57	2e-08	6.12e-06	5.63e-06	1.8e-07	3.71e-05	1.855e-05
Madagascar	0.056	78.142	160.071	0.833	173.14	86.57	0.0	2.98e-06	6.1e-06	3e-08	6.59e-06	3.3e-06
Sierra Leone	0.431	135.402	110.701	0.833	173.14	86.57	6e-08	1.77e-05	1.447e-05	1.1e-07	2.263e-05	1.132e-05
Mauritania	0.0	0.134	7.067	0.0	0.0	1.0	0.0	3e-08	1.6e-06	0.0	0.0	2.3e-07
Cape Verde	126.621	9242.512	4688.256	0.0	0.0	1.0	0.00023286	0.01699719	0.00862181	0.0	0.0	1.84e-06
Rwanda	0.541	170.052	232.026	0.0	0.0	0.0	4e-08	1.382e-05	1.886e-05	0.0	0.0	0.0
Egypt	29.06	8196.484	7431.242	1.391	467.982	483.991	3e-07	8.328e-05	7.55e-05	1e-08	4.75e-06	4.92e-06
Eritrea	0.057	18.048	48.024	1.391	467.982	233.991	1e-08	4.03e-06	1.073e-05	3.1e-07	0.00010458	5.229e-05
Djibouti	254.092	28853.892	15272.946	0.0	0.0	2.0	0.00026498	0.03008999	0.01592724	0.0	0.0	2.09e-06
Burundi	0.0	0.0	5.0	0.0	0.0	1.0	0.0	0.0	4.5e-07	0.0	0.0	9e-08
Bhutan	0.0	0.0	5.0	0.0	0.0	0.0	0.0	0.0	6.63e-06	0.0	0.0	0.0
Afghanistan	10.524	2968.214	2510.107	1.696	288.452	180.226	2.8e-07	7.985e-05	6.753e-05	5e-08	7.76e-06	4.85e-06
Syria	0.479	129.152	103.576	0.003	0.84	3.42	3e-08	7.64e-06	6.13e-06	0.0	5e-08	2e-07
Kyrgyzstan	3.317	1115.45	1125.725	0.0	0.0	7.0	5.3e-07	0.00017661	0.00017824	0.0	0.0	1.11e-06
South Korea	0.0	578.458	10963.229	0.011	91.896	281.948	0.0	1.12e-05	0.00021232	0.0	1.78e-06	5.46e-06
Brunei	0.016	5.036	140.518	0.0	0.0	1.0	4e-08	1.174e-05	0.00032758	0.0	0.0	2.33e-06
Yemen	0.0	0.0	1.0	0.0	0.0	0.0	0.0	0.0	4e-08	0.0	0.0	0.0
Nepal	36.446	2660.31	1361.155	0.0	0.0	0.0	1.3e-06	9.471e-05	4.846e-05	0.0	0.0	0.0
Kuwait	12.975	4074.822	4032.411	0.364	75.646	46.823	3.14e-06	0.0009849	0.00097465	9e-08	1.828e-05	1.132e-05
Malaysia	15.403	5330.584	8090.292	0.344	108.116	143.058	4.9e-07	0.00016858	0.00025586	1e-08	3.42e-06	4.52e-06
Indonesia	55.274	16650.608	15085.304	4.681	1469.956	1324.978	2.1e-07	6.221e-05	5.636e-05	2e-08	5.49e-06	4.95e-06
Iraq	0.0	412.982	1780.491	0.049	43.098	103.549	0.0	1.075e-05	4.633e-05	0.0	1.12e-06	2.69e-06
East Timor	37.122	2709.68	1376.84	0.049	43.098	21.549	2.928e-05	0.00213702	0.00108586	4e-08	3.399e-05	1.699e-05
Uzbekistan	16.444	5164.176	4209.088	0.059	12.186	11.093	5e-07	0.0001567	0.00012772	0.0	3.7e-07	3.4e-07
Myanmar	1.718	484.438	361.219	0.113	19.27	14.635	3e-08	9.02e-06	6.73e-06	0.0	3.6e-07	2.7e-07
Qatar	129.761	26977.598	19503.799	0.459	55.42	36.71	4.665e-05	0.00969832	0.00701153	1.7e-07	1.992e-05	1.32e-05
Sri Lanka	1.411	412.784	510.392	0.003	0.57	7.285	7e-08	1.905e-05	2.355e-05	0.0	3e-08	3.4e-07
Laos	0.0	1.954	19.977	0.003	0.57	0.285	0.0	2.8e-07	2.83e-06	0.0	8e-08	4e-08
Bahrain	17.559	5514.124	4664.062	0.095	19.754	16.877	1.119e-05	0.00351344	0.0029718	6e-08	1.259e-05	1.075e-05
Mongolia	1.106	229.874	147.937	0.095	19.754	9.877	3.5e-07	7.251e-05	4.666e-05	3e-08	6.23e-06	3.12e-06
Taiwan	0.346	108.744	476.372	0.02	4.206	8.103	1e-08	4.57e-06	2.003e-05	0.0	1.8e-07	3.4e-07
Oman	21.489	5508.326	4164.163	0.409	62.466	38.233	4.45e-06	0.00114056	0.00086224	8e-08	1.293e-05	7.92e-06
Japan	90.378	27835.478	24714.739	112.435	9945.104	5208.552	7.1e-07	0.00021999	0.00019533	8.9e-07	7.86e-05	4.116e-05
United Arab Emirates	62.682	19305.452	16917.726	1.503	297.52	191.76	6.51e-06	0.00200452	0.0017566	1.6e-07	3.089e-05	1.991e-05
China	21.064	5683.064	86658.532	1758.113	128331.06	68801.53	2e-08	4.08e-06	6.222e-05	1.26e-06	9.214e-05	4.94e-05
Maldives	27.654	2018.544	1078.272	0.0	0.0	0.0	5.362e-05	0.00391421	0.00209091	0.0	0.0	0.0
Singapore	2276.573	228483.206	122255.603	0.0	2.412	12.206	0.00040374	0.04052072	0.02168162	0.0	4.3e-07	2.16e-06
India	198.245	55915.864	46496.932	4.883	1533.568	1358.784	1.5e-07	4.134e-05	3.438e-05	0.0	1.13e-06	1e-06
Saudi Arabia	315.177	59363.248	40165.624	0.954	287.314	246.657	9.35e-06	0.00176152	0.00119186	3e-08	8.53e-06	7.32e-06
Philippines	39.489	11895.576	12406.788	3.252	1021.12	938.56	3.7e-07	0.00011154	0.00011633	3e-08	9.57e-06	8.8e-06
Thailand	0.0	492.706	3038.353	0.0	40.528	67.264	0.0	7.1e-06	4.376e-05	0.0	5.8e-07	9.7e-07
Iran	135.978	57341.544	112175.772	8.293	3597.246	7007.623	1.66e-06	0.00070099	0.00137134	1e-07	4.398e-05	8.567e-05
Vietnam	0.0	22.774	279.387	8.293	3597.246	1798.623	0.0	2.4e-07	2.92e-06	9e-08	3.765e-05	1.883e-05
Kazakhstan	25.103	6434.722	5069.361	1.429	218.212	128.106	1.37e-06	0.00035208	0.00027737	8e-08	1.194e-05	7.01e-06
Bangladesh	304.131	43871.61	24883.805	5.485	932.79	567.395	1.88e-06	0.00027189	0.00015422	3e-08	5.78e-06	3.52e-06
Pakistan	90.205	23121.96	19978.98	4.0	831.664	591.832	4.3e-07	0.00010896	9.414e-05	2e-08	3.92e-06	2.79e-06
Cambodia	0.0	2.47	123.235	4.0	831.664	415.832	0.0	1.5e-07	7.58e-06	2.5e-07	5.118e-05	2.559e-05
Jordan	0.008	127.524	488.762	0.001	0.542	7.271	0.0	1.281e-05	4.909e-05	0.0	5e-08	7.3e-07
Lebanon	0.0	128.062	741.031	0.0	4.546	23.273	0.0	1.87e-05	0.0001082	0.0	6.6e-07	3.4e-06
