Name	Confirmed	Deaths	Recovered	Active	Confirmed_per_capita	Deaths_per_capita	IFR_0.30_expected	IFR_0.65_expected	IFR_1.0_expected	IFR_0.30_expected_per_capita	IFR_0.65_expected_per_capita	IFR_1.0_expected_per_capita	Date
Douglas	34.0	0.0	0.0	0.0	5.998e-05	0.0	170.0	68.0	42.5	0.0002999	0.00011996	7.4975e-05	2020-03-22
Douglas	34	0	0	0	5.998e-5	0	170	68	42.5	2.999e-4	1.1996e-4	7.4975e-5	0	0	2020-03-23
Douglas	39	0	0	0	6.88e-5	0	195	78	48.75	3.44e-4	1.376e-4	8.6e-5	5	0	0	0	2020-03-24
Douglas	43	0	0	0	7.585e-5	0	215	86	53.75	3.7925e-4	1.517e-4	9.48125e-5	4	0	0	0	2020-03-25
Douglas	44	0	0	0	7.762e-5	0	220	88	55	3.881e-4	1.5524e-4	9.7025e-5	1	0	0	0	2020-03-26
Douglas	44	0	0	0	7.762e-05	0.0	220	88	55	0.0003881	0.00015524	9.7025e-05	0	0	0	0	2020-03-27
Douglas	51	1	0	0	8.997e-5	1.76e-6	333.333333333	153.846153846	100	5.86666666667e-4	2.70769230769e-4	1.76e-4	7	1	0	0	2020-03-28
Douglas	57	1	0	0	0.00010055	1.76e-06	333.333333333	153.846153846	100	0.000586666666667	0.000270769230769	0.000176	6	0	0	0	2020-03-29
Douglas	75	1	0	0	0.0001323	1.76e-06	333.333333333	153.846153846	100	0.000586666666667	0.000270769230769	0.000176	18	0	0	0	2020-03-30
Douglas	85	1	0	0	0.00014994	1.76e-06	333.333333333	153.846153846	100	0.000586666666667	0.000270769230769	0.000176	10	0	-44.4	0	2020-03-31
Douglas	101	1	0	0	0.00017817	1.76e-06	333.333333333	153.846153846	100	0.000586666666667	0.000270769230769	0.000176	16	0	60	0	2020-04-01
Douglas	116	1	0	0	0.00020463	1.76e-06	333.333333333	153.846153846	100	0.000586666666667	0.000270769230769	0.000176	15	0	-6.2	0	2020-04-02
Douglas	124	1	0	0	0.00021874	1.76e-06	333.333333333	153.846153846	100	0.000586666666667	0.000270769230769	0.000176	8	0	-46.7	0	2020-04-03
Douglas	131.0	1.0	0.0	0.0	0.00023109	1.76e-06	333.333333333	153.846153846	100.0	0.000586666666667	0.000270769230769	0.000176	2020-04-04
Douglas	144.0	3.0	0.0	0.0	0.00025402	5.29e-06	1000.0	461.538461538	300.0	0.00176333333333	0.000813846153846	0.000529	2020-04-05
