Name	Confirmed	Deaths	Recovered	Active	Confirmed_per_capita	Deaths_per_capita	IFR_0.30_expected	IFR_0.65_expected	IFR_1.0_expected	IFR_0.30_expected_per_capita	IFR_0.65_expected_per_capita	IFR_1.0_expected_per_capita	Confirmed_daily	Deaths_daily	Tests	Tests_per_capita
Turkey	7402	108	70	7224	8.992e-5	1.31e-6	36000	16615.3846154	10800	4.36666666667e-4	2.01538461538e-4	1.31e-4	1704	16	55464	6.67e-4
Italy	92472	10023	12384	70065	0.0015302	1.6586e-4	3341000	1542000	1002300	0.0552866666667	0.0255169230769	0.016586	5974	889	429526	0.007121
Czech Republic	2631	11	11	2609	2.4761e-4	1.04e-6	3666.66666667	1692.30769231	1100	3.46666666667e-4	1.6e-4	1.04e-4	352	2	36374	0.003415
Monaco	42	0	1	41	0.00108578	0	210	84	52.5	0.0054289	0.00217156	0.001357225	0	0	NA	NA
Lithuania	394	7	1	386	1.4124e-4	2.51e-6	2333.33333333	1076.92307692	700	8.36666666667e-4	3.86153846154e-4	2.51e-4	36	2	6900	0.002469
Luxembourg	1831	18	40	1773	0.00301286	2.962e-5	6000	2769.23076923	1800	0.00987333333333	0.00455692307692	0.002962	226	3	NA	NA
France	38105	2317	5724	30064	5.6884e-4	3.459e-5	772333.333333	356461.538462	231700	0.01153	0.00532153846154	0.003459	4703	320	NA	NA
Andorra	308	3	1	304	0.00399969	3.896e-5	1000	461.538461538	300	0.0129866666667	0.00599384615385	0.003896	41	0	NA	NA
Switzerland	14076	264	1530	12282	0.00165278	3.1e-5	88000	40615.3846154	26400	0.0103333333333	0.00476923076923	0.0031	1148	33	106000	0.012369
Georgia	90	0	14	76	2.412e-5	0	450	180	112.5	1.206e-4	4.824e-5	3.015e-5	7	0	NA	NA
Slovakia	292	0	2	290	5.361e-5	0	1460	584	365	2.6805e-4	1.0722e-4	6.70125e-5	23	0	7131	0.001308
Ireland	2415	36	5	2374	4.9758e-4	7.42e-6	12000	5538.46153846	3600	0.00247333333333	0.00114153846154	7.42e-4	294	14	NA	NA
Norway	4015	23	7	3985	7.555e-4	4.33e-6	7666.66666667	3538.46153846	2300	0.00144333333333	6.66153846154e-4	4.33e-4	260	4	NA	NA
Israel	3619	12	89	3518	4.0737e-4	1.35e-6	4000	1846.15384615	1200	4.5e-4	2.07692307692e-4	1.35e-4	584	0	NA	NA
Belarus	94	0	32	62	9.91e-6	0	470	188	117.5	4.955e-5	1.982e-5	1.23875e-5	0	0	NA	NA
Iceland	963	2	114	847	0.00272362	5.66e-6	666.666666667	307.692307692	200	0.00188666666667	8.70769230769e-4	5.66e-4	73	0	14635	0.040177
Montenegro	84	1	0	83	1.3497e-4	1.61e-6	333.333333333	153.846153846	100	5.36666666667e-4	2.47692307692e-4	1.61e-4	2	0	NA	NA
Slovenia	684	9	10	665	3.3085e-4	4.35e-6	3000	1384.61538462	900	0.00145	6.69230769231e-4	4.35e-4	52	0	20753	0.00991
Germany	57695	433	8481	48781	6.9572e-4	5.22e-6	144333.333333	66615.3846154	43300	0.00174	8.03076923077e-4	5.22e-4	6824	91	NA	NA
Bosnia and Herzegovina	258	5	5	248	7.762e-5	1.5e-6	1666.66666667	769.230769231	500	5e-4	2.30769230769e-4	1.5e-4	21	1	1696	4.92e-4
Armenia	407	1	30	376	1.3788e-4	3.4e-7	333.333333333	153.846153846	100	1.13333333333e-4	5.23076923077e-5	3.4e-5	78	0	NA	NA
Belgium	9134	353	1063	7718	7.9968e-4	3.091e-5	117666.666667	54307.6923077	35300	0.0103033333333	0.00475538461538	0.003091	1850	64	NA	NA
Spain	73235	5982	12285	54968	0.0015674	1.2803e-4	1994000	920307.692308	598200	0.0426766666667	0.0196969230769	0.012803	7516	844	NA	NA
Ukraine	356	9	5	342	7.98e-6	2e-7	3000	1384.61538462	900	6.66666666667e-5	3.07692307692e-5	2e-5	46	4	1712	4.1e-5
San Marino	224	22	6	196	0.00663016	6.5118e-4	7333.33333333	3384.61538462	2200	0.21706	0.100181538462	0.065118	1	1	NA	NA
Netherlands	9819	640	6	9173	5.6984e-4	3.714e-5	213333.333333	98461.5384615	64000	0.01238	0.00571384615385	0.003714	1172	93	NA	NA
Denmark	2366	65	57	2244	4.0811e-4	1.121e-5	21666.6666667	10000	6500	0.00373666666667	0.00172461538462	0.001121	166	13	22500	0.003795
Poland	1638	18	7	1613	4.313e-5	4.7e-7	6000	2769.23076923	1800	1.56666666667e-4	7.23076923077e-5	4.7e-5	249	2	38674	0.001008
Finland	1167	9	10	1148	2.1149e-4	1.63e-6	3000	1384.61538462	900	5.43333333333e-4	2.50769230769e-4	1.63e-4	126	2	18000	0.003254
Macedonia	241	4	3	234	1.157e-4	1.92e-6	1333.33333333	615.384615385	400	6.4e-4	2.95384615385e-4	1.92e-4	22	1	NA	NA
Moldova	231	2	2	227	6.515e-5	5.6e-7	666.666666667	307.692307692	200	1.86666666667e-4	8.61538461538e-5	5.6e-5	32	0	NA	NA
Liechtenstein	56	0	0	56	0.00147718	0	280	112	70	0.0073859	0.00295436	0.001846475	0	0	NA	NA
Latvia	305	0	1	304	1.5831e-4	0	1525	610	381.25	7.9155e-4	3.1662e-4	1.978875e-4	25	0	12748	0.00664
Croatia	657	5	45	607	1.6066e-4	1.22e-6	1666.66666667	769.230769231	500	4.06666666667e-4	1.87692307692e-4	1.22e-4	71	2	5215	0.001279
Malta	149	0	2	147	3.0815e-4	0	745	298	186.25	0.00154075	6.163e-4	3.851875e-4	10	0	NA	NA
Vatican	6	0	0	6	0.00749064	0	30	12	7.5	0.0374532	0.01498128	0.0093633	2	0	NA	NA
Sweden	3447	105	16	3326	3.385e-4	1.031e-5	35000	16153.8461538	10500	0.00343666666667	0.00158615384615	0.001031	378	0	NA	NA
Russia	1264	4	49	1211	8.75e-6	3e-8	1333.33333333	615.384615385	400	1e-5	4.61538461538e-6	3e-6	228	0	243377	0.001659
Bulgaria	331	7	11	313	4.712e-5	1e-6	2333.33333333	1076.92307692	700	3.33333333333e-4	1.53846153846e-4	1e-4	38	4	NA	NA
Romania	1452	37	139	1276	7.456e-5	1.9e-6	12333.3333333	5692.30769231	3700	6.33333333333e-4	2.92307692308e-4	1.9e-4	160	11	19663	0.001013
Albania	197	10	31	156	6.873e-5	3.49e-6	3333.33333333	1538.46153846	1000	0.00116333333333	5.36923076923e-4	3.49e-4	11	2	NA	NA
Portugal	5170	100	43	5027	5.0283e-4	9.73e-6	33333.3333333	15384.6153846	10000	0.00324333333333	0.00149692307692	9.73e-4	902	24	32754	0.003187
Estonia	645	1	20	624	4.8831e-4	7.6e-7	333.333333333	153.846153846	100	2.53333333333e-4	1.16923076923e-4	7.6e-5	70	0	9364	0.007049
Kosovo	91	1	1	89	4.931e-5	5.4e-7	333.333333333	153.846153846	100	1.8e-4	8.30769230769e-5	5.4e-5	5	0	NA	NA
Azerbaijan	182	4	15	163	1.831e-5	4e-7	1333.33333333	615.384615385	400	1.33333333333e-4	6.15384615385e-5	4e-5	17	1	NA	NA
United Kingdom	17312	1021	151	16140	2.6037e-4	1.536e-5	340333.333333	157076.923077	102100	0.00512	0.00236307692308	0.001536	2567	260	120776	0.001788
Austria	8271	68	225	7978	9.3489e-4	7.69e-6	22666.6666667	10461.5384615	6800	0.00256333333333	0.00118307692308	7.69e-4	614	10	42750	0.004802
West Bank and Gaza	98	1	18	79	1.96e-5	2e-7	333.333333333	153.846153846	100	6.66666666667e-5	3.07692307692e-5	2e-5	7	0	NA	NA
Republic of Serbia	659	10	0	649	9.438e-5	1.43e-6	3333.33333333	1538.46153846	1000	4.76666666667e-4	2.2e-4	1.43e-4	202	9	NA	NA
Greece	1061	32	52	977	9.89e-5	2.98e-6	10666.6666667	4923.07692308	3200	9.93333333333e-4	4.58461538462e-4	2.98e-4	95	4	NA	NA
Hungary	343	11	34	298	3.511e-5	1.13e-6	3666.66666667	1692.30769231	1100	3.76666666667e-4	1.73846153846e-4	1.13e-4	43	1	NA	NA
Cyprus	179	5	15	159	1.5299e-4	4.27e-6	1666.66666667	769.230769231	500	0.00142333333333	6.56923076923e-4	4.27e-4	17	0	NA	NA
