Name	Predicted_New_Cases	Total_Predicted_New_Cases	Total_Predicted_Cases	Predicted_New_Deaths	Total_Predicted_New_Deaths	Total_Predicted_Deaths	Predicted_New_per_capita	Predicted_Total_New_per_capita	Predicted_Total_Cases_per_capita	Predicted_New_Deaths_per_capita	Total_Predicted_New_Deaths_per_capita	Total_Predicted_Deaths_per_capita
Cumberland	0.0	0.0	8.0	2.013	720.046	720.046	0.0	0.0	0.00081558	0.00020522	0.07340667	0.07340667
Floyd	0.0	0.0	1.0	0.0	0.0	0.0	0.0	0.0	6.331e-05	0.0	0.0	0.0
Greensville	4.507	666.423	682.423	2.013	720.046	720.046	0.00038763	0.05731685	0.05869296	0.00017313	0.06192879	0.06192879
Brunswick	7.793	927.361	936.361	2.013	720.046	720.046	0.00047565	0.05660162	0.05715094	0.00012286	0.04394812	0.04394812
Prince Edward	6.448	767.344	782.344	2.013	720.046	720.046	0.00028096	0.03343547	0.03408906	8.771e-05	0.03137455	0.03137455
Poquoson	0.008	5.032	11.032	2.013	720.046	720.046	6.6e-07	0.0004128	0.000905	0.00016514	0.05906858	0.05906858
Winchester	0.0	11.354	32.354	0.0	639.086	639.086	0.0	0.00040394	0.00115106	0.0	0.0227368	0.0227368
Montgomery	0.122	78.747	112.747	2.013	720.046	720.046	1.23e-06	0.00079554	0.00113903	2.034e-05	0.00727429	0.00727429
Rappahannock	0.0	0.0	1.0	0.0	0.0	0.0	0.0	0.0	0.00013789	0.0	0.0	0.0
Page	0.013	8.372	14.372	2.013	720.046	720.046	5.4e-07	0.00034981	0.00060051	8.411e-05	0.03008591	0.03008591
Fauquier	0.06	38.54	67.54	2.013	720.046	720.046	8.5e-07	0.00054531	0.00095564	2.848e-05	0.01018813	0.01018813
Bath	0.0	0.0	0.0	0.0	0.0	0.0	0.0	0.0	0.0	0.0	0.0	0.0
Caroline	0.078	50.266	59.266	2.013	720.046	720.046	2.53e-06	0.0016335	0.00192597	6.542e-05	0.02339939	0.02339939
Nottoway	0.024	12.495	17.495	2.013	720.046	720.046	1.56e-06	0.00081031	0.00113457	0.00013054	0.04669559	0.04669559
Russell	0.0	0.0	2.0	2.013	720.046	720.046	0.0	0.0	7.477e-05	7.526e-05	0.02691962	0.02691962
Radford	0.0	0.0	1.0	0.0	0.0	0.0	0.0	0.0	5.453e-05	0.0	0.0	0.0
Appomattox	0.0	0.0	7.0	2.013	720.046	720.046	0.0	0.0	0.00044189	0.00012708	0.04545458	0.04545458
Falls Church	0.0	0.0	2.0	0.0	0.0	0.0	0.0	0.0	0.00013539	0.0	0.0	0.0
Sussex	0.0	0.0	10.0	2.013	720.046	720.046	0.0	0.0	0.00088992	0.00017914	0.06407813	0.06407813
Chesapeake	0.007	129.953	269.953	2.013	720.046	720.046	3e-08	0.00053559	0.00111259	8.3e-06	0.00296762	0.00296762
Middlesex	0.0	0.0	3.0	2.013	720.046	720.046	0.0	0.0	0.00027858	0.00018693	0.06686285	0.06686285
Manassas	0.135	87.124	140.124	2.013	720.046	720.046	3.24e-06	0.00209226	0.00336505	4.834e-05	0.01729176	0.01729176
Frederick	0.21	135.048	208.048	2.013	720.046	720.046	2.38e-06	0.00152847	0.00235468	2.278e-05	0.00814947	0.00814947
Lee	3.789	450.949	456.949	2.013	720.046	720.046	0.00016095	0.0191559	0.01941077	8.551e-05	0.03058689	0.03058689
Louisa	4.021	643.559	672.559	2.013	720.046	720.046	0.00010933	0.01749848	0.01828699	5.473e-05	0.01957817	0.01957817
Washington	0.101	65.34	92.34	2.013	720.046	720.046	1.86e-06	0.00120106	0.00169736	3.7e-05	0.01323565	0.01323565
Richmond	0.0	0.0	7.0	2.013	720.046	720.046	0.0	0.0	0.00077451	0.00022273	0.07966873	0.07966873
Patrick	0.0	0.0	0.0	0.0	0.0	0.0	0.0	0.0	0.0	0.0	0.0	0.0
Bedford	0.061	39.209	55.209	2.013	720.046	720.046	7.7e-07	0.00049791	0.00070109	2.556e-05	0.00914379	0.00914379
Norfolk	0.006	90.873	189.873	2.013	720.046	720.046	2e-08	0.00037231	0.00077793	8.25e-06	0.00295009	0.00295009
Culpeper	3.785	605.897	630.897	2.013	720.046	720.046	7.299e-05	0.01168355	0.01216562	3.882e-05	0.01388469	0.01388469
Emporia	0.0	0.0	7.0	2.013	720.046	720.046	0.0	0.0	0.00136692	0.00039309	0.14060652	0.14060652
Surry	0.0	0.0	3.0	2.013	720.046	720.046	0.0	0.0	0.00046339	0.00031094	0.11122119	0.11122119
Colonial Heights	0.0	0.0	17.0	0.0	176.143	176.143	0.0	0.0	0.00095329	0.0	0.00987736	0.00987736
Martinsville	0.0	0.0	0.0	0.0	0.0	0.0	0.0	0.0	0.0	0.0	0.0	0.0
Fredericksburg	0.03	19.436	34.436	2.013	720.046	720.046	1.03e-06	0.0006669	0.00118158	6.907e-05	0.02470649	0.02470649
Pulaski	0.0	0.0	4.0	2.013	720.046	720.046	0.0	0.0	0.00011742	5.909e-05	0.02113679	0.02113679
Chesterfield	1.003	473.968	727.968	2.013	720.046	720.046	2.88e-06	0.0013598	0.00208853	5.78e-06	0.0020658	0.0020658
Roanoke City	0.047	30.161	52.161	2.013	720.046	720.046	N/A	N/A	N/A	N/A	N/A	N/A
Northumberland	0.008	5.032	9.032	2.013	720.046	720.046	6.6e-07	0.00041426	0.00074356	0.00016572	0.05927768	0.05927768
Halifax	0.309	81.657	88.657	2.013	720.046	720.046	9.06e-06	0.00239323	0.00259839	5.9e-05	0.02110334	0.02110334
Covington	0.0	0.0	1.0	0.0	0.0	0.0	0.0	0.0	0.00018315	0.0	0.0	0.0
Lexington	0.0	0.0	3.0	2.013	720.046	720.046	0.0	0.0	0.0004204	0.00028209	0.10090331	0.10090331
Gloucester	0.05	32.059	52.059	2.013	720.046	720.046	1.34e-06	0.00085836	0.00139385	5.39e-05	0.01927886	0.01927886
Grayson	0.0	0.0	0.0	0.0	0.0	0.0	0.0	0.0	0.0	0.0	0.0	0.0
Alleghany	0.016	10.049	14.049	2.013	720.046	720.046	1.07e-06	0.00067398	0.00094225	0.00013501	0.04829282	0.04829282
Prince George	0.0	0.695	27.695	0.0	26.209	26.209	0.0	1.825e-05	0.00072725	0.0	0.00068823	0.00068823
Fairfax	33.969	8972.533	10270.533	11.083	1518.695	1539.695	2.952e-05	0.00779681	0.00892473	9.63e-06	0.00131969	0.00133794
Henry	0.026	16.754	24.754	11.083	1518.695	1518.695	5.1e-07	0.00032881	0.00048582	0.00021751	0.0298058	0.0298058
Botetourt	0.0	8.897	31.897	0.0	473.976	473.976	0.0	0.00026736	0.00095853	0.0	0.01424335	0.01424335
Bristol	0.0	0.0	1.0	0.0	0.0	0.0	0.0	0.0	6.067e-05	0.0	0.0	0.0
Amherst	0.02	13.181	23.181	11.083	1518.695	1518.695	6.3e-07	0.00041625	0.00073205	0.00035	0.0479598	0.0479598
Accomack	0.025	16.196	31.196	11.083	1518.695	1518.695	7.7e-07	0.00049969	0.00096248	0.00034194	0.04685595	0.04685595
Madison	0.016	10.279	18.279	11.083	1518.695	1518.695	1.2e-06	0.00077315	0.00137488	0.00083362	0.11423054	0.11423054
Mathews	0.306	36.366	39.366	11.083	1518.695	1518.695	3.476e-05	0.00413156	0.00447239	0.00125915	0.17253976	0.17253976
Staunton	0.0	0.0	2.0	11.083	1518.695	1518.695	0.0	0.0	8.025e-05	0.00044471	0.06093793	0.06093793
Waynesboro	0.018	11.726	17.726	11.083	1518.695	1518.695	8e-07	0.00051821	0.00078337	0.00048979	0.06711574	0.06711574
Manassas Park	0.049	31.837	45.837	11.083	1518.695	1518.695	2.83e-06	0.00183954	0.00264847	0.00064038	0.08775033	0.08775033
Tazewell	0.0	0.0	4.0	11.083	1518.695	1518.695	0.0	0.0	9.791e-05	0.00027128	0.03717281	0.03717281
Harrisonburg	24.911	3683.505	3784.505	11.083	1518.695	1518.695	0.00046103	0.0681714	0.07004062	0.00020512	0.02810681	0.02810681
Buchanan	0.0	0.0	12.0	0.0	66.922	66.922	0.0	0.0	0.00056548	0.0	0.00315357	0.00315357
Rockbridge	0.0	0.067	3.067	0.0	43.799	43.799	0.0	2.94e-06	0.0001348	0.0	0.00192506	0.00192506
Scott	0.0	0.0	3.0	0.0	0.0	0.0	0.0	0.0	0.00013931	0.0	0.0	0.0
Augusta	0.0	0.0	18.0	11.083	1518.695	1518.695	0.0	0.0	0.00023855	0.00014688	0.02012663	0.02012663
Stafford	0.34	160.513	268.513	11.083	1518.695	1518.695	2.27e-06	0.00107037	0.00179056	7.391e-05	0.01012733	0.01012733
Isle of Wight	0.079	51.045	111.045	11.083	1518.695	1518.695	2.14e-06	0.00138135	0.00300503	0.00029992	0.04109802	0.04109802
Roanoke	0.26	87.771	104.771	11.083	1518.695	1518.695	2.76e-06	0.00093301	0.00111372	0.00011781	0.01614379	0.01614379
Northampton	0.01	6.704	10.704	11.083	1518.695	1518.695	8.5e-07	0.00057128	0.00091214	0.00094444	0.12941585	0.12941585
Loudoun	0.786	506.228	873.228	0.073	27.671	34.671	1.93e-06	0.00124426	0.00214631	1.8e-07	6.801e-05	8.522e-05
Charlotte	0.0	0.0	5.0	0.073	27.671	27.671	0.0	0.0	0.00041883	6.11e-06	0.00231789	0.00231789
Amelia	0.0	0.231	10.231	0.0	1.112	1.112	0.0	1.775e-05	0.00078621	0.0	8.545e-05	8.545e-05
New Kent	0.008	5.032	21.032	0.073	27.671	27.671	3.6e-07	0.00022473	0.00093931	3.26e-06	0.00123581	0.00123581
Clarke	0.039	25.131	31.131	0.073	27.671	27.671	2.69e-06	0.00173043	0.00214357	5.03e-06	0.00190532	0.00190532
Spotsylvania	0.172	103.028	163.028	0.073	27.671	27.671	1.28e-06	0.0007675	0.00121447	5.4e-07	0.00020613	0.00020613
Henrico	0.968	670.067	1123.067	22.003	2618.431	2670.431	2.94e-06	0.00203506	0.00341087	6.683e-05	0.00795245	0.00811038
Goochland	0.093	59.646	99.646	22.003	2618.431	2618.431	4e-06	0.00256608	0.00428696	0.00094661	0.11264976	0.11264976
Unassigned	0.0	0.6	101.6	0.0	3.2	3.2	N/A	N/A	N/A	N/A	N/A	N/A
Dickenson	0.0	0.0	0.0	0.0	0.0	0.0	0.0	0.0	0.0	0.0	0.0	0.0
Shenandoah	0.032	20.33	47.33	22.003	2618.431	2618.431	7.4e-07	0.00046739	0.00108812	0.00050585	0.06019797	0.06019797
Danville	0.001	22.381	44.381	22.003	2618.431	2618.431	2e-08	0.00055	0.00109063	0.00054071	0.06434598	0.06434598
Essex	0.0	0.0	0.0	0.0	0.0	0.0	0.0	0.0	0.0	0.0	0.0	0.0
Arlington	1.269	711.489	1131.489	0.0	0.0	2.0	5.34e-06	0.00299548	0.00476374	0.0	0.0	8.42e-06
James City	0.0	5.49	137.49	0.0	0.0	2.0	0.0	7.186e-05	0.00179968	0.0	0.0	2.618e-05
Rockingham	29.551	3516.697	3583.697	0.0	0.0	0.0	0.00036373	0.04328562	0.0441103	0.0	0.0	0.0
Bland	0.0	0.0	0.0	0.0	0.0	0.0	0.0	0.0	0.0	0.0	0.0	0.0
Highland	0.0	0.0	0.0	0.0	0.0	0.0	0.0	0.0	0.0	0.0	0.0	0.0
Salem	0.0	0.0	3.0	0.0	0.0	0.0	0.0	0.0	0.00011699	0.0	0.0	0.0
Alexandria	0.769	461.889	715.889	0.0	0.0	1.0	4.79e-06	0.00287728	0.00445953	0.0	0.0	6.23e-06
Fluvanna	0.915	241.653	303.653	0.0	0.0	0.0	3.416e-05	0.00902263	0.01133753	0.0	0.0	0.0
Franklin	0.0	8.201	23.201	0.0	0.0	0.0	0.0	0.00102346	0.00289542	0.0	0.0	0.0
Newport News	0.167	107.452	202.452	0.0	0.0	1.0	9.3e-07	0.00060155	0.00113338	0.0	0.0	5.6e-06
Lynchburg	0.152	80.01	114.01	0.0	0.0	0.0	1.85e-06	0.00097423	0.00138823	0.0	0.0	0.0
Portsmouth	0.0	18.299	77.299	0.0	0.0	0.0	0.0	0.00019337	0.00081684	0.0	0.0	0.0
King George	0.0	4.224	21.224	0.0	0.0	0.0	0.0	0.00015895	0.00079865	0.0	0.0	0.0
Craig	0.0	0.0	2.0	0.0	0.0	0.0	0.0	0.0	0.00039494	0.0	0.0	0.0
King and Queen	0.003	1.677	3.677	0.0	0.0	0.0	4.3e-07	0.00023814	0.00052215	0.0	0.0	0.0
Hampton	0.13	83.776	158.776	0.0	0.0	1.0	9.7e-07	0.00062374	0.00118213	0.0	0.0	7.45e-06
Greene	0.003	1.677	6.677	0.0	0.0	0.0	1.5e-07	8.479e-05	0.00033758	0.0	0.0	0.0
Norton	0.0	0.0	0.0	0.0	0.0	0.0	0.0	0.0	0.0	0.0	0.0	0.0
Giles	0.0	0.0	4.0	0.0	0.0	0.0	0.0	0.0	0.00023747	0.0	0.0	0.0
Hopewell	0.0	0.493	14.493	0.0	0.0	0.0	0.0	2.182e-05	0.0006414	0.0	0.0	0.0
Campbell	0.044	28.482	39.482	0.0	0.0	0.0	8e-07	0.00051811	0.00071821	0.0	0.0	0.0
Lancaster	0.0	0.0	1.0	0.0	0.0	0.0	0.0	0.0	9.274e-05	0.0	0.0	0.0
Westmoreland	0.0	0.0	8.0	0.0	0.0	0.0	0.0	0.0	0.00044868	0.0	0.0	0.0
Petersburg	0.057	36.863	55.863	0.0	0.0	0.0	1.81e-06	0.00116777	0.00176966	0.0	0.0	0.0
Wise	0.0	0.0	15.0	0.0	0.0	0.0	0.0	0.0	0.00039461	0.0	0.0	0.0
Wythe	0.0	0.387	7.387	0.0	0.0	0.0	0.0	1.346e-05	0.0002569	0.0	0.0	0.0
Buena Vista	0.0	0.0	4.0	0.0	0.0	0.0	0.0	0.0	0.00064133	0.0	0.0	0.0
Charlottesville	0.073	40.823	78.823	0.0	0.0	1.0	1.52e-06	0.00084841	0.00163815	0.0	0.0	2.078e-05
Dinwiddie	0.0	0.0	7.0	0.0	0.0	0.0	0.0	0.0	0.00024536	0.0	0.0	0.0
Carroll	0.0	0.215	3.215	0.0	0.0	0.0	0.0	7.25e-06	0.00010848	0.0	0.0	0.0
Galax	0.0	0.0	1.0	0.0	0.0	0.0	0.0	0.0	0.00015569	0.0	0.0	0.0
Hanover	0.457	180.352	233.352	0.0	0.0	0.0	4.26e-06	0.00168178	0.002176	0.0	0.0	0.0
Charles City	7.692	802.545	811.545	0.0	0.0	0.0	0.0011082	0.11562383	0.11692047	0.0	0.0	0.0
Franklin City	0.01	6.704	13.704	0.0	0.0	0.0	1.8e-07	0.0001193	0.00024387	0.0	0.0	0.0
Pittsylvania	0.0	0.116	4.116	0.0	0.0	0.0	0.0	1.9e-06	6.753e-05	0.0	0.0	0.0
Buckingham	0.062	40.212	62.212	0.0	0.0	0.0	3.65e-06	0.00236555	0.00365974	0.0	0.0	0.0
Lunenburg	11.773	1228.382	1231.382	0.0	0.0	0.0	0.0009741	0.10163677	0.10188499	0.0	0.0	0.0
Warren	0.073	46.916	66.916	0.0	0.0	0.0	1.82e-06	0.00117281	0.00167277	0.0	0.0	0.0
Mecklenburg	3.275	817.218	874.218	0.0	0.0	0.0	0.00010685	0.0266629	0.02852261	0.0	0.0	0.0
Williamsburg	0.031	21.681	40.681	0.0	0.0	1.0	2.08e-06	0.00145549	0.002731	0.0	0.0	6.713e-05
Fairfax City	0.0	0.0	1.0	0.0	0.0	0.0	N/A	N/A	N/A	N/A	N/A	N/A
Smyth	0.0	11.502	22.502	0.0	0.0	0.0	0.0	0.00037746	0.00073845	0.0	0.0	0.0
Southampton	0.0	0.0	6.0	0.0	0.0	0.0	0.0	0.0	0.00034118	0.0	0.0	0.0
Suffolk	0.126	81.43	140.43	0.0	0.0	0.0	1.38e-06	0.00089302	0.00154006	0.0	0.0	0.0
Powhatan	0.008	5.032	10.032	0.0	0.0	0.0	2.7e-07	0.00017239	0.00034369	0.0	0.0	0.0
Richmond City	0.329	211.894	388.894	0.0	0.0	0.0	N/A	N/A	N/A	N/A	N/A	N/A
York	0.049	31.503	66.503	0.0	0.0	1.0	7.2e-07	0.00046433	0.00098021	0.0	0.0	1.474e-05
Albemarle	0.044	47.45	100.45	0.0	0.0	0.0	4e-07	0.00043645	0.00092395	0.0	0.0	0.0
Orange	0.129	53.102	70.102	0.0	0.0	0.0	3.52e-06	0.00144913	0.00191306	0.0	0.0	0.0
Prince William	2.261	1068.826	1604.826	0.0	0.0	1.0	4.83e-06	0.00228376	0.00342903	0.0	0.0	2.14e-06
Virginia Beach	0.0	54.1	310.1	0.0	0.0	1.0	0.0	0.00012017	0.00068882	0.0	0.0	2.22e-06
King William	0.0	0.0	2.0	0.0	0.0	0.0	0.0	0.0	0.00011807	0.0	0.0	0.0
Nelson	0.189	47.228	52.228	0.0	0.0	0.0	1.274e-05	0.00318334	0.00352036	0.0	0.0	0.0
