Name	Predicted_New_Cases	Total_Predicted_New_Cases	Total_Predicted_Cases	Predicted_New_Deaths	Total_Predicted_New_Deaths	Total_Predicted_Deaths	Predicted_New_per_capita	Predicted_Total_New_per_capita	Predicted_Total_Cases_per_capita	Predicted_New_Deaths_per_capita	Total_Predicted_New_Deaths_per_capita	Total_Predicted_Deaths_per_capita
Choctaw	0.0	6.178	193.178	0.0	1.233	13.233	0.0	0.00048112	0.01504384	0.0	9.602e-05	0.00103053
Limestone	0.0	31.309	349.309	0.0	1.233	1.233	0.0	0.00032555	0.00363205	0.0	1.282e-05	1.282e-05
Pike	0.0	16.428	394.428	0.0	1.552	5.552	0.0	0.00049277	0.01183118	0.0	4.655e-05	0.00016654
Cherokee	0.0	6.135	68.135	0.003	2.265	9.265	0.0	0.00023567	0.00261736	1.2e-07	8.701e-05	0.00035591
Montgomery	9.556	772.219	4239.219	2.524	75.346	163.346	4.233e-05	0.00342049	0.0187773	1.118e-05	0.00033374	0.00072353
Tuscaloosa	0.0	296.796	2035.796	0.031	12.423	47.423	0.0	0.00142068	0.0097448	1.5e-07	5.947e-05	0.000227
Russell	4.556	204.123	611.123	0.031	12.423	12.423	7.885e-05	0.0035327	0.01057654	5.4e-07	0.000215	0.000215
Bullock	0.0	9.68	356.68	0.0	0.614	10.614	0.0	0.00095482	0.03518248	0.0	6.056e-05	0.00104695
Lee	9.946	445.614	1446.614	0.019	0.624	36.624	6.067e-05	0.00271814	0.00882399	1.2e-07	3.81e-06	0.0002234
Washington	0.38	17.026	111.026	0.0	0.0	6.0	2.32e-05	0.00103957	0.00677897	0.0	0.0	0.00036635
Etowah	6.816	276.267	761.267	0.0	0.0	13.0	6.65e-05	0.00269526	0.00742692	0.0	0.0	0.00012683
Wilcox	0.0	24.901	285.901	0.0	0.0	8.0	0.0	0.00234318	0.02690327	0.0	0.0	0.0007528
Sumter	0.0	5.927	276.927	0.002	1.595	13.595	0.0	0.00046702	0.02182074	1.6e-07	0.00012568	0.00107123
Baldwin	4.811	189.294	651.294	0.0	0.0	9.0	2.207e-05	0.00086823	0.00298729	0.0	0.0	4.128e-05
Macon	0.687	41.967	194.967	0.017	0.844	7.844	3.726e-05	0.00227599	0.01057362	9.2e-07	4.577e-05	0.0004254
Coosa	0.378	15.748	69.748	0.0	0.0	1.0	3.528e-05	0.00146972	0.00650938	0.0	0.0	9.333e-05
Fayette	0.0	9.181	71.181	0.0	0.0	1.0	0.0	0.00055869	0.00433159	0.0	0.0	6.085e-05
Jefferson	33.074	1413.685	4745.685	0.507	22.725	152.725	5.017e-05	0.00214422	0.00719807	7.7e-07	3.447e-05	0.00023165
Bibb	0.015	25.442	171.442	0.0	0.0	1.0	6.7e-07	0.0011358	0.00765366	0.0	0.0	4.464e-05
Barbour	1.997	96.762	399.762	0.0	0.0	1.0	8.026e-05	0.00388899	0.01606696	0.0	0.0	4.019e-05
Covington	0.0	52.484	322.484	2.279	25.502	28.502	0.0	0.00141902	0.00871908	6.162e-05	0.0006895	0.00077062
Monroe	0.0	15.567	189.567	0.0	0.0	2.0	0.0	0.00073893	0.00899829	0.0	0.0	9.494e-05
Lamar	0.0	5.729	67.729	0.0	0.0	0.0	0.0	0.00041383	0.0048923	0.0	0.0	0.0
Lawrence	0.76	32.495	116.495	0.0	0.0	0.0	2.306e-05	0.00098598	0.00353476	0.0	0.0	0.0
Marion	1.763	78.993	261.993	0.0	0.0	12.0	5.923e-05	0.00265407	0.00880264	0.0	0.0	0.00040319
Dale	0.752	50.597	266.597	0.0	0.0	0.0	1.536e-05	0.00103352	0.00544565	0.0	0.0	0.0
Elmore	8.122	363.898	1093.898	0.31	10.125	22.125	9.919e-05	0.0044439	0.01335863	3.79e-06	0.00012365	0.00027019
Autauga	5.249	229.802	702.802	0.412	12.851	22.851	9.44e-05	0.00413306	0.0126401	7.41e-06	0.00023113	0.00041098
Talladega	1.472	65.968	265.968	0.086	2.802	8.802	1.844e-05	0.00082638	0.00333176	1.08e-06	3.51e-05	0.00011026
Houston	0.0	33.122	406.122	0.001	1.622	5.622	0.0	0.00031629	0.0038781	1e-08	1.549e-05	5.368e-05
Colbert	0.057	57.964	380.964	0.0	0.0	5.0	1.04e-06	0.00105847	0.00695672	0.0	0.0	9.13e-05
Henry	0.701	31.411	159.411	0.181	5.919	9.919	4.073e-05	0.00182527	0.00926323	1.052e-05	0.00034395	0.00057638
Madison	7.742	404.543	1222.543	0.036	1.537	6.537	2.112e-05	0.00110374	0.00333555	1e-07	4.19e-06	1.784e-05
Conecuh	2.214	109.173	262.173	0.015	0.679	3.679	0.00018034	0.00889248	0.02135481	1.22e-06	5.531e-05	0.00029967
Geneva	0.277	12.429	67.429	0.015	0.679	0.679	1.053e-05	0.00047233	0.00256248	5.7e-07	2.58e-05	2.58e-05
Tallapoosa	2.66	119.173	653.173	0.15	6.724	75.724	6.568e-05	0.00294276	0.01612892	3.7e-06	0.00016604	0.00186987
Cullman	0.0	28.064	376.064	2.071	23.185	26.185	0.0	0.00033633	0.00450689	2.482e-05	0.00027786	0.00031381
Calhoun	0.239	19.305	244.305	0.025	1.675	6.675	2.09e-06	0.00016893	0.00213783	2.2e-07	1.466e-05	5.841e-05
Clarke	1.52	73.633	316.633	0.129	4.912	9.912	6.355e-05	0.0030783	0.01323717	5.39e-06	0.00020535	0.00041438
Marshall	12.661	567.252	1832.252	0.0	0.0	9.0	0.00013174	0.00590217	0.01906431	0.0	0.0	9.364e-05
Unassigned	2.633	117.979	570.979	0.788	25.699	41.699	N/A	N/A	N/A	N/A	N/A	N/A
Randolph	0.093	5.631	155.631	0.016	0.784	9.784	4.09e-06	0.00024779	0.00684845	7e-07	3.45e-05	0.00043054
Dallas	7.749	375.406	1086.406	0.012	0.447	7.447	0.00020227	0.00979916	0.02835829	3.1e-07	1.167e-05	0.00019439
Clay	9.218	103.165	138.165	0.0	0.0	2.0	0.00069439	0.00777137	0.01040791	0.0	0.0	0.00015066
Mobile	23.513	953.012	4172.012	0.348	12.824	146.824	5.683e-05	0.00230331	0.01008324	8.4e-07	3.099e-05	0.00035486
De Kalb	6.082	266.292	750.292	0.0	0.0	5.0	8.52e-05	0.00373036	0.0105105	0.0	0.0	7.004e-05
Shelby	8.316	372.577	1249.577	0.358	11.679	34.679	3.855e-05	0.00172724	0.00579294	1.66e-06	5.414e-05	0.00016077
Chilton	2.298	93.133	271.133	0.0	0.0	2.0	5.205e-05	0.00210932	0.00614076	0.0	0.0	4.53e-05
Crenshaw	0.011	6.447	125.447	0.0	0.0	3.0	8e-07	0.00046636	0.00907458	0.0	0.0	0.00021701
Franklin	0.0	28.372	840.372	0.0	0.0	11.0	0.0	0.00090463	0.02679501	0.0	0.0	0.00035073
Coffee	0.0	20.095	346.095	0.0	0.0	1.0	0.0	0.00038712	0.00666734	0.0	0.0	1.926e-05
Butler	0.0	20.132	606.132	0.0	1.62	28.62	0.0	0.00102297	0.03079939	0.0	8.232e-05	0.00145427
Blount	2.329	104.36	277.36	0.0	0.0	1.0	4.027e-05	0.00180429	0.0047953	0.0	0.0	1.729e-05
Greene	1.239	63.39	223.39	0.022	0.936	6.936	0.00015049	0.0076995	0.02713349	2.67e-06	0.00011369	0.00084246
Escambia	5.48	201.672	391.672	1.081	25.544	31.544	0.00014912	0.00548797	0.01065832	2.942e-05	0.00069511	0.00085839
Lauderdale	1.549	102.577	434.577	0.019	1.155	5.155	1.677e-05	0.0011103	0.00470388	2.1e-07	1.25e-05	5.58e-05
Perry	0.0	8.471	110.471	0.019	1.155	1.155	0.0	0.00092681	0.01208654	2.08e-06	0.00012637	0.00012637
Chambers	1.605	105.744	640.744	0.04	2.45	29.45	4.775e-05	0.00314574	0.01906125	1.19e-06	7.288e-05	0.0008761
Morgan	0.0	119.754	978.754	0.0	0.0	2.0	0.0	0.00100558	0.00821868	0.0	0.0	1.679e-05
Cleburne	0.0	0.186	23.186	0.0	0.0	1.0	0.0	1.241e-05	0.00154707	0.0	0.0	6.672e-05
Lowndes	0.0	13.84	444.84	0.0	0.32	17.32	0.0	0.00138761	0.04459996	0.0	3.208e-05	0.00173651
Hale	1.757	78.734	345.734	0.568	18.536	37.536	0.00011931	0.0053466	0.02347779	3.857e-05	0.00125873	0.00254896
Winston	3.091	138.493	346.493	0.0	0.0	2.0	0.00013064	0.00585347	0.01464467	0.0	0.0	8.453e-05
Walker	3.775	232.966	983.966	0.132	7.048	19.048	5.925e-05	0.00365661	0.01544421	2.07e-06	0.00011062	0.00029898
Marengo	0.513	41.45	296.45	0.062	4.069	15.069	2.691e-05	0.00217403	0.01554862	3.25e-06	0.00021342	0.00079036
Pickens	9.587	238.864	416.864	0.0	0.0	6.0	0.00048084	0.01198034	0.02090801	0.0	0.0	0.00030093
Saint Clair	2.27	97.032	325.032	0.0	0.0	2.0	2.559e-05	0.00109406	0.00366481	0.0	0.0	2.255e-05
Jackson	1.835	82.227	260.227	0.002	0.084	2.084	3.547e-05	0.00158936	0.0050299	4e-08	1.62e-06	4.028e-05
