Name	Predicted_New_Cases	Total_Predicted_New_Cases	Total_Predicted_Cases	Predicted_New_Deaths	Total_Predicted_New_Deaths	Total_Predicted_Deaths	Predicted_New_per_capita	Predicted_Total_New_per_capita	Predicted_Total_Cases_per_capita	Predicted_New_Deaths_per_capita	Total_Predicted_New_Deaths_per_capita	Total_Predicted_Deaths_per_capita
Choctaw	0.0	8.562	35.433	8.697	26.504	108.077	0.0	0.00066677	0.00275936	0.00067728	0.00206401	0.00841656
Limestone	5.745	36.978	94.072	0.0	0.0	173.323	5.974e-05	0.00038449	0.00097814	0.0	0.0	0.00180218
Pike	0.0	18.891	74.884	17.064	52.002	221.982	0.0	0.00056665	0.00224621	0.00051185	0.00155984	0.00665853
Cherokee	0.641	5.575	15.799	0.584	2.77	33.808	2.462e-05	0.00021416	0.00060691	2.243e-05	0.00010641	0.00129871
Montgomery	53.567	316.516	852.313	143.334	436.808	2063.352	0.00023727	0.00140198	0.00377526	0.00063489	0.00193481	0.00913946
Tuscaloosa	0.0	140.031	422.925	63.279	196.91	1055.704	0.0	0.00067029	0.00202443	0.0003029	0.00094255	0.00505337
Russell	4.023	34.969	101.8	0.0	0.0	202.882	6.962e-05	0.0006052	0.00176182	0.0	0.0	0.00351122
Bullock	0.0	17.311	68.177	14.706	44.816	199.234	0.0	0.00170754	0.0067249	0.00145058	0.0044206	0.0196522
Lee	10.16	88.317	253.831	23.913	82.785	585.245	6.197e-05	0.00053871	0.00154831	0.00014586	0.00050497	0.00356985
Washington	0.0	4.632	18.601	0.548	5.022	47.428	0.0	0.00028282	0.00113573	3.346e-05	0.00030663	0.00289584
Etowah	8.702	56.009	142.807	6.929	28.286	291.782	8.49e-05	0.00054642	0.00139323	6.76e-05	0.00027596	0.00284663
Wilcox	3.842	22.702	62.018	10.983	33.47	152.824	0.00036153	0.00213626	0.00583589	0.0010335	0.00314952	0.01438073
Sumter	0.0	12.436	51.207	12.779	38.943	156.642	0.0	0.00097991	0.00403491	0.00100693	0.00306855	0.01234276
Baldwin	10.908	66.838	160.907	6.634	27.083	312.654	5.003e-05	0.00030657	0.00073803	3.043e-05	0.00012422	0.00143405
Macon	2.349	13.882	37.564	6.089	18.556	90.448	0.00012739	0.00075286	0.0020372	0.00033022	0.00100635	0.00490526
Coosa	0.0	2.584	10.332	0.322	2.95	26.471	0.0	0.00024116	0.00096426	3.005e-05	0.00027531	0.00247046
Fayette	0.925	5.468	14.86	0.778	4.406	32.918	5.629e-05	0.00033275	0.00090428	4.734e-05	0.00026812	0.00200316
Jefferson	59.65	383.921	987.101	76.633	270.776	2101.878	9.047e-05	0.00058232	0.0014972	0.00011623	0.0004107	0.00318804
Bibb	1.463	12.717	36.504	2.612	10.663	82.874	6.531e-05	0.00056772	0.00162964	0.00011661	0.00047603	0.00369973
Barbour	4.536	26.802	72.165	9.468	32.31	170.021	0.00018231	0.00107721	0.00290041	0.00038053	0.00129858	0.00683337
Covington	15.045	70.934	128.173	3.439	14.04	171.559	0.00040678	0.00191786	0.00346545	9.298e-05	0.0003796	0.00463848
Monroe	9.254	43.886	80.057	4.394	15.398	115.404	0.00043927	0.00208316	0.00380011	0.00020857	0.00073091	0.00547795
Lamar	0.0	4.95	14.969	0.972	8.449	38.865	0.0	0.00035756	0.00108126	7.021e-05	0.0006103	0.00280735
Lawrence	0.0	7.052	21.122	0.0	0.0	42.713	0.0	0.00021398	0.0006409	0.0	0.0	0.00129602
Marion	2.845	16.81	45.139	6.677	20.349	106.348	9.559e-05	0.0005648	0.00151661	0.00022434	0.0006837	0.00357316
Dale	3.475	20.534	54.791	0.0	0.0	103.995	7.098e-05	0.00041944	0.00111919	0.0	0.0	0.00212425
Elmore	83.922	342.59	516.863	8.601	35.112	465.898	0.00102485	0.00418369	0.00631191	0.00010503	0.00042879	0.00568952
Autauga	0.0	36.54	112.403	18.455	56.242	286.542	0.0	0.00065718	0.0020216	0.00033192	0.00101153	0.00515354
Talladega	3.618	23.289	60.013	3.916	15.437	126.922	4.532e-05	0.00029174	0.00075178	4.906e-05	0.00019338	0.00158994
Houston	6.399	37.809	98.61	8.599	32.703	217.279	6.11e-05	0.00036104	0.00094164	8.211e-05	0.00031228	0.00207482
Colbert	5.37	31.728	83.274	10.601	34.484	190.964	9.806e-05	0.00057938	0.00152065	0.00019358	0.00062971	0.00348716
Henry	0.0	6.176	24.428	5.289	16.118	71.528	0.0	0.00035888	0.00141949	0.00030734	0.0009366	0.00415643
Madison	14.626	94.138	240.239	13.405	54.721	498.247	3.991e-05	0.00025684	0.00065546	3.657e-05	0.0001493	0.0013594
Conecuh	0.0	12.266	37.498	5.564	16.956	93.553	0.0	0.0009991	0.00305433	0.00045321	0.00138112	0.00762018
Geneva	0.567	4.931	14.06	0.0	0.0	27.713	2.155e-05	0.00018739	0.00053432	0.0	0.0	0.00105317
Tallapoosa	0.0	26.42	105.424	10.161	41.481	281.318	0.0	0.00065239	0.00260325	0.00025091	0.0010243	0.00694664
Cullman	0.0	28.256	84.464	6.149	25.104	195.738	0.0	0.00033863	0.00101225	7.369e-05	0.00030086	0.0023458
Calhoun	2.317	20.139	57.85	6.058	20.973	135.454	2.028e-05	0.00017623	0.00050623	5.301e-05	0.00018353	0.00118531
Clarke	3.819	22.565	59.841	7.118	23.945	137.106	0.00015966	0.00094335	0.00250171	0.00029758	0.00100105	0.00573186
Marshall	13.41	116.566	330.09	21.398	87.35	735.555	0.00013953	0.00121285	0.00343454	0.00022264	0.00090886	0.00765334
Unassigned	7.332	43.321	114.767	16.243	49.5	266.392	N/A	N/A	N/A	N/A	N/A	N/A
Randolph	0.0	11.481	35.204	5.499	16.759	88.777	0.0	0.00050521	0.00154913	0.00024198	0.00073747	0.00390658
Dallas	0.0	55.822	170.061	20.064	69.459	416.26	0.0	0.00145711	0.00443908	0.00052373	0.00181308	0.01086557
Clay	0.659	4.97	12.463	0.59	2.783	25.53	4.964e-05	0.00037439	0.00093883	4.444e-05	0.00020964	0.00192316
Mobile	0.0	248.902	765.113	122.255	372.57	1939.658	0.0	0.00060157	0.00184918	0.00029548	0.00090046	0.00468792
De Kalb	8.236	53.008	136.029	7.902	32.259	284.291	0.00011537	0.00074256	0.00190557	0.0001107	0.0004519	0.0039825
Shelby	9.323	81.043	230.972	17.549	68.066	523.213	4.322e-05	0.00037571	0.00107077	8.136e-05	0.00031555	0.00242557
Chilton	0.0	14.484	43.903	4.601	16.519	105.828	0.0	0.00032804	0.00099434	0.00010421	0.00037413	0.00239685
Crenshaw	0.0	5.698	22.954	5.392	16.434	68.82	0.0	0.00041218	0.00166045	0.00039005	0.0011888	0.0049783
Franklin	0.0	39.987	159.194	37.103	113.07	474.953	0.0	0.00127497	0.00507585	0.00118302	0.0036052	0.01514374
Coffee	4.834	28.561	78.071	14.858	45.279	195.58	9.312e-05	0.00055021	0.001504	0.00028623	0.00087228	0.00376775
Butler	0.0	27.623	112.669	26.575	80.987	339.165	0.0	0.00140361	0.00572505	0.00135036	0.00411519	0.01723399
Blount	2.857	18.39	47.729	3.122	12.744	101.81	4.939e-05	0.00031795	0.00082519	5.398e-05	0.00022033	0.0017602
Greene	0.0	7.671	30.948	7.041	21.457	92.121	0.0	0.00093174	0.00375902	0.00085522	0.00260622	0.01118924
Escambia	4.077	24.979	61.459	2.308	9.421	120.166	0.00011094	0.00067974	0.00167244	6.281e-05	0.00025637	0.00327
Lauderdale	6.056	38.978	98.972	6.039	24.654	206.78	6.555e-05	0.0004219	0.00107128	6.537e-05	0.00026686	0.00223819
Perry	2.316	14.191	33.871	0.0	0.0	59.743	0.00025339	0.00155263	0.0037058	0.0	0.0	0.00653643
Chambers	7.93	46.856	128.187	22.165	67.546	314.446	0.00023591	0.0013939	0.00381339	0.00065938	0.0020094	0.00935434
Morgan	47.232	222.691	402.505	13.766	56.196	551.037	0.00039661	0.00186995	0.00337987	0.00011559	0.00047188	0.0046271
Cleburne	0.248	2.152	6.235	0.34	1.613	14.008	1.655e-05	0.00014359	0.00041603	2.269e-05	0.00010763	0.00093468
Lowndes	0.0	21.455	85.856	18.829	57.381	252.887	0.0	0.00215109	0.00860798	0.00188781	0.00575306	0.02535462
Hale	3.959	23.394	64.066	5.796	23.661	147.131	0.00026884	0.00158862	0.00435054	0.00039359	0.00160675	0.00999124
Winston	11.282	53.192	96.082	2.993	12.219	130.25	0.00047684	0.00224818	0.00406095	0.0001265	0.00051644	0.00550507
Walker	0.0	58.205	178.809	29.042	88.506	454.63	0.0	0.00091358	0.00280656	0.00045584	0.00138918	0.00713582
Marengo	4.053	23.948	63.544	9.976	30.401	150.605	0.00021258	0.00125606	0.00333284	0.00052324	0.00159451	0.00789914
Pickens	0.0	14.276	43.501	6.8	20.723	109.443	0.0	0.00071602	0.00218181	0.00034106	0.00103937	0.00548917
Saint Clair	4.158	26.765	68.436	4.176	17.046	143.548	4.688e-05	0.00030178	0.00077163	4.709e-05	0.0001922	0.00161854
Jackson	3.539	21.684	53.291	2.967	12.113	108.063	6.84e-05	0.00041913	0.00103006	5.735e-05	0.00023413	0.00208874
