Name	Predicted_New_Cases	Total_Predicted_New_Cases	Total_Predicted_Cases	Predicted_New_Deaths	Total_Predicted_New_Deaths	Total_Predicted_Deaths	Predicted_New_per_capita	Predicted_Total_New_per_capita	Predicted_Total_Cases_per_capita	Predicted_New_Deaths_per_capita	Total_Predicted_New_Deaths_per_capita	Total_Predicted_Deaths_per_capita
Choctaw	0.767	11.436	25.436	7.38	107.354	107.354	5.973e-05	0.00089058	0.00198084	0.00057472	0.00836025	0.00836025
Limestone	0.089	4.033	44.033	7.38	107.354	107.354	9.3e-07	4.193e-05	0.00045785	7.674e-05	0.00111625	0.00111625
Pike	1.357	19.322	56.322	7.38	107.354	107.354	4.07e-05	0.00057958	0.00168942	0.00022137	0.00322017	0.00322017
Cherokee	1.568	13.687	25.687	7.38	107.354	107.354	6.023e-05	0.00052578	0.00098675	0.0002835	0.00412392	0.00412392
Montgomery	28.455	306.592	532.592	0.0	0.0	3.0	0.00012604	0.00135803	0.00235908	0.0	0.0	1.329e-05
Tuscaloosa	3.913	68.42	213.42	0.0	0.0	0.0	1.873e-05	0.00032751	0.00102158	0.0	0.0	0.0
Russell	1.848	28.024	71.024	0.0	0.0	0.0	3.198e-05	0.000485	0.00122919	0.0	0.0	0.0
Bullock	0.829	11.11	20.11	0.0	0.0	0.0	8.177e-05	0.00109588	0.00198363	0.0	0.0	0.0
Lee	6.742	132.051	440.051	0.489	9.077	23.077	4.112e-05	0.00080548	0.0026842	2.98e-06	5.537e-05	0.00014076
Washington	0.009	1.515	17.515	0.0	0.0	1.0	5.5e-07	9.25e-05	0.00106942	0.0	0.0	6.106e-05
Etowah	1.309	34.189	132.189	0.03	0.603	7.603	1.277e-05	0.00033355	0.00128964	2.9e-07	5.88e-06	7.417e-05
Wilcox	2.283	34.63	81.63	0.03	0.603	0.603	0.00021483	0.00325868	0.00768138	2.82e-06	5.674e-05	5.674e-05
Sumter	1.786	27.094	63.094	0.03	0.603	0.603	0.00014073	0.0021349	0.00497155	2.36e-06	4.751e-05	4.751e-05
Baldwin	5.32	78.568	190.568	1.18	7.033	9.033	2.44e-05	0.00036037	0.00087408	5.41e-06	3.226e-05	4.143e-05
Macon	1.671	24.311	49.311	0.0	0.0	2.0	9.062e-05	0.00131846	0.00267428	0.0	0.0	0.00010847
Coosa	1.147	17.393	39.393	0.0	0.0	1.0	0.00010705	0.00162324	0.00367643	0.0	0.0	9.333e-05
Fayette	0.0	0.0	4.0	0.0	0.0	0.0	0.0	0.0	0.00024341	0.0	0.0	0.0
Jefferson	4.305	137.328	819.328	0.538	11.219	36.219	6.53e-06	0.00020829	0.00124272	8.2e-07	1.702e-05	5.494e-05
Bibb	1.225	18.58	46.58	0.538	11.219	11.219	5.469e-05	0.00082946	0.00207946	2.402e-05	0.00050085	0.00050085
Barbour	1.021	15.484	35.484	0.538	11.219	11.219	4.104e-05	0.00062232	0.00142615	2.162e-05	0.00045091	0.00045091
Covington	1.003	15.085	37.085	0.0	0.0	1.0	2.712e-05	0.00040786	0.00100268	0.0	0.0	2.704e-05
Monroe	0.174	2.634	11.634	0.0	0.0	1.0	8.26e-06	0.00012503	0.00055224	0.0	0.0	4.747e-05
Lamar	0.0	0.402	8.402	0.0	0.0	0.0	0.0	2.904e-05	0.00060691	0.0	0.0	0.0
Lawrence	0.014	0.207	9.207	0.0	0.0	0.0	4.2e-07	6.28e-06	0.00027936	0.0	0.0	0.0
Marion	3.056	46.345	107.345	0.306	3.634	8.634	0.00010268	0.00155713	0.00360666	1.028e-05	0.0001221	0.00029009
Dale	0.817	12.387	32.387	0.306	3.634	3.634	1.669e-05	0.00025302	0.00066155	6.25e-06	7.423e-05	7.423e-05
Elmore	6.777	73.013	136.013	0.0	0.0	1.0	8.276e-05	0.00089163	0.00166098	0.0	0.0	1.221e-05
Autauga	1.082	16.413	42.413	0.0	0.0	2.0	1.946e-05	0.00029519	0.00076281	0.0	0.0	3.597e-05
Talladega	0.369	13.454	59.454	0.0	0.0	1.0	4.62e-06	0.00016854	0.00074478	0.0	0.0	1.253e-05
Houston	3.079	46.706	112.706	0.153	2.324	4.324	2.94e-05	0.000446	0.00107624	1.46e-06	2.219e-05	4.129e-05
Colbert	1.201	13.619	29.619	0.0	0.0	1.0	2.193e-05	0.00024869	0.00054087	0.0	0.0	1.826e-05
Henry	0.612	9.29	26.29	0.0	0.0	0.0	3.556e-05	0.00053983	0.00152769	0.0	0.0	0.0
Madison	0.076	13.8	212.8	0.025	0.915	4.915	2.1e-07	3.765e-05	0.0005806	7e-08	2.5e-06	1.341e-05
Conecuh	0.664	10.066	20.066	0.025	0.915	0.915	5.408e-05	0.00081991	0.00163444	2.04e-06	7.453e-05	7.453e-05
Geneva	0.0	0.0	4.0	0.025	0.915	0.915	0.0	0.0	0.00015201	9.5e-07	3.477e-05	3.477e-05
Tallapoosa	14.078	200.393	395.393	2.259	20.774	32.774	0.00034763	0.00494834	0.00976351	5.578e-05	0.00051298	0.00080929
Cullman	1.708	25.909	67.909	0.0	0.0	1.0	2.047e-05	0.0003105	0.00081385	0.0	0.0	1.198e-05
Calhoun	0.0	3.873	74.873	0.0	0.0	2.0	0.0	3.389e-05	0.00065519	0.0	0.0	1.75e-05
Clarke	0.02	3.629	27.629	0.0	0.0	0.0	8.4e-07	0.00015171	0.00115506	0.0	0.0	0.0
Marshall	4.75	83.056	232.056	0.0	0.0	4.0	4.942e-05	0.00086419	0.00241451	0.0	0.0	4.162e-05
Unassigned	2.194	33.985	38.985	0.0	0.0	0.0	N/A	N/A	N/A	N/A	N/A	N/A
Randolph	3.246	49.237	102.237	0.0	0.212	3.212	0.00014284	0.00216664	0.00449888	0.0	9.33e-06	0.00014134
Dallas	1.452	21.115	46.115	0.0	0.0	2.0	3.79e-05	0.00055116	0.00120373	0.0	0.0	5.221e-05
Clay	0.393	6.093	24.093	0.0	0.0	0.0	2.96e-05	0.00045898	0.00181492	0.0	0.0	0.0
Mobile	22.136	390.454	1051.454	1.091	17.123	45.123	5.35e-05	0.00094368	0.00254124	2.64e-06	4.138e-05	0.00010906
De Kalb	1.842	27.699	69.699	0.0	0.0	2.0	2.58e-05	0.00038802	0.00097638	0.0	0.0	2.802e-05
Shelby	7.996	121.282	389.282	0.408	4.848	11.848	3.707e-05	0.00056225	0.00180468	1.89e-06	2.247e-05	5.493e-05
Chilton	1.01	17.656	58.656	0.408	4.848	4.848	2.288e-05	0.00039988	0.00132847	9.24e-06	0.0001098	0.0001098
Crenshaw	2.569	15.313	21.313	0.408	4.848	4.848	0.00018584	0.00110771	0.00154174	2.951e-05	0.00035069	0.00035069
Franklin	5.661	40.546	57.546	0.0	0.0	1.0	0.0001805	0.0012928	0.00183484	0.0	0.0	3.188e-05
Coffee	2.96	44.901	103.901	0.0	0.0	0.0	5.702e-05	0.00086499	0.0020016	0.0	0.0	0.0
Butler	0.93	13.74	27.74	0.0	0.0	0.0	4.726e-05	0.00069817	0.00140955	0.0	0.0	0.0
Blount	2.147	21.982	42.982	0.0	0.0	0.0	3.712e-05	0.00038005	0.00074312	0.0	0.0	0.0
Greene	1.028	15.587	44.587	0.0	0.0	0.0	0.00012486	0.00189323	0.00541564	0.0	0.0	0.0
Escambia	0.667	10.115	24.115	0.0	0.0	0.0	1.815e-05	0.00027525	0.00065623	0.0	0.0	0.0
Lauderdale	0.011	1.973	24.973	0.054	1.565	5.565	1.2e-07	2.136e-05	0.00027031	5.8e-07	1.694e-05	6.024e-05
Perry	0.0	0.0	9.0	0.054	1.565	1.565	0.0	0.0	0.00098468	5.91e-06	0.00017123	0.00017123
Chambers	6.876	122.187	367.187	0.27	4.292	17.292	0.00020455	0.0036349	0.01092331	8.03e-06	0.00012768	0.00051441
Morgan	0.611	12.352	59.352	0.27	4.292	4.292	5.13e-06	0.00010372	0.00049838	2.27e-06	3.604e-05	3.604e-05
Cleburne	0.0	0.169	12.169	0.27	4.292	4.292	0.0	1.128e-05	0.00081197	1.802e-05	0.00028638	0.00028638
Lowndes	1.397	20.634	48.634	0.27	4.292	4.292	0.00014006	0.00206878	0.00487608	2.707e-05	0.00043032	0.00043032
Hale	1.072	16.257	41.257	0.0	0.0	1.0	7.28e-05	0.00110397	0.00280164	0.0	0.0	6.791e-05
Winston	2.538	16.345	25.345	0.0	0.0	0.0	0.00010727	0.00069083	0.00107122	0.0	0.0	0.0
Walker	0.058	10.722	95.722	0.0	0.0	0.0	9.1e-07	0.00016829	0.00150244	0.0	0.0	0.0
Marengo	0.98	14.865	40.865	0.0	0.0	1.0	5.14e-05	0.00077966	0.00214334	0.0	0.0	5.245e-05
Pickens	1.371	20.248	58.248	0.0	0.0	0.0	6.876e-05	0.00101555	0.00292146	0.0	0.0	0.0
Saint Clair	1.599	24.257	78.257	0.0	0.0	0.0	1.803e-05	0.0002735	0.00088237	0.0	0.0	0.0
Jackson	1.401	20.691	58.691	0.016	0.587	2.587	2.708e-05	0.00039993	0.00113443	3.1e-07	1.135e-05	5e-05
