Name	Predicted_New_Cases	Total_Predicted_New_Cases	Total_Predicted_Cases	Predicted_New_Deaths	Total_Predicted_New_Deaths	Total_Predicted_Deaths	Predicted_New_per_capita	Predicted_Total_New_per_capita	Predicted_Total_Cases_per_capita	Predicted_New_Deaths_per_capita	Total_Predicted_New_Deaths_per_capita	Total_Predicted_Deaths_per_capita
San Miguel	0.0	7.536	49.536	0.105	145.339	145.339	0.0	0.00027313	0.00179537	3.81e-06	0.00526762	0.00526762
Torrance	0.018	25.179	85.179	0.0	0.0	1.0	1.15e-06	0.00161497	0.00546334	0.0	0.0	6.414e-05
Los Alamos	0.837	202.687	222.687	0.0	0.0	0.0	4.382e-05	0.01061133	0.01165839	0.0	0.0	0.0
Sandoval	0.227	314.954	1418.954	0.004	2.337	35.337	1.56e-06	0.00216942	0.00977382	3e-08	1.61e-05	0.0002434
Valencia	0.07	188.585	569.585	0.012	8.967	12.967	9.2e-07	0.00246658	0.00744984	1.6e-07	0.00011728	0.0001696
Santa Fe	0.319	353.413	955.413	0.0	0.0	3.0	2.13e-06	0.00235521	0.00636704	0.0	0.0	1.999e-05
Curry	0.258	358.674	851.674	0.0	0.067	2.067	5.22e-06	0.00725517	0.01722746	0.0	1.36e-06	4.181e-05
Catron	0.0	0.0	4.0	0.0	0.0	1.0	0.0	0.0	0.00111794	0.0	0.0	0.00027949
Luna	0.105	145.227	383.227	0.0	0.0	3.0	4.38e-06	0.00606047	0.01599245	0.0	0.0	0.00012519
Cibola	0.653	353.859	698.859	0.0	0.0	17.0	2.441e-05	0.01323035	0.02612948	0.0	0.0	0.00063561
Debaca	0.0	0.0	1.0	0.0	0.0	0.0	0.0	0.0	0.00056148	0.0	0.0	0.0
Sierra	0.0	8.573	38.573	0.0	0.0	0.0	0.0	0.00078164	0.00351687	0.0	0.0	0.0
Socorro	0.003	12.384	85.384	0.005	4.235	10.235	1.8e-07	0.00074001	0.00510212	3e-07	0.00025306	0.00061159
Chaves	0.567	449.177	833.177	0.056	22.716	28.716	8.77e-06	0.00694364	0.01287973	8.7e-07	0.00035116	0.00044391
San Juan	0.241	334.514	3342.514	0.01	11.283	193.283	1.93e-06	0.00267519	0.02673092	8e-08	9.023e-05	0.00154573
Eddy	0.002	82.881	349.881	0.003	5.515	9.515	3e-08	0.00143145	0.00604285	5e-08	9.525e-05	0.00016434
Taos	0.033	46.088	145.088	0.0	0.0	1.0	1.01e-06	0.00140362	0.0044187	0.0	0.0	3.046e-05
Roosevelt	0.085	118.581	262.581	0.0	0.0	1.0	4.54e-06	0.00632668	0.01400955	0.0	0.0	5.335e-05
Hidalgo	0.005	6.86	94.86	0.0	0.0	0.0	1.18e-06	0.00161792	0.02237264	0.0	0.0	0.0
Unassigned	0.698	969.252	2237.252	0.272	157.646	161.646	N/A	N/A	N/A	N/A	N/A	N/A
Bernalillo	0.0	977.407	5924.407	0.031	42.937	166.937	0.0	0.00144011	0.00872904	5e-08	6.326e-05	0.00024597
Grant	0.0	10.534	78.534	0.0	0.0	2.0	0.0	0.00038521	0.00287186	0.0	0.0	7.314e-05
