Name	Predicted_New_Cases	Total_Predicted_New_Cases	Total_Predicted_Cases	Predicted_New_Deaths	Total_Predicted_New_Deaths	Total_Predicted_Deaths	Predicted_New_per_capita	Predicted_Total_New_per_capita	Predicted_Total_Cases_per_capita	Predicted_New_Deaths_per_capita	Total_Predicted_New_Deaths_per_capita	Total_Predicted_Deaths_per_capita
San Miguel	0.53	17.672	52.672	2.369	80.837	80.837	1.921e-05	0.0006405	0.00190903	8.586e-05	0.00292983	0.00292983
Torrance	0.153	5.46	57.46	0.0	0.0	1.0	9.81e-06	0.0003502	0.00368546	0.0	0.0	6.414e-05
Quay	0.57	20.33	48.33	0.0	0.0	1.0	6.907e-05	0.00246335	0.00585605	0.0	0.0	0.00012117
Los Alamos	0.109	4.893	20.893	0.0	0.0	0.0	5.71e-06	0.00025616	0.00109382	0.0	0.0	0.0
Sandoval	6.761	230.722	1202.722	0.249	6.11	38.11	4.657e-05	0.00158922	0.00828441	1.72e-06	4.209e-05	0.0002625
Valencia	5.536	188.924	473.924	0.0	0.0	2.0	7.241e-05	0.00247102	0.00619865	0.0	0.0	2.616e-05
Santa Fe	5.861	209.092	671.092	0.0	0.0	3.0	3.906e-05	0.00139343	0.00447228	0.0	0.0	1.999e-05
Curry	3.939	140.501	475.501	0.0	0.0	1.0	7.968e-05	0.00284202	0.00961832	0.0	0.0	2.023e-05
Lincoln	1.075	36.697	83.697	0.0	0.0	1.0	5.497e-05	0.00187651	0.00427986	0.0	0.0	5.114e-05
Dona Ana	13.431	579.558	2443.558	0.168	6.122	21.122	6.175e-05	0.00266436	0.01123361	7.7e-07	2.814e-05	9.71e-05
Catron	0.065	2.54	6.54	0.0	0.0	1.0	1.817e-05	0.00070989	0.00182784	0.0	0.0	0.00027949
Luna	2.272	75.714	250.714	0.0	0.0	3.0	9.481e-05	0.00315962	0.01046255	0.0	0.0	0.00012519
Rio Arriba	45.17	803.502	1064.502	0.0	0.0	1.0	0.00115803	0.02059945	0.02729072	0.0	0.0	2.564e-05
Cibola	1.269	42.277	325.277	0.475	11.176	28.176	4.745e-05	0.00158068	0.01216171	1.776e-05	0.00041786	0.00105347
Debaca	0.0	0.0	1.0	0.475	11.176	11.176	0.0	0.0	0.00056148	0.0002667	0.00627513	0.00627513
Sierra	0.485	15.318	37.318	0.475	11.176	11.176	4.422e-05	0.00139661	0.00340244	4.331e-05	0.00101896	0.00101896
Socorro	0.098	3.482	71.482	0.0	0.0	5.0	5.86e-06	0.00020807	0.00427141	0.0	0.0	0.00029878
Chaves	2.451	87.419	322.419	0.234	6.198	10.198	3.789e-05	0.00135137	0.00498414	3.62e-06	9.581e-05	0.00015765
San Juan	4.766	234.485	3124.485	0.0	2.991	178.991	3.811e-05	0.00187523	0.02498728	0.0	2.392e-05	0.00143144
Doña Ana	0.0	0.0	0.0	0.0	0.0	0.0	N/A	N/A	N/A	N/A	N/A	N/A
Eddy	3.341	114.024	321.024	2.482	23.146	25.146	5.77e-05	0.00196933	0.00554446	4.287e-05	0.00039976	0.0004343
Taos	1.036	36.945	117.945	0.0	0.0	1.0	3.155e-05	0.00112517	0.00359205	0.0	0.0	3.046e-05
Roosevelt	2.066	52.674	153.674	0.0	0.0	1.0	0.00011023	0.00281033	0.00819901	0.0	0.0	5.335e-05
Colfax	0.142	5.065	16.065	0.0	0.0	1.0	1.173e-05	0.00041825	0.00132659	0.0	0.0	8.258e-05
Hidalgo	0.012	7.289	91.289	0.0	0.0	0.0	2.83e-06	0.0017191	0.02153042	0.0	0.0	0.0
Unassigned	81.586	705.102	1669.102	0.0	9.507	13.507	N/A	N/A	N/A	N/A	N/A	N/A
Bernalillo	50.678	1807.849	5938.849	0.37	13.211	119.211	7.467e-05	0.00266369	0.00875032	5.5e-07	1.947e-05	0.00017565
Lea	11.109	339.794	804.794	0.499	17.799	19.799	0.00015959	0.00488133	0.0115613	7.17e-06	0.00025569	0.00028442
Otero	2.807	88.566	215.566	0.36	7.667	17.667	4.203e-05	0.00132622	0.00322795	5.39e-06	0.00011481	0.00026455
Union	0.003	3.721	20.721	0.36	7.667	7.667	7.3e-07	0.00090359	0.00503181	8.742e-05	0.00186183	0.00186183
Guadalupe	0.346	12.341	39.341	0.36	7.667	7.667	7.971e-05	0.00284289	0.00906266	8.293e-05	0.00176618	0.00176618
Harding	0.0	0.0	1.0	0.36	7.667	7.667	0.0	0.0	0.00152672	0.00054962	0.01170534	0.01170534
McKinley	5.286	238.218	4082.218	0.989	32.1	241.1	7.312e-05	0.00329531	0.05647002	1.368e-05	0.00044404	0.00333518
Mora	0.0	0.0	6.0	0.989	32.1	32.1	0.0	0.0	0.00133156	0.00021949	0.00712383	0.00712383
Grant	0.743	32.058	95.058	0.0	0.0	1.0	2.717e-05	0.00117231	0.00347612	0.0	0.0	3.657e-05
