Name	Predicted_New_Cases	Total_Predicted_New_Cases	Total_Predicted_Cases	Predicted_New_Deaths	Total_Predicted_New_Deaths	Total_Predicted_Deaths	Predicted_New_per_capita	Predicted_Total_New_per_capita	Predicted_Total_Cases_per_capita	Predicted_New_Deaths_per_capita	Total_Predicted_New_Deaths_per_capita	Total_Predicted_Deaths_per_capita
San Miguel	0.049	20.83	52.83	0.004	66.559	66.559	1.78e-06	0.00075496	0.00191475	1.4e-07	0.00241234	0.00241234
Torrance	0.023	9.007	60.007	0.0	0.0	1.0	1.48e-06	0.00057771	0.00384882	0.0	0.0	6.414e-05
Quay	0.065	30.56	52.56	0.0	0.0	1.0	7.88e-06	0.0037029	0.00636859	0.0	0.0	0.00012117
Los Alamos	0.021	9.779	23.779	0.0	0.0	0.0	1.1e-06	0.00051196	0.00124491	0.0	0.0	0.0
Sandoval	0.649	290.097	1209.097	0.024	6.833	37.833	4.47e-06	0.0019982	0.00832832	1.7e-07	4.707e-05	0.0002606
Valencia	0.56	221.051	473.051	0.0	0.0	2.0	7.32e-06	0.00289122	0.00618723	0.0	0.0	2.616e-05
Santa Fe	0.771	316.038	733.038	0.0	0.0	3.0	5.14e-06	0.00210613	0.0048851	0.0	0.0	1.999e-05
Curry	0.399	198.823	500.823	0.0	0.0	1.0	8.07e-06	0.00402174	0.01013053	0.0	0.0	2.023e-05
Lincoln	0.122	50.038	86.038	0.0	0.0	0.0	6.24e-06	0.0025587	0.00439957	0.0	0.0	0.0
Dona Ana	2.993	1226.281	2943.281	0.043	11.041	24.041	1.376e-05	0.0056375	0.01353096	2e-07	5.076e-05	0.00011052
Catron	0.014	5.641	9.641	0.0	0.0	1.0	3.91e-06	0.00157658	0.00269452	0.0	0.0	0.00027949
Luna	0.203	86.678	231.678	0.0	0.0	3.0	8.47e-06	0.00361716	0.00966816	0.0	0.0	0.00012519
Rio Arriba	0.253	119.009	318.009	0.0	0.0	1.0	6.49e-06	0.00305104	0.00815282	0.0	0.0	2.564e-05
Cibola	0.102	48.004	310.004	0.014	4.116	19.116	3.81e-06	0.00179481	0.01159067	5.2e-07	0.00015389	0.00071472
Debaca	0.0	0.0	1.0	0.014	4.116	4.116	0.0	0.0	0.00056148	7.86e-06	0.00231106	0.00231106
Sierra	3.953	385.796	405.796	0.014	4.116	4.116	0.00036041	0.03517469	0.03699818	1.28e-06	0.00037527	0.00037527
Socorro	0.023	10.888	75.888	0.0	0.0	5.0	1.37e-06	0.00065061	0.00453469	0.0	0.0	0.00029878
Chaves	0.009	98.513	295.513	0.005	3.867	7.867	1.4e-07	0.00152287	0.00456821	8e-08	5.978e-05	0.00012161
San Juan	0.787	478.588	3312.588	0.056	26.447	202.447	6.29e-06	0.00382739	0.02649159	4.5e-07	0.0002115	0.00161902
Eddy	0.306	144.007	325.007	0.053	25.001	27.001	5.28e-06	0.00248717	0.00561325	9.2e-07	0.0004318	0.00046634
Taos	7.521	890.942	959.942	0.0	0.0	1.0	0.00022905	0.02713391	0.02923533	0.0	0.0	3.046e-05
Roosevelt	0.055	25.778	114.778	0.0	0.0	1.0	2.93e-06	0.00137534	0.00612378	0.0	0.0	5.335e-05
Colfax	1.342	130.954	141.954	0.0	0.0	1.0	0.00011082	0.01081371	0.01172205	0.0	0.0	8.258e-05
Unassigned	0.048	22.557	977.557	0.509	154.339	158.339	N/A	N/A	N/A	N/A	N/A	N/A
Bernalillo	5.825	2487.375	6262.375	0.0	3.494	103.494	8.58e-06	0.00366491	0.009227	0.0	5.15e-06	0.00015249
Lea	0.005	171.92	549.92	0.0	3.494	3.494	7e-08	0.00246972	0.0078999	0.0	5.019e-05	5.019e-05
Otero	0.213	87.414	189.414	0.06	15.463	25.463	3.19e-06	0.00130897	0.00283635	9e-07	0.00023155	0.00038129
Union	7.399	722.044	736.044	0.06	15.463	15.463	0.00179675	0.17533851	0.17873822	1.457e-05	0.00375498	0.00375498
Guadalupe	2.611	254.84	278.84	0.06	15.463	15.463	0.00060147	0.05870537	0.06423405	1.382e-05	0.00356208	0.00356208
Harding	0.0	0.0	1.0	0.06	15.463	15.463	0.0	0.0	0.00152672	9.16e-05	0.02360763	0.02360763
McKinley	1.04	488.923	4242.923	0.0	21.262	220.262	1.439e-05	0.00676336	0.05869308	0.0	0.00029412	0.00304692
Mora	0.0	0.0	3.0	0.0	21.262	21.262	0.0	0.0	0.00066578	0.0	0.0047186	0.0047186
Grant	0.228	83.75	132.75	0.0	21.262	21.262	8.34e-06	0.00306261	0.00485446	0.0	0.00077752	0.00077752
