Name	Predicted_New_Cases	Total_Predicted_New_Cases	Total_Predicted_Cases	Predicted_New_Deaths	Total_Predicted_New_Deaths	Total_Predicted_Deaths	Predicted_New_per_capita	Predicted_Total_New_per_capita	Predicted_Total_Cases_per_capita	Predicted_New_Deaths_per_capita	Total_Predicted_New_Deaths_per_capita	Total_Predicted_Deaths_per_capita
Choctaw	0.026	4.967	17.967	0.0	0.0	1.0	3.14e-06	0.00060002	0.00217045	0.0	0.0	0.0001208
Jones	0.851	120.054	194.054	0.0	0.0	0.0	1.243e-05	0.00175361	0.00283452	0.0	0.0	0.0
Pike	1.998	242.453	357.453	0.0	0.0	2.0	5.05e-05	0.00612828	0.00903503	0.0	0.0	5.055e-05
Wayne	0.05	7.867	19.867	0.0	0.0	0.0	2.46e-06	0.00038758	0.00097877	0.0	0.0	0.0
Oktibbeha	0.091	18.748	61.748	0.0	0.0	2.0	1.83e-06	0.00037799	0.00124494	0.0	0.0	4.032e-05
Montgomery	0.0	0.808	15.808	0.0	0.0	1.0	0.0	8.061e-05	0.00157717	0.0	0.0	9.977e-05
Rankin	1.154	155.733	296.733	0.0	0.014	2.014	7.5e-06	0.0010119	0.00192806	0.0	9e-08	1.309e-05
Webster	0.0	2.016	17.016	0.0	0.0	1.0	0.0	0.00020597	0.00173846	0.0	0.0	0.00010217
Jefferson Davis	0.0	0.0	10.0	0.0	0.0	1.0	0.0	0.0	0.00089015	0.0	0.0	8.902e-05
Attala	12.534	590.661	634.661	0.0	0.0	0.0	0.00068249	0.03216232	0.03455818	0.0	0.0	0.0
George	0.027	6.246	16.246	0.0	0.0	1.0	1.11e-06	0.00025757	0.00066994	0.0	0.0	4.124e-05
Lincoln	4.961	467.239	574.239	0.0	0.0	6.0	0.00014504	0.01365996	0.01678816	0.0	0.0	0.00017541
Kemper	0.066	10.285	31.285	0.0	0.0	0.0	6.58e-06	0.00102573	0.00312008	0.0	0.0	0.0
Quitman	0.0	1.101	14.101	0.0	0.0	0.0	0.0	0.00015615	0.00199986	0.0	0.0	0.0
Hinds	1.723	289.742	636.742	0.0	0.0	5.0	7.27e-06	0.0012221	0.00268571	0.0	0.0	2.109e-05
Lee	0.204	32.016	95.016	0.091	9.451	13.451	2.39e-06	0.00037577	0.00111519	1.07e-06	0.00011092	0.00015787
Washington	0.458	70.556	141.556	0.0	0.0	3.0	1.016e-05	0.00156572	0.00314129	0.0	0.0	6.657e-05
Alcorn	0.0	0.124	7.124	0.0	0.0	0.0	0.0	3.36e-06	0.00019293	0.0	0.0	0.0
Leake	5.021	404.931	490.931	0.0	0.0	1.0	0.00022058	0.017789	0.02156706	0.0	0.0	4.393e-05
Desoto	1.657	233.652	471.652	0.035	5.457	8.457	9.1e-06	0.0012838	0.00259148	1.9e-07	2.998e-05	4.647e-05
Yalobusha	0.0	4.369	20.369	0.035	5.457	5.457	0.0	0.00035257	0.00164372	2.82e-06	0.00044036	0.00044036
Tallahatchie	11.046	403.156	411.156	0.0	0.0	1.0	0.00078973	0.02882362	0.02939558	0.0	0.0	7.149e-05
Jefferson	0.0	0.014	6.014	0.0	0.0	0.0	0.0	1.97e-06	0.00084633	0.0	0.0	0.0
Newton	9.349	440.587	470.587	0.0	0.0	0.0	0.00043599	0.02054689	0.02194595	0.0	0.0	0.0
Smith	0.432	67.808	114.808	0.15	23.616	25.616	2.7e-05	0.00423747	0.0071746	9.37e-06	0.00147582	0.0016008
Covington	0.476	60.99	93.99	0.15	23.616	23.616	2.525e-05	0.00323503	0.00498541	7.96e-06	0.00125264	0.00125264
Panola	0.16	25.192	61.192	0.0	0.0	2.0	4.68e-06	0.00073708	0.00179039	0.0	0.0	5.852e-05
Monroe	1.257	152.559	227.559	0.795	57.341	62.341	3.534e-05	0.0042897	0.00639858	2.235e-05	0.00161233	0.00175292
Lamar	0.877	123.659	194.659	0.15	23.616	25.616	1.404e-05	0.00198022	0.00311719	2.4e-06	0.00037818	0.0004102
Lawrence	12.7	463.498	480.498	0.15	23.616	23.616	0.00101967	0.03721381	0.03857872	1.204e-05	0.00189611	0.00189611
Marion	1.87	176.143	223.143	0.0	0.0	1.0	7.566e-05	0.00712697	0.00902865	0.0	0.0	4.046e-05
Benton	1.052	38.398	46.398	0.0	0.0	0.0	0.00012719	0.00464249	0.00560972	0.0	0.0	0.0
Simpson	19.012	693.876	721.876	0.0	0.0	0.0	0.00071052	0.02593153	0.02697795	0.0	0.0	0.0
Madison	0.594	93.317	233.317	0.0	0.0	4.0	5.62e-06	0.00088343	0.00220881	0.0	0.0	3.787e-05
Wilkinson	0.164	35.535	96.535	0.008	1.332	6.332	1.865e-05	0.00404174	0.01097987	9.1e-07	0.0001515	0.0007202
Bolivar	0.133	34.313	119.313	0.021	3.985	9.985	4.24e-06	0.00109511	0.0038079	6.7e-07	0.00012718	0.00031867
Scott	4.815	453.412	601.412	0.021	3.985	3.985	0.00017022	0.01602899	0.02126107	7.4e-07	0.00014088	0.00014088
Pearl River	0.846	132.887	264.887	0.182	18.914	28.914	1.527e-05	0.00239925	0.00478248	3.29e-06	0.00034149	0.00052204
Calhoun	0.534	75.359	117.359	0.0	0.0	2.0	3.699e-05	0.00522021	0.00812961	0.0	0.0	0.00013854
Pontotoc	0.054	8.502	26.502	0.01	1.575	3.575	1.7e-06	0.00026708	0.00083253	3.1e-07	4.948e-05	0.0001123
Clarke	0.261	36.874	65.874	0.0	0.0	2.0	1.673e-05	0.00236311	0.00422161	0.0	0.0	0.00012817
Marshall	0.08	20.568	58.568	0.0	0.0	2.0	2.26e-06	0.00058018	0.00165208	0.0	0.0	5.642e-05
Coahoma	0.199	31.177	80.177	0.02	3.146	5.146	8.79e-06	0.00137781	0.00354326	8.8e-07	0.00013903	0.00022742
Unassigned	0.0	0.0	0.0	0.0	0.0	0.0	N/A	N/A	N/A	N/A	N/A	N/A
Issaquena	0.0	0.0	0.0	0.0	0.0	0.0	0.0	0.0	0.0	0.0	0.0	0.0
Leflore	0.685	105.509	210.509	0.14	13.882	23.882	2.369e-05	0.00364843	0.00727926	4.84e-06	0.00048003	0.00082582
Adams	0.446	88.601	171.601	0.0	0.0	6.0	1.43e-05	0.0028405	0.00550144	0.0	0.0	0.00019236
Claiborne	0.095	14.903	24.903	0.0	0.0	0.0	1.055e-05	0.00165552	0.00276639	0.0	0.0	0.0
Clay	0.0	4.45	30.45	0.0	0.0	1.0	0.0	0.00022955	0.00157072	0.0	0.0	5.158e-05
Chickasaw	0.429	64.67	109.67	1.223	115.206	119.206	2.498e-05	0.00376623	0.00638693	7.122e-05	0.00670934	0.00694229
Itawamba	0.159	24.983	50.983	0.0	0.0	1.0	6.76e-06	0.00106234	0.00216792	0.0	0.0	4.252e-05
Forrest	1.251	196.502	343.502	0.152	15.757	19.757	1.667e-05	0.00261877	0.00457783	2.03e-06	0.00020999	0.0002633
Franklin	0.108	17.003	33.003	0.152	15.757	15.757	1.387e-05	0.00218323	0.00423767	1.952e-05	0.00202324	0.00202324
Humphreys	0.0	4.382	16.382	0.05	7.867	10.867	0.0	0.0005307	0.00198401	6.06e-06	0.00095277	0.0013161
Greene	0.0	0.0	3.0	0.05	7.867	7.867	0.0	0.0	0.00022082	3.68e-06	0.00057905	0.00057905
Lafayette	1.508	135.057	202.057	0.04	6.301	9.301	2.752e-05	0.00246486	0.00368764	7.3e-07	0.000115	0.00016975
Lauderdale	0.65	159.756	379.756	0.079	14.884	29.884	8.63e-06	0.00212111	0.0050421	1.05e-06	0.00019762	0.00039678
Stone	0.0	3.286	22.286	0.079	14.884	14.884	0.0	0.00017556	0.00119068	4.22e-06	0.00079521	0.00079521
Hancock	0.302	47.444	100.444	0.049	5.044	10.044	6.38e-06	0.00100232	0.00212203	1.04e-06	0.00010656	0.00021219
Union	0.208	20.592	31.592	0.0	0.0	1.0	7.27e-06	0.00071985	0.00110438	0.0	0.0	3.496e-05
Perry	0.121	19.001	41.001	0.0	0.0	1.0	1.014e-05	0.00159257	0.00343651	0.0	0.0	8.382e-05
Sharkey	0.0	0.0	3.0	0.0	0.0	0.0	0.0	0.0	0.0006854	0.0	0.0	0.0
Tunica	0.947	84.805	116.805	0.0	0.0	1.0	9.523e-05	0.00852826	0.01174628	0.0	0.0	0.00010056
Carroll	0.828	56.31	70.31	0.0	0.0	1.0	8.354e-05	0.00568157	0.00709414	0.0	0.0	0.0001009
Grenada	0.429	44.545	70.545	0.0	0.0	0.0	2.038e-05	0.00211565	0.00335051	0.0	0.0	0.0
Tate	0.032	14.029	48.029	0.0	0.0	0.0	1.11e-06	0.00048781	0.00167005	0.0	0.0	0.0
Copiah	0.267	41.882	87.882	0.0	0.0	1.0	9.35e-06	0.00146733	0.00307893	0.0	0.0	3.503e-05
Noxubee	30.509	1113.489	1135.489	0.0	0.0	0.0	0.00289597	0.10569426	0.10778253	0.0	0.0	0.0
Holmes	0.0	19.528	79.528	0.0	0.906	4.906	0.0	0.00110816	0.004513	0.0	5.141e-05	0.0002784
Yazoo	0.436	75.476	170.476	0.0	0.0	1.0	1.543e-05	0.00267191	0.00603498	0.0	0.0	3.54e-05
Lowndes	0.218	34.218	68.218	0.0	0.0	1.0	3.7e-06	0.00058066	0.00115761	0.0	0.0	1.697e-05
Tippah	0.0	1.959	48.959	0.0	0.623	7.623	0.0	8.907e-05	0.00222591	0.0	2.832e-05	0.00034658
Warren	0.071	15.043	37.043	0.15	23.616	25.616	1.54e-06	0.00032578	0.00080221	3.25e-06	0.00051143	0.00055475
Neshoba	0.553	85.209	158.209	0.0	0.0	2.0	1.899e-05	0.00292563	0.00543207	0.0	0.0	6.867e-05
Harrison	0.91	137.01	282.01	0.076	7.17	12.17	4.4e-06	0.00066301	0.00136467	3.7e-07	3.47e-05	5.889e-05
Prentiss	0.097	15.219	40.219	0.076	7.17	7.17	3.83e-06	0.00060119	0.00158874	3e-06	0.00028323	0.00028323
Walthall	0.142	22.251	46.251	0.076	7.17	7.17	9.82e-06	0.00153826	0.00319744	5.25e-06	0.00049568	0.00049568
Jasper	0.211	33.063	56.063	0.0	0.0	1.0	1.284e-05	0.0020126	0.00341265	0.0	0.0	6.087e-05
Amite	0.108	18.632	35.632	0.0	0.0	1.0	8.76e-06	0.0015116	0.0028908	0.0	0.0	8.113e-05
Winston	1.103	93.796	129.796	0.0	0.0	0.0	6.072e-05	0.00516356	0.00714539	0.0	0.0	0.0
Tishomingo	0.01	1.575	5.575	0.0	0.0	0.0	5.1e-07	8.096e-05	0.00028657	0.0	0.0	0.0
Sunflower	0.0	15.35	62.35	0.056	6.406	8.406	0.0	0.00059646	0.00242277	2.18e-06	0.00024892	0.00032664
Jackson	1.862	262.582	471.582	0.113	9.635	15.635	1.3e-05	0.00183269	0.0032914	7.9e-07	6.725e-05	0.00010912
