Name	Predicted_New_Cases	Total_Predicted_New_Cases	Total_Predicted_Cases	Predicted_New_Deaths	Total_Predicted_New_Deaths	Total_Predicted_Deaths	Predicted_New_per_capita	Predicted_Total_New_per_capita	Predicted_Total_Cases_per_capita	Predicted_New_Deaths_per_capita	Total_Predicted_New_Deaths_per_capita	Total_Predicted_Deaths_per_capita
Hardy	0.002	5.071	8.071	0.092	71.303	71.303	1.5e-07	0.00036813	0.00058592	6.68e-06	0.00517626	0.00517626
Mingo	0.0	0.0	2.0	0.092	71.303	71.303	0.0	0.0	8.409e-05	3.87e-06	0.00299781	0.00299781
Monongalia	0.0	3.965	93.965	0.0	0.0	2.0	0.0	3.726e-05	0.00088296	0.0	0.0	1.879e-05
Logan	0.0	0.014	8.014	0.0	0.0	1.0	0.0	4.3e-07	0.00024578	0.0	0.0	3.067e-05
Cabell	0.0	10.352	44.352	0.0	0.0	0.0	0.0	0.00011104	0.00047576	0.0	0.0	0.0
Gilmer	0.0	0.0	0.0	0.0	0.0	0.0	0.0	0.0	0.0	0.0	0.0	0.0
Tyler	0.0	0.0	3.0	0.0	0.0	0.0	0.0	0.0	0.00034301	0.0	0.0	0.0
Wood	0.034	46.776	77.776	0.0	0.0	0.0	4e-07	0.00055551	0.00092367	0.0	0.0	0.0
Berkeley	0.0	11.034	122.034	0.0	0.0	1.0	0.0	9.421e-05	0.00104193	0.0	0.0	8.54e-06
Wayne	0.0	0.0	78.0	0.0	0.0	0.0	0.0	0.0	0.00195273	0.0	0.0	0.0
Pendleton	0.002	5.071	7.071	0.0	0.0	0.0	2.9e-07	0.00072474	0.00101058	0.0	0.0	0.0
Lewis	0.0	0.0	2.0	0.0	0.0	0.0	0.0	0.0	0.00012481	0.0	0.0	0.0
Webster	0.0	0.0	0.0	0.0	0.0	0.0	0.0	0.0	0.0	0.0	0.0	0.0
Lincoln	0.0	0.0	1.0	0.0	0.0	0.0	0.0	0.0	4.855e-05	0.0	0.0	0.0
Doddridge	0.0	0.0	0.0	0.0	0.0	0.0	0.0	0.0	0.0	0.0	0.0	0.0
Wetzel	0.0	0.014	3.014	0.0	0.0	0.0	0.0	9.2e-07	0.00019738	0.0	0.0	0.0
Greenbrier	0.0	0.0	3.0	0.0	0.0	0.0	0.0	0.0	8.624e-05	0.0	0.0	0.0
Roane	0.0	0.449	3.449	0.0	0.0	0.0	0.0	3.223e-05	0.00024756	0.0	0.0	0.0
Fayette	0.0	0.0	5.0	0.0	0.0	0.0	0.0	0.0	0.00011623	0.0	0.0	0.0
Jefferson	0.0	27.261	88.261	0.0	0.0	0.0	0.0	0.00047985	0.00155359	0.0	0.0	0.0
Ohio	0.0	0.505	22.505	0.0	0.0	0.0	0.0	1.209e-05	0.00053898	0.0	0.0	0.0
Barbour	0.0	0.0	4.0	0.0	0.0	0.0	0.0	0.0	0.00024191	0.0	0.0	0.0
McDowell	0.0	0.0	6.0	0.0	0.0	0.0	0.0	0.0	0.00032925	0.0	0.0	0.0
Monroe	0.0	0.0	5.0	0.0	0.0	0.0	0.0	0.0	0.00037651	0.0	0.0	0.0
Braxton	0.0	0.0	1.0	0.0	0.0	0.0	0.0	0.0	7.098e-05	0.0	0.0	0.0
Raleigh	0.008	9.279	16.279	0.0	0.0	0.0	1.1e-07	0.00012496	0.00021923	0.0	0.0	0.0
Marion	0.009	38.745	82.745	0.0	0.0	1.0	1.6e-07	0.00069068	0.00147503	0.0	0.0	1.783e-05
Mercer	0.0	0.198	8.198	0.0	0.0	0.0	0.0	3.35e-06	0.00013864	0.0	0.0	0.0
Summers	0.0	0.0	1.0	0.0	0.0	0.0	0.0	0.0	7.837e-05	0.0	0.0	0.0
Hampshire	0.0	0.0	6.0	0.0	0.0	0.0	0.0	0.0	0.00025699	0.0	0.0	0.0
Tucker	0.001	3.04	7.04	0.0	0.0	0.0	1.4e-07	0.0004371	0.00101222	0.0	0.0	0.0
Boone	0.0	0.0	2.0	0.0	0.0	0.0	0.0	0.0	9.111e-05	0.0	0.0	0.0
Upshur	0.0	0.54	4.54	0.0	0.0	0.0	0.0	2.212e-05	0.00018595	0.0	0.0	0.0
Kanawha	0.027	82.508	210.508	0.0	0.0	0.0	1.5e-07	0.00045722	0.00116655	0.0	0.0	0.0
Calhoun	0.0	0.0	0.0	0.0	0.0	0.0	0.0	0.0	0.0	0.0	0.0	0.0
Mineral	0.005	15.196	23.196	0.0	0.0	0.0	1.9e-07	0.00056407	0.00086102	0.0	0.0	0.0
Marshall	0.009	9.757	17.757	0.0	0.0	0.0	2.9e-07	0.00031694	0.00057681	0.0	0.0	0.0
Preston	0.001	2.476	12.476	0.0	0.0	0.0	3e-08	7.317e-05	0.00036869	0.0	0.0	0.0
Unassigned	0.0	0.0	17.0	0.0	0.0	0.0	N/A	N/A	N/A	N/A	N/A	N/A
Randolph	0.0	0.62	4.62	0.0	0.0	0.0	0.0	2.151e-05	0.00016029	0.0	0.0	0.0
Pleasants	0.008	25.324	27.324	0.0	0.0	0.0	1.07e-06	0.00337338	0.0036398	0.0	0.0	0.0
Mason	0.004	11.932	22.932	0.0	0.0	0.0	1.5e-07	0.00044659	0.0008583	0.0	0.0	0.0
Wyoming	0.0	0.0	1.0	0.0	0.0	0.0	0.0	0.0	4.811e-05	0.0	0.0	0.0
Clay	0.0	0.0	0.0	0.0	0.0	0.0	0.0	0.0	0.0	0.0	0.0	0.0
Putnam	0.011	15.639	29.639	0.0	0.0	0.0	1.9e-07	0.00027591	0.0005229	0.0	0.0	0.0
Wirt	0.0	0.124	2.124	0.0	0.0	0.0	0.0	2.127e-05	0.00036432	0.0	0.0	0.0
Hancock	0.0	0.0	7.0	0.0	0.0	0.0	0.0	0.0	0.0002406	0.0	0.0	0.0
Pocahontas	0.0	0.0	0.0	0.0	0.0	0.0	0.0	0.0	0.0	0.0	0.0	0.0
Ritchie	0.0	0.0	0.0	0.0	0.0	0.0	0.0	0.0	0.0	0.0	0.0	0.0
Nicholas	0.0	0.0	4.0	0.0	0.0	0.0	0.0	0.0	0.00016102	0.0	0.0	0.0
Morgan	0.001	7.743	16.743	0.0	0.0	0.0	6e-08	0.00043532	0.00094131	0.0	0.0	0.0
Brooke	0.0	0.0	3.0	0.0	0.0	0.0	0.0	0.0	0.00013512	0.0	0.0	0.0
Harrison	0.0	0.03	30.03	0.0	0.0	1.0	0.0	4.4e-07	0.00044453	0.0	0.0	1.48e-05
Taylor	0.0	0.0	5.0	0.0	0.0	0.0	0.0	0.0	0.00029652	0.0	0.0	0.0
Grant	0.0	0.0	1.0	0.0	0.0	0.0	0.0	0.0	8.601e-05	0.0	0.0	0.0
Jackson	0.507	286.125	387.125	0.0	0.0	1.0	1.766e-05	0.00996743	0.01348586	0.0	0.0	3.484e-05
