Name	Confirmed	Deaths	Recovered	Active	Confirmed_per_capita	Deaths_per_capita	IFR_0.30_expected	IFR_0.65_expected	IFR_1.0_expected	IFR_0.30_expected_per_capita	IFR_0.65_expected_per_capita	IFR_1.0_expected_per_capita	Date
Limestone	1.0	0.0	0.0	0.0	1.04e-05	0.0	5.0	2.0	1.25	5.2e-05	2.08e-05	1.3e-05	2020-03-22
Limestone	1	0	0	0	1.04e-5	0	5	2	1.25	5.2e-5	2.08e-5	1.3e-5	2020-03-23
Limestone	4	0	0	0	4.159e-5	0	20	8	5	2.0795e-4	8.318e-5	5.19875e-5	2020-03-24
Limestone	6	0	0	0	6.239e-5	0	30	12	7.5	3.1195e-4	1.2478e-4	7.79875e-5	2020-03-25
Limestone	13	0	0	0	1.3517e-4	0	65	26	16.25	6.7585e-4	2.7034e-4	1.689625e-4	2020-03-26
Limestone	14	0	0	0	1.4557e-4	0	70	28	17.5	7.2785e-4	2.9114e-4	1.819625e-4	2020-03-27
Limestone	16	0	0	0	1.6637e-4	0	80	32	20	8.3185e-4	3.3274e-4	2.079625e-4	2020-03-28
Limestone	16.0	0.0	0.0	0.0	0.00016637	0.0	80.0	32.0	20.0	0.00083185	0.00033274	0.0002079625	2020-03-29
Limestone	20.0	0.0	0.0	0.0	0.00020796	0.0	100.0	40.0	25.0	0.0010398	0.00041592	0.00025995	2020-03-30
Limestone	22.0	0.0	0.0	0.0	0.00022875	0.0	110.0	44.0	27.5	0.00114375	0.0004575	0.0002859375	2020-03-31
Limestone	23.0	0.0	0.0	0.0	0.00023915	0.0	115.0	46.0	28.75	0.00119575	0.0004783	0.0002989375	2020-04-01
Limestone	25.0	0.0	0.0	0.0	0.00025995	0.0	125.0	50.0	31.25	0.00129975	0.0005199	0.0003249375	2020-04-02
Limestone	30.0	0.0	0.0	0.0	0.00031193	0.0	150.0	60.0	37.5	0.00155965	0.00062386	0.0003899125	2020-04-03
Limestone	31.0	0.0	0.0	0.0	0.00032233	0.0	155.0	62.0	38.75	0.00161165	0.00064466	0.0004029125	2020-04-04
Limestone	31.0	0.0	0.0	0.0	0.00032233	0.0	155.0	62.0	38.75	0.00161165	0.00064466	0.0004029125	2020-04-05
Limestone	33.0	0.0	0.0	0.0	0.00034313	0.0	165.0	66.0	41.25	0.00171565	0.00068626	0.0004289125	2020-04-06
Limestone	32.0	0.0	0.0	0.0	0.00033273	0.0	160.0	64.0	40.0	0.00166365	0.00066546	0.0004159125	2020-04-07
Limestone	32.0	0.0	0.0	0.0	0.00033273	0.0	160.0	64.0	40.0	0.00166365	0.00066546	0.0004159125	2020-04-08
Limestone	34.0	0.0	0.0	0.0	0.00035353	0.0	170.0	68.0	42.5	0.00176765	0.00070706	0.0004419125	2020-04-09
Limestone	36.0	0.0	0.0	0.0	0.00037432	0.0	180.0	72.0	45.0	0.0018716	0.00074864	0.0004679	2020-04-10
Limestone	36.0	0.0	0.0	0.0	0.00037432	0.0	180.0	72.0	45.0	0.0018716	0.00074864	0.0004679	2020-04-11
Limestone	37.0	0.0	0.0	37.0	0.00038472	0.0	185.0	74.0	46.25	0.0019236	0.00076944	0.0004809	2020-04-12
Limestone	37.0	0.0	0.0	37.0	0.00038472	0.0	185.0	74.0	46.25	0.0019236	0.00076944	0.0004809	2020-04-13
Limestone	37.0	0.0	0.0	37.0	0.00038472	0.0	185.0	74.0	46.25	0.0019236	0.00076944	0.0004809	2020-04-14
Limestone	37.0	0.0	0.0	37.0	0.00038472	0.0	185.0	74.0	46.25	0.0019236	0.00076944	0.0004809	2020-04-15
Limestone	38.0	0.0	0.0	38.0	0.00039512	0.0	190.0	76.0	47.5	0.0019756	0.00079024	0.0004939	2020-04-16
Limestone	40.0	0.0	0.0	40.0	0.00041591	0.0	200.0	80.0	50.0	0.00207955	0.00083182	0.0005198875	2020-04-17
Limestone	40.0	0.0	0.0	40.0	0.00041591	0.0	200.0	80.0	50.0	0.00207955	0.00083182	0.0005198875	2020-04-18
Limestone	40.0	0.0	0.0	40.0	0.00041591	0.0	200.0	80.0	50.0	0.00207955	0.00083182	0.0005198875	2020-04-19
Limestone	40.0	0.0	0.0	40.0	0.00041591	0.0	200.0	80.0	50.0	0.00207955	0.00083182	0.0005198875	2020-04-20
Limestone	40.0	0.0	0.0	40.0	0.00041591	0.0	200.0	80.0	50.0	0.00207955	0.00083182	0.0005198875	2020-04-21
Limestone	39.0	0.0	0.0	39.0	0.00040552	0.0	195.0	78.0	48.75	0.0020276	0.00081104	0.0005069	2020-04-22
Limestone	40.0	0.0	0.0	40.0	0.00041591	0.0	200.0	80.0	50.0	0.00207955	0.00083182	0.0005198875	2020-04-23
Limestone	41.0	0.0	0.0	41.0	0.00042631	0.0	205.0	82.0	51.25	0.00213155	0.00085262	0.0005328875	2020-04-24
Limestone	41.0	0.0	0.0	41.0	0.00042631	0.0	205.0	82.0	51.25	0.00213155	0.00085262	0.0005328875	2020-04-25
Limestone	41.0	0.0	0.0	41.0	0.00042631	0.0	205.0	82.0	51.25	0.00213155	0.00085262	0.0005328875	2020-04-26
Limestone	42.0	0.0	0.0	42.0	0.00043671	0.0	210.0	84.0	52.5	0.00218355	0.00087342	0.0005458875	2020-04-27
Limestone	44.0	0.0	0.0	44.0	0.0004575	0.0	220.0	88.0	55.0	0.0022875	0.000915	0.000571875	2020-04-28
Limestone	44.0	0.0	0.0	44.0	0.0004575	0.0	220.0	88.0	55.0	0.0022875	0.000915	0.000571875	2020-04-29
Limestone	44.0	0.0	0.0	44.0	0.0004575	0.0	220.0	88.0	55.0	0.0022875	0.000915	0.000571875	2020-04-30
Limestone	44.0	0.0	0.0	44.0	0.0004575	0.0	220.0	88.0	55.0	0.0022875	0.000915	0.000571875	2020-05-01
Limestone	44.0	0.0	0.0	44.0	0.0004575	0.0	220.0	88.0	55.0	0.0022875	0.000915	0.000571875	2020-05-02
Limestone	45.0	0.0	0.0	45.0	0.0004679	0.0	225.0	90.0	56.25	0.0023395	0.0009358	0.000584875	2020-05-03
Limestone	47.0	0.0	0.0	47.0	0.0004887	0.0	235.0	94.0	58.75	0.0024435	0.0009774	0.000610875	2020-05-04
Limestone	48.0	0.0	0.0	48.0	0.0004991	0.0	240.0	96.0	60.0	0.0024955	0.0009982	0.000623875	2020-05-05
Limestone	49.0	0.0	0.0	49.0	0.00050949	0.0	245.0	98.0	61.25	0.00254745	0.00101898	0.0006368625	2020-05-06
Limestone	54.0	0.0	0.0	54.0	0.00056148	0.0	270.0	108.0	67.5	0.0028074	0.00112296	0.00070185	2020-05-07
Limestone	55.0	0.0	0.0	55.0	0.00057188	0.0	275.0	110.0	68.75	0.0028594	0.00114376	0.00071485	2020-05-08
Limestone	57.0	0.0	0.0	57.0	0.00059268	0.0	285.0	114.0	71.25	0.0029634	0.00118536	0.00074085	2020-05-09
Limestone	57.0	0.0	0.0	57.0	0.00059268	0.0	285.0	114.0	71.25	0.0029634	0.00118536	0.00074085	2020-05-10
Limestone	57.0	0.0	0.0	57.0	0.00059268	0.0	285.0	114.0	71.25	0.0029634	0.00118536	0.00074085	2020-05-11
Limestone	58.0	0.0	0.0	58.0	0.00060307	0.0	290.0	116.0	72.5	0.00301535	0.00120614	0.0007538375	2020-05-12
Limestone	60.0	0.0	0.0	60.0	0.00062387	0.0	300.0	120.0	75.0	0.00311935	0.00124774	0.0007798375	2020-05-13
Limestone	62.0	0.0	0.0	62.0	0.00064466	0.0	310.0	124.0	77.5	0.0032233	0.00128932	0.000805825	2020-05-14
Limestone	64.0	0.0	0.0	64.0	0.00066546	0.0	320.0	128.0	80.0	0.0033273	0.00133092	0.000831825	2020-05-15
Limestone	64.0	0.0	0.0	64.0	0.00066546	0.0	320.0	128.0	80.0	0.0033273	0.00133092	0.000831825	2020-05-16
Limestone	64.0	0.0	0.0	64.0	0.00066546	0.0	320.0	128.0	80.0	0.0033273	0.00133092	0.000831825	2020-05-17
Limestone	65.0	0.0	0.0	65.0	0.00067586	0.0	325.0	130.0	81.25	0.0033793	0.00135172	0.000844825	2020-05-18
Limestone	65.0	0.0	0.0	65.0	0.00067586	0.0	325.0	130.0	81.25	0.0033793	0.00135172	0.000844825	2020-05-19
Limestone	69.0	0.0	0.0	69.0	0.00071745	0.0	345.0	138.0	86.25	0.00358725	0.0014349	0.0008968125	2020-05-20
Limestone	70.0	0.0	0.0	70.0	0.00072785	0.0	350.0	140.0	87.5	0.00363925	0.0014557	0.0009098125	2020-05-21
Limestone	72.0	0.0	0.0	72.0	0.00074864	0.0	360.0	144.0	90.0	0.0037432	0.00149728	0.0009358	2020-05-22
Limestone	72.0	0.0	0.0	72.0	0.00074864	0.0	360.0	144.0	90.0	0.0037432	0.00149728	0.0009358	2020-05-23
Limestone	74.0	0.0	0.0	74.0	0.00076944	0.0	370.0	148.0	92.5	0.0038472	0.00153888	0.0009618	2020-05-24
Limestone	77.0	0.0	0.0	77.0	0.00080063	0.0	385.0	154.0	96.25	0.00400315	0.00160126	0.0010007875	2020-05-25
Limestone	82.0	0.0	0.0	82.0	0.00085262	0.0	410.0	164.0	102.5	0.0042631	0.00170524	0.001065775	2020-05-26
Limestone	86.0	0.0	0.0	86.0	0.00089421	0.0	430.0	172.0	107.5	0.00447105	0.00178842	0.0011177625	2020-05-27
Limestone	87.0	0.0	0.0	87.0	0.00090461	0.0	435.0	174.0	108.75	0.00452305	0.00180922	0.0011307625	2020-05-28
Limestone	92.0	0.0	0.0	92.0	0.0009566	0.0	460.0	184.0	115.0	0.004783	0.0019132	0.00119575	2020-05-29
Limestone	94.0	0.0	0.0	94.0	0.0009774	0.0	470.0	188.0	117.5	0.004887	0.0019548	0.00122175	2020-05-30
Limestone	106.0	0.0	0.0	106.0	0.00110217	0.0	530.0	212.0	132.5	0.00551085	0.00220434	0.0013777125	2020-05-31
Limestone	108.0	0.0	0.0	108.0	0.00112296	0.0	540.0	216.0	135.0	0.0056148	0.00224592	0.0014037	2020-06-01
Limestone	108.0	0.0	0.0	108.0	0.00112296	0.0	540.0	216.0	135.0	0.0056148	0.00224592	0.0014037	2020-06-02
Limestone	108.0	0.0	0.0	108.0	0.00112296	0.0	540.0	216.0	135.0	0.0056148	0.00224592	0.0014037	2020-06-03
Limestone	108.0	0.0	0.0	108.0	0.00112296	0.0	540.0	216.0	135.0	0.0056148	0.00224592	0.0014037	2020-06-04
Limestone	110.0	0.0	0.0	110.0	0.00114376	0.0	550.0	220.0	137.5	0.0057188	0.00228752	0.0014297	2020-06-05
Limestone	119.0	0.0	0.0	119.0	0.00123734	0.0	595.0	238.0	148.75	0.0061867	0.00247468	0.001546675	2020-06-06
Limestone	123.0	0.0	0.0	123.0	0.00127893	0.0	615.0	246.0	153.75	0.00639465	0.00255786	0.0015986625	2020-06-07
Limestone	135.0	0.0	0.0	135.0	0.00140371	0.0	675.0	270.0	168.75	0.00701855	0.00280742	0.0017546375	2020-06-08
Limestone	144.0	0.0	0.0	144.0	0.00149729	0.0	720.0	288.0	180.0	0.00748645	0.00299458	0.0018716125	2020-06-09
Limestone	151.0	0.0	0.0	151.0	0.00157007	0.0	755.0	302.0	188.75	0.00785035	0.00314014	0.0019625875	2020-06-10
Limestone	162.0	0.0	0.0	162.0	0.00168445	0.0	810.0	324.0	202.5	0.00842225	0.0033689	0.0021055625	2020-06-11
Limestone	175.0	0.0	0.0	175.0	0.00181962	0.0	875.0	350.0	218.75	0.0090981	0.00363924	0.002274525	2020-06-12
Limestone	197.0	0.0	0.0	197.0	0.00204837	0.0	985.0	394.0	246.25	0.01024185	0.00409674	0.0025604625	2020-06-13
Limestone	215.0	0.0	0.0	215.0	0.00223553	0.0	1075.0	430.0	268.75	0.01117765	0.00447106	0.0027944125	2020-06-14
Limestone	226.0	0.0	0.0	226.0	0.00234991	0.0	1130.0	452.0	282.5	0.01174955	0.00469982	0.0029373875	2020-06-15
Limestone	236.0	0.0	0.0	236.0	0.00245389	0.0	1180.0	472.0	295.0	0.01226945	0.00490778	0.0030673625	2020-06-16
Limestone	242.0	0.0	0.0	242.0	0.00251627	0.0	1210.0	484.0	302.5	0.01258135	0.00503254	0.0031453375	2020-06-17
Limestone	255.0	0.0	0.0	255.0	0.00265144	0.0	1275.0	510.0	318.75	0.0132572	0.00530288	0.0033143	2020-06-18
Limestone	260.0	0.0	0.0	260.0	0.00270343	0.0	1300.0	520.0	325.0	0.01351715	0.00540686	0.0033792875	2020-06-19
Limestone	265.0	0.0	0.0	265.0	0.00275542	0.0	1325.0	530.0	331.25	0.0137771	0.00551084	0.003444275	2020-06-20
Limestone	269.0	0.0	0.0	269.0	0.00279701	0.0	1345.0	538.0	336.25	0.01398505	0.00559402	0.0034962625	2020-06-21
Limestone	273.0	0.0	0.0	273.0	0.00283861	0.0	1365.0	546.0	341.25	0.01419305	0.00567722	0.0035482625	2020-06-22
Limestone	283.0	0.0	0.0	283.0	0.00294258	0.0	1415.0	566.0	353.75	0.0147129	0.00588516	0.003678225	2020-06-23
Limestone	294.0	0.0	0.0	294.0	0.00305696	0.0	1470.0	588.0	367.5	0.0152848	0.00611392	0.0038212	2020-06-24
Limestone	318.0	0.0	0.0	318.0	0.00330651	0.0	1590.0	636.0	397.5	0.01653255	0.00661302	0.0041331375	2020-06-25
Limestone	334.0	0.0	0.0	334.0	0.00347287	0.0	1670.0	668.0	417.5	0.01736435	0.00694574	0.0043410875	2020-06-26
Limestone	351.0	0.0	0.0	351.0	0.00364964	0.0	1755.0	702.0	438.75	0.0182482	0.00729928	0.00456205	2020-06-27
Limestone	359.0	0.0	0.0	359.0	0.00373282	0.0	1795.0	718.0	448.75	0.0186641	0.00746564	0.004666025	2020-06-28
Limestone	394.0	0.0	0.0	394.0	0.00409674	0.0	1970.0	788.0	492.5	0.0204837	0.00819348	0.005120925	2020-06-29
Limestone	403.0	0.0	0.0	403.0	0.00419032	0.0	2015.0	806.0	503.75	0.0209516	0.00838064	0.0052379	2020-06-30
Limestone	409.0	0.0	0.0	409.0	0.00425271	0.0	2045.0	818.0	511.25	0.02126355	0.00850542	0.0053158875	2020-07-01
Limestone	429.0	0.0	0.0	429.0	0.00446067	0.0	2145.0	858.0	536.25	0.02230335	0.00892134	0.0055758375	2020-07-02
Limestone	16.141	30.372	439.372	0.019	0.037	0.037	0.00016783	0.0003158	0.00456851	2e-07	3.8e-07	3.8e-07	2020-07-03
Limestone	18.109	48.481	457.481	0.021	0.058	0.058	0.00018829	0.0005041	0.00475681	2.2e-07	6e-07	6e-07	2020-07-04
Limestone	20.095	68.576	477.576	0.023	0.081	0.081	0.00020894	0.00071304	0.00496575	2.4e-07	8.4e-07	8.4e-07	2020-07-05
Limestone	3.702	3.702	23.797	0.0	0.0	68.576	3.849e-05	3.849e-05	0.00024744	0.0	0.0	0.00071304	2020-07-06
Limestone	3.36	7.062	27.157	0.0	0.0	68.576	3.494e-05	7.343e-05	0.00028237	0.0	0.0	0.00071304	2020-07-07
Limestone	3.026	10.088	30.183	0.0	0.0	68.576	3.146e-05	0.00010489	0.00031384	0.0	0.0	0.00071304	2020-07-08
Limestone	54.2	54.2	57.226	0.0	0.0	10.088	0.00056356	0.00056356	0.00059503	0.0	0.0	0.00010489	2020-07-09
Limestone	66.891	121.091	124.117	0.0	0.0	10.088	0.00069552	0.00125908	0.00129055	0.0	0.0	0.00010489	2020-07-10
Limestone	58.383	58.383	125.274	0.0	0.0	121.091	0.00060706	0.00060706	0.00130258	0.0	0.0	0.00125908	2020-07-11
Limestone	57.846	116.229	183.12	0.0	0.0	121.091	0.00060147	0.00120853	0.00190405	0.0	0.0	0.00125908	2020-07-12
Limestone	57.094	173.323	240.214	0.0	0.0	121.091	0.00059365	0.00180218	0.0024977	0.0	0.0	0.00125908	2020-07-13
Limestone	13.157	13.157	70.251	0.0	0.0	173.323	0.0001368	0.0001368	0.00073046	0.0	0.0	0.00180218	2020-07-14
Limestone	10.277	23.434	80.528	0.0	0.0	173.323	0.00010686	0.00024366	0.00083732	0.0	0.0	0.00180218	2020-07-15
Limestone	7.799	31.233	88.327	0.0	0.0	173.323	8.109e-05	0.00032476	0.00091841	0.0	0.0	0.00180218	2020-07-16
Limestone	5.745	36.978	94.072	0.0	0.0	173.323	5.974e-05	0.00038449	0.00097814	0.0	0.0	0.00180218	2020-07-17
Limestone	814.0	5.0	0.0	809.0	0.00846383	5.199e-05	1666.66666667	769.230769231	500.0	0.01733	0.00799846153846	0.005199	2020-07-18
Limestone	844.0	5.0	0.0	839.0	0.00877576	5.199e-05	1666.66666667	769.230769231	500.0	0.01733	0.00799846153846	0.005199	2020-07-19
