Name	Confirmed	Deaths	Recovered	Active	Confirmed_per_capita	Deaths_per_capita	IFR_0.30_expected	IFR_0.65_expected	IFR_1.0_expected	IFR_0.30_expected_per_capita	IFR_0.65_expected_per_capita	IFR_1.0_expected_per_capita
New London	24.0	0.0	0.0	0.0	8.996e-05	0.0	120.0	48.0	30.0	0.0004498	0.00017992	0.00011245
New Haven	373.0	6.0	0.0	0.0	0.00043492	7e-06	2000.0	923.076923077	600.0	0.00233333333333	0.00107692307692	0.0007
Middlesex	50.0	1.0	0.0	0.0	0.00030735	6.15e-06	333.333333333	153.846153846	100.0	0.00205	0.000946153846154	0.000615
Windham	10.0	0.0	0.0	0.0	8.545e-05	0.0	50.0	20.0	12.5	0.00042725	0.0001709	0.0001068125
Litchfield	113.0	1.0	0.0	0.0	0.00062393	5.52e-06	333.333333333	153.846153846	100.0	0.00184	0.000849230769231	0.000552
Fairfield	1445.0	21.0	0.0	0.0	0.00153101	2.225e-05	7000.0	3230.76923077	2100.0	0.00741666666667	0.00342307692308	0.002225
Tolland	50.0	4.0	0.0	0.0	0.0003313	2.65e-05	1333.33333333	615.384615385	400.0	0.00883333333333	0.00407692307692	0.00265
Unassigned	176.0	0.0	0.0	0.0	N/A	N/A	880.0	352.0	220.0	N/A	N/A	N/A
Hartford	330.0	3.0	0.0	0.0	0.00036967	3.36e-06	1000.0	461.538461538	300.0	0.00112	0.000516923076923	0.000336
