Name	Predicted_New_Cases	Total_Predicted_New_Cases	Total_Predicted_Cases	Predicted_New_Deaths	Total_Predicted_New_Deaths	Total_Predicted_Deaths	Predicted_New_per_capita	Predicted_Total_New_per_capita	Predicted_Total_Cases_per_capita	Predicted_New_Deaths_per_capita	Total_Predicted_New_Deaths_per_capita	Total_Predicted_Deaths_per_capita
Tolland	5.555	322.092	563.092	1.196	45.527	67.527	3.681e-05	0.00213418	0.00373104	7.92e-06	0.00030166	0.00044743
Fairfield	102.913	6767.106	13583.106	13.68	716.39	1122.39	0.00010904	0.00716989	0.01439158	1.449e-05	0.00075903	0.0011892
Middlesex	15.229	827.21	1221.21	4.561	156.007	186.007	9.361e-05	0.00508483	0.00750673	2.804e-05	0.00095897	0.00114338
Windham	2.955	160.52	247.52	0.0	0.0	1.0	2.525e-05	0.00137165	0.00211507	0.0	0.0	8.55e-06
Unassigned	0.0	170.406	704.406	0.0	4.875	6.875	N/A	N/A	N/A	N/A	N/A	N/A
New London	8.156	486.425	741.425	0.087	3.505	12.505	3.057e-05	0.00182329	0.00277912	3.3e-07	1.314e-05	4.687e-05
Hartford	85.859	4825.68	7684.68	22.808	868.364	1111.364	9.618e-05	0.00540573	0.00860839	2.555e-05	0.00097274	0.00124495
New Haven	112.175	6503.639	10666.639	8.915	448.831	662.831	0.0001308	0.00758336	0.01243749	1.04e-05	0.00052334	0.00077287
Litchfield	12.912	748.621	1283.621	5.125	195.11	239.11	7.129e-05	0.00413349	0.00708748	2.83e-05	0.0010773	0.00132024
