Name	Confirmed	Deaths	Recovered	Active	Confirmed_per_capita	Deaths_per_capita	IFR_0.30_expected	IFR_0.65_expected	IFR_1.0_expected	IFR_0.30_expected_per_capita	IFR_0.65_expected_per_capita	IFR_1.0_expected_per_capita
New London	222.0	7.0	0.0	215.0	0.00083213	2.624e-05	2333.33333333	1076.92307692	700.0	0.00874666666667	0.00403692307692	0.002624
New Haven	3358.0	135.0	0.0	3223.0	0.00391549	0.00015741	45000.0	20769.2307692	13500.0	0.05247	0.0242169230769	0.015741
Middlesex	339.0	19.0	0.0	320.0	0.00208382	0.00011679	6333.33333333	2923.07692308	1900.0	0.03893	0.0179676923077	0.011679
Windham	83.0	1.0	0.0	82.0	0.00070924	8.55e-06	333.333333333	153.846153846	100.0	0.00285	0.00131538461538	0.000855
Litchfield	446.0	24.0	0.0	422.0	0.00246258	0.00013252	8000.0	3692.30769231	2400.0	0.0441733333333	0.0203876923077	0.013252
Fairfield	6004.0	262.0	0.0	5742.0	0.00636136	0.00027759	87333.3333333	40307.6923077	26200.0	0.09253	0.0427061538462	0.027759
Tolland	195.0	17.0	0.0	178.0	0.00129207	0.00011264	5666.66666667	2615.38461538	1700.0	0.0375466666667	0.0173292307692	0.011264
Unassigned	491.0	4.0	0.0	487.0	N/A	N/A	1333.33333333	615.384615385	400.0	N/A	N/A	N/A
Hartford	2243.0	133.0	0.0	2110.0	0.00251261	0.00014899	44333.3333333	20461.5384615	13300.0	0.0496633333333	0.0229215384615	0.014899
