Name	Predicted_New_Cases	Total_Predicted_New_Cases	Total_Predicted_Cases	Predicted_New_Deaths	Total_Predicted_New_Deaths	Total_Predicted_Deaths	Predicted_New_per_capita	Predicted_Total_New_per_capita	Predicted_Total_Cases_per_capita	Predicted_New_Deaths_per_capita	Total_Predicted_New_Deaths_per_capita	Total_Predicted_Deaths_per_capita
Shasta	0.025	4.832	30.832	0.0	0.0	3.0	1.4e-07	2.684e-05	0.00017125	0.0	0.0	1.666e-05
Yuba	0.0	0.196	16.196	0.0	0.0	1.0	0.0	2.51e-06	0.00020753	0.0	0.0	1.281e-05
Alpine	0.0	0.0	1.0	0.0	0.0	0.0	0.0	0.0	0.00090827	0.0	0.0	0.0
San Mateo	9.628	979.657	1899.657	1.99	119.394	147.394	1.251e-05	0.00127303	0.00246855	2.59e-06	0.00015515	0.00019153
Sutter	0.208	30.665	56.665	0.0	0.0	2.0	2.15e-06	0.00031676	0.00058534	0.0	0.0	2.066e-05
Riverside	33.346	4141.745	6988.745	0.793	103.424	188.424	1.361e-05	0.00168999	0.00285167	3.2e-07	4.22e-05	7.688e-05
Sacramento	6.123	904.268	1844.268	0.609	59.101	93.101	3.97e-06	0.00058682	0.00119682	4e-07	3.835e-05	6.042e-05
Butte	0.064	9.385	25.385	0.609	59.101	59.101	2.8e-07	4.058e-05	0.00010977	2.63e-06	0.00025557	0.00025557
Ventura	2.88	391.593	819.593	0.448	37.553	50.553	3.38e-06	0.00046017	0.00096313	5.3e-07	4.413e-05	5.941e-05
Kern	5.948	860.578	1503.578	0.0	0.124	3.124	6.63e-06	0.00095965	0.00167667	0.0	1.4e-07	3.48e-06
San Benito	0.208	30.665	74.665	0.0	0.0	2.0	3.38e-06	0.00049832	0.00121334	0.0	0.0	3.25e-05
San Bernardino	4.874	949.053	2355.053	1.024	114.765	174.765	2.24e-06	0.00043703	0.00108448	4.7e-07	5.285e-05	8.048e-05
Kings	0.571	58.126	88.126	0.0	0.0	1.0	3.77e-06	0.00038401	0.0005822	0.0	0.0	6.61e-06
Trinity	0.0	0.0	0.0	0.0	0.0	0.0	0.0	0.0	0.0	0.0	0.0	0.0
Madera	0.0	3.243	37.243	0.0	0.0	2.0	0.0	2.057e-05	0.00023621	0.0	0.0	1.268e-05
Fresno	3.169	430.907	745.907	0.202	16.941	23.941	3.19e-06	0.00043333	0.00075011	2e-07	1.704e-05	2.408e-05
Glenn	0.033	4.902	8.902	0.202	16.941	16.941	1.18e-06	0.00017478	0.0003174	7.2e-06	0.00060402	0.00060402
Tulare	5.969	778.334	1200.334	0.869	69.203	87.203	1.281e-05	0.00167074	0.00257659	1.87e-06	0.00014855	0.00018719
Santa Barbara	2.792	393.083	787.083	0.086	7.598	11.598	6.25e-06	0.00088031	0.00176268	1.9e-07	1.702e-05	2.597e-05
San Joaquin	5.927	664.539	1092.539	0.712	48.061	65.061	7.87e-06	0.00088292	0.00145157	9.5e-07	6.385e-05	8.644e-05
Sierra	0.0	0.0	0.0	0.0	0.0	0.0	0.0	0.0	0.0	0.0	0.0	0.0
Alameda	6.82	1007.317	2200.317	1.432	139.011	181.011	4.09e-06	0.00060436	0.00132012	8.6e-07	8.34e-05	0.0001086
Placer	0.0	4.701	136.701	0.0	4.267	12.267	0.0	1.196e-05	0.00034771	0.0	1.085e-05	3.12e-05
Siskiyou	0.0	0.044	5.044	0.0	4.267	4.267	0.0	1.01e-06	0.00011536	0.0	9.759e-05	9.759e-05
Solano	1.003	148.104	328.104	0.0	0.0	2.0	2.25e-06	0.00033162	0.00073465	0.0	0.0	4.48e-06
Contra Costa	3.31	488.85	1195.85	0.566	54.937	76.937	2.88e-06	0.00042501	0.00103968	4.9e-07	4.776e-05	6.689e-05
Del Norte	0.0	0.0	2.0	0.566	54.937	54.937	0.0	0.0	7.187e-05	2.034e-05	0.00197416	0.00197416
Humboldt	0.044	6.464	58.464	0.566	54.937	54.937	3.2e-07	4.74e-05	0.00042871	4.15e-06	0.00040284	0.00040284
Calaveras	0.093	13.664	25.664	0.566	54.937	54.937	2.04e-06	0.00029964	0.00056278	1.241e-05	0.00120471	0.00120471
Santa Clara	9.286	1371.424	3293.424	0.645	87.747	170.747	4.79e-06	0.00070781	0.00169977	3.3e-07	4.529e-05	8.812e-05
Lake	0.0	0.0	6.0	0.645	87.747	87.747	0.0	0.0	9.319e-05	1.002e-05	0.00136291	0.00136291
San Francisco	2.401	648.182	1864.182	0.094	17.66	37.66	2.72e-06	0.00073381	0.00211046	1.1e-07	1.999e-05	4.264e-05
Unassigned	0.0	0.0	8.0	0.0	0.0	2.0	N/A	N/A	N/A	N/A	N/A	N/A
Stanislaus	5.134	522.395	748.395	0.0	0.0	4.0	9.34e-06	0.00095013	0.00136118	0.0	0.0	7.28e-06
Amador	0.0	0.5	7.5	0.0	0.0	0.0	0.0	1.27e-05	0.00019044	0.0	0.0	0.0
Plumas	0.0	0.0	4.0	0.0	0.0	0.0	0.0	0.0	0.00021272	0.0	0.0	0.0
Los Angeles	76.489	11066.181	24889.181	34.977	2786.41	3405.41	7.57e-06	0.00109506	0.00246293	3.46e-06	0.00027573	0.00033699
Mono	0.064	9.385	33.385	0.0	0.0	1.0	4.49e-06	0.0006586	0.00234281	0.0	0.0	7.018e-05
Modoc	0.0	0.0	0.0	0.0	0.0	0.0	0.0	0.0	0.0	0.0	0.0	0.0
Monterey	4.582	384.272	525.272	0.247	11.621	15.621	1.052e-05	0.00088218	0.00120588	5.7e-07	2.668e-05	3.586e-05
Mariposa	0.0	0.0	0.0	0.0	0.0	0.0	0.0	0.0	0.0	0.0	0.0	0.0
Sonoma	0.731	107.95	288.95	0.012	1.777	3.777	1.46e-06	0.00021593	0.00057797	2e-08	3.55e-06	7.55e-06
Tuolumne	0.021	3.126	5.126	0.012	1.777	1.777	3.9e-07	5.732e-05	9.399e-05	2.2e-07	3.258e-05	3.258e-05
Colusa	0.0	0.014	3.014	0.012	1.777	1.777	0.0	6.5e-07	0.00013936	5.5e-07	8.217e-05	8.217e-05
Santa Cruz	0.428	63.207	169.207	0.059	6.35	8.35	1.56e-06	0.00023047	0.00061697	2.2e-07	2.315e-05	3.045e-05
San Luis Obispo	0.474	69.986	201.986	0.0	0.0	1.0	1.67e-06	0.00024642	0.00071119	0.0	0.0	3.52e-06
Marin	1.487	166.757	361.757	0.007	0.471	10.471	5.73e-06	0.0006422	0.00139316	3e-08	1.81e-06	4.032e-05
El Dorado	0.0	3.419	39.419	0.007	0.471	0.471	0.0	1.793e-05	0.00020673	4e-08	2.47e-06	2.47e-06
Tehama	0.0	0.0	1.0	0.0	0.0	1.0	0.0	0.0	1.565e-05	0.0	0.0	1.565e-05
Inyo	23.988	728.847	746.847	0.0	0.0	0.0	0.00133363	0.04052076	0.04152149	0.0	0.0	0.0
Yolo	1.135	167.611	304.611	0.298	28.926	37.926	5.15e-06	0.00076046	0.00138203	1.35e-06	0.00013124	0.00017207
San Diego	10.388	1534.132	3802.132	0.541	79.892	150.892	3.11e-06	0.00045886	0.00113722	1.6e-07	2.39e-05	4.513e-05
Imperial	75.831	3138.895	3298.895	0.0	0.0	3.0	0.00041705	0.01726309	0.01814304	0.0	0.0	1.65e-05
Merced	0.104	67.553	157.553	0.0	0.0	3.0	3.8e-07	0.00024586	0.00057341	0.0	0.0	1.092e-05
Nevada	0.016	2.294	38.294	0.0	0.0	1.0	1.6e-07	2.301e-05	0.00038411	0.0	0.0	1.003e-05
Napa	0.298	44.013	92.013	0.0	0.0	2.0	2.14e-06	0.00031569	0.00065998	0.0	0.0	1.435e-05
Mendocino	0.779	26.675	31.675	0.0	0.0	0.0	8.89e-06	0.00030449	0.00036156	0.0	0.0	0.0
Orange	7.36	1106.678	2782.678	0.603	61.349	94.349	2.31e-06	0.00034736	0.00087342	1.9e-07	1.926e-05	2.961e-05
Lassen	0.0	0.0	0.0	0.0	0.0	0.0	0.0	0.0	0.0	0.0	0.0	0.0
