Name	Predicted_New_Cases	Total_Predicted_New_Cases	Total_Predicted_Cases	Predicted_New_Deaths	Total_Predicted_New_Deaths	Total_Predicted_Deaths	Predicted_New_per_capita	Predicted_Total_New_per_capita	Predicted_Total_Cases_per_capita	Predicted_New_Deaths_per_capita	Total_Predicted_New_Deaths_per_capita	Total_Predicted_Deaths_per_capita
Choctaw	0.056	22.235	39.235	0.845	282.204	282.204	4.36e-06	0.00173156	0.00305545	6.58e-05	0.02197679	0.02197679
Limestone	0.0	4.069	44.069	0.845	282.204	282.204	0.0	4.231e-05	0.00045822	8.79e-06	0.00293431	0.00293431
Pike	0.539	121.415	162.415	0.845	282.204	282.204	1.617e-05	0.00364194	0.00487177	2.535e-05	0.00846493	0.00846493
Cherokee	0.158	37.41	49.41	0.845	282.204	282.204	6.07e-06	0.00143708	0.00189805	3.246e-05	0.01084066	0.01084066
Montgomery	1.523	508.595	739.595	0.0	0.0	3.0	6.75e-06	0.00225278	0.00327598	0.0	0.0	1.329e-05
Tuscaloosa	0.071	111.016	264.016	0.0	0.0	1.0	3.4e-07	0.0005314	0.00126377	0.0	0.0	4.79e-06
Russell	0.141	58.116	106.116	0.0	0.0	0.0	2.44e-06	0.0010058	0.00183652	0.0	0.0	0.0
Bullock	0.05	19.018	30.018	0.0	0.0	0.0	4.93e-06	0.00187591	0.00296094	0.0	0.0	0.0
Lee	0.0	97.649	408.649	0.0	10.427	25.427	0.0	0.00059564	0.00249266	0.0	6.36e-05	0.0001551
Washington	0.0	3.056	19.056	0.0	0.0	1.0	0.0	0.00018659	0.00116351	0.0	0.0	6.106e-05
Etowah	0.0	16.807	116.807	0.0	0.0	7.0	0.0	0.00016397	0.00113957	0.0	0.0	6.829e-05
Wilcox	0.182	71.797	120.797	0.0	0.0	1.0	1.713e-05	0.00675609	0.01136699	0.0	0.0	9.41e-05
Sumter	0.134	53.096	93.096	0.0	0.0	0.0	1.056e-05	0.00418375	0.00733559	0.0	0.0	0.0
Baldwin	0.468	172.031	289.031	0.024	6.873	9.873	2.15e-06	0.00078905	0.0013257	1.1e-07	3.152e-05	4.528e-05
Macon	0.118	46.797	72.797	0.0	0.0	2.0	6.4e-06	0.00253794	0.00394799	0.0	0.0	0.00010847
Coosa	0.083	32.968	55.968	0.0	0.0	1.0	7.75e-06	0.00307681	0.00522333	0.0	0.0	9.333e-05
Fayette	0.0	2.72	5.72	0.0	0.0	0.0	0.0	0.00016552	0.00034808	0.0	0.0	0.0
Jefferson	0.0	71.821	759.821	0.0	14.848	40.848	0.0	0.00010894	0.00115247	0.0	2.252e-05	6.196e-05
Bibb	0.144	49.801	81.801	0.0	14.853	14.853	6.43e-06	0.00222326	0.00365183	0.0	0.00066308	0.00066308
Barbour	0.618	132.736	154.736	0.0	14.853	14.853	2.484e-05	0.00533483	0.00621904	0.0	0.00059696	0.00059696
Covington	0.089	33.687	57.687	0.0	0.0	1.0	2.41e-06	0.0009108	0.0015597	0.0	0.0	2.704e-05
Monroe	0.015	5.752	14.752	0.0	0.0	1.0	7.1e-07	0.00027303	0.00070024	0.0	0.0	4.747e-05
Lamar	0.0	0.113	9.113	0.0	0.0	0.0	0.0	8.16e-06	0.00065826	0.0	0.0	0.0
Lawrence	0.003	1.105	11.105	0.0	0.0	0.0	9e-08	3.353e-05	0.00033695	0.0	0.0	0.0
Marion	0.0	32.765	95.765	0.0	2.618	7.618	0.0	0.00110086	0.00321759	0.0	8.796e-05	0.00025596
Dale	0.08	31.531	52.531	0.0	2.618	2.618	1.63e-06	0.00064407	0.00107302	0.0	5.348e-05	5.348e-05
Elmore	0.663	182.666	251.666	0.0	0.0	1.0	8.1e-06	0.00223071	0.00307333	0.0	0.0	1.221e-05
Autauga	0.085	33.628	61.628	0.063	24.89	25.89	1.53e-06	0.00060481	0.0011084	1.13e-06	0.00044765	0.00046564
Talladega	0.0	9.122	56.122	0.0	0.0	1.0	0.0	0.00011427	0.00070304	0.0	0.0	1.253e-05
Houston	0.244	96.573	166.573	0.004	1.66	3.66	2.33e-06	0.00092218	0.00159062	4e-08	1.585e-05	3.495e-05
Colbert	0.179	44.442	60.442	0.0	0.0	1.0	3.27e-06	0.00081155	0.00110372	0.0	0.0	1.826e-05
Henry	0.0	2.82	20.82	0.0	0.0	0.0	0.0	0.00016387	0.00120983	0.0	0.0	0.0
Madison	0.0	9.355	211.355	0.0	0.521	4.521	0.0	2.552e-05	0.00057665	0.0	1.42e-06	1.233e-05
Conecuh	0.055	21.571	30.571	0.0	0.523	0.523	4.48e-06	0.00175703	0.0024901	0.0	4.26e-05	4.26e-05
Geneva	0.0	0.0	4.0	0.0	0.523	0.523	0.0	0.0	0.00015201	0.0	1.988e-05	1.988e-05
Tallapoosa	1.203	428.738	621.738	0.292	65.716	77.716	2.971e-05	0.01058691	0.01535269	7.21e-06	0.00162274	0.00191906
Cullman	0.0	13.387	57.387	0.0	0.0	1.0	0.0	0.00016043	0.00068775	0.0	0.0	1.198e-05
Calhoun	0.0	4.748	84.748	0.063	24.89	27.89	0.0	4.155e-05	0.0007416	5.5e-07	0.0002178	0.00024406
Clarke	0.0	2.779	26.779	0.063	24.89	24.89	0.0	0.00011618	0.00111952	2.63e-06	0.00104055	0.00104055
Marshall	0.0	101.268	268.268	0.063	24.89	27.89	0.0	0.00105368	0.00279129	6.6e-07	0.00025898	0.00029019
Unassigned	0.587	153.282	158.282	0.063	24.89	24.89	N/A	N/A	N/A	N/A	N/A	N/A
Randolph	0.237	93.478	149.478	0.008	3.316	6.316	1.043e-05	0.00411344	0.00657769	3.5e-07	0.00014592	0.00027793
Dallas	0.122	44.912	70.912	0.0	0.0	2.0	3.18e-06	0.00117233	0.001851	0.0	0.0	5.221e-05
Clay	0.0	3.829	22.829	0.0	0.0	0.0	0.0	0.00028844	0.0017197	0.0	0.0	0.0
Mobile	0.0	338.113	1018.113	0.0	19.767	52.767	0.0	0.00081718	0.00246065	0.0	4.777e-05	0.00012753
De Kalb	0.147	57.966	103.966	0.0	0.0	2.0	2.06e-06	0.00081202	0.00145641	0.0	0.0	2.802e-05
Shelby	0.51	220.767	493.767	0.01	2.785	8.785	2.36e-06	0.00102346	0.00228906	5e-08	1.291e-05	4.073e-05
Chilton	0.0	21.368	64.368	0.01	2.785	2.785	0.0	0.00048395	0.00145784	2.3e-07	6.308e-05	6.308e-05
Crenshaw	2.174	211.604	217.604	0.01	2.785	2.785	0.00015726	0.015307	0.01574103	7.2e-07	0.00020146	0.00020146
Franklin	0.284	70.56	88.56	0.0	0.0	1.0	9.06e-06	0.00224978	0.00282371	0.0	0.0	3.188e-05
Coffee	0.204	93.233	157.233	0.0	0.0	0.0	3.93e-06	0.00179609	0.00302901	0.0	0.0	0.0
Butler	0.082	30.141	44.141	0.0	0.0	0.0	4.17e-06	0.00153155	0.00224294	0.0	0.0	0.0
Blount	0.12	38.34	60.34	0.0	0.0	0.0	2.07e-06	0.00066286	0.00104322	0.0	0.0	0.0
Greene	0.092	36.176	68.176	0.0	0.0	0.0	1.117e-05	0.00439402	0.00828082	0.0	0.0	0.0
Escambia	0.055	21.9	37.9	0.0	0.0	0.0	1.5e-06	0.00059595	0.00103135	0.0	0.0	0.0
Lauderdale	0.0	1.177	25.177	0.0	0.919	4.919	0.0	1.274e-05	0.00027252	0.0	9.95e-06	5.324e-05
Perry	0.0	0.0	9.0	0.0	0.919	0.919	0.0	0.0	0.00098468	0.0	0.00010055	0.00010055
Chambers	0.0	67.131	324.131	0.0	5.129	18.129	0.0	0.00199705	0.00964245	0.0	0.00015258	0.00053931
Morgan	0.0	18.028	66.028	0.0	5.13	5.13	0.0	0.00015138	0.00055444	0.0	4.308e-05	4.308e-05
Cleburne	0.0	0.042	12.042	0.0	0.0	1.0	0.0	2.8e-06	0.0008035	0.0	0.0	6.672e-05
Lowndes	0.226	69.354	100.354	0.0	0.0	0.0	2.266e-05	0.00695348	0.01006156	0.0	0.0	0.0
Hale	0.113	44.798	75.798	0.0	0.0	1.0	7.67e-06	0.0030421	0.00514722	0.0	0.0	6.791e-05
Winston	5.131	440.038	449.038	0.0	0.0	0.0	0.00021686	0.01859839	0.01897878	0.0	0.0	0.0
Walker	0.0	4.959	94.959	0.0	0.0	0.0	0.0	7.784e-05	0.00149046	0.0	0.0	0.0
Marengo	0.017	20.378	50.378	0.063	24.89	26.89	8.9e-07	0.00106881	0.0026423	3.3e-06	0.00130547	0.00141036
Pickens	0.14	49.785	89.785	0.063	24.89	24.89	7.02e-06	0.00249699	0.00450321	3.16e-06	0.00124837	0.00124837
Saint Clair	0.128	50.668	107.668	0.063	24.89	24.89	1.44e-06	0.00057129	0.00121398	7.1e-07	0.00028064	0.00028064
Jackson	0.192	61.499	100.499	0.0	0.124	2.124	3.71e-06	0.00118871	0.00194254	0.0	2.4e-06	4.105e-05
