Ashland	0.0	0.0	0.0	0.0	0.0	0.0	0.0	0.0	0.0	0.0	0.0	0.0	2020-03-22
Ashland	0.0	0.0	0.0	0.0	0.0	0.0	0.0	0.0	0.0	0.0	0.0	0.0	2020-03-23
Ashland	0.0	0.0	0.0	0.0	0.0	0.0	0.0	0.0	0.0	0.0	0.0	0.0	2020-03-24
Ashland	0.0	0.0	0.0	0.0	0.0	0.0	0.0	0.0	0.0	0.0	0.0	0.0	2020-03-25
Ashland	0.0	0.0	0.0	0.0	0.0	0.0	0.0	0.0	0.0	0.0	0.0	0.0	2020-03-26
Ashland	0.0	0.0	0.0	0.0	0.0	0.0	0.0	0.0	0.0	0.0	0.0	0.0	2020-03-27
Ashland	0.0	0.0	0.0	0.0	0.0	0.0	0.0	0.0	0.0	0.0	0.0	0.0	2020-03-28
Ashland	0.0	0.0	0.0	0.0	0.0	0.0	0.0	0.0	0.0	0.0	0.0	0.0	2020-03-29
Ashland	0.0	0.0	0.0	0.0	0.0	0.0	0.0	0.0	0.0	0.0	0.0	0.0	2020-03-30
Ashland	1.0	0.0	0.0	0.0	6.41e-05	0.0	5.0	2.0	1.25	0.0003205	0.0001282	8.0125e-05	2020-03-31
Ashland	1.0	0.0	0.0	0.0	6.41e-05	0.0	5.0	2.0	1.25	0.0003205	0.0001282	8.0125e-05	2020-04-01
Ashland	1.0	0.0	0.0	0.0	6.41e-05	0.0	5.0	2.0	1.25	0.0003205	0.0001282	8.0125e-05	2020-04-02
Ashland	1.0	0.0	0.0	0.0	6.41e-05	0.0	5.0	2.0	1.25	0.0003205	0.0001282	8.0125e-05	2020-04-03
Ashland	0	0	0	0	_2020-3-24
Ashland	0	0	0	0	_2020-3-25
Ashland	0	0	0	0	_2020-3-26
