Name	Predicted_New_Cases	Total_Predicted_New_Cases	Total_Predicted_Cases	Predicted_New_Deaths	Total_Predicted_New_Deaths	Total_Predicted_Deaths	Predicted_New_per_capita	Predicted_Total_New_per_capita	Predicted_Total_Cases_per_capita	Predicted_New_Deaths_per_capita	Total_Predicted_New_Deaths_per_capita	Total_Predicted_Deaths_per_capita
Potter	0.204	158.442	300.442	0.0	0.0	3.0	1.71e-06	0.00132423	0.00251105	0.0	0.0	2.507e-05
McCulloch	0.0	0.0	3.0	0.0	0.0	0.0	0.0	0.0	0.00037561	0.0	0.0	0.0
Floyd	0.0	0.0	2.0	0.0	0.0	0.0	0.0	0.0	0.00034264	0.0	0.0	0.0
Bosque	0.0	0.0	1.0	0.0	0.0	0.0	0.0	0.0	5.35e-05	0.0	0.0	0.0
Oldham	0.0	0.0	3.0	0.0	0.0	1.0	0.0	0.0	0.00140779	0.0	0.0	0.00046926
Concho	0.0	0.0	1.0	0.0	0.0	0.0	0.0	0.0	0.00023386	0.0	0.0	0.0
Limestone	0.0	0.463	11.463	0.0	0.0	1.0	0.0	1.969e-05	0.00048739	0.0	0.0	4.252e-05
Lamb	0.004	3.811	5.811	0.0	0.0	0.0	3e-07	0.00028963	0.00044163	0.0	0.0	0.0
McLennan	0.0	5.917	81.917	0.0	2.715	6.715	0.0	2.324e-05	0.00032174	0.0	1.066e-05	2.637e-05
Jones	0.0	0.0	4.0	0.0	2.716	2.716	0.0	0.0	0.00020185	0.0	0.00013705	0.00013705
Brown	0.0	3.758	16.758	0.0	0.0	1.0	0.0	9.909e-05	0.00044188	0.0	0.0	2.637e-05
Delta	0.0	0.0	1.0	0.0	0.0	0.0	0.0	0.0	0.00018695	0.0	0.0	0.0
Tyler	0.009	8.403	14.403	0.0	0.0	0.0	4.1e-07	0.00038731	0.00066386	0.0	0.0	0.0
Wood	0.0	0.116	6.116	0.0	0.0	0.0	0.0	2.57e-06	0.00013552	0.0	0.0	0.0
Foard	0.0	0.0	0.0	0.0	0.0	0.0	0.0	0.0	0.0	0.0	0.0	0.0
Zavala	0.0	0.0	1.0	0.0	0.0	0.0	0.0	0.0	8.345e-05	0.0	0.0	0.0
Brewster	0.0	0.0	0.0	0.0	0.0	0.0	0.0	0.0	0.0	0.0	0.0	0.0
Brazos	0.0	94.362	264.362	0.002	16.059	32.059	0.0	0.00041614	0.00116583	1e-08	7.082e-05	0.00014138
Montague	0.016	14.462	19.462	0.002	16.059	16.059	8.2e-07	0.00073801	0.00099316	1e-07	0.0008195	0.0008195
Kendall	0.022	17.176	31.176	0.002	16.059	16.059	4.8e-07	0.00037633	0.00068307	4e-08	0.00035185	0.00035185
Sutton	0.0	0.0	0.0	0.0	0.0	0.0	0.0	0.0	0.0	0.0	0.0	0.0
Dallam	0.0	0.0	3.0	0.002	16.059	16.059	0.0	0.0	0.00041667	2.8e-07	0.00223042	0.00223042
Borden	0.0	0.0	0.0	0.0	0.0	0.0	0.0	0.0	0.0	0.0	0.0	0.0
Gray	0.019	16.817	33.817	0.002	16.059	16.059	8.7e-07	0.00076807	0.00154451	9e-08	0.00073346	0.00073346
Austin	0.017	15.248	27.248	0.002	16.059	16.059	5.7e-07	0.00050845	0.0009086	7e-08	0.0005355	0.0005355
Williamson	0.135	122.992	277.992	0.001	0.235	4.235	2.4e-07	0.00021702	0.00049053	0.0	4.1e-07	7.47e-06
Cherokee	1.379	258.912	268.912	0.0	0.0	1.0	2.622e-05	0.00492303	0.00511317	0.0	0.0	1.901e-05
Ellis	0.0	22.232	112.232	0.004	3.361	6.361	0.0	0.0001239	0.00062547	2e-08	1.873e-05	3.545e-05
Cameron	0.487	442.082	740.082	0.0	0.0	6.0	1.15e-06	0.00104287	0.00174586	0.0	0.0	1.415e-05
Harris	0.0	1307.466	6284.466	0.165	118.671	196.671	0.0	0.00027827	0.00133751	4e-08	2.526e-05	4.186e-05
Wilson	0.037	26.883	47.883	0.0	0.0	1.0	7.4e-07	0.00053526	0.00095339	0.0	0.0	1.991e-05
Montgomery	0.935	580.072	957.072	0.053	18.728	25.728	1.58e-06	0.00098163	0.00161962	9e-08	3.169e-05	4.354e-05
Bailey	0.0	0.0	0.0	0.0	0.0	0.0	0.0	0.0	0.0	0.0	0.0	0.0
Eastland	0.0	0.0	3.0	0.053	18.728	18.728	0.0	0.0	0.00016374	2.89e-06	0.00102216	0.00102216
Jim Wells	0.0	0.0	2.0	0.053	18.728	18.728	0.0	0.0	4.899e-05	1.3e-06	0.00045877	0.00045877
Kinney	0.0	0.0	0.0	0.0	0.0	0.0	0.0	0.0	0.0	0.0	0.0	0.0
Jim Hogg	0.0	0.0	0.0	0.0	0.0	0.0	0.0	0.0	0.0	0.0	0.0	0.0
Sterling	0.0	0.0	0.0	0.0	0.0	0.0	0.0	0.0	0.0	0.0	0.0	0.0
Rains	0.0	0.0	2.0	0.053	18.728	18.728	0.0	0.0	0.00016449	4.36e-06	0.00154026	0.00154026
Archer	0.0	0.0	0.0	0.0	0.0	0.0	0.0	0.0	0.0	0.0	0.0	0.0
Baylor	0.0	0.0	0.0	0.0	0.0	0.0	0.0	0.0	0.0	0.0	0.0	0.0
Schleicher	0.0	0.0	0.0	0.0	0.0	0.0	0.0	0.0	0.0	0.0	0.0	0.0
Wharton	0.0	16.148	50.148	0.053	18.728	18.728	0.0	0.000388	0.00120493	1.27e-06	0.00044999	0.00044999
Callahan	0.0	0.0	1.0	0.053	18.728	18.728	0.0	0.0	7.146e-05	3.79e-06	0.00133829	0.00133829
Jeff Davis	0.0	0.0	0.0	0.0	0.0	0.0	0.0	0.0	0.0	0.0	0.0	0.0
Comanche	0.0	0.449	4.449	0.053	18.728	18.728	0.0	3.318e-05	0.00032873	3.92e-06	0.00138377	0.00138377
Fisher	0.0	0.0	0.0	0.0	0.0	0.0	0.0	0.0	0.0	0.0	0.0	0.0
La Salle	0.0	0.0	1.0	0.053	18.728	18.728	0.0	0.0	0.00013278	7.04e-06	0.00248679	0.00248679
Freestone	0.0	0.0	3.0	0.053	18.728	18.728	0.0	0.0	0.00015145	2.68e-06	0.00094548	0.00094548
Carson	0.0	0.0	1.0	0.053	18.728	18.728	0.0	0.0	0.00016653	8.83e-06	0.00311873	0.00311873
Wichita	0.0	2.836	62.836	0.0	0.0	2.0	0.0	2.147e-05	0.0004758	0.0	0.0	1.514e-05
Somervell	0.0	0.0	0.0	0.0	0.0	0.0	0.0	0.0	0.0	0.0	0.0	0.0
Gonzales	0.0	0.0	2.0	0.0	0.0	0.0	0.0	0.0	9.603e-05	0.0	0.0	0.0
Kerr	0.009	8.403	12.403	0.0	0.0	0.0	1.7e-07	0.00016035	0.00023668	0.0	0.0	0.0
Henderson	0.0	2.423	15.423	0.0	0.0	0.0	0.0	2.944e-05	0.0001874	0.0	0.0	0.0
Yoakum	0.0	0.0	1.0	0.0	0.0	0.0	0.0	0.0	0.0001164	0.0	0.0	0.0
Trinity	0.019	16.817	23.817	0.0	0.0	0.0	1.29e-06	0.00114091	0.00161581	0.0	0.0	0.0
Mitchell	0.0	0.0	1.0	0.0	0.0	0.0	0.0	0.0	0.00012277	0.0	0.0	0.0
Hamilton	0.0	0.0	5.0	0.0	0.0	0.0	0.0	0.0	0.00058934	0.0	0.0	0.0
Lee	0.0	0.0	2.0	0.0	0.0	0.0	0.0	0.0	0.00011666	0.0	0.0	0.0
Caldwell	0.005	4.149	12.149	0.0	0.0	0.0	1.2e-07	9.594e-05	0.00028092	0.0	0.0	0.0
Washington	0.056	55.043	116.043	0.033	15.762	19.762	1.6e-06	0.00156782	0.00330532	9.4e-07	0.00044896	0.00056289
Rockwall	0.132	94.965	135.965	0.033	15.762	15.762	1.31e-06	0.00094345	0.00135078	3.3e-07	0.00015659	0.00015659
Lampasas	0.0	0.0	2.0	0.033	15.762	15.762	0.0	0.0	9.421e-05	1.55e-06	0.00074247	0.00074247
Reeves	0.0	0.0	2.0	0.033	15.762	15.762	0.0	0.0	0.00012743	2.1e-06	0.00100427	0.00100427
Falls	0.0	0.0	1.0	0.033	15.762	15.762	0.0	0.0	5.769e-05	1.9e-06	0.00090926	0.00090926
Tom Green	0.0	4.94	45.94	0.0	0.0	1.0	0.0	4.18e-05	0.0003887	0.0	0.0	8.46e-06
Erath	0.0	0.113	13.113	0.0	0.0	1.0	0.0	2.66e-06	0.00030893	0.0	0.0	2.356e-05
Bandera	0.0	0.0	4.0	0.0	0.0	0.0	0.0	0.0	0.00017525	0.0	0.0	0.0
Motley	0.0	0.0	1.0	0.0	0.0	0.0	0.0	0.0	0.00081037	0.0	0.0	0.0
Reagan	0.0	0.0	0.0	0.0	0.0	0.0	0.0	0.0	0.0	0.0	0.0	0.0
Bee	0.0	0.0	5.0	0.0	0.0	0.0	0.0	0.0	0.00015344	0.0	0.0	0.0
Hunt	0.0	19.408	51.408	0.0	0.0	2.0	0.0	0.00020113	0.00053276	0.0	0.0	2.073e-05
Hardin	0.0	54.837	129.837	0.0	0.0	2.0	0.0	0.00095857	0.0022696	0.0	0.0	3.496e-05
Hansford	0.0	0.0	1.0	0.0	0.0	0.0	0.0	0.0	0.00018305	0.0	0.0	0.0
Denton	0.0	263.468	856.468	0.0	12.885	28.885	0.0	0.00030669	0.00099698	0.0	1.5e-05	3.362e-05
McMullen	0.0	0.0	0.0	0.0	0.0	0.0	0.0	0.0	0.0	0.0	0.0	0.0
Hays	0.321	185.754	313.754	0.0	0.0	1.0	1.44e-06	0.00083436	0.0014093	0.0	0.0	4.49e-06
Bowie	0.143	95.266	152.266	0.0	0.0	1.0	1.52e-06	0.00100999	0.00161429	0.0	0.0	1.06e-05
Martin	0.0	0.0	2.0	0.0	0.0	0.0	0.0	0.0	0.00034764	0.0	0.0	0.0
Victoria	0.0	9.492	102.492	0.0	0.0	1.0	0.0	0.00010313	0.00111362	0.0	0.0	1.087e-05
Fayette	3.954	587.333	602.333	0.0	0.0	0.0	0.00015598	0.02316987	0.02376161	0.0	0.0	0.0
Cass	2.628	390.318	401.318	0.0	0.0	0.0	8.725e-05	0.0129592	0.01332441	0.0	0.0	0.0
Jefferson	0.322	250.127	430.127	0.058	24.046	34.046	1.26e-06	0.00098089	0.00168677	2.3e-07	9.43e-05	0.00013351
San Jacinto	0.024	21.75	31.75	0.058	24.046	24.046	8.4e-07	0.00075734	0.00110554	2.02e-06	0.00083729	0.00083729
Red River	0.0	0.0	1.0	0.058	24.046	24.046	0.0	0.0	8.214e-05	4.76e-06	0.00197503	0.00197503
Newton	0.0	0.0	2.0	0.058	24.046	24.046	0.0	0.0	0.0001455	4.22e-06	0.00174931	0.00174931
Dickens	0.0	0.0	1.0	0.058	24.046	24.046	0.0	0.0	0.00044464	2.579e-05	0.01069186	0.01069186
Real	0.0	0.0	0.0	0.0	0.0	0.0	0.0	0.0	0.0	0.0	0.0	0.0
Colorado	0.002	1.683	9.683	0.058	24.046	24.046	9e-08	7.932e-05	0.00045638	2.73e-06	0.00113334	0.00113334
Dimmit	0.0	0.0	1.0	0.058	24.046	24.046	0.0	0.0	9.701e-05	5.63e-06	0.00233275	0.00233275
Karnes	0.014	7.014	10.014	0.058	24.046	24.046	8.9e-07	0.00044818	0.00063987	3.71e-06	0.00153649	0.00153649
Tarrant	3.011	2012.346	3254.346	0.415	154.715	193.715	1.44e-06	0.00096519	0.00156089	2e-07	7.421e-05	9.291e-05
Crane	0.0	0.0	2.0	0.415	154.715	154.715	0.0	0.0	0.00041719	8.657e-05	0.03227263	0.03227263
Hopkins	0.0	0.0	4.0	0.415	154.715	154.715	0.0	0.0	0.00010867	1.127e-05	0.00420307	0.00420307
Burleson	0.012	10.763	19.763	0.415	154.715	154.715	6.5e-07	0.0005853	0.00107472	2.257e-05	0.00841345	0.00841345
Smith	0.064	79.002	200.002	0.0	0.0	2.0	2.8e-07	0.00034316	0.00086874	0.0	0.0	8.69e-06
Fort Bend	0.784	711.387	1494.387	0.111	50.86	67.86	1e-06	0.00090294	0.00189677	1.4e-07	6.455e-05	8.613e-05
Matagorda	0.0	3.286	58.286	0.0	0.0	3.0	0.0	8.99e-05	0.0015946	0.0	0.0	8.207e-05
Panola	0.109	99.221	137.221	0.007	6.728	9.728	4.71e-06	0.00428637	0.00592799	3e-07	0.00029065	0.00042025
Parker	0.015	26.002	47.002	0.007	6.728	6.728	1.1e-07	0.00018792	0.00033968	5e-08	4.862e-05	4.862e-05
Brooks	0.0	0.0	0.0	0.0	0.0	0.0	0.0	0.0	0.0	0.0	0.0	0.0
Frio	0.0	0.0	1.0	0.007	6.728	6.728	0.0	0.0	5.046e-05	3.5e-07	0.00033952	0.00033952
Donley	0.006	5.051	28.051	0.007	6.728	6.728	1.81e-06	0.00152184	0.00845164	2.11e-06	0.00202712	0.00202712
Lamar	0.003	2.918	9.918	0.007	6.728	6.728	6e-08	5.868e-05	0.00019944	1.4e-07	0.0001353	0.0001353
Deaf Smith	0.035	21.432	33.432	0.007	6.728	6.728	1.87e-06	0.00114243	0.00178209	3.7e-07	0.00035864	0.00035864
Childress	0.0	0.0	1.0	0.007	6.728	6.728	0.0	0.0	0.00013716	9.6e-07	0.00092278	0.00092278
Marion	0.0	0.0	3.0	0.007	6.728	6.728	0.0	0.0	0.00030218	7.1e-07	0.00067768	0.00067768
Morris	0.0	1.243	6.243	0.007	6.728	6.728	0.0	0.00010074	0.00050596	5.7e-07	0.00054526	0.00054526
Grayson	0.0	3.557	22.557	0.007	6.728	6.728	0.0	2.655e-05	0.00016835	5e-08	5.021e-05	5.021e-05
Wheeler	0.0	0.0	0.0	0.0	0.0	0.0	0.0	0.0	0.0	0.0	0.0	0.0
Runnels	0.0	0.0	0.0	0.0	0.0	0.0	0.0	0.0	0.0	0.0	0.0	0.0
Leon	0.013	7.911	12.911	0.007	6.728	6.728	7.5e-07	0.00045808	0.0007476	4.1e-07	0.00038958	0.00038958
Coryell	0.484	262.75	337.75	0.0	0.0	1.0	6.47e-06	0.00351232	0.00451489	0.0	0.0	1.337e-05
Collingsworth	0.0	0.0	0.0	0.0	0.0	0.0	0.0	0.0	0.0	0.0	0.0	0.0
Willacy	1.602	237.908	245.908	0.0	0.0	1.0	7.446e-05	0.01105777	0.01142961	0.0	0.0	4.648e-05
Loving	0.0	0.0	0.0	0.0	0.0	0.0	0.0	0.0	0.0	0.0	0.0	0.0
Brazoria	0.334	302.831	617.831	0.005	4.929	7.929	9e-07	0.00081802	0.00166891	1e-08	1.331e-05	2.142e-05
Live Oak	0.0	0.0	3.0	0.005	4.929	4.929	0.0	0.0	0.00024659	4.1e-07	0.00040515	0.00040515
Hill	0.0	5.552	15.552	0.0	0.0	1.0	0.0	0.00015272	0.00042779	0.0	0.0	2.751e-05
Houston	0.0	0.0	3.0	0.0	0.0	0.0	0.0	0.0	0.00012948	0.0	0.0	0.0
Dawson	2.653	394.031	407.031	0.0	0.0	1.0	0.00021024	0.03122522	0.03225541	0.0	0.0	7.925e-05
Camp	0.009	8.403	14.403	0.0	0.0	0.0	6.9e-07	0.00064475	0.00110512	0.0	0.0	0.0
Culberson	0.0	0.0	0.0	0.0	0.0	0.0	0.0	0.0	0.0	0.0	0.0	0.0
Nacogdoches	0.342	212.152	303.152	0.089	31.215	37.215	5.2e-06	0.00322856	0.00461341	1.35e-06	0.00047503	0.00056634
Madison	0.0	0.0	2.0	0.089	31.215	31.215	0.0	0.0	0.00013868	6.17e-06	0.0021644	0.0021644
Starr	0.0	0.0	7.0	0.089	31.215	31.215	0.0	0.0	0.00010849	1.38e-06	0.00048377	0.00048377
Gillespie	0.0	0.0	1.0	0.089	31.215	31.215	0.0	0.0	3.731e-05	3.32e-06	0.00116456	0.00116456
Lavaca	0.0	0.07	4.07	0.089	31.215	31.215	0.0	3.48e-06	0.00020239	4.43e-06	0.00155221	0.00155221
Lubbock	0.766	596.162	1026.162	0.389	162.016	194.016	2.49e-06	0.00193929	0.00333807	1.27e-06	0.00052703	0.00063113
Upshur	0.0	7.18	16.18	0.389	162.016	162.016	0.0	0.00017402	0.00039215	9.43e-06	0.00392671	0.00392671
El Paso	1.365	912.316	1443.316	0.0	0.0	8.0	1.62e-06	0.00108511	0.00171668	0.0	0.0	9.52e-06
Aransas	0.0	0.0	2.0	0.0	0.0	0.0	0.0	0.0	8.406e-05	0.0	0.0	0.0
Kimble	0.0	0.0	0.0	0.0	0.0	0.0	0.0	0.0	0.0	0.0	0.0	0.0
Haskell	0.0	0.0	0.0	0.0	0.0	0.0	0.0	0.0	0.0	0.0	0.0	0.0
Mills	0.0	0.0	0.0	0.0	0.0	0.0	0.0	0.0	0.0	0.0	0.0	0.0
Comal	0.0	5.823	48.823	0.0	2.781	8.781	0.0	3.925e-05	0.00032906	0.0	1.874e-05	5.918e-05
Titus	0.009	8.403	17.403	0.0	2.782	2.782	2.7e-07	0.00025438	0.00052684	0.0	8.422e-05	8.422e-05
Webb	0.29	285.77	565.77	0.061	29.422	40.422	1.05e-06	0.00103574	0.00205056	2.2e-07	0.00010664	0.0001465
Irion	0.0	0.0	0.0	0.0	0.0	0.0	0.0	0.0	0.0	0.0	0.0	0.0
San Augustine	0.022	20.18	34.18	0.0	0.0	1.0	2.67e-06	0.00245141	0.00415209	0.0	0.0	0.00012148
Kent	0.0	0.0	0.0	0.0	0.0	0.0	0.0	0.0	0.0	0.0	0.0	0.0
Liberty	0.041	37.001	69.001	0.0	0.0	0.0	4.7e-07	0.00042863	0.00079934	0.0	0.0	0.0
Terry	0.014	12.554	22.554	0.0	0.0	0.0	1.14e-06	0.00102173	0.0018356	0.0	0.0	0.0
Kleberg	1.852	275.082	281.082	0.0	0.0	1.0	5.949e-05	0.00883684	0.00902959	0.0	0.0	3.212e-05
Lipscomb	0.0	0.0	0.0	0.0	0.0	0.0	0.0	0.0	0.0	0.0	0.0	0.0
Howard	0.0	0.0	1.0	0.0	0.0	1.0	0.0	0.0	2.743e-05	0.0	0.0	2.743e-05
Atascosa	0.0	1.551	13.551	0.0	0.0	1.0	0.0	3.083e-05	0.00026935	0.0	0.0	1.988e-05
Briscoe	0.0	0.0	0.0	0.0	0.0	0.0	0.0	0.0	0.0	0.0	0.0	0.0
Hidalgo	0.0	157.133	418.133	0.0	0.0	3.0	0.0	0.00018146	0.00048287	0.0	0.0	3.46e-06
Scurry	0.0	0.0	2.0	0.0	0.0	0.0	0.0	0.0	0.00011858	0.0	0.0	0.0
Upton	0.0	0.0	0.0	0.0	0.0	0.0	0.0	0.0	0.0	0.0	0.0	0.0
Milam	0.005	6.589	18.589	0.0	0.0	0.0	2e-07	0.00026219	0.00073968	0.0	0.0	0.0
Glasscock	0.0	0.0	0.0	0.0	0.0	0.0	0.0	0.0	0.0	0.0	0.0	0.0
Randall	0.135	122.436	234.436	0.0	0.0	3.0	9.9e-07	0.00089847	0.00172037	0.0	0.0	2.201e-05
Midland	0.034	30.497	73.497	0.005	4.149	7.149	2e-07	0.00017671	0.00042588	3e-08	2.404e-05	4.142e-05
Calhoun	0.04	28.526	49.526	0.0	0.0	1.0	1.86e-06	0.00132304	0.00229702	0.0	0.0	4.638e-05
Sherman	0.0	0.0	7.0	0.0	0.0	0.0	0.0	0.0	0.00227347	0.0	0.0	0.0
Hutchinson	0.022	20.18	28.18	0.0	0.0	0.0	1.04e-06	0.00095198	0.00132937	0.0	0.0	0.0
Presidio	0.0	0.0	0.0	0.0	0.0	0.0	0.0	0.0	0.0	0.0	0.0	0.0
Hemphill	0.0	0.0	1.0	0.0	0.0	0.0	0.0	0.0	0.00026144	0.0	0.0	0.0
Throckmorton	0.0	0.0	0.0	0.0	0.0	0.0	0.0	0.0	0.0	0.0	0.0	0.0
San Patricio	0.0	0.433	8.433	0.0	0.0	0.0	0.0	6.47e-06	0.00012607	0.0	0.0	0.0
Stephens	0.0	0.0	1.0	0.0	0.0	0.0	0.0	0.0	0.00010601	0.0	0.0	0.0
Mason	0.0	0.0	1.0	0.0	0.0	0.0	0.0	0.0	0.00023364	0.0	0.0	0.0
Edwards	0.0	0.0	0.0	0.0	0.0	0.0	0.0	0.0	0.0	0.0	0.0	0.0
Crockett	0.0	0.0	0.0	0.0	0.0	0.0	0.0	0.0	0.0	0.0	0.0	0.0
Dallas	2.901	2436.251	4948.251	0.48	220.624	280.624	1.1e-06	0.0009236	0.00187592	1.8e-07	8.364e-05	0.00010639
Andrews	0.035	31.956	50.956	0.48	220.624	220.624	1.93e-06	0.0017628	0.0028109	2.648e-05	0.01217034	0.01217034
Hudspeth	0.0	0.0	0.0	0.0	0.0	0.0	0.0	0.0	0.0	0.0	0.0	0.0
Swisher	0.0	0.696	5.696	0.48	220.624	220.624	0.0	9.327e-05	0.00076333	6.433e-05	0.02956634	0.02956634
Waller	0.062	41.669	65.669	0.48	220.624	220.624	1.17e-06	0.00078434	0.0012361	9.04e-06	0.00415284	0.00415284
Clay	0.004	3.361	6.361	0.48	220.624	220.624	3.8e-07	0.00032144	0.00060836	4.591e-05	0.02110023	0.02110023
Lynn	0.0	0.129	5.129	0.48	220.624	220.624	0.0	2.195e-05	0.00087272	8.167e-05	0.03754024	0.03754024
Shelby	0.102	92.271	152.271	0.48	220.624	220.624	4.01e-06	0.00363014	0.00599068	1.888e-05	0.00867983	0.00867983
Wilbarger	0.0	0.0	1.0	0.48	220.624	220.624	0.0	0.0	7.8e-05	3.744e-05	0.01720936	0.01720936
Terrell	0.0	0.0	0.0	0.0	0.0	0.0	0.0	0.0	0.0	0.0	0.0	0.0
Van Zandt	0.0	1.128	13.128	0.0	0.0	1.0	0.0	2.014e-05	0.00023435	0.0	0.0	1.785e-05
Franklin	0.0	0.0	1.0	0.0	0.0	0.0	0.0	0.0	9.289e-05	0.0	0.0	0.0
Ward	0.0	0.0	0.0	0.0	0.0	0.0	0.0	0.0	0.0	0.0	0.0	0.0
Hardeman	0.0	0.0	0.0	0.0	0.0	0.0	0.0	0.0	0.0	0.0	0.0	0.0
Ochiltree	0.0	0.0	0.0	0.0	0.0	0.0	0.0	0.0	0.0	0.0	0.0	0.0
Gaines	0.004	3.811	5.811	0.0	0.0	0.0	1.9e-07	0.00018234	0.00027802	0.0	0.0	0.0
Anderson	0.017	15.136	23.136	0.0	0.0	0.0	2.9e-07	0.00026071	0.0003985	0.0	0.0	0.0
Uvalde	0.0	0.056	6.056	0.0	0.0	0.0	0.0	2.09e-06	0.00022558	0.0	0.0	0.0
Bastrop	0.069	62.339	106.339	0.0	0.0	2.0	7.9e-07	0.00071674	0.00122262	0.0	0.0	2.299e-05
Jack	0.0	0.0	3.0	0.0	0.0	0.0	0.0	0.0	0.00033925	0.0	0.0	0.0
Bell	0.105	114.272	240.272	0.0	0.056	3.056	3e-07	0.00032131	0.0006756	0.0	1.6e-07	8.59e-06
Young	0.676	100.367	104.367	0.0	0.0	1.0	3.746e-05	0.00556204	0.00578371	0.0	0.0	5.542e-05
Grimes	0.013	11.662	21.662	0.0	0.0	1.0	4.6e-07	0.00041121	0.00076382	0.0	0.0	3.526e-05
Nueces	0.061	55.719	145.719	0.0	0.0	0.0	1.7e-07	0.00015381	0.00040224	0.0	0.0	0.0
Wise	0.065	28.281	37.281	0.0	0.0	2.0	9.5e-07	0.00041404	0.0005458	0.0	0.0	2.928e-05
Coleman	0.0	0.0	0.0	0.0	0.0	0.0	0.0	0.0	0.0	0.0	0.0	0.0
Shackelford	0.0	0.0	0.0	0.0	0.0	0.0	0.0	0.0	0.0	0.0	0.0	0.0
Maverick	0.0	8.177	20.177	0.0	0.0	0.0	0.0	0.00013981	0.00034499	0.0	0.0	0.0
Garza	0.0	0.0	0.0	0.0	0.0	0.0	0.0	0.0	0.0	0.0	0.0	0.0
Parmer	0.0	0.0	1.0	0.0	0.0	0.0	0.0	0.0	0.00010138	0.0	0.0	0.0
Stonewall	0.0	0.0	0.0	0.0	0.0	0.0	0.0	0.0	0.0	0.0	0.0	0.0
Robertson	0.0	0.0	2.0	0.0	0.0	0.0	0.0	0.0	0.00011571	0.0	0.0	0.0
Menard	0.0	0.0	0.0	0.0	0.0	0.0	0.0	0.0	0.0	0.0	0.0	0.0
Dewitt	0.023	14.533	27.533	0.0	0.0	0.0	1.14e-06	0.00071992	0.0013639	0.0	0.0	0.0
Goliad	0.004	3.361	8.361	0.0	0.0	0.0	5.3e-07	0.00044317	0.00110245	0.0	0.0	0.0
Angelina	0.084	40.556	63.556	0.0	0.0	0.0	9.6e-07	0.00046567	0.00072976	0.0	0.0	0.0
Crosby	0.0	0.0	1.0	0.0	0.0	1.0	0.0	0.0	0.00017304	0.0	0.0	0.00017304
Chambers	0.0	9.504	44.504	0.0	0.0	0.0	0.0	0.00022387	0.00104829	0.0	0.0	0.0
Roberts	0.0	0.0	2.0	0.0	0.0	0.0	0.0	0.0	0.00221484	0.0	0.0	0.0
Cottle	0.0	0.0	0.0	0.0	0.0	0.0	0.0	0.0	0.0	0.0	0.0	0.0
San Saba	0.0	0.0	0.0	0.0	0.0	0.0	0.0	0.0	0.0	0.0	0.0	0.0
Knox	0.0	0.0	1.0	0.0	0.0	0.0	0.0	0.0	0.00027375	0.0	0.0	0.0
Kenedy	0.0	0.0	0.0	0.0	0.0	0.0	0.0	0.0	0.0	0.0	0.0	0.0
Kaufman	0.034	48.27	92.27	0.0	0.0	0.0	2.6e-07	0.00037529	0.00071737	0.0	0.0	0.0
Moore	48.027	7133.546	7254.546	0.0	0.0	0.0	0.00223537	0.33202448	0.33765632	0.0	0.0	0.0
Winkler	0.0	0.0	3.0	0.0	0.0	0.0	0.0	0.0	0.0003886	0.0	0.0	0.0
Rusk	8.785	1304.779	1332.779	0.0	0.0	1.0	0.00016134	0.02396288	0.02447712	0.0	0.0	1.837e-05
Ector	0.056	50.791	108.791	0.0	0.0	4.0	3.5e-07	0.00031328	0.00067104	0.0	0.0	2.467e-05
Hartley	0.0	0.0	1.0	0.0	0.0	0.0	0.0	0.0	0.00017797	0.0	0.0	0.0
Medina	0.0	2.292	17.292	0.0	0.0	2.0	0.0	4.501e-05	0.00033958	0.0	0.0	3.928e-05
Hockley	0.0	2.847	18.847	0.0	0.0	1.0	0.0	0.00012389	0.00082015	0.0	0.0	4.352e-05
Bexar	0.035	789.474	1804.474	0.04	49.031	88.031	2e-08	0.00039751	0.00090857	2e-08	2.469e-05	4.432e-05
Sabine	0.0	0.0	1.0	0.04	49.031	49.031	0.0	0.0	9.444e-05	3.78e-06	0.00463037	0.00463037
Johnson	0.428	150.261	191.261	0.0	0.0	1.0	2.5e-06	0.00087687	0.00111613	0.0	0.0	5.84e-06
Nolan	0.0	0.0	0.0	0.0	0.0	0.0	0.0	0.0	0.0	0.0	0.0	0.0
Harrison	0.616	256.474	303.474	0.579	131.451	135.451	9.23e-06	0.00384369	0.00454806	8.68e-06	0.00197001	0.00202996
Castro	0.0	0.0	11.0	0.0	0.0	1.0	0.0	0.0	0.00143509	0.0	0.0	0.00013046
Pecos	0.0	0.0	5.0	0.0	0.0	0.0	0.0	0.0	0.00031902	0.0	0.0	0.0
Palo Pinto	0.0	0.0	7.0	0.0	0.0	1.0	0.0	0.0	0.00024242	0.0	0.0	3.463e-05
Hall	0.0	0.0	0.0	0.0	0.0	0.0	0.0	0.0	0.0	0.0	0.0	0.0
Val Verde	0.0	3.545	15.545	0.0	0.0	0.0	0.0	7.204e-05	0.0003159	0.0	0.0	0.0
Blanco	0.002	2.016	7.016	0.0	0.0	0.0	1.7e-07	0.00017228	0.00059956	0.0	0.0	0.0
Hale	0.0	0.69	12.69	0.0	0.0	2.0	0.0	2.04e-05	0.00037511	0.0	0.0	5.912e-05
Taylor	0.257	184.979	328.979	0.006	5.051	7.051	1.87e-06	0.00134393	0.00239014	4e-08	3.67e-05	5.123e-05
Galveston	0.007	265.795	720.795	0.01	23.193	40.193	2e-08	0.00078663	0.00213322	3e-08	6.864e-05	0.00011895
Burnet	0.008	6.949	15.949	0.01	23.193	23.193	1.7e-07	0.00014617	0.00033547	2.1e-07	0.00048784	0.00048784
Guadalupe	0.0	10.476	68.476	0.01	23.193	23.193	0.0	6.4e-05	0.00041832	6e-08	0.00014169	0.00014169
Duval	0.0	0.0	1.0	0.01	23.193	23.193	0.0	0.0	8.919e-05	8.9e-07	0.00206859	0.00206859
Coke	0.0	0.0	0.0	0.0	0.0	0.0	0.0	0.0	0.0	0.0	0.0	0.0
Jasper	0.0	1.146	10.146	0.0	0.0	1.0	0.0	3.195e-05	0.00028284	0.0	0.0	2.788e-05
Collin	0.0	93.14	620.14	0.0	7.835	20.835	0.0	9.266e-05	0.00061697	0.0	7.79e-06	2.073e-05
Refugio	0.0	0.0	0.0	0.0	0.0	0.0	0.0	0.0	0.0	0.0	0.0	0.0
Llano	0.0	0.0	3.0	0.0	7.837	7.837	0.0	0.0	0.00013859	0.0	0.00036205	0.00036205
Gregg	0.0	21.855	73.855	0.0	7.837	7.837	0.0	0.00017667	0.00059702	0.0	6.335e-05	6.335e-05
Cochran	0.0	0.0	0.0	0.0	0.0	0.0	0.0	0.0	0.0	0.0	0.0	0.0
Zapata	0.0	0.0	6.0	0.0	7.837	7.837	0.0	0.0	0.00042283	0.0	0.00055229	0.00055229
King	0.0	0.0	0.0	0.0	0.0	0.0	0.0	0.0	0.0	0.0	0.0	0.0
Walker	28.836	4640.836	4713.836	0.0	7.837	7.837	0.00039785	0.06402919	0.06503637	0.0	0.00010813	0.00010813
Polk	0.313	96.018	110.018	0.0	7.837	7.837	6.26e-06	0.00191917	0.002199	0.0	0.00015664	0.00015664
Orange	0.038	54.305	107.305	0.0	7.837	7.837	4.5e-07	0.0006498	0.00128398	0.0	9.378e-05	9.378e-05
Armstrong	0.0	0.0	1.0	0.0	7.835	7.835	0.0	0.0	0.00052854	0.0	0.00414112	0.00414112
Travis	2.495	1667.203	2775.203	0.365	136.149	161.149	2e-06	0.0013351	0.0022224	2.9e-07	0.00010903	0.00012905
Hood	0.016	15.449	32.449	0.011	10.086	13.086	2.6e-07	0.0002552	0.00053602	1.8e-07	0.00016661	0.00021617
Navarro	0.016	28.564	48.564	0.0	0.0	2.0	3.2e-07	0.00057629	0.0009798	0.0	0.0	4.035e-05
Cooke	0.0	0.0	4.0	0.0	0.0	0.0	0.0	0.0	9.859e-05	0.0	0.0	0.0
Fannin	0.0	1.864	9.864	0.0	0.0	0.0	0.0	5.283e-05	0.00027954	0.0	0.0	0.0
Jackson	0.0	0.0	4.0	0.0	0.0	0.0	0.0	0.0	0.00026893	0.0	0.0	0.0
