Name	Predicted_New_Cases	Total_Predicted_New_Cases	Total_Predicted_Cases	Predicted_New_Deaths	Total_Predicted_New_Deaths	Total_Predicted_Deaths	Predicted_New_per_capita	Predicted_Total_New_per_capita	Predicted_Total_Cases_per_capita	Predicted_New_Deaths_per_capita	Total_Predicted_New_Deaths_per_capita	Total_Predicted_Deaths_per_capita
Potter	0.0	0.0	0.0	0.0	0.0	0.0	0.0	0.0	0.0	0.0	0.0	0.0
Turner	0.0	0.0	5.0	0.0	6.77	6.77	0.0	0.0	0.00059354	0.0	0.00080366	0.00080366
Jones	0.0	0.0	0.0	0.0	0.0	0.0	0.0	0.0	0.0	0.0	0.0	0.0
Brown	0.0	1.777	16.777	0.0	22.197	22.197	0.0	4.52e-05	0.00042672	0.0	0.00056458	0.00056458
Jerauld	0.0	0.0	3.0	2.089	336.648	336.648	0.0	0.0	0.00146843	0.00102252	0.1647812	0.1647812
Haakon	0.0	0.0	0.0	0.0	0.0	0.0	0.0	0.0	0.0	0.0	0.0	0.0
Hand	0.0	0.0	0.0	0.0	0.0	0.0	0.0	0.0	0.0	0.0	0.0	0.0
Minnehaha	140.943	28425.629	29359.629	0.0	0.0	2.0	0.00073074	0.14737774	0.15222023	0.0	0.0	1.037e-05
Todd	0.0	0.0	1.0	0.0	0.0	0.0	0.0	0.0	9.725e-05	0.0	0.0	0.0
Bon Homme	0.008	7.857	11.857	0.0	0.0	0.0	1.15e-06	0.00112564	0.00169871	0.0	0.0	0.0
Butte	0.0	0.0	0.0	0.0	0.0	0.0	0.0	0.0	0.0	0.0	0.0	0.0
Brule	0.0	0.0	1.0	0.0	0.0	0.0	0.0	0.0	0.00019124	0.0	0.0	0.0
Lincoln	0.13	96.871	161.871	0.0	0.0	0.0	2.21e-06	0.00164727	0.00275258	0.0	0.0	0.0
Beadle	0.0	0.0	21.0	0.0	0.0	2.0	0.0	0.0	0.00111211	0.0	0.0	0.00010592
Hyde	0.0	0.0	1.0	0.0	0.0	0.0	0.0	0.0	0.00078003	0.0	0.0	0.0
Sully	0.0	0.0	1.0	0.0	0.0	0.0	0.0	0.0	0.00071839	0.0	0.0	0.0
Fall River	0.0	0.0	1.0	0.0	0.0	0.0	0.0	0.0	0.00014797	0.0	0.0	0.0
Stanley	0.0	0.0	0.0	0.0	0.0	0.0	0.0	0.0	0.0	0.0	0.0	0.0
Sanborn	0.0	0.0	3.0	0.0	0.0	0.0	0.0	0.0	0.00123508	0.0	0.0	0.0
Spink	0.0	0.0	3.0	0.0	0.0	0.0	0.0	0.0	0.00046189	0.0	0.0	0.0
Hanson	0.0	0.0	0.0	0.0	0.0	0.0	0.0	0.0	0.0	0.0	0.0	0.0
Deuel	0.0	0.0	1.0	0.0	0.0	0.0	0.0	0.0	0.00023057	0.0	0.0	0.0
Hamlin	0.0	0.0	1.0	0.0	0.0	0.0	0.0	0.0	0.00016364	0.0	0.0	0.0
Custer	0.0	0.0	0.0	0.0	0.0	0.0	0.0	0.0	0.0	0.0	0.0	0.0
Douglas	0.0	0.0	0.0	0.0	0.0	0.0	0.0	0.0	0.0	0.0	0.0	0.0
Faulk	0.0	0.0	1.0	0.0	0.0	0.0	0.0	0.0	0.00042918	0.0	0.0	0.0
Walworth	0.0	0.0	5.0	0.0	0.0	0.0	0.0	0.0	0.00089493	0.0	0.0	0.0
Pennington	1.07	201.305	210.305	0.0	0.0	1.0	9.58e-06	0.00180173	0.00188228	0.0	0.0	8.95e-06
Perkins	0.0	0.0	0.0	0.0	0.0	0.0	0.0	0.0	0.0	0.0	0.0	0.0
Lyman	0.003	3.031	5.031	0.0	0.0	0.0	7.9e-07	0.00079325	0.00131667	0.0	0.0	0.0
Lawrence	0.0	0.0	9.0	0.0	0.0	0.0	0.0	0.0	0.00034964	0.0	0.0	0.0
Tripp	0.0	0.0	0.0	0.0	0.0	0.0	0.0	0.0	0.0	0.0	0.0	0.0
Aurora	0.0	0.0	1.0	0.0	0.0	0.0	0.0	0.0	0.00035702	0.0	0.0	0.0
Bennett	0.0	0.0	0.0	0.0	0.0	0.0	0.0	0.0	0.0	0.0	0.0	0.0
Hughes	0.026	12.796	17.796	0.0	0.0	0.0	1.47e-06	0.00072499	0.00100827	0.0	0.0	0.0
Hutchinson	0.0	0.0	2.0	0.0	0.0	0.0	0.0	0.0	0.000271	0.0	0.0	0.0
Marshall	0.0	0.0	1.0	0.0	0.0	0.0	0.0	0.0	0.00019562	0.0	0.0	0.0
Yankton	0.02	20.2	42.2	0.0	0.0	0.0	8.7e-07	0.00088329	0.00184529	0.0	0.0	0.0
Moody	0.0	0.0	0.0	0.0	0.0	0.0	0.0	0.0	0.0	0.0	0.0	0.0
Lake	0.0	0.0	2.0	0.0	0.0	0.0	0.0	0.0	0.00015317	0.0	0.0	0.0
Unassigned	0.0	0.0	0.0	0.0	0.0	0.0	N/A	N/A	N/A	N/A	N/A	N/A
Buffalo	0.0	0.0	0.0	0.0	0.0	0.0	0.0	0.0	0.0	0.0	0.0	0.0
Clay	0.005	5.056	10.056	0.0	0.0	0.0	3.6e-07	0.00036009	0.00071619	0.0	0.0	0.0
Kingsbury	0.0	0.0	0.0	0.0	0.0	0.0	0.0	0.0	0.0	0.0	0.0	0.0
Oglala Lakota	0.0	0.0	1.0	0.0	0.0	0.0	0.0	0.0	6.989e-05	0.0	0.0	0.0
Campbell	0.0	0.0	0.0	0.0	0.0	0.0	0.0	0.0	0.0	0.0	0.0	0.0
Union	0.007	6.735	10.735	0.0	0.0	0.0	4.5e-07	0.00043121	0.0006873	0.0	0.0	0.0
Gregory	0.0	0.0	0.0	0.0	0.0	0.0	0.0	0.0	0.0	0.0	0.0	0.0
Charles Mix	0.012	8.062	12.062	0.0	0.0	0.0	1.29e-06	0.00086335	0.00129171	0.0	0.0	0.0
Codington	0.0	0.883	13.883	0.0	0.0	0.0	0.0	3.152e-05	0.00049556	0.0	0.0	0.0
Clark	0.0	0.0	1.0	0.0	0.0	0.0	0.0	0.0	0.00026745	0.0	0.0	0.0
Meade	0.0	0.0	1.0	0.0	0.0	0.0	0.0	0.0	3.534e-05	0.0	0.0	0.0
Dewey	0.0	0.0	0.0	0.0	0.0	0.0	0.0	0.0	0.0	0.0	0.0	0.0
Roberts	0.0	0.0	4.0	0.0	0.0	0.0	0.0	0.0	0.00038289	0.0	0.0	0.0
Corson	0.0	0.0	1.0	0.0	0.0	0.0	0.0	0.0	0.0002401	0.0	0.0	0.0
Davison	0.0	0.0	3.0	0.0	0.0	0.0	0.0	0.0	0.00015159	0.0	0.0	0.0
Day	0.0	0.0	0.0	0.0	0.0	0.0	0.0	0.0	0.0	0.0	0.0	0.0
Ziebach	0.0	0.0	0.0	0.0	0.0	0.0	0.0	0.0	0.0	0.0	0.0	0.0
Edmunds	0.0	0.0	0.0	0.0	0.0	0.0	0.0	0.0	0.0	0.0	0.0	0.0
Brookings	0.014	14.703	23.703	0.0	0.0	0.0	4e-07	0.00041732	0.00067277	0.0	0.0	0.0
McCook	0.0	0.0	3.0	0.0	0.0	1.0	0.0	0.0	0.00054093	0.0	0.0	0.00018031
Mellette	0.0	0.0	0.0	0.0	0.0	0.0	0.0	0.0	0.0	0.0	0.0	0.0
Harding	0.0	0.0	0.0	0.0	0.0	0.0	0.0	0.0	0.0	0.0	0.0	0.0
McPherson	0.0	0.0	0.0	0.0	0.0	0.0	0.0	0.0	0.0	0.0	0.0	0.0
Grant	0.0	0.0	0.0	0.0	0.0	0.0	0.0	0.0	0.0	0.0	0.0	0.0
Miner	0.0	0.0	1.0	0.0	0.0	0.0	0.0	0.0	0.00045188	0.0	0.0	0.0
Jackson	0.0	0.0	0.0	0.0	0.0	0.0	0.0	0.0	0.0	0.0	0.0	0.0
