Name	Predicted_New_Cases	Total_Predicted_New_Cases	Total_Predicted_Cases	Predicted_New_Deaths	Total_Predicted_New_Deaths	Total_Predicted_Deaths	Predicted_New_per_capita	Predicted_Total_New_per_capita	Predicted_Total_Cases_per_capita	Predicted_New_Deaths_per_capita	Total_Predicted_New_Deaths_per_capita	Total_Predicted_Deaths_per_capita
Goshen	0.0	0.0	3.0	0.0	0.0	0.0	0.0	0.0	0.00022428	0.0	0.0	0.0
Laramie	1.535	12.283	85.283	0.0	0.0	0.0	1.551e-05	0.0001241	0.00086165	0.0	0.0	0.0
Platte	0.0	0.0	0.0	0.0	0.0	0.0	0.0	0.0	0.0	0.0	0.0	0.0
Lincoln	0.0	0.0	5.0	0.0	0.0	0.0	0.0	0.0	0.00025728	0.0	0.0	0.0
Natrona	1.008	7.575	45.575	0.0	0.0	0.0	1.274e-05	9.575e-05	0.00057606	0.0	0.0	0.0
Uinta	0.24	1.787	7.787	0.0	0.0	0.0	1.182e-05	8.803e-05	0.00038361	0.0	0.0	0.0
Teton	0.735	7.639	69.639	0.0	0.0	0.0	3.184e-05	0.00033096	0.00301716	0.0	0.0	0.0
Carbon	0.0	0.0	4.0	0.0	0.0	0.0	0.0	0.0	0.00026718	0.0	0.0	0.0
Weston	0.0	0.0	0.0	0.0	0.0	0.0	0.0	0.0	0.0	0.0	0.0	0.0
Park	0.0	0.0	1.0	0.0	0.0	0.0	0.0	0.0	3.41e-05	0.0	0.0	0.0
Washakie	0.001	0.013	5.013	0.0	0.0	0.0	1.3e-07	1.65e-06	0.00063576	0.0	0.0	0.0
Fremont	1.781	9.408	60.408	0.0	0.0	0.0	4.505e-05	0.00023799	0.00152812	0.0	0.0	0.0
Big Horn	0.0	0.0	1.0	0.0	0.0	0.0	0.0	0.0	8.417e-05	0.0	0.0	0.0
Hot Springs	0.0	0.0	1.0	0.0	0.0	0.0	0.0	0.0	0.00021954	0.0	0.0	0.0
Sweetwater	0.483	3.602	13.602	0.0	0.0	0.0	1.122e-05	8.367e-05	0.00031595	0.0	0.0	0.0
unassigned	0.0	0.0	1.0	0.0	0.0	0.0	N/A	N/A	N/A	N/A	N/A	N/A
Sheridan	0.0	0.0	12.0	0.0	0.0	0.0	0.0	0.0	0.00039692	0.0	0.0	0.0
Crook	0.0	0.0	4.0	0.0	0.0	0.0	0.0	0.0	0.00053691	0.0	0.0	0.0
Niobrara	0.0	0.0	1.0	0.0	0.0	0.0	0.0	0.0	0.00041876	0.0	0.0	0.0
Campbell	0.439	3.274	16.274	0.0	0.0	0.0	9.51e-06	7.096e-05	0.00035271	0.0	0.0	0.0
Albany	0.144	1.072	7.072	0.0	0.0	0.0	3.73e-06	2.777e-05	0.00018321	0.0	0.0	0.0
Johnson	0.163	1.399	12.399	0.0	0.0	1.0	1.927e-05	0.00016537	0.0014656	0.0	0.0	0.0001182
Converse	0.358	2.71	11.71	0.0	0.0	0.0	2.625e-05	0.00019868	0.0008585	0.0	0.0	0.0
Sublette	0.0	0.0	1.0	0.0	0.0	0.0	0.0	0.0	0.00010191	0.0	0.0	0.0
