Name	Predicted_New_Cases	Total_Predicted_New_Cases	Total_Predicted_Cases	Predicted_New_Deaths	Total_Predicted_New_Deaths	Total_Predicted_Deaths	Predicted_New_per_capita	Predicted_Total_New_per_capita	Predicted_Total_Cases_per_capita	Predicted_New_Deaths_per_capita	Total_Predicted_New_Deaths_per_capita	Total_Predicted_Deaths_per_capita
Highlands	0.003	70.809	213.809	0.005	7.062	16.062	3e-08	0.00067166	0.00202809	5e-08	6.699e-05	0.00015236
Dixie	0.001	32.932	90.932	0.0	0.0	2.0	6e-08	0.00197198	0.00544503	0.0	0.0	0.00011976
Hillsborough	0.802	2182.813	4825.813	0.001	33.447	123.447	5.6e-07	0.00151913	0.00335852	0.0	2.328e-05	8.591e-05
Collier	0.167	1486.882	3454.882	0.0	11.597	67.597	4.4e-07	0.00392848	0.00912812	0.0	3.064e-05	0.0001786
Indian River	0.415	348.551	508.551	0.248	98.325	109.325	2.64e-06	0.00221425	0.00323068	1.58e-06	0.00062463	0.00069451
Santa Rosa	0.0	15.184	272.184	0.0	0.0	9.0	0.0	8.466e-05	0.00151762	0.0	0.0	5.018e-05
Citrus	0.003	15.533	140.533	0.0	0.0	12.0	2e-08	0.000105	0.00095	0.0	0.0	8.112e-05
Palm Beach	1.305	4876.001	11950.001	0.027	150.699	520.699	8.8e-07	0.00328142	0.00804204	2e-08	0.00010142	0.00035042
Hamilton	0.003	134.454	395.454	0.027	150.699	150.699	2.1e-07	0.00939581	0.0276348	1.89e-06	0.01053103	0.01053103
Lee	0.573	1559.155	3812.155	0.002	51.692	168.692	7.6e-07	0.00206617	0.00505182	0.0	6.85e-05	0.00022355
Washington	0.002	67.346	150.346	0.008	12.495	18.495	8e-08	0.00270683	0.00604285	3.2e-07	0.00050221	0.00074337
Sumter	1.505	517.022	778.022	0.0	0.0	17.0	1.169e-05	0.00401558	0.0060427	0.0	0.0	0.00013203
Levy	0.031	56.043	114.043	0.0	0.0	1.0	7.6e-07	0.00137461	0.00279723	0.0	0.0	2.453e-05
Hardee	0.003	90.435	230.435	0.0	0.0	0.0	1.1e-07	0.00331932	0.00845788	0.0	0.0	0.0
Miami-Dade	0.368	5009.907	24308.907	0.008	269.387	1034.387	1.3e-07	0.00181414	0.00880253	0.0	9.755e-05	0.00037456
Saint Lucie	0.044	389.217	996.217	0.017	17.095	48.095	1.4e-07	0.00121203	0.00310224	5e-08	5.323e-05	0.00014977
Martin	0.143	807.351	1656.351	0.016	14.892	26.892	8.9e-07	0.00501734	0.01029352	1e-07	9.255e-05	0.00016712
Desoto	0.008	274.003	532.003	0.005	8.021	15.021	2.1e-07	0.00730889	0.01419091	1.3e-07	0.00021396	0.00040068
Bradford	0.0	0.449	52.449	0.0	0.0	2.0	0.0	1.619e-05	0.00189128	0.0	0.0	7.212e-05
Jefferson	0.0	0.449	31.449	0.0	0.0	3.0	0.0	3.142e-05	0.00220108	0.0	0.0	0.00020997
Bay	0.031	56.043	179.043	0.012	7.824	11.824	1.7e-07	0.00030247	0.0009663	6e-08	4.223e-05	6.381e-05
Nassau	0.007	38.183	120.183	0.0	0.0	1.0	8e-08	0.00044486	0.00140021	0.0	0.0	1.165e-05
Baker	0.0	3.236	32.236	0.0	1.591	5.591	0.0	0.00011412	0.00113687	0.0	5.611e-05	0.00019718
Monroe	0.0	7.997	117.997	0.0	0.235	4.235	0.0	0.00010659	0.00157273	0.0	3.13e-06	5.645e-05
Marion	0.213	218.867	492.867	0.26	117.683	125.683	5.9e-07	0.000608	0.00136916	7.2e-07	0.00032692	0.00034914
Leon	0.0	46.82	484.82	0.0	1.864	8.864	0.0	0.00016007	0.00165749	0.0	6.37e-06	3.03e-05
Columbia	0.004	74.73	245.73	0.0	0.0	2.0	6e-08	0.00105995	0.00348538	0.0	0.0	2.837e-05
Madison	0.0	1.015	72.015	0.0	0.0	3.0	0.0	5.478e-05	0.00388661	0.0	0.0	0.00016191
Alachua	0.0	13.08	409.08	0.0	0.849	8.849	0.0	4.845e-05	0.00151536	0.0	3.14e-06	3.278e-05
Brevard	0.003	105.522	558.522	0.005	8.256	21.256	1e-08	0.0001768	0.00093578	1e-08	1.383e-05	3.561e-05
Liberty	0.001	22.635	240.635	0.0	0.0	1.0	1.2e-07	0.00267648	0.02845394	0.0	0.0	0.00011825
Walton	0.0	30.427	160.427	0.0	0.51	9.51	0.0	0.0004263	0.00224766	0.0	7.15e-06	0.00013324
Calhoun	0.005	48.095	112.095	0.01	10.03	14.03	3.4e-07	0.00329711	0.00768458	6.9e-07	0.0006876	0.00096182
Gadsden	0.002	59.462	352.462	0.009	13.673	17.673	4e-08	0.00129564	0.00767991	2e-07	0.00029793	0.00038508
Charlotte	0.004	129.062	617.062	0.001	29.169	101.169	2e-08	0.00069764	0.00333551	1e-08	0.00015767	0.00054687
Seminole	0.006	125.484	646.484	0.0	0.0	12.0	1e-08	0.00026822	0.00138187	0.0	0.0	2.565e-05
Hernando	0.026	47.734	169.734	0.0	0.0	5.0	1.4e-07	0.00025009	0.00088929	0.0	0.0	2.62e-05
Lake	0.003	108.114	429.114	0.0	0.0	15.0	1e-08	0.00030327	0.0012037	0.0	0.0	4.208e-05
Unassigned	0.0	13.514	110.514	0.0	0.0	47.0	N/A	N/A	N/A	N/A	N/A	N/A
Osceola	0.005	162.733	903.733	0.006	8.726	28.726	1e-08	0.00044222	0.00245586	2e-08	2.371e-05	7.806e-05
Broward	0.425	2398.091	10088.091	0.0	40.323	374.323	2.2e-07	0.001229	0.00517004	0.0	2.067e-05	0.00019184
Clay	0.002	81.422	477.422	0.015	23.581	55.581	1e-08	0.00037683	0.00220955	7e-08	0.00010913	0.00025723
Wakulla	0.0	10.697	45.697	0.0	0.0	1.0	0.0	0.00032953	0.00140775	0.0	0.0	3.081e-05
Sarasota	0.004	163.01	832.01	0.001	18.139	103.139	1e-08	0.00038201	0.00194979	0.0	4.251e-05	0.0002417
Pinellas	0.99	1389.354	2921.354	0.015	56.987	151.987	1.02e-06	0.00142457	0.0029954	2e-08	5.843e-05	0.00015584
Putnam	0.001	45.502	218.502	0.008	12.965	18.965	1e-08	0.00061354	0.00294624	1.1e-07	0.00017482	0.00025572
Franklin	0.0	0.0	2.0	0.008	12.965	12.965	0.0	0.0	0.00017042	6.8e-07	0.00110472	0.00110472
Hendry	0.014	460.163	1012.163	0.018	29.234	47.234	3.4e-07	0.01107332	0.0243566	4.3e-07	0.00070348	0.00113663
Gulf	0.422	144.919	147.919	0.018	29.234	29.234	2.611e-05	0.00896554	0.00915114	1.11e-06	0.00180859	0.00180859
Lafayette	0.0	1.577	11.577	0.018	29.234	29.234	0.0	0.0001806	0.00132581	2.06e-06	0.00334792	0.00334792
Escambia	0.063	353.658	1232.658	0.086	79.572	115.572	2e-07	0.00112082	0.00390658	2.7e-07	0.00025218	0.00036627
Union	0.0	8.784	44.784	0.0	0.0	1.0	0.0	0.00058795	0.00299759	0.0	0.0	6.693e-05
Pasco	0.003	102.938	521.938	0.01	15.09	30.09	1e-08	0.00019076	0.00096721	2e-08	2.796e-05	5.576e-05
Okaloosa	0.035	195.416	448.416	0.0	0.0	6.0	1.7e-07	0.00094281	0.00216345	0.0	0.0	2.895e-05
Flagler	0.001	48.651	243.651	0.0	0.0	4.0	1e-08	0.00043412	0.00217415	0.0	0.0	3.569e-05
Holmes	0.001	23.089	53.089	0.0	0.0	0.0	5e-08	0.00118545	0.00272573	0.0	0.0	0.0
Glades	13.804	4743.276	4826.276	0.0	0.0	1.0	0.00100583	0.34561906	0.35166686	0.0	0.0	7.287e-05
Saint Johns	0.002	75.234	347.234	0.004	6.37	12.37	1e-08	0.00029589	0.00136566	2e-08	2.505e-05	4.865e-05
Gilchrist	0.1	76.278	95.278	0.004	6.37	6.37	5.48e-06	0.00417824	0.005219	2.2e-07	0.00034893	0.00034893
Taylor	0.001	32.323	77.323	0.004	6.37	6.37	5e-08	0.00149484	0.00357596	1.8e-07	0.00029459	0.00029459
Duval	0.019	641.932	2405.932	0.0	16.743	69.743	2e-08	0.00067559	0.00253208	0.0	1.762e-05	7.34e-05
Polk	0.017	575.939	1720.939	0.001	26.578	92.578	2e-08	0.00081346	0.00243067	0.0	3.754e-05	0.00013076
Okeechobee	0.28	317.71	442.71	0.001	26.578	26.578	6.74e-06	0.00764884	0.01065821	2e-08	0.00063986	0.00063986
Manatee	0.391	715.372	1892.372	0.0	15.145	120.145	9.9e-07	0.00181173	0.00479257	0.0	3.836e-05	0.00030428
Orange	0.113	1000.392	3256.392	0.024	24.154	69.154	8e-08	0.00072458	0.0023586	2e-08	1.749e-05	5.009e-05
Suwannee	0.003	19.746	193.746	0.0	0.0	18.0	7e-08	0.00044683	0.00438429	0.0	0.0	0.00040732
Volusia	0.005	246.94	1050.94	0.01	20.921	64.921	1e-08	0.000451	0.00191939	2e-08	3.821e-05	0.00011857
Jackson	0.004	120.845	418.845	0.0	0.0	1.0	8e-08	0.00250171	0.00867084	0.0	0.0	2.07e-05
