Name	Predicted_New_Cases	Total_Predicted_New_Cases	Total_Predicted_Cases	Predicted_New_Deaths	Total_Predicted_New_Deaths	Total_Predicted_Deaths	Predicted_New_per_capita	Predicted_Total_New_per_capita	Predicted_Total_Cases_per_capita	Predicted_New_Deaths_per_capita	Total_Predicted_New_Deaths_per_capita	Total_Predicted_Deaths_per_capita
Indian River	0.0	303.942	467.942	0.006	68.292	79.292	0.0	0.00193086	0.0029727	4e-08	0.00043384	0.00050372
Sumter	0.307	785.538	1046.538	0.0	0.0	17.0	2.38e-06	0.00610108	0.0081282	0.0	0.0	0.00013203
Levy	0.625	1599.282	1659.282	0.0	0.0	1.0	1.533e-05	0.03922693	0.0406986	0.0	0.0	2.453e-05
Jefferson	0.022	56.4	87.4	0.0	0.0	3.0	1.54e-06	0.00394737	0.00611702	0.0	0.0	0.00020997
Bay	0.65	1663.735	1793.735	0.0	0.295	4.295	3.51e-06	0.00897923	0.00968085	0.0	1.59e-06	2.318e-05
Marion	0.009	553.591	832.591	0.13	273.76	281.76	3e-08	0.00153785	0.0023129	3.6e-07	0.00076049	0.00078272
Gadsden	0.0	96.666	390.666	0.0	30.638	34.638	0.0	0.00210629	0.00851235	0.0	0.00066758	0.00075474
Hernando	0.003	208.783	333.783	0.0	0.0	5.0	2e-08	0.00109388	0.00174879	0.0	0.0	2.62e-05
Unassigned	0.337	862.082	959.082	0.0	0.0	47.0	N/A	N/A	N/A	N/A	N/A	N/A
Gulf	0.082	209.475	215.475	0.0	30.715	30.715	5.07e-06	0.01295935	0.01333055	0.0	0.00190021	0.00190021
Lafayette	0.044	112.796	122.796	0.0	30.715	30.715	5.04e-06	0.01291754	0.01406276	0.0	0.00351752	0.00351752
Glades	2.382	6095.001	6179.001	0.0	0.0	1.0	0.00017356	0.44411258	0.45023324	0.0	0.0	7.287e-05
Gilchrist	0.094	434.415	454.415	0.0	4.251	4.251	5.15e-06	0.02379574	0.02489127	0.0	0.00023285	0.00023285
Okeechobee	0.015	918.959	1056.959	0.0	31.436	31.436	3.6e-07	0.02212387	0.0254462	0.0	0.00075682	0.00075682
Suwannee	0.276	704.975	879.975	0.0	0.0	18.0	6.25e-06	0.01595291	0.01991299	0.0	0.0	0.00040732
Jackson	0.005	642.519	950.519	0.0	0.0	1.0	1e-07	0.01330129	0.01967745	0.0	0.0	2.07e-05
