Name	Predicted_New_Cases	Total_Predicted_New_Cases	Predicted_New_per_capita	Predicted_Total_per_capita
Highlands	1.076	39.602	1.021e-05	0.00037564
Dixie	0.0	0.0	0.0	0.0
Hillsborough	15.66	576.112	1.09e-05	0.00040094
Collier	3.884	177.003	1.026e-05	0.00046766
Indian River	1.138	48.909	7.23e-06	0.00031071
Santa Rosa	1.102	40.545	6.15e-06	0.00022607
Citrus	1.871	68.832	1.265e-05	0.0004653
Palm Beach	27.741	1051.339	1.867e-05	0.00070752
Hamilton	0.0	0.0	0.0	0.0
Lee	12.149	446.934	1.61e-05	0.00059227
Washington	0.855	30.441	3.436e-05	0.00122351
Sumter	0.905	41.146	7.03e-06	0.00031957
Levy	2.027	73.407	4.972e-05	0.00180051
Hardee	0.0	0.0	0.0	0.0
Miami-Dade	154.372	5679.083	5.59e-05	0.00205646
Saint Lucie	4.46	164.064	1.389e-05	0.0005109
Martin	3.845	141.435	2.389e-05	0.00087896
Desoto	0.513	18.858	1.367e-05	0.00050303
Bradford	0.41	15.086	1.479e-05	0.00054401
Jefferson	0.0	0.0	0.0	0.0
Bay	0.795	29.23	4.29e-06	0.00015775
Nassau	0.795	29.23	9.26e-06	0.00034055
Baker	0.282	10.372	9.94e-06	0.00036579
Monroe	0.974	35.83	1.298e-05	0.00047756
Marion	2.05	75.432	5.7e-06	0.00020955
Leon	2.05	75.432	7.01e-06	0.00025789
Columbia	0.82	30.173	1.163e-05	0.00042796
Madison	0.0	0.0	0.0	0.0
Alachua	2.922	107.491	1.082e-05	0.00039818
Brevard	3.46	127.291	5.8e-06	0.00021327
Walton	0.461	16.972	6.46e-06	0.00023779
Calhoun	0.0	0.0	0.0	0.0
Gadsden	0.282	10.372	6.14e-06	0.000226
Charlotte	2.127	78.261	1.15e-05	0.00042304
Seminole	4.639	170.665	9.92e-06	0.0003648
Hernando	1.384	50.917	7.25e-06	0.00026677
Lake	0.078	41.176	2.2e-07	0.0001155
Unassigned	-0.384	-14.144	N/A	N/A
Osceola	6.69	246.097	1.818e-05	0.00066876
Broward	56.797	2089.465	2.911e-05	0.00107083
Clay	2.153	79.204	9.96e-06	0.00036656
Wakulla	0.0	0.0	0.0	0.0
Sarasota	4.046	155.572	9.48e-06	0.00036458
Pinellas	9.253	340.387	9.49e-06	0.00034901
Putnam	0.384	14.144	5.18e-06	0.00019071
Franklin	0.0	0.0	0.0	0.0
Hendry	0.0	0.0	0.0	0.0
Gulf	0.364	13.61	2.255e-05	0.00084197
Escambia	3.588	132.006	1.137e-05	0.00041836
Union	0.769	28.287	5.147e-05	0.00189337
Pasco	4.203	154.636	7.79e-06	0.00028656
Okaloosa	1.334	51.278	6.43e-06	0.0002474
Flagler	0.372	17.651	3.32e-06	0.0001575
Holmes	0.769	28.287	3.948e-05	0.00145233
Glades	1.538	56.574	0.00011205	0.00412226
Saint Johns	3.691	135.778	1.452e-05	0.00053401
Gilchrist	0.0	0.0	0.0	0.0
Taylor	0.0	0.0	0.0	0.0
Duval	17.685	650.601	1.861e-05	0.00068471
Polk	6.792	249.868	9.59e-06	0.00035292
Okeechobee	0.0	0.0	0.0	0.0
Manatee	5.562	204.609	1.409e-05	0.00051819
Orange	18.838	693.031	1.364e-05	0.00050196
Suwannee	0.0	0.0	0.0	0.0
Volusia	4.306	158.407	7.86e-06	0.00028931
Jackson	0.0	0.052	0.0	1.08e-06
