Name	Predicted_New_Cases	Total_Predicted_New_Cases	Total_Predicted_Cases	Predicted_New_Deaths	Total_Predicted_New_Deaths	Total_Predicted_Deaths	Predicted_New_per_capita	Predicted_Total_New_per_capita	Predicted_Total_Cases_per_capita	Predicted_New_Deaths_per_capita	Total_Predicted_New_Deaths_per_capita	Total_Predicted_Deaths_per_capita
Highlands	0.972	2.216	77.727	0.181	0.38	7.598	9.22e-06	2.102e-05	0.00073728	1.72e-06	3.6e-06	7.207e-05
Dixie	0.196	0.394	4.594	0.181	0.38	0.598	1.174e-05	2.359e-05	0.00027509	1.084e-05	2.275e-05	3.581e-05
Hillsborough	22.364	46.232	1079.619	0.417	0.859	22.326	1.556e-05	3.218e-05	0.00075136	2.9e-07	6e-07	1.554e-05
Collier	13.933	28.213	549.871	0.654	1.31	15.963	3.681e-05	7.454e-05	0.00145281	1.73e-06	3.46e-06	4.218e-05
Indian River	1.067	2.256	91.576	0.0	0.0	5.0	6.78e-06	1.433e-05	0.00058176	0.0	0.0	3.176e-05
Santa Rosa	3.99	8.032	153.112	0.399	0.766	7.104	2.225e-05	4.478e-05	0.00085371	2.22e-06	4.27e-06	3.961e-05
Citrus	1.993	4.084	100.275	0.156	0.316	9.48	1.347e-05	2.761e-05	0.00067786	1.05e-06	2.14e-06	6.408e-05
Palm Beach	82.927	167.124	2806.431	4.649	9.369	158.151	5.581e-05	0.00011247	0.00188866	3.13e-06	6.31e-06	0.00010643
Hamilton	0.56	1.034	7.434	4.649	9.369	14.151	3.913e-05	7.226e-05	0.0005195	0.00032488	0.00065472	0.00098889
Lee	18.904	38.645	946.223	1.331	2.699	36.103	2.505e-05	5.121e-05	0.00125392	1.76e-06	3.58e-06	4.784e-05
Washington	0.391	0.787	11.187	1.331	2.699	4.103	1.572e-05	3.163e-05	0.00044964	5.35e-05	0.00010848	0.00016491
Sumter	9.488	17.171	189.393	0.104	0.261	12.51	7.369e-05	0.00013336	0.00147097	8.1e-07	2.03e-06	9.716e-05
Levy	0.942	1.806	15.593	0.104	0.261	0.51	2.311e-05	4.43e-05	0.00038246	2.55e-06	6.4e-06	1.251e-05
Hardee	0.148	0.298	5.449	0.104	0.261	0.51	5.43e-06	1.094e-05	0.0002	3.82e-06	9.58e-06	1.872e-05
Miami-Dade	302.071	616.95	11532.634	15.121	30.441	315.903	0.00010938	0.0002234	0.0041761	5.48e-06	1.102e-05	0.00011439
Saint Lucie	6.202	12.486	238.828	1.454	2.791	21.022	1.931e-05	3.888e-05	0.00074372	4.53e-06	8.69e-06	6.546e-05
Martin	3.338	6.886	176.677	0.896	1.843	7.843	2.074e-05	4.279e-05	0.00109797	5.57e-06	1.145e-05	4.874e-05
Desoto	0.329	0.68	25.053	0.132	0.273	4.424	8.78e-06	1.814e-05	0.00066828	3.52e-06	7.28e-06	0.00011801
Bradford	1.564	3.228	47.001	0.0	0.0	2.0	5.64e-05	0.0001164	0.00169483	0.0	0.0	7.212e-05
Jefferson	0.331	0.755	27.288	0.0	0.0	1.0	2.317e-05	5.284e-05	0.00190985	0.0	0.0	6.999e-05
Bay	3.522	6.58	69.211	0.0	0.0	2.0	1.901e-05	3.551e-05	0.00037353	0.0	0.0	1.079e-05
Nassau	1.486	2.992	52.512	0.0	0.0	0.0	1.731e-05	3.486e-05	0.0006118	0.0	0.0	0.0
Baker	0.002	0.005	19.009	0.065	0.131	3.198	7e-08	1.8e-07	0.00067039	2.29e-06	4.62e-06	0.00011278
Monroe	1.39	2.873	78.451	0.0	0.0	3.0	1.853e-05	3.829e-05	0.00104564	0.0	0.0	3.999e-05
Marion	3.238	6.806	155.704	0.0	0.0	3.0	9e-06	1.891e-05	0.00043254	0.0	0.0	8.33e-06
Leon	3.945	8.993	206.126	0.978	1.969	4.969	1.349e-05	3.075e-05	0.0007047	3.34e-06	6.73e-06	1.699e-05
Columbia	1.594	3.255	50.984	0.978	1.969	2.969	2.261e-05	4.617e-05	0.00072315	1.387e-05	2.793e-05	4.211e-05
Madison	2.26	4.097	45.586	0.0	0.0	2.0	0.00012197	0.00022111	0.00246025	0.0	0.0	0.00010794
Alachua	3.628	7.327	242.083	0.0	0.0	1.0	1.344e-05	2.714e-05	0.00089675	0.0	0.0	3.7e-06
Brevard	9.984	20.099	265.308	0.079	0.151	8.218	1.673e-05	3.368e-05	0.00044451	1.3e-07	2.5e-07	1.377e-05
Liberty	0.0	0.0	2.0	0.079	0.151	0.218	0.0	0.0	0.00023649	9.34e-06	1.786e-05	2.578e-05
Walton	0.504	1.015	35.531	0.079	0.151	0.218	7.06e-06	1.422e-05	0.00049781	1.11e-06	2.12e-06	3.05e-06
Calhoun	0.175	0.346	6.51	0.079	0.151	0.218	1.2e-05	2.372e-05	0.00044629	5.42e-06	1.035e-05	1.494e-05
Gadsden	2.783	5.873	78.277	0.079	0.151	0.218	6.064e-05	0.00012797	0.0017056	1.72e-06	3.29e-06	4.75e-06
Charlotte	2.539	5.523	186.95	0.456	0.951	13.484	1.372e-05	2.985e-05	0.00101055	2.46e-06	5.14e-06	7.289e-05
Seminole	8.073	16.347	364.84	0.467	0.935	8.402	1.726e-05	3.494e-05	0.00077985	1e-06	2e-06	1.796e-05
Hernando	1.779	3.677	88.695	0.13	0.262	3.395	9.32e-06	1.926e-05	0.0004647	6.8e-07	1.37e-06	1.779e-05
Lake	6.828	13.746	237.728	0.425	0.816	10.176	1.915e-05	3.856e-05	0.00066685	1.19e-06	2.29e-06	2.854e-05
Unassigned	0.274	0.551	4.831	0.0	0.0	47.0	N/A	N/A	N/A	N/A	N/A	N/A
Osceola	10.71	21.585	481.603	0.052	0.1	7.144	2.91e-05	5.866e-05	0.00130874	1.4e-07	2.7e-07	1.941e-05
Broward	130.979	265.126	4832.908	6.487	12.951	176.333	6.713e-05	0.00013587	0.00247681	3.32e-06	6.64e-06	9.037e-05
Clay	13.117	26.068	302.726	0.36	0.684	12.973	6.071e-05	0.00012064	0.00140104	1.67e-06	3.17e-06	6.004e-05
Wakulla	0.421	0.904	18.451	0.0	0.0	1.0	1.297e-05	2.785e-05	0.00056841	0.0	0.0	3.081e-05
Sarasota	7.735	15.752	334.032	1.902	3.841	37.81	1.813e-05	3.691e-05	0.00078279	4.46e-06	9e-06	8.861e-05
Pinellas	19.05	38.351	713.831	0.641	1.23	24.772	1.953e-05	3.932e-05	0.00073192	6.6e-07	1.26e-06	2.54e-05
Putnam	2.086	4.365	81.836	0.0	0.0	1.0	2.813e-05	5.886e-05	0.00110346	0.0	0.0	1.348e-05
Franklin	0.0	0.0	2.0	0.0	0.0	0.0	0.0	0.0	0.00017042	0.0	0.0	0.0
Hendry	3.88	7.471	69.773	0.978	1.969	4.969	9.337e-05	0.00017978	0.00167901	2.353e-05	4.738e-05	0.00011957
Gulf	0.0	0.0	1.0	0.978	1.969	2.969	0.0	0.0	6.187e-05	6.05e-05	0.00012181	0.00018368
Lafayette	0.0	0.0	1.0	0.978	1.969	2.969	0.0	0.0	0.00011452	0.000112	0.00022549	0.00034001
Escambia	13.406	26.936	460.492	0.948	1.82	12.62	4.249e-05	8.537e-05	0.00145941	3e-06	5.77e-06	4e-05
Union	0.121	0.22	3.3	0.948	1.82	2.62	8.1e-06	1.473e-05	0.00022088	6.345e-05	0.00012182	0.00017537
Pasco	4.562	9.646	236.29	0.01	0.023	3.041	8.45e-06	1.788e-05	0.00043787	2e-08	4e-08	5.64e-06
Okaloosa	4.336	8.757	154.246	0.364	0.66	3.9	2.092e-05	4.225e-05	0.00074418	1.76e-06	3.18e-06	1.882e-05
Flagler	6.24	11.526	122.002	0.01	0.023	2.041	5.568e-05	0.00010285	0.00108865	9e-08	2.1e-07	1.821e-05
Holmes	0.569	1.125	10.658	0.01	0.023	0.041	2.921e-05	5.776e-05	0.00054721	5.1e-07	1.18e-06	2.11e-06
Glades	0.026	0.061	5.105	0.0	0.0	1.0	1.89e-06	4.44e-06	0.00037198	0.0	0.0	7.287e-05
Saint Johns	2.246	4.615	207.113	0.29	0.593	4.909	8.83e-06	1.815e-05	0.00081457	1.14e-06	2.33e-06	1.931e-05
Gilchrist	0.0	0.0	4.0	0.29	0.593	0.909	0.0	0.0	0.00021911	1.589e-05	3.248e-05	4.979e-05
Taylor	0.196	0.394	3.594	0.29	0.593	0.909	9.06e-06	1.822e-05	0.00016621	1.341e-05	2.742e-05	4.204e-05
Duval	27.16	54.678	1038.451	0.525	1.008	18.452	2.858e-05	5.754e-05	0.0010929	5.5e-07	1.06e-06	1.942e-05
Polk	9.464	19.329	408.596	0.613	1.242	18.886	1.337e-05	2.73e-05	0.00057711	8.7e-07	1.75e-06	2.667e-05
Okeechobee	0.479	0.868	10.184	0.613	1.242	1.886	1.153e-05	2.09e-05	0.00024518	1.476e-05	2.99e-05	4.541e-05
Manatee	27.099	53.585	552.007	3.405	6.44	48.116	6.863e-05	0.00013571	0.001398	8.62e-06	1.631e-05	0.00012186
Orange	28.335	57.925	1362.769	1.63	3.305	34.025	2.052e-05	4.196e-05	0.00098705	1.18e-06	2.39e-06	2.464e-05
Suwannee	3.884	7.828	117.824	0.0	0.0	9.0	8.789e-05	0.00017714	0.00266624	0.0	0.0	0.00020366
Volusia	21.463	41.221	479.341	0.804	1.486	16.064	3.92e-05	7.528e-05	0.00087545	1.47e-06	2.71e-06	2.934e-05
Jackson	0.554	1.078	14.567	0.804	1.486	2.064	1.147e-05	2.232e-05	0.00030156	1.664e-05	3.076e-05	4.273e-05
