Name	Predicted_New_Cases	Total_Predicted_New_Cases	Predicted_New_per_capita	Predicted_Total_per_capita
Highlands	1.155	36.633	1.095e-05	0.00034748
Dixie	0.69	22.803	4.134e-05	0.00136546
Hillsborough	0.0	12.832	0.0	8.93e-06
Collier	6.602	209.412	1.744e-05	0.00055329
Indian River	0.0	1.27	0.0	8.07e-06
Santa Rosa	1.928	60.24	1.075e-05	0.00033588
Citrus	1.71	53.414	1.156e-05	0.00036108
Palm Beach	30.028	938.015	2.021e-05	0.00063126
Hamilton	0.0	0.0	0.0	0.0
Lee	13.689	427.611	1.814e-05	0.00056667
Washington	0.115	3.801	4.62e-06	0.00015275
Sumter	2.004	62.613	1.557e-05	0.0004863
Levy	0.109	3.64	2.67e-06	8.928e-05
Hardee	1.153	37.113	4.233e-05	0.00136219
Miami-Dade	122.262	4248.927	4.427e-05	0.00153859
Saint Lucie	4.693	146.593	1.461e-05	0.00045649
Martin	3.847	120.182	2.391e-05	0.00074688
Desoto	0.617	19.288	1.647e-05	0.00051451
Bradford	0.855	26.707	3.083e-05	0.00096305
Jefferson	0.0	0.0	0.0	0.0
Bay	0.498	19.069	2.69e-06	0.00010292
Nassau	0.685	22.89	7.98e-06	0.00026668
Baker	0.342	10.683	1.206e-05	0.00037675
Monroe	0.891	28.268	1.188e-05	0.00037677
Marion	2.451	76.561	6.81e-06	0.00021268
Leon	2.821	88.134	9.65e-06	0.00030131
Columbia	0.826	25.817	1.172e-05	0.00036618
Madison	0.0	0.0	0.0	0.0
Alachua	3.258	101.784	1.207e-05	0.00037704
Brevard	1.459	57.851	2.44e-06	9.693e-05
Liberty	0.0	0.0	0.0	0.0
Walton	0.342	10.683	4.79e-06	0.00014967
Calhoun	0.123	4.176	8.46e-06	0.00028629
Gadsden	0.465	14.541	1.014e-05	0.00031683
Charlotte	2.774	86.65	1.499e-05	0.00046838
Seminole	0.069	44.33	1.5e-07	9.476e-05
Hernando	1.291	42.648	6.76e-06	0.00022344
Lake	3.638	113.654	1.021e-05	0.00031881
Unassigned	0.0	-0.011	N/A	N/A
Osceola	3.781	144.882	1.028e-05	0.00039371
Broward	61.452	1919.652	3.149e-05	0.0009838
Clay	2.584	80.715	1.196e-05	0.00037356
Wakulla	0.0	0.0	0.0	0.0
Sarasota	5.234	163.507	1.227e-05	0.00038317
Pinellas	1.197	99.41	1.23e-06	0.00010193
Putnam	0.541	16.915	7.3e-06	0.00022807
Franklin	0.729	23.77	6.211e-05	0.00202538
Hendry	1.512	42.552	3.638e-05	0.00102397
Gulf	0.0	0.0	0.0	0.0
Lafayette	0.0	0.0	0.0	0.0
Escambia	5.519	172.41	1.749e-05	0.00054641
Union	0.0	0.0	0.0	0.0
Pasco	0.0	18.269	0.0	3.386e-05
Okaloosa	1.871	58.459	9.03e-06	0.00028204
Flagler	0.455	17.617	4.06e-06	0.0001572
Holmes	0.041	1.392	2.11e-06	7.147e-05
Glades	0.0	0.0	0.0	0.0
Saint Johns	0.0	0.0	0.0	0.0
Gilchrist	0.0	0.0	0.0	0.0
Taylor	0.0	0.0	0.0	0.0
Duval	15.023	476.514	1.581e-05	0.0005015
Polk	2.499	108.173	3.53e-06	0.00015278
Okeechobee	0.0	0.0	0.0	0.0
Manatee	2.548	99.047	6.45e-06	0.00025085
Orange	5.96	278.797	4.32e-06	0.00020193
Suwannee	2.485	82.091	5.624e-05	0.00185765
Volusia	0.0	23.765	0.0	4.34e-05
Jackson	0.0	0.044	0.0	9e-07
