Name	Predicted_New_Cases	Total_Predicted_New_Cases	Total_Predicted_Cases	Predicted_New_Deaths	Total_Predicted_New_Deaths	Total_Predicted_Deaths	Predicted_New_per_capita	Predicted_Total_New_per_capita	Predicted_Total_Cases_per_capita	Predicted_New_Deaths_per_capita	Total_Predicted_New_Deaths_per_capita	Total_Predicted_Deaths_per_capita
Highlands	0.878	59.086	202.086	0.113	5.326	14.326	8.33e-06	0.00056046	0.00191689	1.07e-06	5.052e-05	0.00013589
Dixie	0.376	28.171	86.171	0.0	0.0	2.0	2.251e-05	0.00168689	0.00515994	0.0	0.0	0.00011976
Hillsborough	30.849	1731.465	4374.465	0.407	28.099	118.099	2.147e-05	0.00120501	0.0030444	2.8e-07	1.956e-05	8.219e-05
Collier	19.521	1213.104	3181.104	0.141	9.743	65.743	5.158e-05	0.00320513	0.00840477	3.7e-07	2.574e-05	0.0001737
Indian River	6.565	240.245	400.245	2.426	49.287	60.287	4.171e-05	0.00152621	0.00254264	1.541e-05	0.00031311	0.00038299
Santa Rosa	0.0	15.184	272.184	0.0	0.0	9.0	0.0	8.466e-05	0.00151762	0.0	0.0	5.018e-05
Citrus	0.209	12.565	137.565	0.0	0.0	12.0	1.41e-06	8.494e-05	0.00092994	0.0	0.0	8.112e-05
Palm Beach	67.077	3907.337	10981.337	2.023	121.896	491.896	4.514e-05	0.00262954	0.00739016	1.36e-06	8.203e-05	0.00033103
Hamilton	1.574	114.361	375.361	2.023	121.896	121.896	0.00010999	0.00799168	0.02623068	0.00014137	0.00851824	0.00851824
Lee	22.035	1236.762	3489.762	0.629	43.424	160.424	2.92e-05	0.00163894	0.00462459	8.3e-07	5.754e-05	0.00021259
Washington	0.82	56.576	139.576	0.193	9.561	15.561	3.296e-05	0.00227395	0.00560997	7.76e-06	0.00038428	0.00062544
Sumter	13.359	235.291	496.291	0.0	0.0	17.0	0.00010376	0.00182745	0.00385457	0.0	0.0	0.00013203
Levy	0.84	43.439	101.439	0.0	0.0	1.0	2.06e-05	0.00106546	0.00248808	0.0	0.0	2.453e-05
Hardee	1.101	75.972	215.972	0.0	0.0	0.0	4.041e-05	0.00278847	0.00792703	0.0	0.0	0.0
Miami-Dade	64.465	4120.219	23419.219	3.28	226.305	991.305	2.334e-05	0.00149198	0.00848037	1.19e-06	8.195e-05	0.00035896
Saint Lucie	5.11	317.551	924.551	0.301	12.266	43.266	1.591e-05	0.00098886	0.00287907	9.4e-07	3.82e-05	0.00013473
Martin	10.837	653.038	1502.038	0.271	10.483	22.483	6.735e-05	0.00405835	0.00933453	1.68e-06	6.515e-05	0.00013972
Desoto	3.336	230.18	488.18	0.124	6.135	13.135	8.899e-05	0.00613993	0.01302195	3.31e-06	0.00016365	0.00035037
Bradford	0.005	0.378	52.378	0.0	0.0	2.0	1.8e-07	1.363e-05	0.00188872	0.0	0.0	7.212e-05
Jefferson	0.005	0.378	31.378	0.0	0.0	3.0	3.5e-07	2.646e-05	0.00219611	0.0	0.0	0.00020997
Bay	0.84	43.439	166.439	0.162	5.012	9.012	4.53e-06	0.00023444	0.00089828	8.7e-07	2.705e-05	4.864e-05
Nassau	0.513	30.886	112.886	0.0	0.0	1.0	5.98e-06	0.00035984	0.0013152	0.0	0.0	1.165e-05
Baker	0.029	2.978	31.978	0.016	1.407	5.407	1.02e-06	0.00010503	0.00112777	5.6e-07	4.962e-05	0.00019069
Monroe	0.097	6.717	116.717	0.004	0.181	4.181	1.29e-06	8.953e-05	0.00155567	5e-08	2.41e-06	5.573e-05
Marion	3.854	157.08	431.08	2.751	64.077	72.077	1.071e-05	0.00043636	0.00119752	7.64e-06	0.000178	0.00020023
Leon	0.0	46.82	484.82	0.001	1.863	8.863	0.0	0.00016007	0.00165749	0.0	6.37e-06	3.03e-05
Columbia	0.943	61.921	232.921	0.0	0.0	2.0	1.338e-05	0.00087827	0.0033037	0.0	0.0	2.837e-05
Madison	0.012	0.852	71.852	0.0	0.0	3.0	6.5e-07	4.598e-05	0.00387781	0.0	0.0	0.00016191
Alachua	0.0	13.08	409.08	0.0	0.849	8.849	0.0	4.845e-05	0.00151536	0.0	3.14e-06	3.278e-05
Brevard	1.285	88.647	541.647	0.128	6.317	19.317	2.15e-06	0.00014853	0.00090751	2.1e-07	1.058e-05	3.236e-05
Liberty	0.276	19.017	237.017	0.0	0.0	1.0	3.264e-05	0.00224867	0.02802613	0.0	0.0	0.00011825
Walton	0.311	26.542	156.542	0.007	0.42	9.42	4.36e-06	0.00037187	0.00219323	1e-07	5.88e-06	0.00013198
Calhoun	0.631	39.239	103.239	0.177	7.198	11.198	4.326e-05	0.00269	0.00707747	1.213e-05	0.00049345	0.00076767
Gadsden	0.724	49.952	342.952	0.211	10.462	14.462	1.578e-05	0.00108842	0.0074727	4.6e-06	0.00022796	0.00031512
Charlotte	1.571	108.418	596.418	0.355	24.506	96.506	8.49e-06	0.00058605	0.00322392	1.92e-06	0.00013247	0.00052166
Seminole	1.584	103.976	624.976	0.0	0.0	12.0	3.39e-06	0.00022225	0.0013359	0.0	0.0	2.565e-05
Hernando	0.715	36.999	158.999	0.0	0.0	5.0	3.75e-06	0.00019385	0.00083304	0.0	0.0	2.62e-05
Lake	1.316	90.823	411.823	0.0	0.0	15.0	3.69e-06	0.00025477	0.0011552	0.0	0.0	4.208e-05
Unassigned	0.165	11.352	108.352	0.0	0.0	47.0	N/A	N/A	N/A	N/A	N/A	N/A
Osceola	1.981	136.712	877.712	0.135	6.676	26.676	5.38e-06	0.00037151	0.00238515	3.7e-07	1.814e-05	7.249e-05
Broward	32.19	1939.736	9629.736	0.384	36.359	370.359	1.65e-05	0.00099409	0.00493514	2e-07	1.863e-05	0.00018981
Clay	0.991	68.401	464.401	0.364	18.041	50.041	4.59e-06	0.00031657	0.00214929	1.68e-06	8.35e-05	0.00023159
Wakulla	0.13	8.985	43.985	0.0	0.0	1.0	4e-06	0.00027679	0.00135501	0.0	0.0	3.081e-05
Sarasota	1.948	137.814	806.814	0.221	15.235	100.235	4.57e-06	0.00032296	0.00189074	5.2e-07	3.57e-05	0.0002349
Pinellas	22.163	1048.005	2580.005	0.784	45.669	140.669	2.272e-05	0.00107457	0.0026454	8e-07	4.683e-05	0.00014423
Putnam	0.554	38.224	211.224	0.2	9.92	15.92	7.47e-06	0.00051541	0.0028481	2.7e-06	0.00013376	0.00021466
Franklin	0.0	0.0	2.0	0.2	9.92	9.92	0.0	0.0	0.00017042	1.704e-05	0.00084526	0.00084526
Hendry	5.603	386.57	938.57	0.452	22.367	40.367	0.00013483	0.00930239	0.02258567	1.088e-05	0.00053824	0.00097139
Gulf	3.745	65.951	68.951	0.452	22.367	22.367	0.00023169	0.00408012	0.00426571	2.796e-05	0.00138375	0.00138375
Lafayette	0.019	1.325	11.325	0.452	22.367	22.367	2.18e-06	0.00015174	0.00129695	5.176e-05	0.0025615	0.0025615
Escambia	4.747	286.065	1165.065	1.449	56.01	92.01	1.504e-05	0.00090661	0.00369236	4.59e-06	0.00017751	0.0002916
Union	0.107	7.378	43.378	0.0	0.0	1.0	7.16e-06	0.00049384	0.00290348	0.0	0.0	6.693e-05
Pasco	1.253	86.475	505.475	0.233	11.545	26.545	2.32e-06	0.00016025	0.00093671	4.3e-07	2.139e-05	4.919e-05
Okaloosa	2.623	158.065	411.065	0.0	0.0	6.0	1.266e-05	0.00076261	0.00198324	0.0	0.0	2.895e-05
Flagler	0.592	40.872	235.872	0.0	0.0	4.0	5.28e-06	0.00036471	0.00210474	0.0	0.0	3.569e-05
Holmes	0.281	19.396	49.396	0.0	0.0	0.0	1.443e-05	0.00099584	0.00253612	0.0	0.0	0.0
Glades	122.563	2158.622	2241.622	0.0	0.0	1.0	0.00893056	0.15728811	0.16333591	0.0	0.0	7.287e-05
Saint Johns	0.916	63.2	335.2	0.098	4.871	10.871	3.6e-06	0.00024856	0.00131833	3.9e-07	1.916e-05	4.276e-05
Gilchrist	1.485	51.395	70.395	0.098	4.871	4.871	8.134e-05	0.00281524	0.00385599	5.37e-06	0.00026682	0.00026682
Taylor	0.394	27.154	72.154	0.098	4.871	4.871	1.822e-05	0.00125579	0.00333691	4.53e-06	0.00022527	0.00022527
Duval	7.816	539.27	2303.27	0.164	14.916	67.916	8.23e-06	0.00056754	0.00242403	1.7e-07	1.57e-05	7.148e-05
Polk	7.012	483.829	1628.829	0.324	22.327	88.327	9.9e-06	0.00068337	0.00230058	4.6e-07	3.153e-05	0.00012475
Okeechobee	5.409	232.145	357.145	0.324	22.327	22.327	0.00013022	0.00558887	0.00859824	7.8e-06	0.00053752	0.00053752
Manatee	10.718	554.479	1731.479	0.147	13.546	118.546	2.714e-05	0.00140426	0.0043851	3.7e-07	3.431e-05	0.00030023
Orange	13.134	816.191	3072.191	0.425	17.335	62.335	9.51e-06	0.00059117	0.00222519	3.1e-07	1.256e-05	4.515e-05
Suwannee	0.265	15.972	189.972	0.0	0.0	18.0	6e-06	0.00036143	0.00429888	0.0	0.0	0.00040732
Volusia	2.89	210.037	1014.037	0.304	16.411	60.411	5.28e-06	0.0003836	0.00185199	5.6e-07	2.997e-05	0.00011033
Jackson	1.471	101.516	399.516	0.0	0.0	1.0	3.045e-05	0.00210156	0.0082707	0.0	0.0	2.07e-05
