Name	Predicted_New_Cases	Total_Predicted_New_Cases	Total_Predicted_Cases	Predicted_New_Deaths	Total_Predicted_New_Deaths	Total_Predicted_Deaths	Predicted_New_per_capita	Predicted_Total_New_per_capita	Predicted_Total_Cases_per_capita	Predicted_New_Deaths_per_capita	Total_Predicted_New_Deaths_per_capita	Total_Predicted_Deaths_per_capita
Highlands	0.011	735.902	2131.902	0.017	50.289	87.289	1e-07	0.0069804	0.02022217	1.6e-07	0.00047702	0.00082798
Dixie	0.496	824.16	1299.16	0.0	0.0	4.0	2.97e-05	0.0493509	0.07779401	0.0	0.0	0.00023952
Hillsborough	0.119	10180.056	42448.056	0.002	179.719	567.719	8e-08	0.00708479	0.02954166	0.0	0.00012508	0.0003951
Collier	0.0	2048.354	12313.354	0.003	42.798	175.798	0.0	0.00541194	0.03253301	1e-08	0.00011308	0.00046447
Citrus	0.024	901.702	2415.702	0.068	112.912	148.912	1.6e-07	0.00609551	0.01633014	4.6e-07	0.00076329	0.00100665
Palm Beach	0.0	4237.183	40837.183	0.007	331.805	1260.805	0.0	0.00285151	0.02748237	0.0	0.0002233	0.00084849
Hamilton	0.005	139.847	756.847	0.006	8.192	12.192	3.5e-07	0.00977268	0.05288938	4.2e-07	0.00057247	0.00085199
Washington	1.957	2861.926	3700.926	0.089	49.171	63.171	7.866e-05	0.11502918	0.14875105	3.58e-06	0.00197633	0.00253903
Sumter	0.012	563.19	1847.19	0.057	109.183	150.183	9e-08	0.00437416	0.01434666	4.4e-07	0.000848	0.00116643
Levy	0.0	371.303	1044.303	0.0	7.105	11.105	0.0	0.00910726	0.0256145	0.0	0.00017427	0.00027238
Hardee	0.0	195.656	1145.656	0.0	2.033	9.033	0.0	0.00718135	0.04205014	0.0	7.462e-05	0.00033155
Miami-Dade	0.0	13712.774	144929.774	0.015	999.895	2837.895	0.0	0.00496555	0.05248073	1e-08	0.00036207	0.00102763
Saint Lucie	0.0	1218.819	6913.819	0.001	93.481	256.481	0.0	0.00379543	0.02152979	0.0	0.0002911	0.00079869
Martin	0.0	171.717	3973.717	0.001	44.709	136.709	0.0	0.00106715	0.02469497	1e-08	0.00027785	0.00084959
Jefferson	0.02	919.099	1367.099	0.0	0.0	5.0	1.4e-06	0.06432664	0.09568162	0.0	0.0	0.00034994
Bay	0.022	2438.401	6826.401	5.931	2529.756	2580.756	1.2e-07	0.01316013	0.03684231	3.201e-05	0.01365318	0.01392842
Nassau	0.0	480.999	1699.999	0.001	11.056	22.056	0.0	0.00560396	0.01980612	1e-08	0.00012881	0.00025697
Baker	0.047	698.031	1525.031	0.0	0.0	4.0	1.66e-06	0.02461756	0.05378349	0.0	0.0	0.00014107
Monroe	0.011	739.846	2253.846	0.018	51.002	64.002	1.5e-07	0.00986106	0.03004047	2.4e-07	0.00067978	0.00085305
Marion	0.0	1316.987	7576.987	0.081	186.675	275.675	0.0	0.00365853	0.02104853	2.3e-07	0.00051857	0.00076581
Leon	0.0	1815.3	6737.3	0.002	26.377	50.377	0.0	0.00620611	0.02303335	1e-08	9.018e-05	0.00017223
Madison	0.005	357.588	1057.588	0.004	12.272	20.272	2.7e-07	0.01929883	0.05707745	2.2e-07	0.00066231	0.00109407
Alachua	0.016	1734.166	5822.166	0.005	30.543	56.543	6e-08	0.00642388	0.02156709	2e-08	0.00011314	0.00020945
Liberty	0.003	195.299	595.299	0.002	4.721	10.721	3.5e-07	0.02309318	0.07039127	2.4e-07	0.00055824	0.00126771
Calhoun	0.85	1109.57	1571.57	0.0	0.0	7.0	5.827e-05	0.07606567	0.10773771	0.0	0.0	0.00047988
Gadsden	0.021	1381.704	3247.704	0.015	44.626	65.626	4.6e-07	0.03010642	0.07076533	3.3e-07	0.00097237	0.00142995
Charlotte	0.0	758.42	2972.42	0.0	16.33	107.33	0.0	0.00409961	0.01606731	0.0	8.827e-05	0.00058017
Seminole	0.0	1187.791	8235.791	0.07	204.476	322.476	0.0	0.00253893	0.01760416	1.5e-07	0.00043707	0.0006893
Hernando	0.0	835.519	2810.519	0.002	50.399	97.399	0.0	0.00437754	0.01472517	1e-08	0.00026406	0.0005103
Lake	0.0	1088.934	6161.934	0.0	23.422	90.422	0.0	0.00305456	0.01728477	0.0	6.57e-05	0.00025364
Unassigned	0.003	376.955	1054.955	0.0	0.0	47.0	N/A	N/A	N/A	N/A	N/A	N/A
Osceola	0.0	2388.075	11956.075	0.002	111.386	215.386	0.0	0.00648951	0.03249022	1e-08	0.00030269	0.0005853
Clay	0.0	1097.116	4342.116	0.021	27.303	78.303	0.0	0.00507755	0.02009569	1e-07	0.00012636	0.00036239
Sarasota	0.0	1488.737	7652.737	0.006	59.759	197.759	0.0	0.00348881	0.01793394	1e-08	0.00014004	0.00046344
Putnam	0.01	699.182	2180.182	0.019	55.244	81.244	1.3e-07	0.00942764	0.02939717	2.6e-07	0.0007449	0.00109548
Franklin	38.332	16350.661	16748.661	0.0	0.0	2.0	0.00326619	1.39320561	1.42711835	0.0	0.0	0.00017042
Gulf	0.035	763.674	1362.674	0.0	0.0	2.0	2.17e-06	0.04724536	0.08430302	0.0	0.0	0.00012373
Escambia	0.0	3083.622	12380.622	0.001	60.478	180.478	0.0	0.00977271	0.03923705	0.0	0.00019167	0.00057198
Union	0.004	132.954	429.954	0.0	0.0	5.0	2.7e-07	0.0088992	0.02877871	0.0	0.0	0.00033467
Okaloosa	0.032	2163.556	5611.556	0.029	85.473	126.473	1.5e-07	0.0104384	0.02707378	1.4e-07	0.00041238	0.00061019
Flagler	0.0	391.343	1443.343	0.001	15.16	28.16	0.0	0.00349204	0.01287929	1e-08	0.00013528	0.00025128
Holmes	0.003	225.93	719.93	0.0	0.62	2.62	1.5e-07	0.01159984	0.03696308	0.0	3.183e-05	0.00013452
Glades	0.0	23.764	424.764	0.0	0.0	3.0	0.0	0.00173157	0.03095045	0.0	0.0	0.0002186
Gilchrist	0.002	86.336	441.336	0.0	0.0	3.0	1.1e-07	0.00472918	0.02417485	0.0	0.0	0.00016433
Taylor	115.45	49245.368	50192.368	0.0	0.443	4.443	0.00533922	2.27745308	2.32124904	0.0	2.049e-05	0.00020548
Okeechobee	0.006	429.331	1456.331	0.01	27.626	37.626	1.4e-07	0.01033611	0.03506105	2.4e-07	0.00066509	0.00090584
Suwannee	0.02	738.865	2142.865	0.041	68.597	111.597	4.5e-07	0.01671981	0.04849098	9.3e-07	0.00155228	0.00252533
Volusia	0.033	2839.524	10618.524	0.0	36.358	167.358	6e-08	0.00518599	0.01939322	0.0	6.64e-05	0.00030566
