Name	Predicted_New_Cases	Total_Predicted_New_Cases	Total_Predicted_Cases	Predicted_New_Deaths	Total_Predicted_New_Deaths	Total_Predicted_Deaths	Predicted_New_per_capita	Predicted_Total_New_per_capita	Predicted_Total_Cases_per_capita	Predicted_New_Deaths_per_capita	Total_Predicted_New_Deaths_per_capita	Total_Predicted_Deaths_per_capita
Highlands	10.922	98.46	368.46	0.243	1.567	11.567	0.0001036	0.00093394	0.00349503	2.3e-06	1.486e-05	0.00010972
Dixie	0.841	4.412	66.412	0.0	0.0	3.0	5.036e-05	0.00026419	0.00397677	0.0	0.0	0.00017964
Hillsborough	405.101	3651.955	10543.955	4.263	32.17	153.17	0.00028193	0.00254157	0.00733805	2.97e-06	2.239e-05	0.0001066
Collier	75.085	838.329	4294.329	0.671	6.54	73.54	0.00019838	0.00221494	0.01134601	1.77e-06	1.728e-05	0.0001943
Indian River	54.886	399.793	856.793	1.775	9.911	24.911	0.00034868	0.00253977	0.00544296	1.128e-05	6.296e-05	0.00015825
Santa Rosa	8.4	86.702	457.702	0.0	0.0	9.0	4.684e-05	0.00048343	0.00255202	0.0	0.0	5.018e-05
Citrus	12.682	95.705	314.705	0.0	0.0	12.0	8.573e-05	0.00064697	0.00212741	0.0	0.0	8.112e-05
Palm Beach	245.694	2689.831	14225.831	5.133	57.311	539.311	0.00016535	0.00181019	0.00957362	3.45e-06	3.857e-05	0.00036294
Hamilton	6.431	46.842	361.842	0.0	0.0	2.0	0.00044941	0.00327338	0.02528595	0.0	0.0	0.00013976
Lee	99.947	1115.92	5059.92	1.628	17.553	165.553	0.00013245	0.0014788	0.00670534	2.16e-06	2.326e-05	0.00021939
Washington	0.041	3.303	104.303	0.126	2.109	13.109	1.65e-06	0.00013276	0.00419224	5.06e-06	8.477e-05	0.00052689
Sumter	12.438	65.266	364.266	0.0	0.0	17.0	9.66e-05	0.0005069	0.00282916	0.0	0.0	0.00013203
Levy	4.441	49.583	203.583	0.0	0.0	1.0	0.00010893	0.00121616	0.00499345	0.0	0.0	2.453e-05
Hardee	15.221	148.383	482.383	0.0	0.0	2.0	0.00055867	0.00544625	0.01770538	0.0	0.0	7.341e-05
Miami-Dade	553.368	5711.931	33490.931	6.376	71.992	997.992	0.00020038	0.00206836	0.01212745	2.31e-06	2.607e-05	0.00036138
Saint Lucie	37.478	418.446	1751.446	1.191	10.286	53.286	0.00011671	0.00130305	0.00545404	3.71e-06	3.203e-05	0.00016593
Martin	40.048	447.141	2086.141	0.536	4.632	26.632	0.00024888	0.00277879	0.01296448	3.33e-06	2.879e-05	0.00016551
Desoto	6.918	95.407	608.407	0.0	0.0	10.0	0.00018453	0.00254493	0.01622895	0.0	0.0	0.00026674
Bradford	3.316	22.933	91.933	0.0	0.0	2.0	0.00011957	0.00082695	0.00331505	0.0	0.0	7.212e-05
Jefferson	0.519	5.798	43.798	0.0	0.0	4.0	3.632e-05	0.0004058	0.00306537	0.0	0.0	0.00027996
Bay	15.056	109.668	349.668	0.0	0.0	4.0	8.126e-05	0.00059188	0.00188717	0.0	0.0	2.159e-05
Nassau	8.605	58.262	186.262	0.0	0.0	1.0	0.00010025	0.00067879	0.00217008	0.0	0.0	1.165e-05
Baker	1.476	15.232	57.232	0.0	0.0	4.0	5.205e-05	0.00053719	0.00201841	0.0	0.0	0.00014107
Monroe	7.514	64.903	238.903	0.0	0.0	4.0	0.00010015	0.00086506	0.00318423	0.0	0.0	5.331e-05
Marion	30.515	211.043	678.043	1.35	7.27	17.27	8.477e-05	0.00058627	0.00188357	3.75e-06	2.02e-05	4.798e-05
Leon	67.677	355.131	969.131	0.0	0.0	8.0	0.00023137	0.00121411	0.00331325	0.0	0.0	2.735e-05
Columbia	8.785	79.194	322.194	0.125	1.399	4.399	0.0001246	0.00112327	0.00456993	1.77e-06	1.984e-05	6.239e-05
Madison	30.585	160.493	303.493	0.0	0.0	3.0	0.00165066	0.00866172	0.01637935	0.0	0.0	0.00016191
Alachua	19.744	220.445	1027.445	0.265	2.286	13.286	7.314e-05	0.0008166	0.00380597	9.8e-07	8.47e-06	4.922e-05
Brevard	71.368	588.997	1610.997	0.611	3.694	20.694	0.00011957	0.00098684	0.00269917	1.02e-06	6.19e-06	3.467e-05
Liberty	0.05	1.148	221.148	0.0	0.0	1.0	5.91e-06	0.00013575	0.0261497	0.0	0.0	0.00011825
Walton	9.45	68.831	266.831	0.0	0.0	9.0	0.0001324	0.00096436	0.00373844	0.0	0.0	0.00012609
Calhoun	0.261	2.919	72.919	0.195	1.683	7.683	1.789e-05	0.00020011	0.0049989	1.337e-05	0.00011538	0.0005267
Gadsden	2.576	27.768	359.768	0.543	4.096	10.096	5.613e-05	0.00060505	0.00783911	1.183e-05	8.925e-05	0.00021999
Charlotte	8.7	87.446	704.446	0.341	3.514	79.514	4.703e-05	0.00047269	0.00380786	1.84e-06	1.899e-05	0.00042981
Seminole	150.409	1135.033	2759.033	1.213	6.923	22.923	0.0003215	0.00242616	0.00589749	2.59e-06	1.48e-05	4.9e-05
Hernando	26.783	146.787	364.787	0.0	0.0	5.0	0.00014032	0.00076906	0.00191123	0.0	0.0	2.62e-05
Lake	38.702	399.482	1237.482	1.327	9.386	30.386	0.00010856	0.00112058	0.00347125	3.72e-06	2.633e-05	8.524e-05
Unassigned	11.803	65.903	195.903	0.0	0.0	47.0	N/A	N/A	N/A	N/A	N/A	N/A
Osceola	66.492	484.331	1706.331	1.244	6.946	30.946	0.00018069	0.00131615	0.0046369	3.38e-06	1.888e-05	8.409e-05
Broward	312.246	3223.04	15440.04	2.191	23.159	401.159	0.00016002	0.00165177	0.00791286	1.12e-06	1.187e-05	0.00020559
Clay	23.52	155.97	678.97	0.089	0.467	33.467	0.00010885	0.00072184	0.00314233	4.1e-07	2.16e-06	0.00015489
Wakulla	3.054	16.027	57.027	0.0	0.0	1.0	9.408e-05	0.00049373	0.00175679	0.0	0.0	3.081e-05
Sarasota	68.727	475.32	1566.32	0.342	3.822	98.822	0.00016106	0.0011139	0.00367062	8e-07	8.96e-06	0.00023159
Pinellas	238.955	2329.521	6716.521	2.246	22.574	154.574	0.00024501	0.00238857	0.00688676	2.3e-06	2.315e-05	0.00015849
Putnam	9.979	82.358	343.358	0.0	0.0	6.0	0.00013455	0.0011105	0.00462977	0.0	0.0	8.09e-05
Franklin	0.443	2.324	6.324	0.0	0.0	0.0	3.775e-05	0.00019802	0.00053885	0.0	0.0	0.0
Hendry	16.145	174.034	970.034	0.712	5.373	29.373	0.00038851	0.00418794	0.02334281	1.713e-05	0.0001293	0.00070683
Gulf	0.295	3.289	17.289	0.712	5.373	5.373	1.825e-05	0.00020348	0.0010696	4.405e-05	0.00033241	0.00033241
Lafayette	0.838	8.86	28.86	0.712	5.373	5.373	9.597e-05	0.00101466	0.00330508	8.154e-05	0.00061532	0.00061532
Escambia	35.751	348.528	1660.528	1.405	9.512	52.512	0.0001133	0.00110457	0.0052626	4.45e-06	3.015e-05	0.00016642
Union	2.058	10.798	54.798	0.752	3.946	5.946	0.00013775	0.00072276	0.00366787	5.033e-05	0.00026412	0.00039799
Pasco	170.262	950.64	2034.64	0.0	0.674	17.674	0.00031552	0.00176165	0.00377044	0.0	1.25e-06	3.275e-05
Okaloosa	11.135	117.691	574.691	0.0	0.0	6.0	5.372e-05	0.00056782	0.00277268	0.0	0.0	2.895e-05
Flagler	6.533	49.297	299.297	0.018	0.1	5.1	5.83e-05	0.00043989	0.0026707	1.6e-07	8.9e-07	4.551e-05
Holmes	19.807	103.937	240.937	0.018	0.1	0.1	0.00101694	0.0053364	0.01237033	9.2e-07	5.13e-06	5.13e-06
Glades	2.29	25.571	168.571	0.0	0.0	1.0	0.00016686	0.00186323	0.01228294	0.0	0.0	7.287e-05
Saint Johns	60.89	403.779	951.779	0.819	4.297	11.297	0.00023948	0.00158805	0.00374331	3.22e-06	1.69e-05	4.443e-05
Gilchrist	5.406	60.353	148.353	0.819	4.297	4.297	0.00029612	0.00330593	0.00812626	4.486e-05	0.00023537	0.00023537
Taylor	0.746	10.223	80.223	0.819	4.297	4.297	3.45e-05	0.00047278	0.00371008	3.788e-05	0.00019872	0.00019872
Duval	532.297	2917.285	6336.285	0.365	4.071	66.071	0.00056021	0.00307024	0.0066685	3.8e-07	4.28e-06	6.954e-05
Polk	187.16	1363.287	3817.287	0.379	4.234	84.234	0.00026435	0.00192552	0.00539158	5.4e-07	5.98e-06	0.00011897
Okeechobee	8.591	92.606	368.606	0.379	4.234	4.234	0.00020683	0.00222948	0.00887416	9.12e-06	0.00010193	0.00010193
Manatee	156.746	1108.876	3240.876	2.618	22.616	149.616	0.00039697	0.00280831	0.00820776	6.63e-06	5.728e-05	0.00037891
Orange	467.669	3688.738	9744.738	0.32	3.449	56.449	0.00033873	0.00267175	0.00705811	2.3e-07	2.5e-06	4.089e-05
Suwannee	66.72	342.875	691.875	0.0	0.0	18.0	0.00150981	0.00775893	0.01565647	0.0	0.0	0.00040732
Volusia	89.378	651.034	2020.034	0.692	7.731	60.731	0.00016324	0.00118902	0.0036893	1.26e-06	1.412e-05	0.00011092
Jackson	1.657	18.502	360.502	0.125	1.399	3.399	3.43e-05	0.00038302	0.00746304	2.59e-06	2.896e-05	7.037e-05
