Name	Predicted_New_Cases	Total_Predicted_New_Cases	Total_Predicted_Cases	Predicted_New_Deaths	Total_Predicted_New_Deaths	Total_Predicted_Deaths	Predicted_New_per_capita	Predicted_Total_New_per_capita	Predicted_Total_Cases_per_capita	Predicted_New_Deaths_per_capita	Total_Predicted_New_Deaths_per_capita	Total_Predicted_Deaths_per_capita
Somerset	0.005	94.132	126.132	0.0	0.226	0.226	1e-07	0.00186061	0.00249312	0.0	4.47e-06	4.47e-06
Lincoln	0.0	75.622	106.622	0.0	0.226	0.226	0.0	0.00220203	0.00310471	0.0	6.58e-06	6.58e-06
Penobscot	0.0	120.237	256.237	0.004	75.669	80.669	0.0	0.00079577	0.00169586	3e-08	0.0005008	0.00053389
Washington	0.033	108.802	114.802	0.004	75.669	75.669	1.05e-06	0.00345513	0.00364567	1.3e-07	0.00240295	0.00240295
Oxford	0.0	8.312	56.312	0.004	75.669	75.669	0.0	0.00014426	0.00097733	7e-08	0.00131329	0.00131329
Piscataquis	0.0	3.154	6.154	0.004	75.669	75.669	0.0	0.00018774	0.00036631	2.4e-07	0.00450411	0.00450411
Sagadahoc	0.044	145.065	183.065	0.0	0.0	1.0	1.23e-06	0.00407097	0.00513737	0.0	0.0	2.806e-05
Kennebec	0.094	306.252	460.252	0.0	0.0	10.0	7.7e-07	0.00250856	0.00376999	0.0	0.0	8.191e-05
Unassigned	0.566	1853.637	1856.637	0.0	0.0	3.0	N/A	N/A	N/A	N/A	N/A	N/A
Franklin	0.085	278.045	323.045	0.0	0.0	1.0	2.84e-06	0.0093001	0.01080526	0.0	0.0	3.345e-05
Aroostook	0.026	297.955	329.955	0.0	0.0	1.0	3.9e-07	0.00443973	0.00491656	0.0	0.0	1.49e-05
