Name	Predicted_New_Cases	Total_Predicted_New_Cases	Total_Predicted_Cases	Predicted_New_Deaths	Total_Predicted_New_Deaths	Total_Predicted_Deaths	Predicted_New_per_capita	Predicted_Total_New_per_capita	Predicted_Total_Cases_per_capita	Predicted_New_Deaths_per_capita	Total_Predicted_New_Deaths_per_capita	Total_Predicted_Deaths_per_capita
Cumberland	0.452	533.756	1354.756	0.035	18.654	53.654	1.54e-06	0.00181824	0.00461497	1.2e-07	6.354e-05	0.00018277
Somerset	0.474	82.767	102.767	0.035	18.654	18.654	9.37e-06	0.00163597	0.00203129	6.9e-07	0.00036871	0.00036871
Lincoln	0.004	4.604	21.604	0.035	18.654	18.654	1.2e-07	0.00013406	0.00062908	1.02e-06	0.00054318	0.00054318
Penobscot	0.0	1.413	94.413	0.0	0.0	1.0	0.0	9.35e-06	0.00062485	0.0	0.0	6.62e-06
Washington	0.0	0.0	2.0	0.0	0.0	0.0	0.0	0.0	6.351e-05	0.0	0.0	0.0
Oxford	0.0	0.471	17.471	0.0	0.0	0.0	0.0	8.17e-06	0.00030322	0.0	0.0	0.0
Piscataquis	0.0	0.0	1.0	0.0	0.0	0.0	0.0	0.0	5.952e-05	0.0	0.0	0.0
Sagadahoc	0.823	187.809	213.809	0.0	0.0	1.0	2.31e-05	0.0052705	0.00600014	0.0	0.0	2.806e-05
Kennebec	0.036	27.403	147.403	0.008	3.345	11.345	2.9e-07	0.00022446	0.0012074	7e-08	2.74e-05	9.293e-05
Androscoggin	0.154	139.416	259.416	0.0	0.0	2.0	1.43e-06	0.00129474	0.00240916	0.0	0.0	1.857e-05
Unassigned	0.009	11.121	13.121	0.0	0.0	3.0	N/A	N/A	N/A	N/A	N/A	N/A
Franklin	0.0	0.741	33.741	0.0	0.0	1.0	0.0	2.479e-05	0.00112857	0.0	0.0	3.345e-05
Hancock	0.0	0.0	10.0	0.0	0.0	1.0	0.0	0.0	0.00018245	0.0	0.0	1.824e-05
Aroostook	0.001	1.573	8.573	0.0	0.0	0.0	1e-08	2.344e-05	0.00012774	0.0	0.0	0.0
Knox	0.008	8.875	29.875	0.0	0.0	0.0	2e-07	0.00022315	0.00075118	0.0	0.0	0.0
York	0.003	95.893	383.893	0.001	1.03	9.03	1e-08	0.00046498	0.00186149	0.0	4.99e-06	4.379e-05
Waldo	0.001	1.122	51.122	0.015	7.931	21.931	3e-08	2.827e-05	0.0012879	3.8e-07	0.0001998	0.0005525
