Name	Predicted_New_Cases	Total_Predicted_New_Cases	Total_Predicted_Cases	Predicted_New_Deaths	Total_Predicted_New_Deaths	Total_Predicted_Deaths	Predicted_New_per_capita	Predicted_Total_New_per_capita	Predicted_Total_Cases_per_capita	Predicted_New_Deaths_per_capita	Total_Predicted_New_Deaths_per_capita	Total_Predicted_Deaths_per_capita
Cumberland	0.0	32.516	1982.516	20.558	283.001	350.001	0.0	0.00011077	0.00675343	7.003e-05	0.00096404	0.00119228
Somerset	4.509	25.766	57.766	0.0	0.0	1.323	8.912e-05	0.00050929	0.0011418	0.0	0.0	2.615e-05
Lincoln	0.0	0.606	30.606	0.0	0.0	1.992	0.0	1.765e-05	0.00089121	0.0	0.0	5.8e-05
Penobscot	17.963	102.641	233.641	0.0	6.909	11.909	0.00011888	0.00067931	0.00154631	0.0	4.573e-05	7.882e-05
Washington	0.102	1.4	7.4	0.0	0.0	1.428	3.24e-06	4.446e-05	0.000235	0.0	0.0	4.535e-05
Oxford	6.677	38.156	86.156	0.0	0.0	1.744	0.00011588	0.00066222	0.0014953	0.0	0.0	3.027e-05
Piscataquis	0.048	0.663	4.663	0.0	0.0	0.221	2.86e-06	3.946e-05	0.00027756	0.0	0.0	1.315e-05
Sagadahoc	4.852	27.724	61.724	0.033	0.458	2.078	0.00013616	0.00077802	0.00173217	9.3e-07	1.285e-05	5.832e-05
Kennebec	23.245	128.817	275.817	0.0	7.861	17.861	0.0001904	0.00105516	0.00225926	0.0	6.439e-05	0.0001463
Androscoggin	72.078	411.861	922.861	0.0	31.571	36.571	0.00066938	0.0038249	0.00857048	0.0	0.0002932	0.00033963
Unassigned	0.014	0.191	26.191	0.025	0.346	0.559	N/A	N/A	N/A	N/A	N/A	N/A
Franklin	6.776	37.552	80.552	0.554	7.622	8.622	0.00022664	0.00125605	0.00269432	1.853e-05	0.00025494	0.00028839
Hancock	2.612	14.922	33.922	0.215	2.954	3.954	4.765e-05	0.00027224	0.00061889	3.92e-06	5.389e-05	7.214e-05
Aroostook	0.29	3.993	30.993	0.0	1.15	2.15	4.32e-06	5.95e-05	0.00046182	0.0	1.714e-05	3.204e-05
Knox	2.783	16.987	41.987	0.349	4.798	5.798	6.998e-05	0.00042712	0.00105572	8.78e-06	0.00012064	0.00014578
York	0.0	10.297	604.297	0.469	46.016	58.016	0.0	4.993e-05	0.00293022	2.27e-06	0.00022313	0.00028132
Waldo	1.337	18.409	78.409	3.587	38.539	52.539	3.368e-05	0.00046377	0.00197534	9.037e-05	0.0009709	0.0013236
