Name	Predicted_New_Cases	Total_Predicted_New_Cases	Total_Predicted_Cases	Predicted_New_Deaths	Total_Predicted_New_Deaths	Total_Predicted_Deaths	Predicted_New_per_capita	Predicted_Total_New_per_capita	Predicted_Total_Cases_per_capita	Predicted_New_Deaths_per_capita	Total_Predicted_New_Deaths_per_capita	Total_Predicted_Deaths_per_capita
Cumberland	0.0	378.805	1581.805	0.163	152.835	206.835	0.0	0.0012904	0.00538841	5.6e-07	0.00052063	0.00070458
Somerset	0.0	4.279	26.279	0.163	152.835	152.835	0.0	8.458e-05	0.00051943	3.22e-06	0.00302093	0.00302093
Lincoln	0.0	0.417	20.417	0.163	152.835	152.835	0.0	1.214e-05	0.00059452	4.75e-06	0.00445038	0.00445038
Penobscot	0.0	1.202	101.202	0.001	25.338	27.338	0.0	7.96e-06	0.00066979	1e-08	0.00016769	0.00018093
Washington	0.0	0.109	1.109	0.001	25.338	25.338	0.0	3.46e-06	3.522e-05	3e-08	0.00080464	0.00080464
Oxford	0.087	123.342	156.342	0.001	25.338	25.338	1.51e-06	0.00214069	0.00271342	2e-08	0.00043976	0.00043976
Piscataquis	0.0	0.0	1.0	0.001	25.338	25.338	0.0	0.0	5.952e-05	6e-08	0.00150821	0.00150821
Sagadahoc	0.029	30.242	61.242	0.0	0.0	1.0	8.1e-07	0.00084868	0.00171864	0.0	0.0	2.806e-05
Kennebec	0.0	0.629	127.629	0.0	0.054	9.054	0.0	5.15e-06	0.00104543	0.0	4.4e-07	7.416e-05
Androscoggin	0.004	213.999	527.999	0.0	0.0	2.0	4e-08	0.00198738	0.00490345	0.0	0.0	1.857e-05
Unassigned	0.0	4.167	5.167	0.0	0.0	3.0	N/A	N/A	N/A	N/A	N/A	N/A
Franklin	0.0	0.07	36.07	0.0	0.0	1.0	0.0	2.34e-06	0.00120648	0.0	0.0	3.345e-05
Hancock	0.0	0.0	11.0	0.0	0.0	1.0	0.0	0.0	0.00020069	0.0	0.0	1.824e-05
Aroostook	0.573	212.078	222.078	0.0	0.0	1.0	8.54e-06	0.00316011	0.00330911	0.0	0.0	1.49e-05
Knox	0.0	0.0	20.0	0.0	0.0	0.0	0.0	0.0	0.00050288	0.0	0.0	0.0
York	0.0	113.838	509.838	0.0	3.715	13.715	0.0	0.000552	0.00247219	0.0	1.801e-05	6.65e-05
Waldo	0.0	0.014	51.014	0.0	0.0	14.0	0.0	3.5e-07	0.00128518	0.0	0.0	0.0003527
