Name	Predicted_New_Cases	Total_Predicted_New_Cases	Total_Predicted_Cases	Predicted_New_Deaths	Total_Predicted_New_Deaths	Total_Predicted_Deaths	Predicted_New_per_capita	Predicted_Total_New_per_capita	Predicted_Total_Cases_per_capita	Predicted_New_Deaths_per_capita	Total_Predicted_New_Deaths_per_capita	Total_Predicted_Deaths_per_capita
Cumberland	11.285	609.837	1665.837	1.019	36.226	77.226	3.844e-05	0.00207741	0.00567466	3.47e-06	0.0001234	0.00026307
Somerset	0.0	0.77	21.77	1.019	36.226	36.226	0.0	1.522e-05	0.00043031	2.014e-05	0.00071604	0.00071604
Lincoln	0.117	6.976	26.976	1.019	36.226	36.226	3.41e-06	0.00020313	0.00078551	2.967e-05	0.00105486	0.00105486
Penobscot	0.362	20.127	119.127	0.0	0.0	1.0	2.4e-06	0.00013321	0.00078842	0.0	0.0	6.62e-06
Washington	0.0	0.0	2.0	0.0	0.0	0.0	0.0	0.0	6.351e-05	0.0	0.0	0.0
Oxford	8.745	132.596	154.596	0.0	0.0	0.0	0.00015178	0.00230129	0.00268312	0.0	0.0	0.0
Piscataquis	0.0	0.0	1.0	0.0	0.0	0.0	0.0	0.0	5.952e-05	0.0	0.0	0.0
Sagadahoc	0.0	0.97	28.97	0.0	0.0	1.0	0.0	2.722e-05	0.00081299	0.0	0.0	2.806e-05
Kennebec	0.157	14.085	142.085	0.023	1.892	10.892	1.29e-06	0.00011537	0.00116384	1.9e-07	1.55e-05	8.922e-05
Androscoggin	7.24	379.191	626.191	0.0	0.0	2.0	6.724e-05	0.00352149	0.00581535	0.0	0.0	1.857e-05
Unassigned	0.118	7.069	8.069	0.0	0.0	3.0	N/A	N/A	N/A	N/A	N/A	N/A
Franklin	0.23	12.023	48.023	0.0	0.0	1.0	7.69e-06	0.00040215	0.00160628	0.0	0.0	3.345e-05
Hancock	0.0	0.62	11.62	0.0	0.0	1.0	0.0	1.131e-05	0.000212	0.0	0.0	1.824e-05
Aroostook	0.058	3.489	11.489	0.0	0.0	1.0	8.6e-07	5.199e-05	0.00017119	0.0	0.0	1.49e-05
Knox	0.015	0.917	20.917	0.0	0.0	0.0	3.8e-07	2.306e-05	0.00052594	0.0	0.0	0.0
York	2.648	151.124	510.124	0.053	2.067	11.067	1.284e-05	0.0007328	0.00247358	2.6e-07	1.002e-05	5.366e-05
Waldo	0.054	3.215	54.215	0.0	0.0	14.0	1.36e-06	8.099e-05	0.00136582	0.0	0.0	0.0003527
