Name	Confirmed	Deaths	Recovered	Active	Confirmed_per_capita	Deaths_per_capita	IFR_0.30_expected	IFR_0.65_expected	IFR_1.0_expected	IFR_0.30_expected_per_capita	IFR_0.65_expected_per_capita	IFR_1.0_expected_per_capita	Date
Fairfax	31.0	1.0	0.0	0.0	2.694e-05	8.7e-07	333.333333333	153.846153846	100.0	0.00029	0.000133846153846	8.7e-05	2020-03-22
Fairfax	43	1	0	0	3.737e-05	8.7e-07	333.333333333	153.846153846	100	0.00029	0.000133846153846	8.7e-05	12	0	2020-03-23
Fairfax	46	1	0	0	3.997e-05	8.7e-07	333.333333333	153.846153846	100	0.00029	0.000133846153846	8.7e-05	3	0	0	0	2020-03-24
Fairfax	76	1	0	0	6.604e-05	8.7e-07	333.333333333	153.846153846	100	0.00029	0.000133846153846	8.7e-05	30	0	900	0	2020-03-25
Fairfax	79	1	0	0	6.865e-05	8.7e-07	333.333333333	153.846153846	100	0.00029	0.000133846153846	8.7e-05	3	0	-90	0	2020-03-26
Fairfax	124	1	0	0	0.00010775	8.7e-07	333.333333333	153.846153846	100	0.00029	0.000133846153846	8.7e-05	45	0	0	0	2020-03-27
Fairfax	156	2	0	0	0.00013556	1.74e-06	666.666666667	307.692307692	200	0.00058	0.000267692307692	0.000174	32	1	-28.9	0	2020-03-28
Fairfax	188	2	0	0	0.00016337	1.74e-06	666.666666667	307.692307692	200	0.00058	0.000267692307692	0.000174	32	0	0	0	2020-03-29
Fairfax	224	2	0	0	0.00019465	1.74e-06	666.666666667	307.692307692	200	0.00058	0.000267692307692	0.000174	36	0	0	0	2020-03-30
Fairfax	244	2	0	0	0.00021203	1.74e-06	666.666666667	307.692307692	200	0.00058	0.000267692307692	0.000174	20	0	-44.4	0	2020-03-31
Fairfax	288	2	0	0	0.00025026	1.74e-06	666.666666667	307.692307692	200	0.00058	0.000267692307692	0.000174	44	0	120	0	2020-04-01
Fairfax	328	2	0	0	0.00028502	1.74e-06	666.666666667	307.692307692	200	0.00058	0.000267692307692	0.000174	40	0	-9.1	0	2020-04-02
Fairfax	372	2	0	0	0.00032325	1.74e-06	666.666666667	307.692307692	200	0.00058	0.000267692307692	0.000174	44	0	10	0	2020-04-03
Fairfax	387.0	2.0	0.0	0.0	0.00033629	1.74e-06	666.666666667	307.692307692	200.0	0.00058	0.000267692307692	0.000174	2020-04-04
Fairfax	426.0	2.0	0.0	0.0	0.00037018	1.74e-06	666.666666667	307.692307692	200.0	0.00058	0.000267692307692	0.000174	2020-04-05
