Name	Predicted_New_Cases	Total_Predicted_New_Cases	Total_Predicted_Cases	Predicted_New_Deaths	Total_Predicted_New_Deaths	Total_Predicted_Deaths	Predicted_New_per_capita	Predicted_Total_New_per_capita	Predicted_Total_Cases_per_capita	Predicted_New_Deaths_per_capita	Total_Predicted_New_Deaths_per_capita	Total_Predicted_Deaths_per_capita
Floyd	0.961	379.775	1097.775	0.0	0.0	45.0	1.236e-05	0.00488262	0.01411367	0.0	0.0	0.00057855
Wells	0.139	54.759	188.759	0.01	3.76	5.76	4.93e-06	0.0019414	0.00669216	3.5e-07	0.0001333	0.00020421
Pike	1.609	292.045	339.045	0.0	0.0	0.0	0.00012965	0.02353304	0.02732031	0.0	0.0	0.0
Wayne	0.369	179.816	513.816	0.029	9.356	19.356	5.6e-06	0.00272713	0.00779265	4.4e-07	0.0001419	0.00029356
Kosciusko	0.385	187.384	1009.384	0.031	9.813	22.813	4.85e-06	0.00236167	0.01272162	3.9e-07	0.00012368	0.00028752
Fulton	0.34	121.164	268.164	0.404	34.647	36.647	1.692e-05	0.00603046	0.0133468	2.011e-05	0.00172442	0.00182396
Hendricks	0.846	334.418	2108.418	0.0	0.0	105.0	5.07e-06	0.0020024	0.01262458	0.0	0.0	0.00062871
Montgomery	0.289	96.655	438.655	0.0	0.0	21.0	7.54e-06	0.0025206	0.01143939	0.0	0.0	0.00054765
Fountain	0.002	23.737	87.737	0.0	0.0	2.0	1.2e-07	0.00145172	0.00536585	0.0	0.0	0.00012232
Blackford	0.043	16.815	71.815	0.0	0.0	2.0	3.6e-06	0.00140947	0.0060197	0.0	0.0	0.00016764
Hamilton	1.895	867.201	3410.201	0.01	3.876	107.876	5.74e-06	0.0026272	0.01033125	3e-08	1.174e-05	0.00032681
Washington	0.79	195.867	312.867	0.0	0.0	1.0	2.827e-05	0.00700952	0.01119661	0.0	0.0	3.579e-05
Noble	0.268	105.866	742.866	0.0	0.0	29.0	5.64e-06	0.00222726	0.01562876	0.0	0.0	0.00061012
Martin	0.0	8.363	50.363	0.0	0.0	0.0	0.0	0.00081854	0.00492933	0.0	0.0	0.0
Fayette	0.163	64.386	226.386	0.0	0.0	7.0	7.07e-06	0.00279368	0.0098228	0.0	0.0	0.00030373
Jefferson	0.0	4.245	156.245	0.0	0.0	2.0	0.0	0.0001318	0.00485112	0.0	0.0	6.21e-05
Bartholomew	0.511	202.002	950.002	0.062	16.123	63.123	6.18e-06	0.00244102	0.01147997	7.5e-07	0.00019483	0.00076279
Newton	0.043	16.925	127.925	0.0	0.0	10.0	3.07e-06	0.00120798	0.00913033	0.0	0.0	0.00071372
Pulaski	2.464	211.359	282.359	0.0	0.0	1.0	0.00019761	0.01695076	0.02264488	0.0	0.0	8.02e-05
Tippecanoe	1.336	476.151	1594.151	0.0	0.0	11.0	6.92e-06	0.00246649	0.0082578	0.0	0.0	5.698e-05
Decatur	0.649	198.796	516.796	0.0	0.0	32.0	2.422e-05	0.00741942	0.01928775	0.0	0.0	0.0011943
Ohio	23.015	1736.068	1787.068	0.0	0.634	4.634	0.00393823	0.29706845	0.30579535	0.0	0.00010849	0.00079295
Lawrence	0.954	236.546	567.546	0.008	1.014	28.014	2.089e-05	0.00517969	0.01242765	1.8e-07	2.22e-05	0.00061343
Marion	9.888	3762.744	18791.744	0.216	53.483	777.483	1.036e-05	0.00394141	0.01968402	2.3e-07	5.602e-05	0.0008144
Rush	0.0	9.019	89.019	0.0	0.0	4.0	0.0	0.00054126	0.00534232	0.0	0.0	0.00024005
Delaware	1.035	345.657	999.657	0.0	0.0	52.0	9.02e-06	0.00301168	0.00870994	0.0	0.0	0.00045307
Warrick	0.637	251.672	779.672	0.016	4.087	34.087	1.018e-05	0.00402244	0.01246139	2.6e-07	6.532e-05	0.00054481
Parke	0.128	40.95	88.95	0.0	0.0	1.0	7.56e-06	0.00241921	0.00525492	0.0	0.0	5.908e-05
Benton	0.04	14.099	74.099	0.0	0.0	0.0	4.62e-06	0.00162938	0.00856339	0.0	0.0	0.0
Steuben	0.0	9.128	210.128	0.0	0.0	3.0	0.0	0.00026392	0.00607552	0.0	0.0	8.674e-05
Henry	0.065	54.643	418.643	0.0	0.0	18.0	1.35e-06	0.001132	0.00867276	0.0	0.0	0.00037289
Madison	0.98	327.282	1189.282	0.404	34.647	99.647	7.56e-06	0.00252453	0.00917366	3.12e-06	0.00026725	0.00076864
Boone	0.579	206.256	850.256	0.038	8.449	54.449	8.64e-06	0.00307849	0.01269058	5.7e-07	0.00012611	0.00081268
Dearborn	0.472	215.912	688.912	0.026	7.913	35.913	9.52e-06	0.00435587	0.01389832	5.2e-07	0.00015964	0.00072452
Vanderburgh	2.141	926.688	2689.688	0.08	23.21	35.21	1.183e-05	0.00512056	0.01486229	4.4e-07	0.00012825	0.00019456
Switzerland	2.734	283.399	326.399	0.0	3.14	3.14	0.00025511	0.02644387	0.03045619	0.0	0.00029299	0.00029299
Scott	0.192	87.933	339.933	0.0	0.0	10.0	8.04e-06	0.00368259	0.01423624	0.0	0.0	0.0004188
Posey	0.0	17.063	177.063	0.0	0.0	0.0	0.0	0.00066809	0.00693277	0.0	0.0	0.0
Howard	0.148	172.72	996.72	0.0	1.552	66.552	1.8e-06	0.00209698	0.01210111	0.0	1.884e-05	0.000808
Jennings	0.673	151.46	364.46	0.0	0.0	12.0	2.437e-05	0.00548549	0.01319981	0.0	0.0	0.00043461
Marshall	0.082	95.973	839.973	0.024	10.901	32.901	1.77e-06	0.00207518	0.01816236	5.2e-07	0.00023571	0.0007114
LaPorte	0.638	252.114	1095.114	0.003	0.911	29.911	5.8e-06	0.0022918	0.00995495	3e-08	8.28e-06	0.0002719
Vermillion	15.432	1323.578	1365.578	0.003	0.911	0.911	0.00099696	0.08550798	0.08822133	1.9e-07	5.885e-05	5.885e-05
Lake	0.044	872.49	8011.49	0.0	3.005	276.005	9e-08	0.00180114	0.01653862	0.0	6.2e-06	0.00056977
Unassigned	0.0	0.0	193.0	0.029	11.283	213.283	N/A	N/A	N/A	N/A	N/A	N/A
Randolph	0.099	39.162	146.162	0.0	0.0	4.0	3.98e-06	0.00157587	0.00588153	0.0	0.0	0.00016096
Adams	0.074	29.317	111.317	1.091	93.551	95.551	2.08e-06	0.00082268	0.00312372	3.062e-05	0.00262518	0.00268131
Clay	0.126	49.783	150.783	0.0	0.0	5.0	4.81e-06	0.00190229	0.00576167	0.0	0.0	0.00019106
De Kalb	0.058	55.736	276.736	0.0	0.0	4.0	1.34e-06	0.00128941	0.00640207	0.0	0.0	9.254e-05
Shelby	0.162	63.943	585.943	0.03	7.724	33.724	3.63e-06	0.00143392	0.0131398	6.7e-07	0.00017321	0.00075626
Owen	0.06	23.89	105.89	0.0	0.0	1.0	2.88e-06	0.00114608	0.00507988	0.0	0.0	4.797e-05
Allen	2.757	982.249	4644.249	0.0	11.27	169.27	7.35e-06	0.00261688	0.01237308	0.0	3.003e-05	0.00045096
Huntington	0.033	15.832	134.832	0.0	0.62	3.62	9.1e-07	0.00043687	0.00372053	0.0	1.711e-05	9.989e-05
Tipton	0.068	79.457	196.457	0.024	11.006	17.006	4.49e-06	0.00525231	0.01298632	1.59e-06	0.00072753	0.00112414
Putnam	0.01	33.724	266.724	0.0	0.0	8.0	2.6e-07	0.00089267	0.00706011	0.0	0.0	0.00021176
Franklin	0.279	110.291	339.291	0.039	10.214	21.214	1.227e-05	0.00485094	0.01492307	1.72e-06	0.00044924	0.00093306
Greene	0.138	54.431	294.431	0.001	0.227	34.227	4.31e-06	0.00170065	0.00919924	3e-08	7.09e-06	0.00106939
Daviess	0.425	156.305	405.305	0.022	5.302	24.302	1.282e-05	0.00471551	0.0122275	6.6e-07	0.00015995	0.00073316
Union	0.091	31.36	64.36	0.0	0.059	0.059	1.293e-05	0.00445644	0.00914594	0.0	8.38e-06	8.38e-06
Perry	0.374	84.181	256.181	0.0	0.0	12.0	1.958e-05	0.00440692	0.01341121	0.0	0.0	0.00062821
Jay	7.676	658.326	739.326	0.0	0.0	0.0	0.00036968	0.03170516	0.03560615	0.0	0.0	0.0
Starke	0.113	44.798	208.798	0.091	23.848	30.848	4.93e-06	0.00195326	0.0091039	3.97e-06	0.00103981	0.00134502
Porter	1.126	464.405	1673.405	0.025	6.994	45.994	6.64e-06	0.00273833	0.00986712	1.5e-07	4.124e-05	0.0002712
Clark	1.645	605.087	1714.087	0.0	0.0	45.0	1.402e-05	0.00515582	0.01460538	0.0	0.0	0.00038344
Miami	0.184	72.681	331.681	0.0	0.0	2.0	5.17e-06	0.0020435	0.00932553	0.0	0.0	5.623e-05
Elkhart	0.415	647.609	5277.609	0.197	48.967	125.967	2.02e-06	0.00315046	0.0256743	9.6e-07	0.00023821	0.0006128
Carroll	18.704	1604.228	1752.228	0.0	0.0	2.0	0.0009293	0.07970527	0.08705858	0.0	0.0	9.937e-05
Vigo	0.779	307.869	816.869	0.032	8.404	18.404	7.25e-06	0.00286694	0.00760685	3e-07	7.826e-05	0.00017138
Morgan	0.167	86.481	523.481	0.014	4.803	36.803	2.38e-06	0.0012334	0.00746593	2e-07	6.85e-05	0.00052489
Spencer	0.017	27.009	139.009	0.029	9.609	12.609	8.4e-07	0.00132873	0.00683864	1.43e-06	0.00047272	0.00062031
Knox	0.236	93.147	227.147	0.029	9.609	9.609	6.4e-06	0.00252465	0.00615658	7.9e-07	0.00026044	0.00026044
Johnson	0.605	314.404	1981.404	0.0	0.0	118.0	3.87e-06	0.00201251	0.01268301	0.0	0.0	0.00075532
White	0.062	59.847	406.847	0.0	0.0	10.0	2.57e-06	0.00247988	0.01685853	0.0	0.0	0.00041437
Harrison	0.401	142.746	442.746	0.0	0.0	22.0	9.94e-06	0.0035377	0.01097264	0.0	0.0	0.00054523
Sullivan	8.362	717.219	795.219	0.0	0.0	1.0	0.00040416	0.03466501	0.03843494	0.0	0.0	4.833e-05
Clinton	0.372	119.318	479.318	0.0	0.0	3.0	1.153e-05	0.00369978	0.01486257	0.0	0.0	9.302e-05
Crawford	0.0	1.415	45.415	0.0	0.0	0.0	0.0	0.00013402	0.00430148	0.0	0.0	0.0
Gibson	0.124	60.232	262.232	0.022	7.209	11.209	3.71e-06	0.00180055	0.00783905	6.6e-07	0.0002155	0.00033508
Jasper	0.0	20.866	230.866	0.0	0.0	2.0	0.0	0.00062529	0.00691837	0.0	0.0	5.993e-05
Saint Joseph	2.82	1114.548	4317.548	0.05	16.533	95.533	1.041e-05	0.0041162	0.01594539	1.8e-07	6.106e-05	0.00035282
Wabash	0.122	48.342	209.342	0.0	0.0	3.0	3.9e-06	0.00154546	0.00669252	0.0	0.0	9.591e-05
Orange	0.007	10.965	174.965	0.0	0.0	24.0	3.6e-07	0.00056263	0.00897763	0.0	0.0	0.00123146
Jackson	0.285	101.696	655.696	0.014	3.129	7.129	6.46e-06	0.00230546	0.01486468	3.2e-07	7.093e-05	0.00016162
