Name	Predicted_New_Cases	Total_Predicted_New_Cases	Total_Predicted_Cases	Predicted_New_Deaths	Total_Predicted_New_Deaths	Total_Predicted_Deaths	Predicted_New_per_capita	Predicted_Total_New_per_capita	Predicted_Total_Cases_per_capita	Predicted_New_Deaths_per_capita	Total_Predicted_New_Deaths_per_capita	Total_Predicted_Deaths_per_capita
Washington	0.001	107.862	165.862	0.0	0.0	1.0	4e-08	0.00386007	0.00593573	0.0	0.0	3.579e-05
Newton	0.0	65.113	153.113	0.0	0.0	10.0	0.0	0.00464728	0.01092806	0.0	0.0	0.00071372
Warrick	0.264	555.707	730.707	0.0	0.067	29.067	4.22e-06	0.00888179	0.01167879	0.0	1.07e-06	0.00046457
Benton	0.272	571.816	608.816	0.0	0.067	0.067	3.143e-05	0.06608298	0.07035895	0.0	7.74e-06	7.74e-06
Henry	0.007	366.15	570.15	0.144	258.709	272.709	1.5e-07	0.0075853	0.01181144	2.98e-06	0.00535951	0.00564954
Boone	0.0	257.261	643.261	0.001	26.333	64.333	0.0	0.00383977	0.00960105	1e-08	0.00039304	0.00096021
Posey	0.13	273.827	292.827	0.0	0.0	0.0	5.09e-06	0.0107215	0.01146543	0.0	0.0	0.0
Jennings	0.392	825.505	967.505	0.0	0.0	4.0	1.42e-05	0.02989769	0.03504056	0.0	0.0	0.00014487
Marshall	0.0	232.618	537.618	0.052	108.726	111.726	0.0	0.0050298	0.01162468	1.12e-06	0.00235093	0.0024158
Vermillion	0.034	72.487	83.487	0.0	0.0	0.0	2.2e-06	0.00468293	0.00539357	0.0	0.0	0.0
De Kalb	0.0	185.994	306.994	0.052	108.726	111.726	0.0	0.00430283	0.00710207	1.2e-06	0.00251529	0.00258469
Putnam	0.0	48.073	204.073	0.0	14.546	22.546	0.0	0.00127248	0.00540176	0.0	0.00038503	0.00059679
Perry	3.551	5541.955	5633.955	0.0	0.0	1.0	0.0001859	0.29012433	0.29494058	0.0	0.0	5.235e-05
