Name	Predicted_New_Cases	Total_Predicted_New_Cases	Total_Predicted_Cases	Predicted_New_Deaths	Total_Predicted_New_Deaths	Total_Predicted_Deaths	Predicted_New_per_capita	Predicted_Total_New_per_capita	Predicted_Total_Cases_per_capita	Predicted_New_Deaths_per_capita	Total_Predicted_New_Deaths_per_capita	Total_Predicted_Deaths_per_capita
Floyd	1.523	81.029	257.108	0.383	16.187	27.946	1.958e-05	0.00104176	0.00330554	4.92e-06	0.00020811	0.00035929
Wells	0.069	3.647	9.73	0.383	16.187	18.946	2.45e-06	0.0001293	0.00034496	1.358e-05	0.00057388	0.0006717
Brown	0.0	0.0	15.69	0.0	0.0	1.0	0.0	0.0	0.00102993	0.0	0.0	6.564e-05
Pike	0.0	0.0	1.0	0.0	0.0	0.0	0.0	0.0	8.058e-05	0.0	0.0	0.0
Wayne	1.6	60.902	98.685	0.021	1.094	3.419	2.427e-05	0.00092365	0.00149668	3.2e-07	1.659e-05	5.185e-05
Kosciusko	0.18	9.555	36.394	0.0	0.0	1.0	2.27e-06	0.00012042	0.00045869	0.0	0.0	1.26e-05
Fulton	9.918	171.307	181.686	0.0	0.0	0.0	0.00049363	0.00852613	0.0090427	0.0	0.0	0.0
Hendricks	11.1	523.327	1211.584	2.256	75.496	107.561	6.646e-05	0.00313353	0.0072546	1.351e-05	0.00045205	0.00064404
Montgomery	0.0	0.253	30.668	2.256	75.496	82.561	0.0	6.6e-06	0.00079977	5.883e-05	0.00196881	0.00215305
Fountain	13.258	228.993	241.509	0.047	2.479	5.217	0.00081084	0.01400483	0.01477029	2.87e-06	0.00015161	0.00031906
Blackford	0.0	0.0	6.272	0.0	0.0	1.0	0.0	0.0	0.00052573	0.0	0.0	8.382e-05
Hamilton	4.957	263.66	987.01	1.447	61.186	113.617	1.502e-05	0.00079876	0.00299016	4.38e-06	0.00018536	0.0003442
Washington	0.199	10.576	46.719	1.447	61.186	71.617	7.12e-06	0.00037848	0.00167194	5.178e-05	0.00218967	0.00256297
Noble	1.157	58.14	120.937	0.669	25.465	32.719	2.434e-05	0.00122318	0.00254433	1.407e-05	0.00053574	0.00068836
Martin	0.041	2.188	8.837	0.669	25.465	28.719	4.01e-06	0.00021415	0.00086493	6.548e-05	0.00249241	0.0028109
Fayette	0.237	10.019	33.727	0.725	20.161	25.314	1.028e-05	0.00043472	0.0014634	3.146e-05	0.00087478	0.00109836
Cass	202.72	3501.329	3769.369	0.0	0.0	1.0	0.00534106	0.09224948	0.09931153	0.0	0.0	2.635e-05
Jefferson	0.292	15.536	42.153	0.0	0.0	0.0	9.07e-06	0.00048236	0.00130877	0.0	0.0	0.0
Bartholomew	1.37	72.861	257.512	0.219	9.25	18.827	1.656e-05	0.00088046	0.00311181	2.65e-06	0.00011178	0.00022751
Newton	0.0	0.0	40.996	0.0	0.032	5.195	0.0	0.0	0.00292599	0.0	2.28e-06	0.00037078
Pulaski	0.926	49.233	67.863	0.0	0.035	0.198	7.426e-05	0.00394843	0.00544254	0.0	2.81e-06	1.588e-05
Tippecanoe	0.677	34.026	105.272	0.037	1.969	4.554	3.51e-06	0.00017626	0.00054532	1.9e-07	1.02e-05	2.359e-05
Ripley	0.215	11.449	101.851	0.0	0.0	5.0	7.54e-06	0.0004014	0.00357084	0.0	0.0	0.0001753
Decatur	0.0	13.518	214.156	0.004	8.039	35.487	0.0	0.00050452	0.00799268	1.5e-07	0.00030003	0.00132444
Ohio	1.012	17.482	20.825	0.004	8.039	13.487	0.00017317	0.00299144	0.00356348	6.8e-07	0.0013756	0.00230784
Monroe	0.635	45.115	182.052	0.0	0.0	6.0	4.32e-06	0.00030708	0.00123915	0.0	0.0	4.084e-05
Lawrence	0.0	4.972	97.227	0.001	1.616	11.665	0.0	0.00010887	0.002129	2e-08	3.539e-05	0.00025543
Marion	58.971	2905.509	8072.659	1.714	114.575	387.707	6.177e-05	0.00304347	0.00845597	1.8e-06	0.00012002	0.00040612
Rush	0.2	10.648	34.813	0.0	0.0	1.0	1.2e-05	0.00063902	0.00208924	0.0	0.0	6.001e-05
Delaware	2.962	139.663	298.557	1.341	44.865	59.065	2.581e-05	0.00121687	0.00260131	1.168e-05	0.00039091	0.00051463
Warrick	1.274	64.005	158.396	1.255	47.745	62.847	2.036e-05	0.00102298	0.00253162	2.006e-05	0.0007631	0.00100448
Parke	0.103	5.465	17.09	1.255	47.745	53.847	6.08e-06	0.00032286	0.00100963	7.414e-05	0.00282064	0.00318113
Benton	0.617	32.822	48.575	1.255	47.745	53.847	7.13e-05	0.00379314	0.00561366	0.00014504	0.00551774	0.00622293
Steuben	0.307	15.12	37.071	0.0	0.0	1.0	8.88e-06	0.00043717	0.00107185	0.0	0.0	2.891e-05
Henry	0.543	25.597	61.626	0.0	0.0	1.0	1.125e-05	0.00053028	0.00127667	0.0	0.0	2.072e-05
Madison	3.044	177.921	594.297	1.168	55.089	106.063	2.348e-05	0.00137241	0.00458417	9.01e-06	0.00042494	0.00081813
Boone	1.066	71.251	271.318	0.353	20.637	46.291	1.591e-05	0.00106346	0.00404958	5.27e-06	0.00030802	0.00069092
Dearborn	0.374	19.912	100.829	0.2	8.475	14.92	7.55e-06	0.00040171	0.00203416	4.03e-06	0.00017098	0.000301
Vanderburgh	1.559	78.374	203.67	0.0	0.0	1.0	8.61e-06	0.00043307	0.00112541	0.0	0.0	5.53e-06
Dubois	0.064	4.463	22.291	0.0	0.0	0.0	1.5e-06	0.00010485	0.00052369	0.0	0.0	0.0
Switzerland	0.033	1.749	16.27	0.0	0.0	0.0	3.08e-06	0.0001632	0.00151815	0.0	0.0	0.0
Scott	0.398	20.391	54.12	0.0	0.0	2.0	1.667e-05	0.00085397	0.00226652	0.0	0.0	8.376e-05
Posey	0.496	17.358	27.17	0.0	0.0	0.0	1.942e-05	0.00067964	0.00106382	0.0	0.0	0.0
Howard	0.886	47.116	137.117	0.0	0.0	4.0	1.076e-05	0.00057203	0.00166473	0.0	0.0	4.856e-05
Jennings	0.0	0.6	70.96	0.0	0.0	1.0	0.0	2.173e-05	0.00256999	0.0	0.0	3.622e-05
Marshall	0.17	11.508	41.103	0.0	0.0	1.0	3.68e-06	0.00024883	0.00088875	0.0	0.0	2.162e-05
LaPorte	4.899	260.597	486.035	0.222	9.4	16.003	4.453e-05	0.00236891	0.00441822	2.02e-06	8.545e-05	0.00014547
Vermillion	0.123	6.565	15.515	0.222	9.4	11.003	7.95e-06	0.00042412	0.00100233	1.434e-05	0.00060727	0.00071083
Lake	15.899	881.624	2501.425	0.92	48.942	124.484	3.282e-05	0.00181999	0.00516385	1.9e-06	0.00010103	0.00025698
LaGrange	0.0	1.867	23.441	0.0	0.0	1.0	0.0	4.747e-05	0.00059601	0.0	0.0	2.543e-05
Unassigned	11.107	590.776	786.33	3.394	180.516	235.158	N/A	N/A	N/A	N/A	N/A	N/A
Randolph	0.001	1.558	16.569	0.021	1.094	3.419	4e-08	6.269e-05	0.00066673	8.5e-07	4.402e-05	0.00013758
Adams	0.0	0.142	7.943	0.0	0.0	1.0	0.0	3.98e-06	0.00022289	0.0	0.0	2.806e-05
Clay	1.335	48.76	73.405	0.0	0.0	1.0	5.101e-05	0.0018632	0.00280493	0.0	0.0	3.821e-05
De Kalb	0.344	18.307	37.747	0.0	0.0	1.0	7.96e-06	0.00042352	0.00087325	0.0	0.0	2.313e-05
Whitley	0.0	0.247	17.634	0.0	0.0	1.0	0.0	7.25e-06	0.00051752	0.0	0.0	2.935e-05
Shelby	3.959	172.554	349.811	1.454	42.344	51.103	8.878e-05	0.00386953	0.00784453	3.261e-05	0.00094957	0.00114599
Owen	0.112	5.981	29.757	0.0	0.0	1.0	5.37e-06	0.00028693	0.00142754	0.0	0.0	4.797e-05
Allen	9.013	452.99	963.074	2.102	80.002	113.225	2.401e-05	0.00120684	0.0025658	5.6e-06	0.00021314	0.00030165
Huntington	0.0	0.0	6.0	0.005	0.291	2.378	0.0	0.0	0.00016556	1.4e-07	8.03e-06	6.562e-05
Tipton	8.123	150.247	167.638	0.0	0.0	1.0	0.00053695	0.00993172	0.01108131	0.0	0.0	6.61e-05
Putnam	0.74	39.384	105.088	0.138	5.855	10.854	1.959e-05	0.00104248	0.00278165	3.65e-06	0.00015498	0.0002873
Franklin	0.913	48.575	155.01	0.0	0.0	7.0	4.016e-05	0.00213648	0.00681782	0.0	0.0	0.00030788
Greene	0.905	48.138	106.442	0.0	0.0	4.0	2.828e-05	0.00150403	0.00332569	0.0	0.0	0.00012498
Daviess	0.385	26.085	74.501	0.208	12.512	23.623	1.161e-05	0.00078695	0.00224759	6.28e-06	0.00037747	0.00071267
Hancock	1.19	63.309	242.122	0.106	4.469	12.23	1.559e-05	0.00082918	0.00317117	1.39e-06	5.853e-05	0.00016018
Union	0.0	0.0	6.0	0.106	4.469	5.23	0.0	0.0	0.00085264	1.506e-05	0.00063507	0.00074321
Perry	0.0	0.0	6.0	0.106	4.469	5.23	0.0	0.0	0.0003141	5.55e-06	0.00023395	0.00027379
Jay	0.001	2.818	14.645	0.106	4.469	5.23	5e-08	0.00013572	0.00070531	5.1e-06	0.00021523	0.00025188
Starke	0.0	0.142	13.943	0.0	0.0	1.0	0.0	6.19e-06	0.00060794	0.0	0.0	4.36e-05
Porter	2.789	145.568	385.7	0.0	0.0	5.0	1.645e-05	0.00085833	0.00227425	0.0	0.0	2.948e-05
Clark	2.302	122.458	353.847	0.357	15.102	28.678	1.961e-05	0.00104344	0.00301506	3.04e-06	0.00012868	0.00024436
Miami	0.378	18.997	55.158	0.357	15.102	17.678	1.063e-05	0.00053412	0.00155082	1.004e-05	0.00042461	0.00049703
Elkhart	3.996	200.85	451.424	0.0	0.0	4.0	1.944e-05	0.00097709	0.00219607	0.0	0.0	1.946e-05
Carroll	0.0	0.162	7.769	0.0	0.0	1.0	0.0	8.05e-06	0.000386	0.0	0.0	4.968e-05
Vigo	4.715	157.801	232.568	4.533	89.78	97.09	4.391e-05	0.00146947	0.00216572	4.221e-05	0.00083605	0.00090412
Morgan	0.754	40.113	177.032	0.015	0.618	4.723	1.075e-05	0.00057209	0.00252484	2.1e-07	8.81e-06	6.736e-05
Spencer	0.0	0.09	5.635	0.015	0.618	0.723	0.0	4.43e-06	0.00027722	7.4e-07	3.04e-05	3.557e-05
Knox	0.008	3.658	23.57	0.015	0.618	0.723	2.2e-07	9.915e-05	0.00063884	4.1e-07	1.675e-05	1.96e-05
Warren	0.219	10.984	21.969	0.0	0.0	1.0	2.65e-05	0.0013293	0.00265872	0.0	0.0	0.00012102
Johnson	4.646	247.106	798.535	1.625	68.737	123.456	2.974e-05	0.00158173	0.00511144	1.04e-05	0.00043999	0.00079024
White	0.299	13.77	28.802	1.625	68.737	80.456	1.239e-05	0.00057059	0.00119347	6.734e-05	0.00284826	0.00333386
Harrison	130.964	2261.967	2414.569	0.0	0.0	4.0	0.0032457	0.05605866	0.05984062	0.0	0.0	9.913e-05
Sullivan	0.129	6.854	18.892	0.0	0.0	0.0	6.23e-06	0.00033127	0.0009131	0.0	0.0	0.0
Clinton	0.577	26.525	57.366	0.0	0.0	1.0	1.789e-05	0.00082248	0.00177879	0.0	0.0	3.101e-05
Crawford	0.025	1.313	15.703	0.0	0.0	0.0	2.37e-06	0.00012436	0.00148731	0.0	0.0	0.0
Gibson	3.441	59.434	66.605	0.0	0.0	0.0	0.00010286	0.00177669	0.00199106	0.0	0.0	0.0
Jasper	0.503	23.139	55.235	0.0	0.0	1.0	1.507e-05	0.00069341	0.00165523	0.0	0.0	2.997e-05
Saint Joseph	9.338	496.689	1119.284	0.619	26.202	40.67	3.449e-05	0.00183435	0.00413369	2.29e-06	9.677e-05	0.0001502
Wabash	0.284	12.383	26.699	0.0	0.0	1.0	9.08e-06	0.00039588	0.00085355	0.0	0.0	3.197e-05
Orange	3.697	129.36	181.865	0.0	0.0	4.0	0.0001897	0.00663759	0.00933167	0.0	0.0	0.00020524
Grant	139.667	2412.296	2561.862	0.0	0.169	5.986	0.00211822	0.03658542	0.03885377	0.0	2.56e-06	9.079e-05
Jackson	0.967	51.419	166.699	0.0	0.169	0.986	2.192e-05	0.00116567	0.00377908	0.0	3.83e-06	2.235e-05
