Name	Predicted_New_Cases	Total_Predicted_New_Cases	Total_Predicted_Cases	Predicted_New_Deaths	Total_Predicted_New_Deaths	Total_Predicted_Deaths	Predicted_New_per_capita	Predicted_Total_New_per_capita	Predicted_Total_Cases_per_capita	Predicted_New_Deaths_per_capita	Total_Predicted_New_Deaths_per_capita	Total_Predicted_Deaths_per_capita
Wells	0.0	28.189	157.189	0.07	108.613	110.613	0.0	0.0009994	0.00557289	2.48e-06	0.00385071	0.00392161
Pike	1.555	1908.196	1949.196	0.0	0.0	0.0	0.0001253	0.15376277	0.15706656	0.0	0.0	0.0
Montgomery	0.0	145.196	481.196	0.001	11.097	32.097	0.0	0.00378647	0.01254879	3e-08	0.00028939	0.00083704
Washington	0.003	239.648	346.648	0.0	0.0	1.0	1.1e-07	0.00857632	0.01240554	0.0	0.0	3.579e-05
Bartholomew	0.0	246.879	973.879	0.0	16.798	63.798	0.0	0.00298332	0.0117685	0.0	0.00020299	0.00077094
Newton	0.0	19.795	128.795	0.0	0.0	10.0	0.0	0.00141282	0.00919242	0.0	0.0	0.00071372
Decatur	0.674	1716.36	2026.36	0.0	0.0	32.0	2.515e-05	0.06405762	0.07562738	0.0	0.0	0.0011943
Jennings	0.0	83.866	291.866	0.0	0.0	12.0	0.0	0.00303741	0.01057064	0.0	0.0	0.00043461
Vermillion	0.361	563.171	597.171	0.0	6.382	6.382	2.332e-05	0.03638291	0.03857943	0.0	0.0004123	0.0004123
Clay	0.0	58.752	152.752	0.0	0.0	5.0	0.0	0.00224501	0.00583691	0.0	0.0	0.00019106
Carroll	0.0	34.787	173.787	0.0	0.0	2.0	0.0	0.00172837	0.00863452	0.0	0.0	9.937e-05
Spencer	0.0	27.002	137.002	0.096	148.837	151.837	0.0	0.00132838	0.0067399	4.72e-06	0.00732213	0.00746972
Knox	0.0	128.253	254.253	0.096	148.837	148.837	0.0	0.00347616	0.00689126	2.6e-06	0.00403407	0.00403407
Harrison	0.002	309.781	591.781	0.0	0.0	22.0	5e-08	0.00767735	0.0146662	0.0	0.0	0.00054523
Gibson	0.0	46.621	242.621	0.046	72.413	75.413	0.0	0.00139367	0.00725281	1.38e-06	0.00216468	0.00225436
