Name	Predicted_New_Cases	Total_Predicted_New_Cases	Predicted_New_per_capita	Predicted_Total_per_capita
Floyd	6.703	50.9	8.618e-05	0.0006544
Wells	0.102	0.775	3.62e-06	2.748e-05
Brown	0.741	5.656	4.866e-05	0.0003713
Pike	0.0	0.0	0.0	0.0
Wayne	0.319	2.778	4.84e-06	4.213e-05
Kosciusko	0.021	0.661	2.7e-07	8.33e-06
Fulton	0.0	0.0	0.0	0.0
Hendricks	14.971	113.685	8.964e-05	0.00068071
Montgomery	0.728	5.749	1.898e-05	0.00014994
Fountain	0.092	0.711	5.6e-06	4.35e-05
Blackford	0.11	0.885	9.22e-06	7.415e-05
Hamilton	3.586	54.766	1.086e-05	0.00016592
Washington	0.078	1.958	2.78e-06	7.008e-05
Noble	0.014	0.279	2.9e-07	5.86e-06
Martin	3.296	25.824	0.00032262	0.00252755
Fayette	0.015	0.289	6.3e-07	1.252e-05
Cass	1.449	11.528	3.817e-05	0.00030373
Jefferson	0.684	5.444	2.124e-05	0.00016902
Bartholomew	5.989	45.474	7.237e-05	0.00054951
Newton	1.178	9.31	8.411e-05	0.0006645
Pulaski	0.0	0.0	0.0	0.0
Tippecanoe	0.222	4.333	1.15e-06	2.244e-05
Ripley	0.051	0.873	1.8e-06	3.061e-05
Decatur	4.645	35.447	0.00017338	0.00132295
Ohio	0.741	5.656	0.00012685	0.00096791
Monroe	3.011	22.866	2.05e-05	0.00015564
Lawrence	1.857	15.944	4.067e-05	0.00034913
Marion	118.614	900.692	0.00012425	0.00094346
Rush	0.0	0.02	0.0	1.21e-06
Delaware	2.654	20.153	2.312e-05	0.00017559
Warrick	1.812	13.927	2.896e-05	0.00022259
Parke	0.0	0.0	0.0	0.0
Benton	1.374	10.668	0.00015883	0.00123288
Steuben	0.0	0.02	0.0	5.7e-07
Henry	0.276	2.984	5.71e-06	6.182e-05
Madison	13.934	105.804	0.00010748	0.00081613
Boone	5.287	40.343	7.891e-05	0.00060214
Dearborn	3.097	23.631	6.248e-05	0.00047675
Vanderburgh	2.012	15.351	1.112e-05	8.482e-05
Dubois	0.715	5.426	1.679e-05	0.00012747
Switzerland	0.0	0.014	0.0	1.32e-06
Scott	0.715	5.426	2.992e-05	0.00022723
Posey	0.0	0.0	0.0	0.0
Howard	2.127	16.148	2.582e-05	0.00019606
Jennings	1.373	11.283	4.974e-05	0.00040865
Marshall	0.87	6.756	1.882e-05	0.00014609
LaPorte	1.272	9.963	1.156e-05	9.057e-05
Vermillion	2.062	16.002	0.00013319	0.0010338
Lake	35.081	266.384	7.242e-05	0.00054991
LaGrange	0.527	4.132	1.341e-05	0.00010506
Unassigned	0.0	0.0	N/A	N/A
Randolph	0.379	2.993	1.524e-05	0.00012042
Adams	0.153	1.163	4.3e-06	3.263e-05
Clay	0.268	2.325	1.026e-05	8.886e-05
De Kalb	0.143	1.099	3.31e-06	2.544e-05
Whitley	0.463	3.658	1.359e-05	0.00010734
Shelby	3.488	26.483	7.821e-05	0.00059389
Owen	0.425	3.23	2.04e-05	0.00015494
Allen	7.094	53.871	1.89e-05	0.00014352
Huntington	0.0	0.014	0.0	4e-07
Tipton	0.34	2.584	2.249e-05	0.00017079
Putnam	1.633	12.402	4.323e-05	0.00032828
Franklin	0.937	8.557	4.12e-05	0.00037637
Greene	0.483	3.788	1.51e-05	0.00011834
Daviess	0.0	0.0	0.0	0.0
Hancock	5.716	43.407	7.487e-05	0.00056852
Union	3.296	25.824	0.00046841	0.00366974
Perry	0.0	0.0	0.0	0.0
Jay	0.115	0.923	5.55e-06	4.445e-05
Starke	0.629	4.78	2.745e-05	0.00020841
Porter	2.389	22.834	1.408e-05	0.00013464
Clark	5.138	39.014	4.378e-05	0.00033243
Miami	1.004	7.622	2.822e-05	0.0002143
Elkhart	3.607	27.388	1.755e-05	0.00013323
Carroll	0.21	1.663	1.046e-05	8.26e-05
Vigo	2.756	20.928	2.567e-05	0.00019489
Morgan	0.65	9.924	9.27e-06	0.00014153
Spencer	5.954	32.467	0.00029289	0.00159725
Knox	0.644	5.124	1.745e-05	0.00013887
Warren	0.0	0.0	0.0	0.0
Johnson	14.58	110.713	9.333e-05	0.00070868
White	0.0	0.0	0.0	0.0
Harrison	0.604	6.28	1.498e-05	0.00015565
Sullivan	0.191	1.466	9.22e-06	7.085e-05
Clinton	0.703	5.509	2.18e-05	0.00017083
Crawford	0.267	2.342	2.528e-05	0.00022186
Gibson	0.0	0.0	0.0	0.0
Jasper	0.238	1.832	7.14e-06	5.491e-05
Saint Joseph	9.953	75.574	3.676e-05	0.00027911
Wabash	0.352	2.755	1.124e-05	8.806e-05
Orange	0.825	6.401	4.231e-05	0.00032843
Grant	1.786	13.565	2.709e-05	0.00020572
Jackson	3.41	26.02	7.73e-05	0.00058987
