Name	Predicted_New_Cases	Total_Predicted_New_Cases	Total_Predicted_Cases	Predicted_New_Deaths	Total_Predicted_New_Deaths	Total_Predicted_Deaths	Predicted_New_per_capita	Predicted_Total_New_per_capita	Predicted_Total_Cases_per_capita	Predicted_New_Deaths_per_capita	Total_Predicted_New_Deaths_per_capita	Total_Predicted_Deaths_per_capita
Floyd	0.392	40.101	397.101	0.05	3.37	47.37	5.04e-06	0.00051556	0.00510537	6.4e-07	4.333e-05	0.00060902
Wells	0.0	0.749	67.749	0.0	0.0	1.0	0.0	2.655e-05	0.00240194	0.0	0.0	3.545e-05
Brown	0.0	0.124	38.124	0.0	0.0	1.0	0.0	8.14e-06	0.00250256	0.0	0.0	6.564e-05
Pike	0.0	0.0	6.0	0.0	0.0	0.0	0.0	0.0	0.00048348	0.0	0.0	0.0
Wayne	0.494	43.267	167.267	0.0	0.0	6.0	7.49e-06	0.0006562	0.00253681	0.0	0.0	9.1e-05
Kosciusko	2.114	234.894	702.894	0.0	0.0	2.0	2.664e-05	0.00296045	0.00885882	0.0	0.0	2.521e-05
Fulton	0.09	13.578	78.578	0.0	0.0	1.0	4.48e-06	0.00067579	0.00391091	0.0	0.0	4.977e-05
Hendricks	1.539	171.034	1529.034	0.085	9.41	108.41	9.22e-06	0.0010241	0.0091554	5.1e-07	5.634e-05	0.00064913
Montgomery	0.245	27.228	308.228	0.0	0.0	19.0	6.39e-06	0.00071006	0.00803807	0.0	0.0	0.00049549
Fountain	0.02	2.226	29.226	0.0	0.0	2.0	1.22e-06	0.00013614	0.00178741	0.0	0.0	0.00012232
Blackford	0.058	6.922	41.922	0.0	0.0	2.0	4.86e-06	0.00058022	0.003514	0.0	0.0	0.00016764
Hamilton	1.387	154.133	1586.133	0.025	2.734	99.734	4.2e-06	0.00046695	0.00480521	8e-08	8.28e-06	0.00030215
Washington	0.0	1.279	64.279	0.0	0.0	1.0	0.0	4.577e-05	0.00230036	0.0	0.0	3.579e-05
Noble	1.557	152.741	579.741	0.112	7.227	35.227	3.276e-05	0.00321344	0.01219686	2.36e-06	0.00015204	0.00074112
Martin	0.0	3.378	25.378	0.112	7.227	7.227	0.0	0.00033063	0.0024839	1.096e-05	0.00070735	0.00070735
Fayette	0.1	11.131	106.131	0.0	0.0	7.0	4.34e-06	0.00048297	0.00460498	0.0	0.0	0.00030373
Cass	0.281	41.272	1676.272	0.0	0.0	9.0	7.4e-06	0.00108739	0.04416472	0.0	0.0	0.00023712
Jefferson	0.133	13.55	76.55	0.0	0.0	1.0	4.13e-06	0.0004207	0.00237674	0.0	0.0	3.105e-05
Bartholomew	0.139	21.069	598.069	0.016	2.042	46.042	1.68e-06	0.0002546	0.00722716	1.9e-07	2.468e-05	0.00055638
Newton	5.92	159.213	252.213	0.0	0.0	10.0	0.00042253	0.01136343	0.01800107	0.0	0.0	0.00071372
Pulaski	0.034	3.745	58.745	0.0	0.0	1.0	2.73e-06	0.00030034	0.00471128	0.0	0.0	8.02e-05
Tippecanoe	2.019	198.114	807.114	0.2	12.849	20.849	1.046e-05	0.00102624	0.0041809	1.04e-06	6.656e-05	0.000108
Ripley	0.0	0.607	112.607	0.0	0.62	7.62	0.0	2.128e-05	0.00394794	0.0	2.174e-05	0.00026715
Decatur	0.098	9.616	250.616	0.0	0.0	32.0	3.66e-06	0.00035889	0.00935344	0.0	0.0	0.0011943
Ohio	1.567	42.145	56.145	0.0	0.0	0.0	0.00026814	0.00721167	0.00960729	0.0	0.0	0.0
Monroe	0.248	37.044	270.044	0.08	9.936	37.936	1.69e-06	0.00025214	0.00183807	5.4e-07	6.763e-05	0.00025821
Lawrence	0.867	75.959	292.959	0.0	0.0	24.0	1.898e-05	0.00166329	0.00641497	0.0	0.0	0.00052553
Marion	5.42	602.264	11838.264	0.0	10.159	687.159	5.68e-06	0.00063086	0.01240037	0.0	1.064e-05	0.00071979
Rush	0.055	5.235	58.235	0.0	0.0	3.0	3.3e-06	0.00031417	0.00349487	0.0	0.0	0.00018004
Delaware	0.304	29.867	451.867	0.358	23.024	71.024	2.65e-06	0.00026023	0.00393708	3.12e-06	0.00020061	0.00061883
Warrick	0.059	11.627	201.627	0.0	0.0	29.0	9.4e-07	0.00018583	0.00322258	0.0	0.0	0.0004635
Parke	2.438	65.558	87.558	0.0	0.0	0.0	0.00014403	0.00387298	0.00517268	0.0	0.0	0.0
Benton	0.191	21.252	67.252	0.0	0.0	0.0	2.207e-05	0.00245603	0.0077721	0.0	0.0	0.0
Steuben	0.306	27.844	147.844	0.0	0.0	2.0	8.85e-06	0.00080507	0.00427468	0.0	0.0	5.783e-05
Henry	0.534	44.999	264.999	0.034	1.764	16.764	1.106e-05	0.00093222	0.00548982	7e-07	3.654e-05	0.00034729
Madison	0.503	44.091	683.091	0.0	0.272	63.272	3.88e-06	0.0003401	0.0052691	0.0	2.1e-06	0.00048806
Boone	0.595	66.087	477.087	0.174	12.92	53.92	8.88e-06	0.00098639	0.00712081	2.6e-06	0.00019284	0.00080479
Dearborn	0.307	34.104	232.104	0.0	0.0	22.0	6.19e-06	0.00068802	0.00468254	0.0	0.0	0.00044383
Vanderburgh	5.784	334.541	734.541	0.79	25.269	31.269	3.196e-05	0.00184856	0.00405882	4.37e-06	0.00013963	0.00017278
Dubois	0.0	14.523	272.523	0.001	1.15	7.15	0.0	0.0003412	0.00640251	2e-08	2.702e-05	0.00016798
Switzerland	0.004	0.405	23.405	0.001	1.15	1.15	3.7e-07	3.779e-05	0.00218391	9e-08	0.00010731	0.00010731
Scott	0.167	18.522	172.522	0.064	4.771	10.771	6.99e-06	0.00077569	0.00722514	2.68e-06	0.00019981	0.00045108
Posey	0.013	9.034	38.034	0.064	4.771	4.771	5.1e-07	0.00035372	0.00148919	2.51e-06	0.00018681	0.00018681
Howard	0.869	96.549	633.549	0.107	11.841	66.841	1.055e-05	0.00117219	0.00769188	1.3e-06	0.00014376	0.00081151
Jennings	0.255	37.398	205.398	0.105	12.671	21.671	9.24e-06	0.00135446	0.00743899	3.8e-06	0.00045891	0.00078487
Marshall	0.803	120.076	523.076	0.0	0.0	3.0	1.736e-05	0.00259635	0.01131024	0.0	0.0	6.487e-05
LaPorte	1.05	95.487	616.487	0.023	1.356	26.356	9.54e-06	0.00086801	0.00560407	2.1e-07	1.233e-05	0.00023958
Vermillion	0.0	0.141	13.141	0.023	1.356	1.356	0.0	9.11e-06	0.00084896	1.49e-06	8.76e-05	8.76e-05
Lake	11.268	1105.642	5846.642	0.184	20.446	259.446	2.326e-05	0.00228245	0.01206959	3.8e-07	4.221e-05	0.00053559
LaGrange	0.0	122.784	568.784	0.001	6.595	12.595	0.0	0.00312189	0.01446184	3e-08	0.00016768	0.00032024
Unassigned	7.377	819.749	839.749	0.0	3.583	195.583	N/A	N/A	N/A	N/A	N/A	N/A
Randolph	0.147	16.297	91.297	0.091	6.759	10.759	5.92e-06	0.00065579	0.00367378	3.66e-06	0.00027198	0.00043294
Adams	0.294	32.69	76.69	0.0	0.0	1.0	8.25e-06	0.00091733	0.00215204	0.0	0.0	2.806e-05
Clay	0.011	1.215	60.215	0.091	6.759	10.759	4.2e-07	4.643e-05	0.00230092	3.48e-06	0.00025827	0.00041112
De Kalb	0.0	8.694	163.694	0.0	1.343	5.343	0.0	0.00020113	0.00378693	0.0	3.107e-05	0.00012361
Whitley	0.044	13.804	91.804	0.008	1.277	5.277	1.29e-06	0.00040512	0.00269425	2.3e-07	3.748e-05	0.00015487
Shelby	0.015	1.725	413.725	0.056	4.174	29.174	3.4e-07	3.868e-05	0.0092778	1.26e-06	9.36e-05	0.00065423
Owen	0.0	0.724	43.724	0.0	0.0	1.0	0.0	3.473e-05	0.00209758	0.0	0.0	4.797e-05
Allen	5.227	601.619	3199.619	0.26	28.942	132.942	1.393e-05	0.00160282	0.00852434	6.9e-07	7.711e-05	0.00035418
Huntington	0.212	24.43	91.43	0.0	0.0	2.0	5.85e-06	0.00067412	0.0025229	0.0	0.0	5.519e-05
Tipton	0.013	1.418	31.418	0.0	0.0	1.0	8.6e-07	9.373e-05	0.00207681	0.0	0.0	6.61e-05
Putnam	0.057	6.377	168.377	0.0	0.0	8.0	1.51e-06	0.0001688	0.00445689	0.0	0.0	0.00021176
Franklin	6.268	168.579	292.579	0.0	0.0	8.0	0.00027569	0.00741463	0.01286853	0.0	0.0	0.00035186
Greene	0.0	0.611	183.611	0.0	0.25	31.25	0.0	1.909e-05	0.00573677	0.0	7.81e-06	0.00097638
Daviess	0.0	2.019	136.019	0.0	0.0	16.0	0.0	6.091e-05	0.00410351	0.0	0.0	0.0004827
Hancock	0.41	43.702	451.702	0.415	29.463	64.463	5.37e-06	0.00057238	0.00591612	5.44e-06	0.00038589	0.0008443
Union	1.567	42.145	55.145	0.415	29.463	29.463	0.00022268	0.00598906	0.00783644	5.897e-05	0.00418687	0.00418687
Perry	0.321	40.009	158.009	0.13	11.823	18.823	1.68e-05	0.00209449	0.00827186	6.81e-06	0.00061894	0.00098539
Jay	0.056	6.177	71.177	0.13	11.823	11.823	2.7e-06	0.00029749	0.0034279	6.26e-06	0.0005694	0.0005694
Starke	0.011	11.561	77.561	0.0	0.0	3.0	4.8e-07	0.00050408	0.00338177	0.0	0.0	0.0001308
Porter	1.302	127.74	795.74	0.058	3.749	39.749	7.68e-06	0.00075321	0.00469203	3.4e-07	2.211e-05	0.00023438
Clark	0.593	65.884	678.884	0.059	4.373	48.373	5.05e-06	0.00056138	0.00578463	5e-07	3.726e-05	0.00041218
Miami	0.0	0.014	179.014	0.025	2.734	4.734	0.0	3.9e-07	0.00503315	7e-07	7.687e-05	0.0001331
Elkhart	0.083	677.18	3653.18	0.011	7.934	49.934	4e-07	0.00329432	0.01777184	5e-08	3.86e-05	0.00024292
Carroll	0.054	5.972	112.972	0.0	0.0	2.0	2.68e-06	0.00029672	0.00561296	0.0	0.0	9.937e-05
Vigo	0.308	34.208	252.208	0.0	0.0	8.0	2.87e-06	0.00031855	0.00234861	0.0	0.0	7.45e-05
Morgan	0.258	25.347	339.347	0.058	3.749	34.749	3.68e-06	0.0003615	0.00483979	8.3e-07	5.347e-05	0.00049559
Spencer	11.753	316.082	346.082	0.0	0.0	1.0	0.0005782	0.01554986	0.01702573	0.0	0.0	4.92e-05
Knox	0.692	58.35	116.35	0.0	0.0	0.0	1.876e-05	0.00158152	0.00315354	0.0	0.0	0.0
Warren	0.0	0.0	14.0	0.0	0.0	1.0	0.0	0.0	0.0016943	0.0	0.0	0.00012102
Johnson	0.772	85.823	1312.823	0.0	0.641	117.641	4.94e-06	0.00054936	0.00840341	0.0	4.1e-06	0.00075302
White	0.209	23.175	278.175	0.0	0.0	10.0	8.66e-06	0.0009603	0.01152675	0.0	0.0	0.00041437
Harrison	0.062	6.878	211.878	0.0	0.0	22.0	1.54e-06	0.00017046	0.005251	0.0	0.0	0.00054523
Sullivan	3.482	93.653	138.653	0.0	0.0	1.0	0.00016829	0.00452649	0.00670145	0.0	0.0	4.833e-05
Clinton	0.157	22.999	299.999	0.0	0.0	1.0	4.87e-06	0.00071315	0.00930229	0.0	0.0	3.101e-05
Crawford	0.0	0.0	28.0	0.0	0.0	0.0	0.0	0.0	0.00265202	0.0	0.0	0.0
Gibson	0.163	15.956	47.956	0.0	0.0	2.0	4.87e-06	0.00047698	0.00143358	0.0	0.0	5.979e-05
Jasper	0.549	48.074	154.074	0.075	6.09	8.09	1.645e-05	0.00144064	0.00461714	2.25e-06	0.0001825	0.00024243
Saint Joseph	3.787	420.806	2232.806	0.188	20.848	84.848	1.399e-05	0.0015541	0.0082461	6.9e-07	7.699e-05	0.00031336
Wabash	1.125	76.099	182.099	0.0	0.0	2.0	3.597e-05	0.00243283	0.00582158	0.0	0.0	6.394e-05
Orange	1.567	42.145	175.145	0.0	0.0	23.0	8.04e-05	0.0021625	0.00898686	0.0	0.0	0.00118015
Grant	0.0	17.133	300.133	0.001	3.2	29.2	0.0	0.00025984	0.00455188	2e-08	4.853e-05	0.00044285
Jackson	0.375	41.697	487.697	0.0	0.124	3.124	8.5e-06	0.00094527	0.01105613	0.0	2.81e-06	7.082e-05
