Name	Confirmed	Deaths	Recovered	Active	Confirmed_per_capita	Deaths_per_capita	IFR_0.30_expected	IFR_0.65_expected	IFR_1.0_expected	IFR_0.30_expected_per_capita	IFR_0.65_expected_per_capita	IFR_1.0_expected_per_capita	Confirmed_daily	Deaths_daily	Confirmed_change	Deaths_change
Red Lake	0	0	0	0	0	0	0	0	0	0	0	0	0	0	0	0
Goodhue	1	0	0	0	2.155e-5	0	5	2	1.25	1.0775e-4	4.31e-5	2.69375e-5	1	0	0	0
Olmsted	21	0	0	0	1.3438e-4	0	105	42	26.25	6.719e-4	2.6876e-4	1.67975e-4	3	0	0	0
Pine	0	0	0	0	0	0	0	0	0	0	0	0	0	0	0	0
Mower	6	0	0	0	1.4996e-4	0	30	12	7.5	7.498e-4	2.9992e-4	1.8745e-4	0	0	0	0
Nicollet	3	0	0	0	8.767e-5	0	15	6	3.75	4.3835e-4	1.7534e-4	1.095875e-4	0	0	0	0
Dodge	3	0	0	0	1.4408e-4	0	15	6	3.75	7.204e-4	2.8816e-4	1.801e-4	0	0	0	0
Brown	0	0	0	0	0	0	0	0	0	0	0	0	0	0	0	0
Pennington	0	0	0	0	0	0	0	0	0	0	0	0	0	0	0	0
Mahnomen	0	0	0	0	0	0	0	0	0	0	0	0	0	0	0	0
Freeborn	0	0	0	0	0	0	0	0	0	0	0	0	0	0	0	0
Kittson	0	0	0	0	0	0	0	0	0	0	0	0	0	0	0	0
Renville	1	0	0	0	6.844e-5	0	5	2	1.25	3.422e-4	1.3688e-4	8.555e-5	0	0	0	0
Chippewa	0	0	0	0	0	0	0	0	0	0	0	0	0	0	0	0
Washington	13	0	0	0	5.015e-5	0	65	26	16.25	2.5075e-4	1.003e-4	6.26875e-5	3	0	0	0
Itasca	0	0	0	0	0	0	0	0	0	0	0	0	0	0	0	0
Dakota	21	0	0	0	4.936e-5	0	105	42	26.25	2.468e-4	9.872e-5	6.17e-5	0	0	0	0
Polk	0	0	0	0	0	0	0	0	0	0	0	0	0	0	0	0
Kandiyohi	0	0	0	0	0	0	0	0	0	0	0	0	0	0	0	0
Jackson	1	0	0	0	1.009e-4	0	5	2	1.25	5.045e-4	2.018e-4	1.26125e-4	0	0	0	0
Waseca	1	0	0	0	5.35e-5	0	5	2	1.25	2.675e-4	1.07e-4	6.6875e-5	0	0	0	0
Grant	0	0	0	0	0	0	0	0	0	0	0	0	0	0	0	0
Wright	3	0	0	0	2.2e-5	0	15	6	3.75	1.1e-4	4.4e-5	2.75e-5	0	0	0	0
Wilkin	0	0	0	0	0	0	0	0	0	0	0	0	0	0	0	0
Rice	2	0	0	0	3.006e-5	0	10	4	2.5	1.503e-4	6.012e-5	3.7575e-5	0	0	0	0
Morrison	0	0	0	0	0	0	0	0	0	0	0	0	0	0	0	0
Redwood	0	0	0	0	0	0	0	0	0	0	0	0	0	0	0	0
Cook	0	0	0	0	0	0	0	0	0	0	0	0	0	0	0	0
Swift	0	0	0	0	0	0	0	0	0	0	0	0	0	0	0	0
Mille Lacs	0	0	0	0	0	0	0	0	0	0	0	0	0	0	0	0
Hennepin	111	0	0	0	8.814e-5	0	555	222	138.75	4.407e-4	1.7628e-4	1.10175e-4	8	0	0	0
Rock	0	0	0	0	0	0	0	0	0	0	0	0	0	0	0	0
Meeker	0	0	0	0	0	0	0	0	0	0	0	0	0	0	0	0
Traverse	0	0	0	0	0	0	0	0	0	0	0	0	0	0	0	0
Carver	8	0	0	0	7.726e-5	0	40	16	10	3.863e-4	1.5452e-4	9.6575e-5	0	0	0	0
Todd	0	0	0	0	0	0	0	0	0	0	0	0	0	0	0	0
Clay	3	0	0	0	4.691e-5	0	15	6	3.75	2.3455e-4	9.382e-5	5.86375e-5	0	0	0	0
Le Sueur	6	0	0	0	2.1057e-4	0	30	12	7.5	0.00105285	4.2114e-4	2.632125e-4	1	0	0	0
Lyon	0	0	0	0	0	0	0	0	0	0	0	0	0	0	0	0
Chisago	2	0	0	0	3.576e-5	0	10	4	2.5	1.788e-4	7.152e-5	4.47e-5	0	0	0	0
Otter Tail	0	0	0	0	0	0	0	0	0	0	0	0	0	0	0	0
Clearwater	0	0	0	0	0	0	0	0	0	0	0	0	0	0	0	0
Norman	0	0	0	0	0	0	0	0	0	0	0	0	0	0	0	0
Koochiching	0	0	0	0	0	0	0	0	0	0	0	0	0	0	0	0
Winona	2	0	0	0	3.935e-5	0	10	4	2.5	1.9675e-4	7.87e-5	4.91875e-5	2	0	0	0
Ramsey	27	1	0	0	4.907e-5	1.82e-6	333.333333333	153.846153846	100	6.06666666667e-4	2.8e-4	1.82e-4	1	0	0	0
Big Stone	1	0	0	0	2.0044e-4	0	5	2	1.25	0.0010022	4.0088e-4	2.5055e-4	0	0	0	0
Kanabec	0	0	0	0	0	0	0	0	0	0	0	0	0	0	0	0
Lincoln	0	0	0	0	0	0	0	0	0	0	0	0	0	0	0	0
Saint Louis	3	0	0	0	1.502e-5	0	15	6	3.75	7.51e-5	3.004e-5	1.8775e-5	1	0	0	0
Sherburne	1	0	0	0	1.041e-5	0	5	2	1.25	5.205e-5	2.082e-5	1.30125e-5	0	0	0	0
Roseau	0	0	0	0	0	0	0	0	0	0	0	0	0	0	0	0
McLeod	0	0	0	0	0	0	0	0	0	0	0	0	0	0	0	0
Fillmore	3	0	0	0	1.4246e-4	0	15	6	3.75	7.123e-4	2.8492e-4	1.78075e-4	0	0	0	0
Pope	0	0	0	0	0	0	0	0	0	0	0	0	0	0	0	0
Marshall	0	0	0	0	0	0	0	0	0	0	0	0	0	0	0	0
Crow Wing	0	0	0	0	0	0	0	0	0	0	0	0	0	0	0	0
Steele	5	0	0	0	1.3586e-4	0	25	10	6.25	6.793e-4	2.7172e-4	1.69825e-4	0	0	0	0
Murray	0	0	0	0	0	0	0	0	0	0	0	0	0	0	0	0
Hubbard	0	0	0	0	0	0	0	0	0	0	0	0	0	0	0	0
Lake	0	0	0	0	0	0	0	0	0	0	0	0	0	0	0	0
Douglas	0	0	0	0	0	0	0	0	0	0	0	0	0	0	0	0
Nobles	0	0	0	0	0	0	0	0	0	0	0	0	0	0	0	0
Watonwan	0	0	0	0	0	0	0	0	0	0	0	0	0	0	0	0
Lac qui Parle	0	0	0	0	0	0	0	0	0	0	0	0	0	0	0	0
Wadena	0	0	0	0	0	0	0	0	0	0	0	0	0	0	0	0
Faribault	0	0	0	0	0	0	0	0	0	0	0	0	0	0	0	0
Lake of the Woods	0	0	0	0	0	0	0	0	0	0	0	0	0	0	0	0
Yellow Medicine	0	0	0	0	0	0	0	0	0	0	0	0	0	0	0	0
Cottonwood	0	0	0	0	0	0	0	0	0	0	0	0	0	0	0	0
Wabasha	3	0	0	0	1.386e-4	0	15	6	3.75	6.93e-4	2.772e-4	1.7325e-4	2	0	0	0
Isanti	0	0	0	0	0	0	0	0	0	0	0	0	0	0	0	0
Stearns	5	0	0	0	3.14e-5	0	25	10	6.25	1.57e-4	6.28e-5	3.925e-5	0	0	0	0
Aitkin	0	0	0	0	0	0	0	0	0	0	0	0	0	0	0	0
Benton	1	0	0	0	2.466e-5	0	5	2	1.25	1.233e-4	4.932e-5	3.0825e-5	0	0	0	0
Cass	1	0	0	0	3.388e-5	0	5	2	1.25	1.694e-4	6.776e-5	4.235e-5	0	0	0	0
Martin	10	0	0	0	5.0543e-4	0	50	20	12.5	0.00252715	0.00101086	6.317875e-4	2	0	0	0
Becker	0	0	0	0	0	0	0	0	0	0	0	0	0	0	0	0
Anoka	7	0	0	0	1.978e-5	0	35	14	8.75	9.89e-5	3.956e-5	2.4725e-5	0	0	0	0
Beltrami	0	0	0	0	0	0	0	0	0	0	0	0	0	0	0	0
Houston	0	0	0	0	0	0	0	0	0	0	0	0	0	0	0	0
Stevens	0	0	0	0	0	0	0	0	0	0	0	0	0	0	0	0
Carlton	0	0	0	0	0	0	0	0	0	0	0	0	0	0	0	0
Scott	6	0	0	0	4.071e-5	0	30	12	7.5	2.0355e-4	8.142e-5	5.08875e-5	1	0	0	0
Blue Earth	5	0	0	0	7.415e-5	0	25	10	6.25	3.7075e-4	1.483e-4	9.26875e-5	0	0	0	0
Pipestone	0	0	0	0	0	0	0	0	0	0	0	0	0	0	0	0
Sibley	0	0	0	0	0	0	0	0	0	0	0	0	0	0	0	0
