Name	Predicted_New_Cases	Total_Predicted_New_Cases	Total_Predicted_Cases	Predicted_New_Deaths	Total_Predicted_New_Deaths	Total_Predicted_Deaths	Predicted_New_per_capita	Predicted_Total_New_per_capita	Predicted_Total_Cases_per_capita	Predicted_New_Deaths_per_capita	Total_Predicted_New_Deaths_per_capita	Total_Predicted_Deaths_per_capita
Georgetown	0.019	25.735	73.735	0.002	3.825	6.825	3.1e-07	0.00041342	0.00118452	3e-08	6.145e-05	0.00010964
McCormick	0.177	38.185	45.185	0.0	0.0	1.0	1.881e-05	0.00405792	0.00480181	0.0	0.0	0.00010627
Richland	0.0	351.149	1365.149	0.005	69.314	118.314	0.0	0.00084701	0.00329288	1e-08	0.00016719	0.00028539
Berkeley	0.0	31.893	220.893	0.002	10.504	24.504	0.0	0.00014425	0.0009991	1e-08	4.751e-05	0.00011083
Clarendon	0.0	101.363	349.363	0.0	28.542	52.542	0.0	0.0030078	0.01036685	0.0	0.00084694	0.00155911
Cherokee	0.006	11.928	30.928	0.0	28.543	28.543	1.1e-07	0.00020898	0.00054186	0.0	0.00050007	0.00050007
Beaufort	0.0	12.985	281.985	0.0	1.635	13.635	0.0	6.881e-05	0.00149424	0.0	8.66e-06	7.225e-05
Fairfield	14.037	3035.741	3109.741	0.0	0.0	2.0	0.0006266	0.13551205	0.13881533	0.0	0.0	8.928e-05
Barnwell	0.022	38.747	66.747	0.0	0.0	0.0	1.04e-06	0.00183531	0.00316157	0.0	0.0	0.0
Horry	0.038	82.587	320.587	0.048	33.499	51.499	1.1e-07	0.00023998	0.00093154	1.4e-07	9.734e-05	0.00014964
Abbeville	0.0	3.681	36.681	0.048	33.499	33.499	0.0	0.00014999	0.00149468	1.96e-06	0.00136502	0.00136502
Lee	0.026	56.939	126.939	0.019	13.582	21.582	1.52e-06	0.00332161	0.00740515	1.11e-06	0.00079232	0.00125901
Laurens	0.0	11.428	53.428	0.477	103.1	105.1	0.0	0.00017058	0.0007975	7.12e-06	0.00153894	0.0015688
Sumter	0.865	452.719	723.719	1.229	337.406	349.406	8.12e-06	0.0042504	0.00679472	1.154e-05	0.00316777	0.00328044
Dillon	0.107	126.629	200.629	1.229	337.406	337.406	3.5e-06	0.00413834	0.00655672	4.016e-05	0.0110267	0.0110267
Marlboro	0.018	39.162	93.162	0.0	0.0	1.0	6.8e-07	0.00148352	0.00352913	0.0	0.0	3.788e-05
Saluda	0.081	121.374	194.374	0.0	0.0	0.0	3.94e-06	0.005908	0.00946135	0.0	0.0	0.0
Chesterfield	0.057	67.897	132.897	0.0	0.0	1.0	1.25e-06	0.00148396	0.0029046	0.0	0.0	2.186e-05
Lexington	0.383	414.937	856.937	0.129	63.59	81.59	1.3e-06	0.00140641	0.00290456	4.4e-07	0.00021554	0.00027655
Marion	0.0	20.239	61.239	0.002	3.825	5.825	0.0	0.00065205	0.00197297	6e-08	0.00012323	0.00018767
Oconee	0.0	8.521	39.521	0.002	3.825	3.825	0.0	0.00010872	0.00050426	3e-08	4.88e-05	4.88e-05
Newberry	0.188	92.644	123.644	0.0	0.0	1.0	4.88e-06	0.00240509	0.00320987	0.0	0.0	2.596e-05
Calhoun	0.008	7.067	14.067	0.0	0.0	1.0	5.5e-07	0.00048671	0.0009688	0.0	0.0	6.887e-05
Florence	0.0	202.248	560.248	0.001	20.509	39.509	0.0	0.00146388	0.0040551	1e-08	0.00014844	0.00028597
Greenville	0.258	558.442	1361.442	0.243	170.073	212.073	5e-07	0.00108601	0.00264762	4.7e-07	0.00033074	0.00041242
Kershaw	0.041	87.764	332.764	0.0	0.235	10.235	6.3e-07	0.00133803	0.00507324	0.0	3.58e-06	0.00015604
Dorchester	0.02	43.21	146.21	0.0	3.449	6.449	1.2e-07	0.00026897	0.00091013	0.0	2.147e-05	4.014e-05
Edgefield	0.0	17.997	52.997	0.002	5.069	7.069	0.0	0.00066527	0.00195908	7e-08	0.00018738	0.00026131
Chester	6.268	1184.336	1218.336	0.002	5.069	5.069	0.00019435	0.03672246	0.03777669	6e-08	0.00015717	0.00015717
Colleton	0.126	70.129	102.129	0.072	21.07	25.07	3.35e-06	0.00186216	0.00271187	1.91e-06	0.00055948	0.00066569
Hampton	0.021	22.279	49.279	0.072	21.07	21.07	1.09e-06	0.00115131	0.00254659	3.72e-06	0.00108883	0.00108883
Anderson	0.042	90.466	263.466	0.025	17.336	25.336	2.1e-07	0.00045124	0.00131416	1.2e-07	8.647e-05	0.00012638
Union	0.002	4.276	30.276	0.025	17.336	17.336	7e-08	0.000156	0.00110456	9.1e-07	0.00063247	0.00063247
Lancaster	0.023	49.623	148.623	0.009	6.328	10.328	2.4e-07	0.00052027	0.00155822	9e-08	6.635e-05	0.00010828
Darlington	0.113	148.949	299.949	0.0	0.0	2.0	1.69e-06	0.00222971	0.00449012	0.0	0.0	2.994e-05
Greenwood	0.074	61.671	122.671	0.0	0.0	0.0	1.05e-06	0.00087179	0.00173409	0.0	0.0	0.0
Allendale	0.016	19.265	37.265	0.012	25.316	27.316	1.8e-06	0.00216388	0.00418567	1.35e-06	0.00284354	0.00306818
Aiken	0.027	59.409	167.409	0.0	0.235	6.235	1.6e-07	0.0003507	0.00098824	0.0	1.39e-06	3.681e-05
Williamsburg	0.06	130.072	230.072	0.0	0.0	4.0	1.96e-06	0.00424989	0.00751722	0.0	0.0	0.00013069
Charleston	0.0	68.615	532.615	0.0	3.03	12.03	0.0	0.00016904	0.00131217	0.0	7.46e-06	2.964e-05
Spartanburg	0.264	286.172	604.172	0.103	50.534	62.534	8.4e-07	0.0009117	0.0019248	3.3e-07	0.00016099	0.00019922
Jasper	0.0	2.957	23.957	0.0	0.0	1.0	0.0	0.00010207	0.00082693	0.0	0.0	3.452e-05
York	0.068	147.062	369.062	0.001	0.939	5.939	2.5e-07	0.00053649	0.00134636	0.0	3.43e-06	2.167e-05
Bamberg	0.056	35.81	49.81	0.001	0.939	0.939	3.92e-06	0.00250858	0.00348932	7e-08	6.578e-05	6.578e-05
Orangeburg	0.297	207.784	302.784	0.0	0.0	2.0	3.42e-06	0.00239014	0.00348292	0.0	0.0	2.301e-05
Pickens	0.0	9.718	70.718	0.0	0.0	1.0	0.0	7.778e-05	0.00056603	0.0	0.0	8e-06
