Name	Predicted_New_Cases	Total_Predicted_New_Cases	Total_Predicted_Cases	Predicted_New_Deaths	Total_Predicted_New_Deaths	Total_Predicted_Deaths	Predicted_New_per_capita	Predicted_Total_New_per_capita	Predicted_Total_Cases_per_capita	Predicted_New_Deaths_per_capita	Total_Predicted_New_Deaths_per_capita	Total_Predicted_Deaths_per_capita
Georgetown	0.78	39.226	142.226	0.0	0.0	3.0	1.253e-05	0.00063015	0.00228479	0.0	0.0	4.819e-05
McCormick	0.137	6.459	17.459	0.0	0.0	1.0	1.456e-05	0.0006864	0.00185537	0.0	0.0	0.00010627
Richland	18.919	892.856	2830.856	9.247	129.753	199.753	4.563e-05	0.00215366	0.00682832	2.23e-05	0.00031298	0.00048182
Berkeley	7.561	264.197	579.197	1.852	37.157	56.157	3.42e-05	0.00119497	0.00261972	8.38e-06	0.00016806	0.000254
Clarendon	0.264	14.712	325.712	0.201	8.108	49.108	7.83e-06	0.00043656	0.00966504	5.96e-06	0.00024059	0.00145721
Cherokee	3.416	131.423	207.423	2.208	50.601	55.601	5.985e-05	0.00230252	0.00363403	3.868e-05	0.00088652	0.00097412
Beaufort	2.551	142.147	625.147	0.0	0.0	14.0	1.352e-05	0.00075324	0.00331265	0.0	0.0	7.419e-05
Fairfield	2.25	109.814	328.814	0.392	12.386	31.386	0.00010044	0.00490197	0.01467789	1.75e-05	0.0005529	0.00140104
Barnwell	0.506	24.698	78.698	0.0	0.0	1.0	2.397e-05	0.00116986	0.00372764	0.0	0.0	4.737e-05
Horry	47.78	1509.286	2312.286	9.058	158.037	191.037	0.00013884	0.00438559	0.00671889	2.632e-05	0.00045921	0.0005551
Abbeville	0.496	27.619	87.619	9.058	158.037	158.037	2.021e-05	0.00112542	0.00357031	0.0003691	0.00643971	0.00643971
Lee	0.537	31.24	264.24	0.236	10.347	29.347	3.133e-05	0.00182242	0.01541477	1.377e-05	0.00060361	0.00171199
Laurens	6.026	181.074	282.074	0.068	1.1	5.1	8.995e-05	0.00270284	0.00421044	1.02e-06	1.642e-05	7.613e-05
Sumter	8.377	352.239	861.239	0.594	15.344	34.344	7.865e-05	0.00330704	0.00808584	5.58e-06	0.00014406	0.00032244
Dillon	1.069	58.252	248.252	0.048	1.84	5.84	3.494e-05	0.00190372	0.00811308	1.57e-06	6.013e-05	0.00019086
Marlboro	0.022	53.287	268.287	0.097	5.417	8.417	8.3e-07	0.0020186	0.01016316	3.67e-06	0.0002052	0.00031885
Saluda	0.106	12.569	166.569	0.0	0.0	1.0	5.16e-06	0.00061181	0.00810791	0.0	0.0	4.868e-05
Chesterfield	2.852	158.932	423.932	0.117	4.727	11.727	6.233e-05	0.00347362	0.00926546	2.56e-06	0.00010331	0.00025631
Lexington	37.634	1314.992	2255.992	3.931	78.863	115.863	0.00012756	0.00445712	0.0076466	1.332e-05	0.0002673	0.00039271
Marion	2.019	70.542	153.542	0.0	0.0	5.0	6.505e-05	0.00227269	0.00494674	0.0	0.0	0.00016109
Oconee	0.223	14.637	79.637	0.0	0.0	0.0	2.85e-06	0.00018676	0.00101612	0.0	0.0	0.0
Newberry	0.855	47.652	135.652	0.364	20.304	22.304	2.22e-05	0.00123707	0.0035216	9.45e-06	0.0005271	0.00057902
Calhoun	0.339	18.863	41.863	0.0	0.0	1.0	2.335e-05	0.0012991	0.00288313	0.0	0.0	6.887e-05
Florence	1.803	133.693	863.693	0.093	5.436	47.436	1.305e-05	0.00096767	0.00625144	6.7e-07	3.935e-05	0.00034334
Greenville	25.928	1378.604	3749.604	0.168	8.689	73.689	5.042e-05	0.002681	0.00729193	3.3e-07	1.69e-05	0.0001433
Kershaw	4.151	188.976	585.976	0.122	3.49	18.49	6.329e-05	0.00288108	0.00893365	1.86e-06	5.321e-05	0.00028189
Dorchester	15.08	431.136	645.136	0.0	0.0	3.0	9.387e-05	0.00268375	0.00401586	0.0	0.0	1.867e-05
Edgefield	14.396	201.997	257.997	0.0	0.0	2.0	0.00053216	0.00746699	0.00953708	0.0	0.0	7.393e-05
Chester	0.733	54.658	164.658	0.0	0.0	1.0	2.273e-05	0.00169477	0.00510552	0.0	0.0	3.101e-05
Colleton	1.691	94.224	253.224	0.193	7.773	21.773	4.49e-05	0.00250196	0.00672395	5.12e-06	0.0002064	0.00057815
Hampton	0.198	11.008	56.008	0.0	0.0	1.0	1.023e-05	0.00056886	0.00289432	0.0	0.0	5.168e-05
Anderson	5.488	211.124	498.124	0.257	5.884	14.884	2.737e-05	0.00105308	0.00248463	1.28e-06	2.935e-05	7.424e-05
Union	0.069	6.52	47.52	0.257	5.884	5.884	2.52e-06	0.00023787	0.00173367	9.38e-06	0.00021467	0.00021467
Lancaster	3.449	183.41	403.41	0.187	6.85	12.85	3.616e-05	0.00192294	0.0042295	1.96e-06	7.182e-05	0.00013472
Darlington	0.0	29.527	363.527	0.001	2.963	14.963	0.0	0.00044201	0.00544186	1e-08	4.435e-05	0.00022399
Greenwood	1.704	94.949	293.949	0.201	8.108	12.108	2.409e-05	0.00134221	0.00415528	2.84e-06	0.00011462	0.00017116
Allendale	0.073	6.098	45.098	0.0	0.0	3.0	8.2e-06	0.00068494	0.00506548	0.0	0.0	0.00033697
Aiken	0.0	13.827	229.827	0.001	1.598	9.598	0.0	8.162e-05	0.0013567	1e-08	9.43e-06	5.666e-05
Williamsburg	1.067	59.479	321.479	0.055	2.197	17.197	3.486e-05	0.00194338	0.01050379	1.8e-06	7.178e-05	0.00056188
Charleston	29.229	1021.29	1890.29	2.57	51.564	65.564	7.201e-05	0.00251608	0.00465698	6.33e-06	0.00012703	0.00016153
Spartanburg	7.987	445.034	1280.034	1.473	59.292	91.292	2.545e-05	0.00141781	0.004078	4.69e-06	0.0001889	0.00029084
Jasper	0.285	15.516	65.516	0.0	0.0	2.0	9.84e-06	0.00053557	0.00226143	0.0	0.0	6.903e-05
York	3.146	175.27	711.27	0.327	13.174	23.174	1.148e-05	0.0006394	0.00259476	1.19e-06	4.806e-05	8.454e-05
Bamberg	44.658	626.632	662.632	0.327	13.174	13.174	0.00312841	0.04389716	0.04641905	2.291e-05	0.00092287	0.00092287
Orangeburg	4.148	214.816	501.816	0.279	9.762	14.762	4.771e-05	0.00247102	0.00577238	3.21e-06	0.00011229	0.00016981
Pickens	1.088	86.19	312.19	0.037	2.615	6.615	8.71e-06	0.00068987	0.00249878	3e-07	2.093e-05	5.295e-05
