Name	Predicted_New_Cases	Total_Predicted_New_Cases	Predicted_New_per_capita	Predicted_Total_per_capita
Georgetown	0.001	31.701	1e-08	0.00050926
McCormick	0.0	0.0	0.0	0.0
Richland	0.015	596.241	4e-08	0.00143819
Berkeley	0.0	56.338	0.0	0.00025482
Clarendon	0.0	62.172	0.0	0.00184488
Cherokee	0.0	0.009	0.0	1.6e-07
Beaufort	0.0	13.503	0.0	7.155e-05
Fairfield	0.0	0.771	0.0	3.444e-05
Barnwell	0.0	5.798	0.0	0.00027463
Horry	0.005	184.995	1e-08	0.00053755
Abbeville	0.0	2.171	0.0	8.848e-05
Lee	0.0	30.689	3e-08	0.00179027
Laurens	0.0	20.377	0.0	0.00030416
Sumter	0.004	182.39	4e-08	0.00171239
Dillon	0.0	7.817	1e-08	0.00025546
Marlboro	0.0	24.444	2e-08	0.00092599
Saluda	0.0	9.119	1e-08	0.0004439
Chesterfield	0.001	26.93	1e-08	0.00058858
Lexington	0.006	249.266	2e-08	0.00084488
Marion	0.0	7.108	0.0	0.000229
Oconee	0.0	16.068	1e-08	0.00020501
Newberry	0.0	16.068	1e-08	0.00041713
Calhoun	0.0	0.143	0.0	9.84e-06
Florence	0.002	81.641	1e-08	0.00059092
Greenville	0.008	311.8	1e-08	0.00060636
Kershaw	0.0	67.237	0.0	0.00102508
Dorchester	0.0	40.786	0.0	0.00025388
Edgefield	0.0	8.251	1e-08	0.000305
Chester	0.0	0.543	0.0	1.684e-05
Colleton	0.001	21.713	1e-08	0.00057655
Hampton	0.0	0.07	0.0	3.62e-06
Anderson	0.002	95.537	1e-08	0.00047654
Union	0.0	28.432	2e-08	0.00103728
Lancaster	0.001	60.632	1e-08	0.00063569
Darlington	0.001	43.426	2e-08	0.00065007
Greenwood	0.0	18.673	1e-08	0.00026397
Allendale	0.012	38.547	1.32e-06	0.00432967
Aiken	0.001	59.494	1e-08	0.0003512
Williamsburg	0.0	0.158	0.0	5.17e-06
Charleston	0.0	4.888	0.0	1.204e-05
Spartanburg	0.007	270.545	2e-08	0.00086191
Jasper	0.0	0.0	0.0	0.0
York	0.003	127.239	1e-08	0.00046417
Bamberg	0.0	3.865	0.0	0.00027077
Orangeburg	0.001	31.267	1e-08	0.00035966
Pickens	0.001	23.884	0.0	0.00019117
