Name	Predicted_New_Cases	Total_Predicted_New_Cases	Predicted_New_per_capita	Predicted_Total_per_capita
Georgetown	0.402	5.09	6.46e-06	8.177e-05
McCormick	0.0	0.0	0.0	0.0
Richland	20.494	164.356	4.943e-05	0.00039644
Berkeley	8.394	41.701	3.797e-05	0.00018861
Clarendon	8.964	60.515	0.00026599	0.0017957
Cherokee	0.0	0.0	0.0	0.0
Beaufort	4.791	44.971	2.539e-05	0.0002383
Fairfield	3.203	20.181	0.00014298	0.00090086
Barnwell	0.0	0.0	0.0	0.0
Horry	15.038	97.636	4.37e-05	0.0002837
Abbeville	0.0	0.0	0.0	0.0
Lee	3.597	17.87	0.00020984	0.00104247
Laurens	0.0	0.0	0.0	0.0
Sumter	6.177	46.73	5.799e-05	0.00043873
Dillon	0.0	0.0	0.0	0.0
Marlboro	0.0	0.0	0.0	0.0
Saluda	0.0	0.0	0.0	0.0
Chesterfield	2.024	11.601	4.424e-05	0.00025355
Lexington	7.825	62.755	2.652e-05	0.00021271
Marion	0.0	0.0	0.0	0.0
Oconee	0.0	0.0	0.0	0.0
Newberry	0.0	0.0	0.0	0.0
Calhoun	0.0	0.0	0.0	0.0
Florence	3.922	26.476	2.839e-05	0.00019163
Greenville	7.191	59.85	1.398e-05	0.00011639
Kershaw	3.772	35.596	5.751e-05	0.00054269
Dorchester	0.641	4.035	3.99e-06	2.512e-05
Edgefield	0.0	0.0	0.0	0.0
Chester	2.817	13.434	8.735e-05	0.00041655
Colleton	0.0	0.0	0.0	0.0
Hampton	8.415	45.652	0.00043486	0.00235915
Anderson	2.1	17.996	1.047e-05	8.976e-05
Union	9.724	47.019	0.00035476	0.0017154
Lancaster	6.047	34.654	6.34e-05	0.00036333
Darlington	1.765	13.351	2.642e-05	0.00019986
Greenwood	1.203	7.81	1.701e-05	0.0001104
Allendale	0.0	0.0	0.0	0.0
Aiken	0.524	4.715	3.09e-06	2.783e-05
Williamsburg	5.494	26.87	0.00017951	0.00087793
Charleston	7.291	59.662	1.796e-05	0.00014699
Spartanburg	16.241	105.446	5.174e-05	0.00033594
Jasper	2.562	12.391	8.843e-05	0.0004277
York	5.999	51.415	2.188e-05	0.00018757
Bamberg	0.0	0.0	0.0	0.0
Orangeburg	0.085	3.474	9.8e-07	3.996e-05
Pickens	0.85	7.421	6.8e-06	5.94e-05
