Name	Predicted_New_Cases	Total_Predicted_New_Cases	Predicted_New_per_capita	Predicted_Total_per_capita
Georgetown	0.83	11.271	1.333e-05	0.00018106
McCormick	0.0	0.0	0.0	0.0
Richland	55.923	435.071	0.00013489	0.00104944
Berkeley	2.267	29.197	1.025e-05	0.00013206
Clarendon	43.186	257.311	0.00128148	0.00763534
Cherokee	0.175	2.682	3.07e-06	4.699e-05
Beaufort	21.461	172.764	0.00011372	0.00091548
Fairfield	4.597	40.503	0.0002052	0.00180801
Barnwell	0.0	0.0	0.0	0.0
Horry	9.684	89.766	2.814e-05	0.00026084
Abbeville	0.0	0.0	0.0	0.0
Lee	12.655	70.133	0.00073825	0.0040913
Laurens	0.0	0.0	0.0	0.0
Sumter	15.718	98.695	0.00014757	0.00092661
Marlboro	0.0	0.0	0.0	0.0
Saluda	0.0	0.0	0.0	0.0
Chesterfield	5.931	33.317	0.00012963	0.00072818
Lexington	41.688	324.327	0.0001413	0.00109929
Marion	0.0	0.0	0.0	0.0
Oconee	0.0	0.0	0.0	0.0
Newberry	2.531	14.026	6.571e-05	0.00036412
Calhoun	5.062	28.053	0.00034862	0.00193202
Florence	5.363	47.255	3.882e-05	0.00034203
Greenville	16.09	141.764	3.129e-05	0.00027569
Kershaw	7.508	84.331	0.00011447	0.00128569
Dorchester	17.667	105.265	0.00010997	0.00065526
Edgefield	2.531	14.026	9.356e-05	0.00051848
Chester	7.593	42.08	0.00023543	0.00130477
Colleton	5.062	28.053	0.00013441	0.0007449
Hampton	0.35	5.366	1.809e-05	0.0002773
Anderson	9.922	75.106	4.949e-05	0.00037463
Union	14.898	88.764	0.00054352	0.00323838
Lancaster	20.341	116.234	0.00021326	0.00121864
Darlington	10.124	56.105	0.00015155	0.00083987
Greenwood	5.062	28.053	7.156e-05	0.00039656
Allendale	0.0	0.0	0.0	0.0
Aiken	9.041	51.66	5.337e-05	0.00030496
Williamsburg	0.741	10.362	2.421e-05	0.00033856
Charleston	13.6	175.191	3.351e-05	0.00043161
Spartanburg	15.639	152.577	4.982e-05	0.00048609
Jasper	5.062	28.053	0.00017473	0.00096831
York	13.142	121.823	4.794e-05	0.00044442
Orangeburg	0.649	9.96	7.47e-06	0.00011457
Pickens	1.054	13.2	8.44e-06	0.00010565
