Name	Predicted_New_Cases	Total_Predicted_New_Cases	Total_Predicted_Cases	Predicted_New_Deaths	Total_Predicted_New_Deaths	Total_Predicted_Deaths	Predicted_New_per_capita	Predicted_Total_New_per_capita	Predicted_Total_Cases_per_capita	Predicted_New_Deaths_per_capita	Total_Predicted_New_Deaths_per_capita	Total_Predicted_Deaths_per_capita
Georgetown	0.747	454.108	1565.108	0.052	18.969	34.969	1.2e-05	0.00729502	0.0251427	8.4e-07	0.00030473	0.00056176
McCormick	0.0	43.823	139.823	0.0	0.0	2.0	0.0	0.00465707	0.01485898	0.0	0.0	0.00021254
Richland	5.703	3467.617	10559.617	0.546	156.068	283.068	1.376e-05	0.00836425	0.02547088	1.32e-06	0.00037645	0.00068279
Berkeley	0.131	1457.967	4948.967	0.095	44.558	98.558	5.9e-07	0.00659442	0.0223843	4.3e-07	0.00020154	0.00044578
Clarendon	1.134	447.539	1128.539	0.065	15.71	64.71	3.365e-05	0.01328009	0.0334878	1.93e-06	0.00046617	0.00192018
Cherokee	2.218	748.3	1228.3	0.691	135.791	154.791	3.886e-05	0.01311013	0.02151967	1.211e-05	0.00237904	0.00271192
Beaufort	3.589	1687.9	4788.9	0.171	51.903	86.903	1.902e-05	0.00894418	0.02537636	9.1e-07	0.00027503	0.0004605
Fairfield	0.036	141.745	627.745	0.004	2.695	25.695	1.61e-06	0.00632734	0.02802183	1.8e-07	0.0001203	0.001147
Barnwell	0.573	269.467	563.467	0.979	95.564	97.564	2.714e-05	0.01276369	0.02668942	4.637e-05	0.00452653	0.00462126
Horry	4.262	2591.575	10144.575	0.269	99.017	205.017	1.238e-05	0.00753043	0.02947745	7.8e-07	0.00028772	0.00059573
Abbeville	0.641	301.577	573.577	0.023	6.861	10.861	2.612e-05	0.0122887	0.02337219	9.4e-07	0.00027957	0.00044257
Lee	0.465	198.374	645.374	0.054	14.628	39.628	2.713e-05	0.0115724	0.0376487	3.15e-06	0.00085334	0.00231175
Laurens	1.71	730.272	1853.272	0.403	108.871	138.871	2.552e-05	0.01090056	0.02766325	6.02e-06	0.00162509	0.00207289
Sumter	4.464	1699.334	3771.334	0.271	62.374	101.374	4.191e-05	0.01595439	0.0354076	2.54e-06	0.00058561	0.00095176
Dillon	0.622	245.555	751.555	0.174	42.123	63.123	2.033e-05	0.00802494	0.02456142	5.69e-06	0.00137661	0.00206291
Marlboro	0.412	156.721	547.721	0.0	0.0	4.0	1.561e-05	0.00593685	0.02074858	0.0	0.0	0.00015153
Saluda	0.05	127.244	506.244	0.012	6.85	12.85	2.43e-06	0.00619373	0.02464194	5.8e-07	0.00033343	0.00062549
Chesterfield	0.982	402.444	1023.444	0.073	18.618	37.618	2.146e-05	0.00879582	0.0223684	1.6e-06	0.00040692	0.00082218
Lexington	5.046	2372.956	6616.956	0.09	42.557	130.557	1.71e-05	0.00804305	0.02242793	3.1e-07	0.00014425	0.00044252
Marion	0.572	268.799	733.799	0.027	8.232	20.232	1.843e-05	0.00866004	0.02364119	8.7e-07	0.00026521	0.00065183
Oconee	0.068	269.126	931.126	0.003	1.226	4.226	8.7e-07	0.00343387	0.01188055	4e-08	1.564e-05	5.392e-05
Newberry	1.272	543.159	1218.159	0.071	19.13	26.13	3.302e-05	0.0141007	0.03162407	1.84e-06	0.00049663	0.00067835
Calhoun	0.083	143.905	415.905	0.008	3.989	7.989	5.72e-06	0.00991081	0.0286436	5.5e-07	0.00027472	0.00055021
Florence	4.66	1909.65	4453.65	6.217	788.181	874.181	3.373e-05	0.01382212	0.03223568	4.5e-05	0.00570488	0.00632735
Greenville	0.465	2742.515	12223.515	0.124	75.235	232.235	9e-07	0.00533342	0.02377131	2.4e-07	0.00014631	0.00045163
Kershaw	1.278	600.932	1763.932	0.026	7.778	28.778	1.948e-05	0.00916167	0.02689249	4e-07	0.00011858	0.00043874
Dorchester	3.311	1650.151	4131.151	0.382	122.569	155.569	2.061e-05	0.01027191	0.02571571	2.38e-06	0.00076297	0.00096839
Edgefield	0.535	211.119	446.119	0.041	9.999	15.999	1.978e-05	0.00780419	0.01649117	1.52e-06	0.00036962	0.00059142
Chester	0.986	388.996	852.996	0.047	11.422	19.422	3.057e-05	0.01206152	0.02644867	1.46e-06	0.00035416	0.00060221
Colleton	0.731	343.692	1018.692	0.064	19.435	49.435	1.941e-05	0.00912618	0.02704971	1.7e-06	0.00051606	0.00131267
Hampton	0.836	342.752	617.752	0.067	17.036	23.036	4.32e-05	0.01771237	0.03192352	3.46e-06	0.00088037	0.00119043
Anderson	1.001	927.624	2665.624	0.07	31.314	69.314	4.99e-06	0.00462697	0.01329608	3.5e-07	0.00015619	0.00034574
Union	0.968	355.811	629.811	0.0	0.0	1.0	3.532e-05	0.01298107	0.02297742	0.0	0.0	3.648e-05
Lancaster	1.547	610.185	1535.185	0.084	20.347	40.347	1.622e-05	0.00639741	0.01609546	8.8e-07	0.00021333	0.00042301
Darlington	1.765	723.254	1616.254	0.238	60.886	91.886	2.642e-05	0.01082683	0.02419469	3.56e-06	0.00091144	0.0013755
Greenwood	0.07	413.291	1545.291	0.023	14.691	28.691	9.9e-07	0.00584231	0.02184435	3.3e-07	0.00020767	0.00040558
Allendale	0.0	57.575	208.575	0.0	0.0	3.0	0.0	0.00646692	0.0234275	0.0	0.0	0.00033697
Aiken	0.028	521.955	1822.955	0.021	22.331	45.331	1.7e-07	0.00308118	0.01076118	1.2e-07	0.00013182	0.0002676
Williamsburg	1.029	483.812	1256.812	0.011	3.201	21.201	3.362e-05	0.01580775	0.04106424	3.6e-07	0.00010459	0.00069271
Charleston	0.0	3095.579	13835.579	0.696	245.687	380.687	0.0	0.00762636	0.03408576	1.71e-06	0.00060528	0.00093787
Spartanburg	0.101	1123.659	4573.659	0.117	46.226	121.226	3.2e-07	0.00357981	0.01457099	3.7e-07	0.00014727	0.00038621
Jasper	0.839	343.879	783.879	0.122	31.233	39.233	2.896e-05	0.01186977	0.02705737	4.21e-06	0.00107808	0.00135422
York	3.924	1845.361	4703.361	0.15	45.499	69.499	1.432e-05	0.00673199	0.01715816	5.5e-07	0.00016598	0.00025354
Bamberg	0.535	304.159	675.159	0.032	11.346	20.346	3.748e-05	0.02130711	0.0472966	2.24e-06	0.00079482	0.00142529
Orangeburg	2.757	1296.76	3246.76	0.343	104.036	152.036	3.171e-05	0.0149166	0.03734741	3.95e-06	0.00119672	0.00174887
Pickens	0.082	483.11	2072.11	0.026	16.653	33.653	6.6e-07	0.00386683	0.01658524	2.1e-07	0.00013329	0.00026936
