Name	Predicted_New_Cases	Total_Predicted_New_Cases	Total_Predicted_Cases	Predicted_New_Deaths	Total_Predicted_New_Deaths	Total_Predicted_Deaths	Predicted_New_per_capita	Predicted_Total_New_per_capita	Predicted_Total_Cases_per_capita	Predicted_New_Deaths_per_capita	Total_Predicted_New_Deaths_per_capita	Total_Predicted_Deaths_per_capita
Georgetown	0.33	798.647	1764.647	0.045	32.617	43.617	5.3e-06	0.01282988	0.0283482	7.2e-07	0.00052398	0.00070069
McCormick	0.035	115.812	193.812	0.0	0.0	2.0	3.72e-06	0.01230733	0.02059639	0.0	0.0	0.00021254
Richland	3.835	5560.783	11610.783	0.0	7.663	115.663	9.25e-06	0.01341318	0.0280064	0.0	1.848e-05	0.00027899
Berkeley	0.549	2703.794	5657.794	0.061	53.664	89.664	2.48e-06	0.01222933	0.02559034	2.8e-07	0.00024272	0.00040555
Clarendon	0.762	611.038	1185.038	0.297	116.991	163.991	2.261e-05	0.01813169	0.03516433	8.81e-06	0.00347154	0.0048662
Cherokee	0.053	259.799	589.799	0.007	5.993	15.993	9.3e-07	0.00455165	0.01033321	1.2e-07	0.000105	0.0002802
Beaufort	0.238	1828.57	4316.57	0.013	12.693	38.693	1.26e-06	0.00968958	0.02287349	7e-08	6.726e-05	0.00020503
Fairfield	0.053	262.951	691.951	0.0	0.0	23.0	2.37e-06	0.01173784	0.03088791	0.0	0.0	0.00102669
Barnwell	0.126	246.85	453.85	0.0	0.0	1.0	5.97e-06	0.0116924	0.02149725	0.0	0.0	4.737e-05
Horry	0.131	3707.822	10427.822	0.0	15.01	100.01	3.8e-07	0.01077395	0.03030049	0.0	4.362e-05	0.0002906
Abbeville	0.069	135.369	325.369	0.0	0.0	2.0	2.81e-06	0.00551603	0.01325818	0.0	0.0	8.15e-05
Lee	0.013	103.587	482.587	0.009	8.931	32.931	7.6e-07	0.00604288	0.02815232	5.3e-07	0.000521	0.00192107
Laurens	0.13	641.656	1561.656	0.013	11.462	26.462	1.94e-06	0.00957781	0.02331039	1.9e-07	0.00017109	0.00039499
Sumter	0.86	1424.201	3131.201	0.077	47.836	81.836	8.07e-06	0.01337127	0.02939764	7.2e-07	0.00044911	0.00076833
Dillon	0.041	199.522	635.522	0.024	21.107	39.107	1.34e-06	0.00652054	0.02076937	7.8e-07	0.00068979	0.00127805
Marlboro	0.033	80.401	438.401	0.0	0.0	4.0	1.25e-06	0.00304572	0.01660736	0.0	0.0	0.00015153
Saluda	0.044	216.108	559.108	0.008	6.77	10.77	2.14e-06	0.01051928	0.02721515	3.9e-07	0.00032954	0.00052424
Chesterfield	0.046	226.505	749.505	0.007	5.734	22.734	1.01e-06	0.0049505	0.01638119	1.5e-07	0.00012532	0.00049687
Lexington	0.468	2302.884	5907.884	0.277	159.637	230.637	1.59e-06	0.00780554	0.02002455	9.4e-07	0.00054108	0.00078174
Marion	0.1	241.33	627.33	0.019	13.7	24.7	3.22e-06	0.00777506	0.02021102	6.1e-07	0.00044138	0.00079577
Oconee	0.032	380.005	941.005	0.403	104.381	106.381	4.1e-07	0.00484861	0.0120066	5.14e-06	0.00133183	0.00135735
Newberry	0.055	425.164	962.164	0.009	8.699	13.699	1.43e-06	0.01103749	0.0249783	2.3e-07	0.00022583	0.00035563
Calhoun	0.029	222.49	440.49	0.0	0.0	2.0	2e-06	0.015323	0.03033678	0.0	0.0	0.00013774
Florence	0.905	1500.176	3504.176	0.007	13.494	77.494	6.55e-06	0.01085833	0.02536336	5e-08	9.767e-05	0.0005609
Greenville	0.639	4909.224	13317.224	0.008	64.521	196.521	1.24e-06	0.00954706	0.02589826	2e-08	0.00012548	0.00038218
Kershaw	0.117	384.914	1377.914	0.01	8.13	27.13	1.78e-06	0.00586831	0.02100735	1.5e-07	0.00012395	0.00041362
Dorchester	0.232	1781.846	3862.846	0.016	15.043	28.043	1.44e-06	0.01109169	0.02404555	1e-07	9.364e-05	0.00017456
Edgefield	0.063	153.272	321.272	0.004	3.261	7.261	2.33e-06	0.00566583	0.01187609	1.5e-07	0.00012055	0.00026841
Chester	0.083	271.777	629.777	0.03	24.095	30.095	2.57e-06	0.00842693	0.01952736	9.3e-07	0.00074711	0.00093315
Colleton	0.13	426.645	994.645	0.035	27.868	55.868	3.45e-06	0.01132886	0.02641118	9.3e-07	0.00073999	0.00148348
Hampton	0.907	562.602	734.602	0.0	0.124	3.124	4.687e-05	0.02907354	0.03796197	0.0	6.41e-06	0.00016144
Anderson	0.922	1528.303	2911.303	0.109	67.313	93.313	4.6e-06	0.00762314	0.01452152	5.4e-07	0.00033576	0.00046544
Union	0.006	146.58	344.58	0.109	67.313	67.313	2.2e-07	0.00534768	0.01257132	3.98e-06	0.00245578	0.00245578
Lancaster	0.05	380.241	1142.241	0.026	24.917	42.917	5.2e-07	0.00398659	0.01197569	2.7e-07	0.00026124	0.00044996
Darlington	0.361	523.55	1216.55	0.027	15.624	35.624	5.4e-06	0.00783734	0.01821128	4e-07	0.00023389	0.00053328
Greenwood	0.104	802.026	1791.026	0.011	10.817	20.817	1.47e-06	0.0113375	0.02531808	1.6e-07	0.00015291	0.00029427
Allendale	0.049	119.575	241.575	0.0	0.0	3.0	5.5e-06	0.01343087	0.02713411	0.0	0.0	0.00033697
Aiken	1.403	1817.192	2844.192	0.073	39.039	54.039	8.28e-06	0.01072716	0.0167897	4.3e-07	0.00023045	0.000319
Williamsburg	1.081	867.639	1494.639	0.203	79.706	97.706	3.532e-05	0.02834866	0.04883484	6.63e-06	0.00260426	0.00319238
Charleston	0.954	7324.763	16761.763	0.031	101.337	188.337	2.35e-06	0.01804551	0.04129479	8e-08	0.00024966	0.00046399
Spartanburg	0.307	2359.802	5400.802	0.0	0.805	63.805	9.8e-07	0.00751797	0.01720614	0.0	2.56e-06	0.00020327
Jasper	0.0	184.862	519.862	0.0	0.0	3.0	0.0	0.00638093	0.01794422	0.0	0.0	0.00010355
York	0.202	1549.22	3939.22	0.011	11.049	25.049	7.4e-07	0.00565165	0.01437053	4e-08	4.031e-05	9.138e-05
Bamberg	1.121	819.984	1122.984	0.001	6.198	9.198	7.853e-05	0.05744196	0.07866788	7e-08	0.00043419	0.00064434
Orangeburg	0.572	1383.658	2948.658	0.143	104.696	138.696	6.58e-06	0.01591619	0.03391835	1.64e-06	0.00120432	0.00159542
Pickens	0.098	755.185	2158.185	0.025	24.686	38.686	7.8e-07	0.00604453	0.01727419	2e-07	0.00019759	0.00030964
