Name	Predicted_New_Cases	Total_Predicted_New_Cases	Total_Predicted_Cases	Predicted_New_Deaths	Total_Predicted_New_Deaths	Total_Predicted_Deaths	Predicted_New_per_capita	Predicted_Total_New_per_capita	Predicted_Total_Cases_per_capita	Predicted_New_Deaths_per_capita	Total_Predicted_New_Deaths_per_capita	Total_Predicted_Deaths_per_capita
Georgetown	0.0	483.56	1929.56	0.0	8.299	28.299	0.0	0.00776816	0.03099745	0.0	0.00013332	0.00045461
Richland	0.0	2835.624	11542.624	0.008	138.678	289.678	0.0	0.00683982	0.027842	2e-08	0.00033451	0.00069873
Cherokee	0.0	268.843	898.843	0.002	39.692	67.692	0.0	0.0047101	0.01574763	4e-08	0.0006954	0.00118596
Barnwell	0.006	371.341	780.341	0.009	20.95	25.95	2.8e-07	0.0175891	0.03696196	4.3e-07	0.00099233	0.00122916
Abbeville	0.001	117.253	442.253	0.004	17.421	25.421	4e-08	0.00477784	0.01802099	1.6e-07	0.00070987	0.00103586
Lee	0.0	205.574	766.574	0.0	6.638	33.638	0.0	0.01199242	0.04471905	0.0	0.00038724	0.00196231
Dillon	0.002	280.699	914.699	0.002	13.444	37.444	7e-08	0.00917347	0.0298931	7e-08	0.00043936	0.0012237
Marlboro	0.0	205.327	694.327	0.0	0.0	4.0	0.0	0.00777813	0.02630226	0.0	0.0	0.00015153
Saluda	0.002	187.156	639.156	0.006	17.537	25.537	1e-07	0.00911001	0.03111157	2.9e-07	0.00085363	0.00124304
Chesterfield	0.0	252.895	1010.895	0.0	5.378	26.378	0.0	0.00552728	0.02209413	0.0	0.00011754	0.00057652
Oconee	0.0	325.047	1140.047	0.001	17.483	26.483	0.0	0.00414738	0.01454624	1e-08	0.00022307	0.00033791
Calhoun	0.108	707.838	1081.838	0.19	183.358	193.358	7.44e-06	0.04874917	0.07450675	1.309e-05	0.01262796	0.01331667
Chester	0.0	315.38	969.38	0.0	15.829	29.829	0.0	0.00977892	0.03005736	0.0	0.00049081	0.0009249
Hampton	0.0	379.22	800.22	0.0	1.417	10.417	0.0	0.01959692	0.0413529	0.0	7.323e-05	0.00053832
Lancaster	0.0	442.014	1623.014	0.0	7.74	30.74	0.0	0.00463424	0.01701629	0.0	8.115e-05	0.00032229
Darlington	0.0	802.815	2063.815	0.001	12.519	47.519	0.0	0.01201783	0.03089451	1e-08	0.0001874	0.00071134
Greenwood	0.006	626.125	2001.125	0.005	19.398	37.398	8e-08	0.00885095	0.02828805	7e-08	0.00027421	0.00052866
Aiken	0.0	1089.909	2932.909	0.004	64.731	101.731	0.0	0.0064339	0.01731341	2e-08	0.00038212	0.00060053
Williamsburg	0.0	494.402	1487.402	0.002	54.421	85.421	0.0	0.01615376	0.04859838	7e-08	0.00177812	0.00279099
Spartanburg	0.0	1292.832	5349.832	0.001	60.132	161.132	0.0	0.00411877	0.01704376	0.0	0.00019157	0.00051334
Jasper	0.0	301.731	879.731	0.002	28.583	43.583	0.0	0.01041493	0.03036592	7e-08	0.00098661	0.00150437
York	0.011	1482.118	5013.118	0.003	22.216	51.216	4e-08	0.00540686	0.01828818	1e-08	8.105e-05	0.00018684
Pickens	0.0	554.025	2395.025	0.002	38.505	65.505	0.0	0.00443443	0.01916986	2e-08	0.0003082	0.0005243
