Name	Predicted_New_Cases	Total_Predicted_New_Cases	Predicted_New_per_capita	Predicted_Total_per_capita
Georgetown	0.789	12.87	1.267e-05	0.00020675
McCormick	0.0	0.0	0.0	0.0
Richland	61.584	555.765	0.00014855	0.00134056
Berkeley	2.146	33.549	9.71e-06	0.00015174
Clarendon	54.953	361.246	0.00163065	0.01071947
Cherokee	0.158	3.006	2.77e-06	5.266e-05
Beaufort	22.877	218.0	0.00012123	0.00115518
Fairfield	4.673	49.832	0.0002086	0.00222444
Barnwell	0.0	0.0	0.0	0.0
Horry	9.7	109.185	2.819e-05	0.00031726
Abbeville	0.0	0.0	0.0	0.0
Lee	17.232	102.192	0.00100525	0.0059615
Laurens	0.0	0.0	0.0	0.0
Sumter	19.16	135.297	0.00017989	0.00127025
Marlboro	0.0	0.0	0.0	0.0
Saluda	0.0	0.0	0.0	0.0
Chesterfield	7.939	48.149	0.00017351	0.00105235
Lexington	45.908	414.299	0.0001556	0.00140425
Marion	0.0	0.0	0.0	0.0
Oconee	0.0	0.0	0.0	0.0
Newberry	3.446	20.437	8.946e-05	0.00053056
Calhoun	6.893	40.877	0.00047472	0.00281522
Florence	5.452	58.139	3.946e-05	0.00042081
Greenville	16.355	174.415	3.181e-05	0.00033919
Kershaw	7.253	98.979	0.00011058	0.00150901
Dorchester	22.481	147.784	0.00013994	0.00091993
Edgefield	3.446	20.437	0.00012738	0.00075547
Chester	10.339	61.315	0.00032058	0.00190118
Colleton	6.893	40.877	0.00018303	0.00108542
Hampton	0.316	6.015	1.633e-05	0.00031084
Anderson	11.241	96.982	5.607e-05	0.00048374
Union	18.957	124.618	0.00069161	0.00454644
Lancaster	26.816	166.479	0.00028115	0.00174543
Darlington	13.786	81.753	0.00020637	0.00122381
Greenwood	6.893	40.877	9.744e-05	0.00057784
Allendale	0.0	0.0	0.0	0.0
Aiken	11.918	73.991	7.035e-05	0.00043678
Williamsburg	0.687	11.764	2.245e-05	0.00038437
Charleston	12.876	201.304	3.172e-05	0.00049594
Spartanburg	15.466	183.652	4.927e-05	0.00058509
Jasper	6.893	40.877	0.00023793	0.00141096
York	13.165	148.177	4.803e-05	0.00054056
Orangeburg	0.587	11.164	6.75e-06	0.00012842
Pickens	0.999	15.226	8e-06	0.00012187
