Name	Predicted_New_Cases	Total_Predicted_New_Cases	Total_Predicted_Cases	Predicted_New_Deaths	Total_Predicted_New_Deaths	Total_Predicted_Deaths	Predicted_New_per_capita	Predicted_Total_New_per_capita	Predicted_Total_Cases_per_capita	Predicted_New_Deaths_per_capita	Total_Predicted_New_Deaths_per_capita	Total_Predicted_Deaths_per_capita
Georgetown	0.075	357.098	380.964	1.58	385.103	457.19	1.2e-06	0.00573661	0.00612	2.538e-05	0.00618649	0.00734454
McCormick	0.012	55.505	57.527	0.0	0.0	5.969	1.28e-06	0.00589851	0.00611339	0.0	0.0	0.00063433
Richland	0.0	1029.873	1142.759	0.005	38.971	382.596	0.0	0.00248416	0.00275645	1e-08	9.4e-05	0.00092286
Clarendon	0.0	84.764	93.127	0.001	8.622	34.864	0.0	0.00251525	0.00276341	3e-08	0.00025585	0.00103454
Cherokee	0.052	246.5	259.999	0.023	19.724	59.578	9.1e-07	0.00431865	0.00455515	4e-07	0.00034556	0.0010438
Fairfield	0.001	30.229	34.787	0.002	2.447	16.322	4e-08	0.00134939	0.00155285	9e-08	0.00010923	0.0007286
Horry	0.0	291.394	358.517	0.007	73.526	277.849	0.0	0.00084671	0.00104176	2e-08	0.00021365	0.00080736
Abbeville	0.024	115.324	121.682	0.008	7.28	25.513	9.8e-07	0.00469924	0.00495831	3.3e-07	0.00029665	0.00103961
Laurens	0.039	185.733	200.476	0.058	49.96	94.716	5.8e-07	0.00277238	0.00299245	8.7e-07	0.00074574	0.0014138
Sumter	0.0	261.535	291.869	0.005	23.865	116.202	0.0	0.00245545	0.00274025	5e-08	0.00022406	0.00109098
Dillon	0.0	106.563	117.09	0.0	5.366	37.322	0.0	0.00348256	0.0038266	0.0	0.00017537	0.00121971
Marlboro	0.035	165.814	174.677	0.0	0.0	26.415	1.33e-06	0.00628131	0.00661705	0.0	0.0	0.00100064
Chesterfield	0.034	163.122	173.032	0.01	8.922	39.005	7.4e-07	0.0035652	0.00378179	2.2e-07	0.000195	0.00085249
Lexington	0.0	158.327	198.251	0.006	28.373	154.792	0.0	0.00053664	0.00067196	2e-08	9.617e-05	0.00052466
Marion	0.013	60.876	65.596	0.005	4.695	19.024	4.2e-07	0.00196127	0.00211334	1.6e-07	0.00015126	0.00061291
Oconee	0.037	172.987	184.54	0.031	27.242	62.313	4.7e-07	0.0022072	0.00235461	4e-07	0.00034759	0.00079507
Florence	0.0	629.032	682.933	0.007	54.25	223.607	0.0	0.00455296	0.00494309	5e-08	0.00039266	0.00161848
Greenville	0.0	485.249	578.669	0.014	66.536	354.116	0.0	0.00094367	0.00112535	3e-08	0.00012939	0.00068866
Edgefield	0.025	120.46	126.441	0.009	7.988	26.144	9.2e-07	0.00445291	0.004674	3.3e-07	0.00029528	0.00096644
Chester	0.06	286.082	300.16	0.011	9.162	51.899	1.86e-06	0.00887048	0.009307	3.4e-07	0.00028408	0.00160922
Colleton	0.012	89.055	96.905	0.01	9.528	33.425	3.2e-07	0.00236471	0.00257315	2.7e-07	0.000253	0.00088755
Anderson	0.0	422.675	456.729	0.012	55.395	164.923	0.0	0.00210829	0.00227815	6e-08	0.00027631	0.00082263
Union	0.016	74.545	78.688	0.008	7.28	19.892	5.8e-07	0.00271963	0.00287078	2.9e-07	0.0002656	0.00072572
Lancaster	0.084	399.015	419.225	0.011	17.801	78.844	8.8e-07	0.00418342	0.00439531	1.2e-07	0.00018663	0.00082663
Darlington	0.02	425.865	452.074	0.0	2.001	82.787	3e-07	0.00637503	0.00676737	0.0	2.995e-05	0.00123929
Greenwood	0.073	345.956	364.811	0.0	7.151	65.166	1.03e-06	0.00489046	0.005157	0.0	0.00010109	0.00092119
Allendale	0.021	100.868	105.823	0.017	15.027	30.069	2.36e-06	0.01132966	0.01188622	1.91e-06	0.00168786	0.0033774
Williamsburg	0.0	118.553	129.38	0.0	6.664	42.452	0.0	0.00387352	0.00422728	0.0	0.00021774	0.00138705
Bamberg	0.0	37.66	42.117	0.001	16.663	30.666	0.0	0.00263818	0.0029504	7e-08	0.00116729	0.00214823
Orangeburg	0.011	345.342	375.117	0.064	61.147	153.006	1.3e-07	0.00397246	0.00431496	7.4e-07	0.00070337	0.00176002
