Name	Predicted_New_Cases	Total_Predicted_New_Cases	Total_Predicted_Cases	Predicted_New_Deaths	Total_Predicted_New_Deaths	Total_Predicted_Deaths	Predicted_New_per_capita	Predicted_Total_New_per_capita	Predicted_Total_Cases_per_capita	Predicted_New_Deaths_per_capita	Total_Predicted_New_Deaths_per_capita	Total_Predicted_Deaths_per_capita
Georgetown	27.558	6322.897	6502.897	0.0	0.0	3.0	0.00044271	0.10157427	0.10446589	0.0	0.0	4.819e-05
McCormick	0.0	0.925	11.925	0.0	0.0	1.0	0.0	9.83e-05	0.00126727	0.0	0.0	0.00010627
Richland	1.406	1857.367	4173.367	0.001	10.551	84.551	3.39e-06	0.00448016	0.01006659	0.0	2.545e-05	0.00020395
Berkeley	1.637	978.796	1405.796	0.263	82.881	101.881	7.4e-06	0.00442712	0.00635845	1.19e-06	0.00037487	0.00046081
Clarendon	14.213	3073.927	3415.927	0.0	0.51	41.51	0.00042175	0.09121445	0.10136282	0.0	1.513e-05	0.00123175
Cherokee	0.053	113.532	206.532	0.015	10.31	16.31	9.3e-07	0.00198907	0.00361842	2.6e-07	0.00018063	0.00028575
Beaufort	3.226	1687.943	2334.943	0.0	0.0	14.0	1.709e-05	0.0089444	0.01237285	0.0	0.0	7.419e-05
Fairfield	0.0	26.74	258.74	0.0	5.136	25.136	0.0	0.00119364	0.01154986	0.0	0.00022927	0.00112204
Barnwell	0.0	0.432	56.432	0.0	0.0	1.0	0.0	2.046e-05	0.00267298	0.0	0.0	4.737e-05
Horry	4.963	3466.986	4763.986	0.309	112.141	146.141	1.442e-05	0.01007414	0.01384288	9e-07	0.00032585	0.00042465
Abbeville	0.025	54.007	127.007	0.309	112.141	112.141	1.02e-06	0.00220068	0.0051753	1.259e-05	0.00456954	0.00456954
Lee	0.0	5.675	243.675	0.0	1.759	20.759	0.0	0.00033106	0.01421509	0.0	0.00010261	0.001211
Laurens	0.924	515.937	686.937	0.0	0.0	4.0	1.379e-05	0.00770124	0.01025371	0.0	0.0	5.971e-05
Sumter	0.693	750.44	1398.44	0.003	1.681	20.681	6.51e-06	0.00704559	0.01312941	3e-08	1.578e-05	0.00019417
Dillon	0.0	31.567	233.567	0.0	1.673	6.673	0.0	0.00103164	0.00763316	0.0	5.467e-05	0.00021808
Marlboro	0.002	83.616	320.616	0.0	0.131	3.131	8e-08	0.00316751	0.01214547	0.0	4.96e-06	0.00011861
Saluda	0.026	34.912	204.912	0.0	0.0	1.0	1.27e-06	0.00169938	0.0099743	0.0	0.0	4.868e-05
Chesterfield	0.0	114.63	407.63	0.0	7.253	15.253	0.0	0.00250535	0.00890917	0.0	0.00015852	0.00033337
Lexington	0.946	1249.97	2465.97	0.053	29.543	69.543	3.21e-06	0.00423673	0.00835831	1.8e-07	0.00010013	0.00023571
Marion	0.059	70.588	178.588	0.0	0.0	5.0	1.9e-06	0.00227417	0.00575366	0.0	0.0	0.00016109
Oconee	1.05	434.636	528.636	0.0	0.0	0.0	1.34e-05	0.00554567	0.00674504	0.0	0.0	0.0
Newberry	0.037	80.232	188.232	0.008	7.067	9.067	9.6e-07	0.00208287	0.0048866	2.1e-07	0.00018346	0.00023538
Calhoun	0.038	44.73	90.73	0.0	0.0	1.0	2.62e-06	0.00308058	0.00624862	0.0	0.0	6.887e-05
Florence	0.412	408.318	1241.318	0.133	61.652	104.652	2.98e-06	0.00295542	0.00898471	9.6e-07	0.00044624	0.00075748
Greenville	4.035	4002.656	7074.656	0.036	42.841	111.841	7.85e-06	0.00778404	0.01375822	7e-08	8.331e-05	0.0002175
Kershaw	0.184	242.856	703.856	0.016	8.765	23.765	2.81e-06	0.00370252	0.01073082	2.4e-07	0.00013363	0.00036232
Dorchester	0.084	182.512	459.512	0.0	0.0	3.0	5.2e-07	0.00113611	0.00286038	0.0	0.0	1.867e-05
Edgefield	0.001	14.201	75.201	0.0	0.0	2.0	4e-08	0.00052495	0.00277987	0.0	0.0	7.393e-05
Chester	0.0	26.201	151.201	0.0	0.0	1.0	0.0	0.00081241	0.00468826	0.0	0.0	3.101e-05
Colleton	0.279	276.555	485.555	0.071	33.01	50.01	7.41e-06	0.00734347	0.01289312	1.89e-06	0.00087653	0.00132793
Hampton	0.017	37.694	87.694	0.0	0.0	1.0	8.8e-07	0.00194791	0.00453176	0.0	0.0	5.168e-05
Anderson	0.16	211.259	563.259	0.0	0.0	9.0	8e-07	0.00105376	0.00280952	0.0	0.0	4.489e-05
Union	0.091	47.479	96.479	0.0	0.0	0.0	3.32e-06	0.00173218	0.00351985	0.0	0.0	0.0
Lancaster	0.0	128.082	387.082	0.0	0.413	6.413	0.0	0.00134286	0.00405831	0.0	4.33e-06	6.724e-05
Darlington	0.008	86.005	443.005	0.006	6.292	19.292	1.2e-07	0.00128746	0.00663161	9e-08	9.419e-05	0.00028879
Greenwood	4.575	2009.937	2324.937	1.339	307.295	312.295	6.467e-05	0.02841262	0.03286548	1.893e-05	0.00434394	0.00441463
Allendale	0.002	4.276	45.276	0.0	0.0	3.0	2.2e-07	0.00048029	0.00508548	0.0	0.0	0.00033697
Aiken	0.63	276.688	516.688	0.419	96.227	105.227	3.72e-06	0.00163333	0.00305009	2.47e-06	0.00056804	0.00062117
Williamsburg	0.11	119.647	415.647	0.029	14.316	29.316	3.59e-06	0.00390927	0.01358057	9.5e-07	0.00046775	0.00095785
Charleston	1.762	1600.897	2830.897	0.05	21.935	37.935	4.34e-06	0.00394402	0.00697428	1.2e-07	5.404e-05	9.346e-05
Spartanburg	0.313	677.038	1703.038	0.092	64.185	101.185	1e-06	0.00215694	0.00542562	2.9e-07	0.00020448	0.00032236
Jasper	0.014	29.82	85.82	0.177	38.185	41.185	4.8e-07	0.00102931	0.00296227	6.11e-06	0.00131804	0.00142159
York	0.793	786.133	1471.133	0.008	3.883	13.883	2.89e-06	0.00286786	0.00536679	3e-08	1.417e-05	5.065e-05
Bamberg	0.0	19.586	69.586	0.008	3.883	3.883	0.0	0.00137205	0.00487468	5.6e-07	0.00027201	0.00027201
Orangeburg	0.321	382.049	797.049	0.041	21.349	27.349	3.69e-06	0.0043947	0.00916844	4.7e-07	0.00024558	0.00031459
Pickens	1.975	1033.524	1359.524	0.026	7.108	11.108	1.581e-05	0.00827236	0.01088168	2.1e-07	5.689e-05	8.891e-05
