Name	Predicted_New_Cases	Total_Predicted_New_Cases	Total_Predicted_Cases	Predicted_New_Deaths	Total_Predicted_New_Deaths	Total_Predicted_Deaths	Predicted_New_per_capita	Predicted_Total_New_per_capita	Predicted_Total_Cases_per_capita	Predicted_New_Deaths_per_capita	Total_Predicted_New_Deaths_per_capita	Total_Predicted_Deaths_per_capita
Potter	0.0	0.0	0.0	0.0	0.0	0.0	0.0	0.0	0.0	0.0	0.0	0.0
Turner	0.018	0.222	6.222	0.293	2.257	2.257	2.14e-06	2.635e-05	0.0007386	3.478e-05	0.00026792	0.00026792
Jones	0.0	0.0	0.0	0.0	0.0	0.0	0.0	0.0	0.0	0.0	0.0	0.0
Brown	0.331	4.113	24.113	0.293	2.257	2.257	8.42e-06	0.00010461	0.00061331	7.45e-06	5.741e-05	5.741e-05
Jerauld	0.0	0.0	4.0	0.293	2.257	2.257	0.0	0.0	0.00195791	0.00014342	0.00110475	0.00110475
Haakon	0.0	0.0	0.0	0.0	0.0	0.0	0.0	0.0	0.0	0.0	0.0	0.0
Hand	0.0	0.0	0.0	0.0	0.0	0.0	0.0	0.0	0.0	0.0	0.0	0.0
Minnehaha	114.75	1327.866	2732.866	0.0	0.0	3.0	0.00059494	0.00688456	0.01416903	0.0	0.0	1.555e-05
Todd	0.0	0.0	1.0	0.0	0.0	0.0	0.0	0.0	9.725e-05	0.0	0.0	0.0
Bon Homme	0.004	0.462	4.462	0.0	0.0	0.0	5.7e-07	6.619e-05	0.00063926	0.0	0.0	0.0
Butte	0.0	0.0	0.0	0.0	0.0	0.0	0.0	0.0	0.0	0.0	0.0	0.0
Brule	0.0	0.0	1.0	0.0	0.0	0.0	0.0	0.0	0.00019124	0.0	0.0	0.0
Lincoln	9.916	91.462	186.462	0.0	0.0	0.0	0.00016862	0.00155529	0.00317074	0.0	0.0	0.0
Beadle	0.0	0.0	21.0	0.0	0.0	2.0	0.0	0.0	0.00111211	0.0	0.0	0.00010592
Hyde	0.0	0.0	1.0	0.0	0.0	0.0	0.0	0.0	0.00078003	0.0	0.0	0.0
Sully	0.0	0.0	1.0	0.0	0.0	0.0	0.0	0.0	0.00071839	0.0	0.0	0.0
Fall River	0.0	0.0	1.0	0.0	0.0	0.0	0.0	0.0	0.00014797	0.0	0.0	0.0
Stanley	0.0	0.0	0.0	0.0	0.0	0.0	0.0	0.0	0.0	0.0	0.0	0.0
Sanborn	0.0	0.0	3.0	0.0	0.0	0.0	0.0	0.0	0.00123508	0.0	0.0	0.0
Spink	0.0	0.0	3.0	0.0	0.0	0.0	0.0	0.0	0.00046189	0.0	0.0	0.0
Hanson	0.0	0.0	0.0	0.0	0.0	0.0	0.0	0.0	0.0	0.0	0.0	0.0
Deuel	0.0	0.0	1.0	0.0	0.0	0.0	0.0	0.0	0.00023057	0.0	0.0	0.0
Hamlin	0.7	3.836	5.836	0.0	0.0	0.0	0.00011455	0.00062772	0.000955	0.0	0.0	0.0
Custer	0.0	0.0	0.0	0.0	0.0	0.0	0.0	0.0	0.0	0.0	0.0	0.0
Douglas	0.0	0.0	0.0	0.0	0.0	0.0	0.0	0.0	0.0	0.0	0.0	0.0
Faulk	0.0	0.0	1.0	0.0	0.0	0.0	0.0	0.0	0.00042918	0.0	0.0	0.0
Walworth	0.0	0.0	5.0	0.0	0.0	0.0	0.0	0.0	0.00089493	0.0	0.0	0.0
Pennington	0.213	2.994	13.994	0.0	0.0	1.0	1.91e-06	2.68e-05	0.00012525	0.0	0.0	8.95e-06
Perkins	0.0	0.0	0.0	0.0	0.0	0.0	0.0	0.0	0.0	0.0	0.0	0.0
Lyman	0.0	0.0	2.0	0.0	0.0	0.0	0.0	0.0	0.00052342	0.0	0.0	0.0
Lawrence	0.0	0.0	9.0	0.0	0.0	0.0	0.0	0.0	0.00034964	0.0	0.0	0.0
Tripp	0.0	0.0	0.0	0.0	0.0	0.0	0.0	0.0	0.0	0.0	0.0	0.0
Aurora	0.0	0.0	1.0	0.0	0.0	0.0	0.0	0.0	0.00035702	0.0	0.0	0.0
Bennett	0.0	0.0	0.0	0.0	0.0	0.0	0.0	0.0	0.0	0.0	0.0	0.0
Hughes	0.026	0.875	5.875	0.0	0.0	0.0	1.47e-06	4.958e-05	0.00033286	0.0	0.0	0.0
Hutchinson	0.0	0.0	2.0	0.0	0.0	0.0	0.0	0.0	0.000271	0.0	0.0	0.0
Marshall	0.0	0.0	1.0	0.0	0.0	0.0	0.0	0.0	0.00019562	0.0	0.0	0.0
Yankton	0.177	3.887	26.887	0.0	0.0	0.0	7.74e-06	0.00016997	0.0011757	0.0	0.0	0.0
Moody	0.0	0.0	1.0	0.0	0.0	0.0	0.0	0.0	0.000152	0.0	0.0	0.0
Lake	0.162	2.013	5.013	0.0	0.0	0.0	1.241e-05	0.00015417	0.00038393	0.0	0.0	0.0
Unassigned	0.0	0.0	0.0	0.0	0.0	0.0	N/A	N/A	N/A	N/A	N/A	N/A
Buffalo	0.0	0.0	0.0	0.0	0.0	0.0	0.0	0.0	0.0	0.0	0.0	0.0
Clay	0.122	1.521	6.521	0.0	0.0	0.0	8.69e-06	0.00010833	0.00046443	0.0	0.0	0.0
Kingsbury	0.0	0.0	0.0	0.0	0.0	0.0	0.0	0.0	0.0	0.0	0.0	0.0
Oglala Lakota	0.0	0.0	1.0	0.0	0.0	0.0	0.0	0.0	6.989e-05	0.0	0.0	0.0
Campbell	0.0	0.0	0.0	0.0	0.0	0.0	0.0	0.0	0.0	0.0	0.0	0.0
Union	0.073	1.146	8.146	0.0	0.0	0.0	4.67e-06	7.337e-05	0.00052154	0.0	0.0	0.0
Gregory	0.0	0.0	0.0	0.0	0.0	0.0	0.0	0.0	0.0	0.0	0.0	0.0
Charles Mix	0.086	1.357	5.357	0.0	0.0	0.0	9.21e-06	0.00014532	0.00057368	0.0	0.0	0.0
Codington	0.133	1.654	14.654	0.0	0.0	0.0	4.75e-06	5.904e-05	0.00052308	0.0	0.0	0.0
Clark	0.0	0.0	1.0	0.0	0.0	0.0	0.0	0.0	0.00026745	0.0	0.0	0.0
Meade	0.0	0.0	1.0	0.0	0.0	0.0	0.0	0.0	3.534e-05	0.0	0.0	0.0
Dewey	0.0	0.0	0.0	0.0	0.0	0.0	0.0	0.0	0.0	0.0	0.0	0.0
Roberts	0.0	0.0	4.0	0.0	0.0	0.0	0.0	0.0	0.00038289	0.0	0.0	0.0
Corson	0.0	0.0	1.0	0.0	0.0	0.0	0.0	0.0	0.0002401	0.0	0.0	0.0
Davison	0.0	0.0	3.0	0.0	0.0	0.0	0.0	0.0	0.00015159	0.0	0.0	0.0
Day	0.0	0.0	0.0	0.0	0.0	0.0	0.0	0.0	0.0	0.0	0.0	0.0
Ziebach	0.0	0.0	0.0	0.0	0.0	0.0	0.0	0.0	0.0	0.0	0.0	0.0
Edmunds	0.0	0.0	0.0	0.0	0.0	0.0	0.0	0.0	0.0	0.0	0.0	0.0
Brookings	0.156	2.767	11.767	0.0	0.0	0.0	4.43e-06	7.854e-05	0.00033399	0.0	0.0	0.0
McCook	0.882	4.828	7.828	0.0	0.0	1.0	0.00015903	0.00087054	0.00141147	0.0	0.0	0.00018031
Mellette	0.0	0.0	0.0	0.0	0.0	0.0	0.0	0.0	0.0	0.0	0.0	0.0
Harding	0.0	0.0	0.0	0.0	0.0	0.0	0.0	0.0	0.0	0.0	0.0	0.0
McPherson	0.0	0.0	0.0	0.0	0.0	0.0	0.0	0.0	0.0	0.0	0.0	0.0
Grant	0.0	0.0	0.0	0.0	0.0	0.0	0.0	0.0	0.0	0.0	0.0	0.0
Miner	0.0	0.0	1.0	0.0	0.0	0.0	0.0	0.0	0.00045188	0.0	0.0	0.0
Jackson	0.0	0.0	0.0	0.0	0.0	0.0	0.0	0.0	0.0	0.0	0.0	0.0
