Name	Predicted_New_Cases	Total_Predicted_New_Cases	Total_Predicted_Cases	Predicted_New_Deaths	Total_Predicted_New_Deaths	Total_Predicted_Deaths	Predicted_New_per_capita	Predicted_Total_New_per_capita	Predicted_Total_Cases_per_capita	Predicted_New_Deaths_per_capita	Total_Predicted_New_Deaths_per_capita	Total_Predicted_Deaths_per_capita
Heilongjiang	19.679	600.014	1505.014	0.0	0.0	13.0	5.1e-07	1.566e-05	3.928e-05	0.0	0.0	3.4e-07
Beijing	1.248	24.139	617.139	0.0	0.0	8.0	6e-08	1.23e-06	3.147e-05	0.0	0.0	4.1e-07
Qinghai	0.0	0.0	18.0	0.0	0.0	0.0	0.0	0.0	3.2e-06	0.0	0.0	0.0
Shanghai	5.319	162.177	800.177	0.006	0.131	7.131	2.3e-07	7.05e-06	3.476e-05	0.0	1e-08	3.1e-07
Nei Mongol	3.515	111.367	305.367	0.0	0.0	1.0	1.4e-07	4.51e-06	1.236e-05	0.0	0.0	4e-08
Shandong	0.181	5.52	792.52	0.0	0.0	7.0	0.0	6e-08	7.92e-06	0.0	0.0	7e-08
Henan	0.0	0.0	1276.0	0.0	0.0	22.0	0.0	0.0	1.357e-05	0.0	0.0	2.3e-07
Hainan	0.0	0.0	168.0	0.0	0.0	6.0	0.0	0.0	1.814e-05	0.0	0.0	6.5e-07
Shaanxi	0.0	0.0	256.0	0.0	0.0	3.0	0.0	0.0	6.86e-06	0.0	0.0	8e-08
Fujian	0.651	13.937	368.937	0.0	0.0	1.0	2e-08	3.8e-07	1e-05	0.0	0.0	3e-08
Jiangxi	0.0	0.0	937.0	0.0	0.0	1.0	0.0	0.0	2.102e-05	0.0	0.0	2e-08
Yunnan	0.0	0.0	184.0	0.0	0.0	2.0	0.0	0.0	4e-06	0.0	0.0	4e-08
Hubei	464.382	3975.263	72103.263	1857.129	15897.647	20409.647	8.11e-06	6.945e-05	0.00125972	3.245e-05	0.00027775	0.00035658
Macau	0.0	0.014	45.014	1857.129	15897.647	15897.647	0.0	3e-08	8.147e-05	0.0033613	0.02877387	0.02877387
Tianjin	0.517	14.402	203.402	0.0	0.0	3.0	4e-08	1.11e-06	1.572e-05	0.0	0.0	2.3e-07
Guangxi	0.0	0.0	254.0	0.0	0.0	2.0	0.0	0.0	5.52e-06	0.0	0.0	4e-08
Liaoning	0.002	1.239	147.239	0.0	0.0	2.0	0.0	3e-08	3.37e-06	0.0	0.0	5e-08
Sichuan	0.024	0.746	561.746	0.0	0.0	3.0	0.0	1e-08	6.99e-06	0.0	0.0	4e-08
Ningxia Hui	0.0	0.0	75.0	0.0	0.0	0.0	0.0	0.0	1.214e-05	0.0	0.0	0.0
Guizhou	0.01	0.299	147.299	0.0	0.0	2.0	0.0	1e-08	4.11e-06	0.0	0.0	6e-08
Xizang	0.0	0.0	1.0	0.0	0.0	0.0	0.0	0.0	3.3e-07	0.0	0.0	0.0
Chongqing	0.0	0.0	579.0	0.0	0.0	6.0	0.0	0.0	2.007e-05	0.0	0.0	2.1e-07
Shanxi	2.14	65.243	262.243	0.0	0.0	0.0	6e-08	1.79e-06	7.18e-06	0.0	0.0	0.0
Guangdong	2.596	77.573	1658.573	0.0	0.0	8.0	2e-08	6.9e-07	1.485e-05	0.0	0.0	7e-08
Xinjiang Uygur	0.0	0.0	76.0	0.0	0.0	3.0	0.0	0.0	3.48e-06	0.0	0.0	1.4e-07
Hunan	0.0	0.0	1019.0	0.0	0.0	4.0	0.0	0.0	1.551e-05	0.0	0.0	6e-08
Jiangsu	0.11	3.356	656.356	0.0	0.0	0.0	0.0	4e-08	8.34e-06	0.0	0.0	0.0
Anhui	0.0	0.067	991.067	0.0	0.0	6.0	0.0	0.0	1.962e-05	0.0	0.0	1.2e-07
Jilin	0.553	14.115	118.115	0.0	0.0	1.0	2e-08	5.1e-07	4.3e-06	0.0	0.0	4e-08
Hebei	2.143	18.349	346.349	0.0	0.0	6.0	3e-08	2.6e-07	4.82e-06	0.0	0.0	8e-08
Hong Kong	0.0	17.511	1042.511	0.0	0.0	4.0	0.0	2.48e-06	0.00014764	0.0	0.0	5.7e-07
Zhejiang	0.024	1.868	1269.868	0.0	0.0	1.0	0.0	3e-08	2.333e-05	0.0	0.0	2e-08
Gansu	0.0	0.0	139.0	0.0	0.0	2.0	0.0	0.0	5.43e-06	0.0	0.0	8e-08
