Name	Confirmed	Deaths	Recovered	Active	Confirmed_per_capita	Deaths_per_capita	IFR_0.30_expected	IFR_0.65_expected	IFR_1.0_expected	IFR_0.30_expected_per_capita	IFR_0.65_expected_per_capita	IFR_1.0_expected_per_capita	Date
Barber	0.0	0.0	0.0	0.0	0.0	0.0	0.0	0.0	0.0	0.0	0.0	0.0	2020-03-22
Barber	0	0	0	0	0	0	0	0	0	0	0	0	2020-03-23
Barber	0	0	0	0	0	0	0	0	0	0	0	0	2020-03-24
Barber	0	0	0	0	0	0	0	0	0	0	0	0	2020-03-25
Barber	0	0	0	0	0	0	0	0	0	0	0	0	2020-03-26
Barber	0	0	0	0	0	0	0	0	0	0	0	0	2020-03-27
Barber	0	0	0	0	0	0	0	0	0	0	0	0	2020-03-28
Barber	0.0	0.0	0.0	0.0	0.0	0.0	0.0	0.0	0.0	0.0	0.0	0.0	2020-03-29
Barber	0.0	0.0	0.0	0.0	0.0	0.0	0.0	0.0	0.0	0.0	0.0	0.0	2020-03-30
Barber	1.0	0.0	0.0	0.0	0.00022361	0.0	5.0	2.0	1.25	0.00111805	0.00044722	0.0002795125	2020-04-07
Barber	1.0	0.0	0.0	0.0	0.00022361	0.0	5.0	2.0	1.25	0.00111805	0.00044722	0.0002795125	2020-04-08
Barber	1.0	0.0	0.0	0.0	0.00022361	0.0	5.0	2.0	1.25	0.00111805	0.00044722	0.0002795125	2020-04-09
Barber	1.0	0.0	0.0	0.0	0.00022361	0.0	5.0	2.0	1.25	0.00111805	0.00044722	0.0002795125	2020-04-10
Barber	1.0	0.0	0.0	0.0	0.00022361	0.0	5.0	2.0	1.25	0.00111805	0.00044722	0.0002795125	2020-04-11
Barber	1.0	0.0	0.0	1.0	0.00022361	0.0	5.0	2.0	1.25	0.00111805	0.00044722	0.0002795125	2020-04-12
Barber	1.0	0.0	0.0	1.0	0.00022361	0.0	5.0	2.0	1.25	0.00111805	0.00044722	0.0002795125	2020-04-13
Barber	1.0	0.0	0.0	1.0	0.00022361	0.0	5.0	2.0	1.25	0.00111805	0.00044722	0.0002795125	2020-04-14
Barber	1.0	0.0	0.0	1.0	0.00022361	0.0	5.0	2.0	1.25	0.00111805	0.00044722	0.0002795125	2020-04-15
Barber	1.0	0.0	0.0	1.0	0.00022361	0.0	5.0	2.0	1.25	0.00111805	0.00044722	0.0002795125	2020-04-16
Barber	1.0	0.0	0.0	1.0	0.00022361	0.0	5.0	2.0	1.25	0.00111805	0.00044722	0.0002795125	2020-04-17
Barber	1.0	0.0	0.0	1.0	0.00022361	0.0	5.0	2.0	1.25	0.00111805	0.00044722	0.0002795125	2020-04-18
Barber	1.0	0.0	0.0	1.0	0.00022361	0.0	5.0	2.0	1.25	0.00111805	0.00044722	0.0002795125	2020-04-19
Barber	1.0	0.0	0.0	1.0	0.00022361	0.0	5.0	2.0	1.25	0.00111805	0.00044722	0.0002795125	2020-04-20
Barber	1.0	0.0	0.0	1.0	0.00022361	0.0	5.0	2.0	1.25	0.00111805	0.00044722	0.0002795125	2020-04-21
Barber	1.0	0.0	0.0	1.0	0.00022361	0.0	5.0	2.0	1.25	0.00111805	0.00044722	0.0002795125	2020-04-22
Barber	1.0	0.0	0.0	1.0	0.00022361	0.0	5.0	2.0	1.25	0.00111805	0.00044722	0.0002795125	2020-04-23
Barber	1.0	0.0	0.0	1.0	0.00022361	0.0	5.0	2.0	1.25	0.00111805	0.00044722	0.0002795125	2020-04-24
Barber	1.0	0.0	0.0	1.0	0.00022361	0.0	5.0	2.0	1.25	0.00111805	0.00044722	0.0002795125	2020-04-25
Barber	1.0	0.0	0.0	1.0	0.00022361	0.0	5.0	2.0	1.25	0.00111805	0.00044722	0.0002795125	2020-04-26
Barber	1.0	0.0	0.0	1.0	0.00022361	0.0	5.0	2.0	1.25	0.00111805	0.00044722	0.0002795125	2020-04-27
Barber	1.0	0.0	0.0	1.0	0.00022361	0.0	5.0	2.0	1.25	0.00111805	0.00044722	0.0002795125	2020-04-28
Barber	1.0	0.0	0.0	1.0	0.00022361	0.0	5.0	2.0	1.25	0.00111805	0.00044722	0.0002795125	2020-04-29
Barber	1.0	0.0	0.0	1.0	0.00022361	0.0	5.0	2.0	1.25	0.00111805	0.00044722	0.0002795125	2020-04-30
Barber	1.0	0.0	0.0	1.0	0.00022361	0.0	5.0	2.0	1.25	0.00111805	0.00044722	0.0002795125	2020-05-01
Barber	1.0	0.0	0.0	1.0	0.00022361	0.0	5.0	2.0	1.25	0.00111805	0.00044722	0.0002795125	2020-05-02
Barber	1.0	0.0	0.0	1.0	0.00022361	0.0	5.0	2.0	1.25	0.00111805	0.00044722	0.0002795125	2020-05-03
Barber	1.0	0.0	0.0	1.0	0.00022361	0.0	5.0	2.0	1.25	0.00111805	0.00044722	0.0002795125	2020-05-04
Barber	1.0	0.0	0.0	1.0	0.00022361	0.0	5.0	2.0	1.25	0.00111805	0.00044722	0.0002795125	2020-05-05
Barber	1.0	0.0	0.0	1.0	0.00022361	0.0	5.0	2.0	1.25	0.00111805	0.00044722	0.0002795125	2020-05-06
Barber	1.0	0.0	0.0	1.0	0.00022361	0.0	5.0	2.0	1.25	0.00111805	0.00044722	0.0002795125	2020-05-07
Barber	1.0	0.0	0.0	1.0	0.00022361	0.0	5.0	2.0	1.25	0.00111805	0.00044722	0.0002795125	2020-05-08
Barber	1.0	0.0	0.0	1.0	0.00022361	0.0	5.0	2.0	1.25	0.00111805	0.00044722	0.0002795125	2020-05-09
Barber	1.0	0.0	0.0	1.0	0.00022361	0.0	5.0	2.0	1.25	0.00111805	0.00044722	0.0002795125	2020-05-10
Barber	1.0	0.0	0.0	1.0	0.00022361	0.0	5.0	2.0	1.25	0.00111805	0.00044722	0.0002795125	2020-05-11
Barber	1.0	0.0	0.0	1.0	0.00022361	0.0	5.0	2.0	1.25	0.00111805	0.00044722	0.0002795125	2020-05-12
Barber	1.0	0.0	0.0	1.0	0.00022361	0.0	5.0	2.0	1.25	0.00111805	0.00044722	0.0002795125	2020-05-13
Barber	1.0	0.0	0.0	1.0	0.00022361	0.0	5.0	2.0	1.25	0.00111805	0.00044722	0.0002795125	2020-05-14
Barber	1.0	0.0	0.0	1.0	0.00022361	0.0	5.0	2.0	1.25	0.00111805	0.00044722	0.0002795125	2020-05-15
Barber	1.0	0.0	0.0	1.0	0.00022361	0.0	5.0	2.0	1.25	0.00111805	0.00044722	0.0002795125	2020-05-16
Barber	1.0	0.0	0.0	1.0	0.00022361	0.0	5.0	2.0	1.25	0.00111805	0.00044722	0.0002795125	2020-05-17
Barber	1.0	0.0	0.0	1.0	0.00022361	0.0	5.0	2.0	1.25	0.00111805	0.00044722	0.0002795125	2020-05-18
Barber	1.0	0.0	0.0	1.0	0.00022361	0.0	5.0	2.0	1.25	0.00111805	0.00044722	0.0002795125	2020-05-19
Barber	1.0	0.0	0.0	1.0	0.00022361	0.0	5.0	2.0	1.25	0.00111805	0.00044722	0.0002795125	2020-05-20
Barber	1.0	0.0	0.0	1.0	0.00022361	0.0	5.0	2.0	1.25	0.00111805	0.00044722	0.0002795125	2020-05-21
Barber	1.0	0.0	0.0	1.0	0.00022361	0.0	5.0	2.0	1.25	0.00111805	0.00044722	0.0002795125	2020-05-22
Barber	1.0	0.0	0.0	1.0	0.00022361	0.0	5.0	2.0	1.25	0.00111805	0.00044722	0.0002795125	2020-05-23
Barber	1.0	0.0	0.0	1.0	0.00022361	0.0	5.0	2.0	1.25	0.00111805	0.00044722	0.0002795125	2020-05-24
Barber	1.0	0.0	0.0	1.0	0.00022361	0.0	5.0	2.0	1.25	0.00111805	0.00044722	0.0002795125	2020-05-25
Barber	1.0	0.0	0.0	1.0	0.00022361	0.0	5.0	2.0	1.25	0.00111805	0.00044722	0.0002795125	2020-05-26
Barber	1.0	0.0	0.0	1.0	0.00022361	0.0	5.0	2.0	1.25	0.00111805	0.00044722	0.0002795125	2020-05-27
Barber	1.0	0.0	0.0	1.0	0.00022361	0.0	5.0	2.0	1.25	0.00111805	0.00044722	0.0002795125	2020-05-28
Barber	1.0	0.0	0.0	1.0	0.00022361	0.0	5.0	2.0	1.25	0.00111805	0.00044722	0.0002795125	2020-05-29
Barber	1.0	0.0	0.0	1.0	0.00022361	0.0	5.0	2.0	1.25	0.00111805	0.00044722	0.0002795125	2020-05-30
Barber	1.0	0.0	0.0	1.0	0.00022361	0.0	5.0	2.0	1.25	0.00111805	0.00044722	0.0002795125	2020-05-31
Barber	1.0	0.0	0.0	1.0	0.00022361	0.0	5.0	2.0	1.25	0.00111805	0.00044722	0.0002795125	2020-06-01
Barber	1.0	0.0	0.0	1.0	0.00022361	0.0	5.0	2.0	1.25	0.00111805	0.00044722	0.0002795125	2020-06-02
Barber	1.0	0.0	0.0	1.0	0.00022361	0.0	5.0	2.0	1.25	0.00111805	0.00044722	0.0002795125	2020-06-03
Barber	1.0	0.0	0.0	1.0	0.00022361	0.0	5.0	2.0	1.25	0.00111805	0.00044722	0.0002795125	2020-06-04
Barber	1.0	0.0	0.0	1.0	0.00022361	0.0	5.0	2.0	1.25	0.00111805	0.00044722	0.0002795125	2020-06-05
Barber	1.0	0.0	0.0	1.0	0.00022361	0.0	5.0	2.0	1.25	0.00111805	0.00044722	0.0002795125	2020-06-06
Barber	1.0	0.0	0.0	1.0	0.00022361	0.0	5.0	2.0	1.25	0.00111805	0.00044722	0.0002795125	2020-06-07
Barber	1.0	0.0	0.0	1.0	0.00022361	0.0	5.0	2.0	1.25	0.00111805	0.00044722	0.0002795125	2020-06-08
Barber	1.0	0.0	0.0	1.0	0.00022361	0.0	5.0	2.0	1.25	0.00111805	0.00044722	0.0002795125	2020-06-09
Barber	1.0	0.0	0.0	1.0	0.00022361	0.0	5.0	2.0	1.25	0.00111805	0.00044722	0.0002795125	2020-06-10
Barber	1.0	0.0	0.0	1.0	0.00022361	0.0	5.0	2.0	1.25	0.00111805	0.00044722	0.0002795125	2020-06-11
Barber	1.0	0.0	0.0	1.0	0.00022361	0.0	5.0	2.0	1.25	0.00111805	0.00044722	0.0002795125	2020-06-12
Barber	1.0	0.0	0.0	1.0	0.00022361	0.0	5.0	2.0	1.25	0.00111805	0.00044722	0.0002795125	2020-06-13
Barber	1.0	0.0	0.0	1.0	0.00022361	0.0	5.0	2.0	1.25	0.00111805	0.00044722	0.0002795125	2020-06-14
Barber	1.0	0.0	0.0	1.0	0.00022361	0.0	5.0	2.0	1.25	0.00111805	0.00044722	0.0002795125	2020-06-15
Barber	1.0	0.0	0.0	1.0	0.00022361	0.0	5.0	2.0	1.25	0.00111805	0.00044722	0.0002795125	2020-06-16
Barber	1.0	0.0	0.0	1.0	0.00022361	0.0	5.0	2.0	1.25	0.00111805	0.00044722	0.0002795125	2020-06-17
Barber	1.0	0.0	0.0	1.0	0.00022361	0.0	5.0	2.0	1.25	0.00111805	0.00044722	0.0002795125	2020-06-18
Barber	1.0	0.0	0.0	1.0	0.00022361	0.0	5.0	2.0	1.25	0.00111805	0.00044722	0.0002795125	2020-06-19
Barber	1.0	0.0	0.0	1.0	0.00022361	0.0	5.0	2.0	1.25	0.00111805	0.00044722	0.0002795125	2020-06-20
Barber	1.0	0.0	0.0	1.0	0.00022361	0.0	5.0	2.0	1.25	0.00111805	0.00044722	0.0002795125	2020-06-21
Barber	1.0	0.0	0.0	1.0	0.00022361	0.0	5.0	2.0	1.25	0.00111805	0.00044722	0.0002795125	2020-06-22
Barber	1.0	0.0	0.0	1.0	0.00022361	0.0	5.0	2.0	1.25	0.00111805	0.00044722	0.0002795125	2020-06-23
Barber	1.0	0.0	0.0	1.0	0.00022361	0.0	5.0	2.0	1.25	0.00111805	0.00044722	0.0002795125	2020-06-24
Barber	1.0	0.0	0.0	1.0	0.00022361	0.0	5.0	2.0	1.25	0.00111805	0.00044722	0.0002795125	2020-06-25
Barber	1.0	0.0	0.0	1.0	0.00022361	0.0	5.0	2.0	1.25	0.00111805	0.00044722	0.0002795125	2020-06-26
Barber	1.0	0.0	0.0	1.0	0.00022361	0.0	5.0	2.0	1.25	0.00111805	0.00044722	0.0002795125	2020-06-27
Barber	1.0	0.0	0.0	1.0	0.00022361	0.0	5.0	2.0	1.25	0.00111805	0.00044722	0.0002795125	2020-06-28
Barber	1.0	0.0	0.0	1.0	0.00022361	0.0	5.0	2.0	1.25	0.00111805	0.00044722	0.0002795125	2020-06-29
Barber	1.0	0.0	0.0	1.0	0.00022361	0.0	5.0	2.0	1.25	0.00111805	0.00044722	0.0002795125	2020-06-30
Barber	1.0	0.0	0.0	1.0	0.00022361	0.0	5.0	2.0	1.25	0.00111805	0.00044722	0.0002795125	2020-07-01
Barber	1.0	0.0	0.0	1.0	0.00022361	0.0	5.0	2.0	1.25	0.00111805	0.00044722	0.0002795125	2020-07-02
Barber	2.0	0.0	0.0	2.0	0.00044723	0.0	10.0	4.0	2.5	0.00223615	0.00089446	0.0005590375	2020-07-03
Barber	2.0	0.0	0.0	2.0	0.00044723	0.0	10.0	4.0	2.5	0.00223615	0.00089446	0.0005590375	2020-07-04
Barber	2.0	0.0	0.0	2.0	0.00044723	0.0	10.0	4.0	2.5	0.00223615	0.00089446	0.0005590375	2020-07-05
Barber	2.0	0.0	0.0	2.0	0.00044723	0.0	10.0	4.0	2.5	0.00223615	0.00089446	0.0005590375	2020-07-06
Barber	2.0	0.0	0.0	2.0	0.00044723	0.0	10.0	4.0	2.5	0.00223615	0.00089446	0.0005590375	2020-07-07
Barber	2.0	0.0	0.0	2.0	0.00044723	0.0	10.0	4.0	2.5	0.00223615	0.00089446	0.0005590375	2020-07-08
Barber	2.0	0.0	0.0	2.0	0.00044723	0.0	10.0	4.0	2.5	0.00223615	0.00089446	0.0005590375	2020-07-09
Barber	2.0	0.0	0.0	2.0	0.00044723	0.0	10.0	4.0	2.5	0.00223615	0.00089446	0.0005590375	2020-07-10
Barber	2.0	0.0	0.0	2.0	0.00044723	0.0	10.0	4.0	2.5	0.00223615	0.00089446	0.0005590375	2020-07-11
Barber	2.0	0.0	0.0	2.0	0.00044723	0.0	10.0	4.0	2.5	0.00223615	0.00089446	0.0005590375	2020-07-12
Barber	3.0	0.0	0.0	3.0	0.00067084	0.0	15.0	6.0	3.75	0.0033542	0.00134168	0.00083855	2020-07-13
Barber	3.0	0.0	0.0	3.0	0.00067084	0.0	15.0	6.0	3.75	0.0033542	0.00134168	0.00083855	2020-07-14
Barber	3.0	0.0	0.0	3.0	0.00067084	0.0	15.0	6.0	3.75	0.0033542	0.00134168	0.00083855	2020-07-15
Barber	3.0	0.0	0.0	3.0	0.00067084	0.0	15.0	6.0	3.75	0.0033542	0.00134168	0.00083855	2020-07-16
Barber	3.0	0.0	0.0	3.0	0.00067084	0.0	15.0	6.0	3.75	0.0033542	0.00134168	0.00083855	2020-07-17
Barber	3.0	0.0	0.0	3.0	0.00067084	0.0	15.0	6.0	3.75	0.0033542	0.00134168	0.00083855	2020-07-18
Barber	3.0	0.0	0.0	3.0	0.00067084	0.0	15.0	6.0	3.75	0.0033542	0.00134168	0.00083855	2020-07-19
Barber	3.0	0.0	0.0	3.0	0.00067084	0.0	15.0	6.0	3.75	0.0033542	0.00134168	0.00083855	2020-07-20
Barber	3.0	0.0	0.0	3.0	0.00067084	0.0	15.0	6.0	3.75	0.0033542	0.00134168	0.00083855	2020-07-21
Barber	4.0	0.0	0.0	4.0	0.00089445	0.0	20.0	8.0	5.0	0.00447225	0.0017889	0.0011180625	2020-07-22
Barber	4.0	0.0	0.0	4.0	0.00089445	0.0	20.0	8.0	5.0	0.00447225	0.0017889	0.0011180625	2020-07-23
Barber	4.0	0.0	0.0	4.0	0.00089445	0.0	20.0	8.0	5.0	0.00447225	0.0017889	0.0011180625	2020-07-24
Barber	4.0	0.0	0.0	4.0	0.00089445	0.0	20.0	8.0	5.0	0.00447225	0.0017889	0.0011180625	2020-07-25
Barber	4.0	0.0	0.0	4.0	0.00089445	0.0	20.0	8.0	5.0	0.00447225	0.0017889	0.0011180625	2020-07-26
Barber	4.0	0.0	0.0	4.0	0.00089445	0.0	20.0	8.0	5.0	0.00447225	0.0017889	0.0011180625	2020-07-27
Barber	4.0	0.0	0.0	4.0	0.00089445	0.0	20.0	8.0	5.0	0.00447225	0.0017889	0.0011180625	2020-07-28
Barber	4.0	0.0	0.0	4.0	0.00089445	0.0	20.0	8.0	5.0	0.00447225	0.0017889	0.0011180625	2020-07-29
Barber	4.0	0.0	0.0	4.0	0.00089445	0.0	20.0	8.0	5.0	0.00447225	0.0017889	0.0011180625	2020-07-30
Barber	4.0	0.0	0.0	4.0	0.00089445	0.0	20.0	8.0	5.0	0.00447225	0.0017889	0.0011180625	2020-07-31
Barber	4.0	0.0	0.0	4.0	0.00089445	0.0	20.0	8.0	5.0	0.00447225	0.0017889	0.0011180625	2020-08-01
Barber	4.0	0.0	0.0	4.0	0.00089445	0.0	20.0	8.0	5.0	0.00447225	0.0017889	0.0011180625	2020-08-02
Barber	4.0	0.0	0.0	4.0	0.00089445	0.0	20.0	8.0	5.0	0.00447225	0.0017889	0.0011180625	2020-08-03
Barber	4.0	0.0	0.0	4.0	0.00089445	0.0	20.0	8.0	5.0	0.00447225	0.0017889	0.0011180625	2020-08-04
Barber	4.0	0.0	0.0	4.0	0.00089445	0.0	20.0	8.0	5.0	0.00447225	0.0017889	0.0011180625	2020-08-05
Barber	4.0	0.0	0.0	4.0	0.00089445	0.0	20.0	8.0	5.0	0.00447225	0.0017889	0.0011180625	2020-08-06
Barber	4.0	0.0	0.0	4.0	0.00089445	0.0	20.0	8.0	5.0	0.00447225	0.0017889	0.0011180625	2020-08-07
Barber	4.0	0.0	0.0	4.0	0.00089445	0.0	20.0	8.0	5.0	0.00447225	0.0017889	0.0011180625	2020-08-08
Barber	4.0	0.0	0.0	4.0	0.00089445	0.0	20.0	8.0	5.0	0.00447225	0.0017889	0.0011180625	2020-08-09
Barber	4.0	0.0	0.0	4.0	0.00089445	0.0	20.0	8.0	5.0	0.00447225	0.0017889	0.0011180625	2020-08-10
Barber	4.0	0.0	0.0	4.0	0.00089445	0.0	20.0	8.0	5.0	0.00447225	0.0017889	0.0011180625	2020-08-11
Barber	4.0	0.0	0.0	4.0	0.00089445	0.0	20.0	8.0	5.0	0.00447225	0.0017889	0.0011180625	2020-08-12
Barber	4.0	0.0	0.0	4.0	0.00089445	0.0	20.0	8.0	5.0	0.00447225	0.0017889	0.0011180625	2020-08-13
Barber	4.0	0.0	0.0	4.0	0.00089445	0.0	20.0	8.0	5.0	0.00447225	0.0017889	0.0011180625	2020-08-14
Barber	0.0	0.0	4.0	0.0	0.0	0.0	0.0	0.0	0.00089445	0.0	0.0	0.0	2020-08-15
