Name	Predicted_New_Cases	Total_Predicted_New_Cases	Total_Predicted_Cases	Predicted_New_Deaths	Total_Predicted_New_Deaths	Total_Predicted_Deaths	Predicted_New_per_capita	Predicted_Total_New_per_capita	Predicted_Total_Cases_per_capita	Predicted_New_Deaths_per_capita	Total_Predicted_New_Deaths_per_capita	Total_Predicted_Deaths_per_capita
Wright	0.991	11.061	36.061	0.0	0.0	1.0	7.27e-06	8.112e-05	0.00026448	0.0	0.0	7.33e-06
Brown	0.0	0.0	7.0	0.0	0.0	1.0	0.0	0.0	0.00027876	0.0	0.0	3.982e-05
Winona	8.944	67.497	128.497	2.636	15.049	25.049	0.00017598	0.00132803	0.00252822	5.186e-05	0.00029609	0.00049285
Nobles	0.0	0.0	76.0	2.636	15.049	15.049	0.0	0.0	0.00346652	0.00012023	0.00068642	0.00068642
Todd	0.829	9.25	12.25	2.636	15.049	15.049	3.372e-05	0.00037629	0.00049833	0.00010723	0.0006122	0.0006122
Cottonwood	0.099	1.11	7.11	2.636	15.049	15.049	8.78e-06	9.843e-05	0.00063049	0.00023375	0.00133449	0.00133449
Lincoln	0.0	0.0	2.0	2.636	15.049	15.049	0.0	0.0	0.00035255	0.00046466	0.00265274	0.00265274
Freeborn	0.884	9.868	42.868	2.636	15.049	15.049	2.904e-05	0.00032414	0.00140809	8.659e-05	0.00049432	0.00049432
Crow Wing	0.011	0.881	20.881	2.636	15.049	15.049	1.7e-07	1.358e-05	0.0003218	4.062e-05	0.00023192	0.00023192
LeSeur	0.0	0.0	0.0	0.0	0.0	0.0	N/A	N/A	N/A	N/A	N/A	N/A
Norman	0.0	0.0	5.0	2.636	15.049	15.049	0.0	0.0	0.0007722	0.0004071	0.00232417	0.00232417
Roseau	0.0	0.0	1.0	2.636	15.049	15.049	0.0	0.0	6.601e-05	0.00017399	0.00099333	0.00099333
Washington	1.977	22.078	119.078	0.209	1.805	5.805	7.63e-06	8.518e-05	0.0004594	8.1e-07	6.96e-06	2.24e-05
Pipestone	0.996	5.226	7.226	0.209	1.805	1.805	0.00011009	0.00057765	0.00079872	2.31e-05	0.00019951	0.00019951
Goodhue	0.017	1.408	20.408	0.209	1.805	1.805	3.7e-07	3.034e-05	0.0004398	4.5e-06	3.89e-05	3.89e-05
Watonwan	0.0	0.0	4.0	0.209	1.805	1.805	0.0	0.0	0.0003643	1.903e-05	0.00016439	0.00016439
Sherburne	1.97	10.336	23.336	0.209	1.805	1.805	2.051e-05	0.00010763	0.00024299	2.18e-06	1.88e-05	1.88e-05
Stevens	0.0	0.0	0.0	0.0	0.0	0.0	0.0	0.0	0.0	0.0	0.0	0.0
Rice	1.306	6.852	13.852	0.0	0.0	1.0	1.963e-05	0.000103	0.00020823	0.0	0.0	1.503e-05
Sibley	0.0	0.0	1.0	0.0	0.0	0.0	0.0	0.0	6.654e-05	0.0	0.0	0.0
Martin	0.115	2.624	43.624	0.0	0.0	4.0	5.81e-06	0.00013263	0.0022049	0.0	0.0	0.00020217
Steele	0.0	0.124	9.124	0.0	0.0	0.0	0.0	3.37e-06	0.00024791	0.0	0.0	0.0
Cass	0.005	0.397	4.397	0.0	0.0	0.0	1.7e-07	1.345e-05	0.00014895	0.0	0.0	0.0
Saint Louis	0.066	5.86	57.86	0.0	0.0	10.0	3.3e-07	2.934e-05	0.00028966	0.0	0.0	5.006e-05
Big Stone	0.0	0.0	1.0	0.0	0.0	0.0	0.0	0.0	0.00020044	0.0	0.0	0.0
Lyon	0.0	0.0	5.0	0.0	0.0	0.0	0.0	0.0	0.00019509	0.0	0.0	0.0
Chippewa	0.0	0.0	0.0	0.0	0.0	0.0	0.0	0.0	0.0	0.0	0.0	0.0
Douglas	0.015	0.165	2.165	0.0	0.0	0.0	4e-07	4.35e-06	5.703e-05	0.0	0.0	0.0
Mahnomen	0.0	0.0	1.0	0.0	0.0	0.0	0.0	0.0	0.00018119	0.0	0.0	0.0
Faribault	0.0	0.067	4.067	0.0	0.0	0.0	0.0	4.87e-06	0.00029561	0.0	0.0	0.0
Anoka	2.888	33.081	128.081	0.0	0.0	2.0	8.16e-06	9.35e-05	0.000362	0.0	0.0	5.65e-06
Pennington	0.0	0.0	0.0	0.0	0.0	0.0	0.0	0.0	0.0	0.0	0.0	0.0
Red Lake	0.829	9.25	11.25	0.0	0.0	0.0	0.0002073	0.00231308	0.0028132	0.0	0.0	0.0
Aitkin	0.0	0.0	1.0	0.0	0.0	0.0	0.0	0.0	6.289e-05	0.0	0.0	0.0
Yellow Medicine	0.0	0.0	3.0	0.0	0.0	0.0	0.0	0.0	0.00030628	0.0	0.0	0.0
Benton	1.195	6.27	10.27	0.0	0.0	0.0	2.947e-05	0.00015464	0.0002533	0.0	0.0	0.0
Houston	0.0	0.0	1.0	0.0	0.0	0.0	0.0	0.0	5.383e-05	0.0	0.0	0.0
Hubbard	0.0	0.0	0.0	0.0	0.0	0.0	0.0	0.0	0.0	0.0	0.0	0.0
Nicollet	0.073	1.371	8.371	0.0	0.0	2.0	2.13e-06	4.006e-05	0.00024462	0.0	0.0	5.845e-05
Dakota	2.294	28.961	152.961	0.153	1.77	7.77	5.39e-06	6.808e-05	0.00035955	3.6e-07	4.16e-06	1.826e-05
Scott	0.328	3.66	30.66	0.0	0.0	1.0	2.23e-06	2.483e-05	0.00020803	0.0	0.0	6.79e-06
Pine	0.0	0.0	11.0	0.0	0.0	0.0	0.0	0.0	0.0003731	0.0	0.0	0.0
Meeker	0.14	1.564	4.564	0.0	0.0	0.0	6.05e-06	6.759e-05	0.00019723	0.0	0.0	0.0
Koochiching	0.0	0.0	1.0	0.0	0.0	0.0	0.0	0.0	8.039e-05	0.0	0.0	0.0
Blue Earth	0.115	1.369	25.369	0.0	0.0	0.0	1.71e-06	2.03e-05	0.00037624	0.0	0.0	0.0
Le Sueur	0.182	1.964	23.964	0.0	0.0	0.0	6.39e-06	6.893e-05	0.00084102	0.0	0.0	0.0
Olmsted	5.089	56.818	253.818	0.209	1.805	5.805	3.256e-05	0.00036357	0.00162415	1.34e-06	1.155e-05	3.715e-05
Clearwater	0.216	2.027	5.027	0.209	1.805	1.805	2.452e-05	0.00023008	0.0005706	2.372e-05	0.00020488	0.00020488
Dodge	0.014	1.158	19.158	0.209	1.805	1.805	6.7e-07	5.561e-05	0.00092008	1.004e-05	8.669e-05	8.669e-05
Marshall	0.0	0.0	1.0	0.209	1.805	1.805	0.0	0.0	0.0001065	2.226e-05	0.00019223	0.00019223
Itasca	0.0	0.0	2.0	0.209	1.805	1.805	0.0	0.0	4.434e-05	4.63e-06	4.002e-05	4.002e-05
Renville	0.029	0.525	3.525	0.209	1.805	1.805	1.98e-06	3.593e-05	0.00024124	1.43e-05	0.00012353	0.00012353
Lake	0.0	0.0	0.0	0.0	0.0	0.0	0.0	0.0	0.0	0.0	0.0	0.0
Unassigned	0.221	2.468	6.468	1.657	18.502	19.502	N/A	N/A	N/A	N/A	N/A	N/A
McLeod	0.996	5.226	8.226	1.657	18.502	18.502	2.776e-05	0.00014568	0.00022931	4.619e-05	0.00051576	0.00051576
Waseca	0.0	0.0	3.0	1.657	18.502	18.502	0.0	0.0	0.00016051	8.865e-05	0.00098989	0.00098989
Wadena	0.0	0.0	0.0	0.0	0.0	0.0	0.0	0.0	0.0	0.0	0.0	0.0
Cook	0.0	0.0	0.0	0.0	0.0	0.0	0.0	0.0	0.0	0.0	0.0	0.0
Becker	0.0	0.0	1.0	1.657	18.502	18.502	0.0	0.0	2.909e-05	4.821e-05	0.0005383	0.0005383
Clay	1.644	20.633	82.633	0.0	0.0	3.0	2.571e-05	0.00032262	0.00129205	0.0	0.0	4.691e-05
Swift	0.0	0.0	1.0	0.0	0.0	0.0	0.0	0.0	0.00010701	0.0	0.0	0.0
Stearns	3.253	17.071	34.071	0.0	0.0	0.0	2.043e-05	0.00010719	0.00021394	0.0	0.0	0.0
Redwood	0.0	0.0	1.0	0.0	0.0	0.0	0.0	0.0	6.558e-05	0.0	0.0	0.0
Wilkin	0.0	0.417	9.417	0.0	0.0	2.0	0.0	6.668e-05	0.00150576	0.0	0.0	0.0003198
Rock	0.0	0.0	4.0	0.0	0.0	0.0	0.0	0.0	0.0004249	0.0	0.0	0.0
Fillmore	0.011	0.123	11.123	0.0	0.0	0.0	5.2e-07	5.84e-06	0.00052821	0.0	0.0	0.0
Pope	0.0	0.0	0.0	0.0	0.0	0.0	0.0	0.0	0.0	0.0	0.0	0.0
Otter Tail	0.007	0.59	6.59	0.0	0.0	0.0	1.2e-07	1.003e-05	0.00011205	0.0	0.0	0.0
Traverse	0.0	0.0	2.0	0.0	0.0	0.0	0.0	0.0	0.00060459	0.0	0.0	0.0
Murray	0.0	0.0	3.0	0.0	0.0	0.0	0.0	0.0	0.00036249	0.0	0.0	0.0
Kandiyohi	0.0	0.0	3.0	0.0	0.0	0.0	0.0	0.0	7e-05	0.0	0.0	0.0
Chisago	0.044	1.011	8.011	0.0	0.0	1.0	7.9e-07	1.808e-05	0.00014325	0.0	0.0	1.788e-05
Ramsey	5.008	60.598	262.598	0.365	4.071	14.071	9.1e-06	0.00011014	0.00047727	6.6e-07	7.4e-06	2.557e-05
Mower	0.02	1.8	27.8	0.365	4.071	4.071	5e-07	4.499e-05	0.00069481	9.12e-06	0.00010175	0.00010175
Kittson	0.0	0.0	1.0	0.365	4.071	4.071	0.0	0.0	0.0002354	8.592e-05	0.00095833	0.00095833
Hennepin	49.153	507.367	1482.367	4.595	47.428	127.428	3.903e-05	0.00040286	0.00117702	3.65e-06	3.766e-05	0.00010118
Wabasha	1.217	6.388	14.388	4.595	47.428	47.428	5.623e-05	0.00029513	0.00066473	0.00021229	0.00219118	0.00219118
Carlton	1.326	14.801	51.801	4.595	47.428	47.428	3.7e-05	0.00041301	0.00144546	0.00012822	0.00132344	0.00132344
Lake of the Woods	0.0	0.0	0.0	0.0	0.0	0.0	0.0	0.0	0.0	0.0	0.0	0.0
Beltrami	0.001	0.05	5.05	4.595	47.428	47.428	2e-08	1.07e-06	0.0001078	9.809e-05	0.0010124	0.0010124
Kanabec	0.0	0.0	0.0	0.0	0.0	0.0	0.0	0.0	0.0	0.0	0.0	0.0
Polk	1.66	8.71	11.71	4.595	47.428	47.428	5.265e-05	0.00027625	0.0003714	0.00014574	0.00150427	0.00150427
Mille Lacs	0.0	0.0	1.0	0.0	0.0	1.0	0.0	0.0	3.826e-05	0.0	0.0	3.826e-05
Morrison	0.0	0.0	1.0	0.0	0.0	0.0	0.0	0.0	3.015e-05	0.0	0.0	0.0
Grant	0.0	0.0	0.0	0.0	0.0	0.0	0.0	0.0	0.0	0.0	0.0	0.0
Isanti	0.037	0.411	6.411	0.0	0.0	0.0	9.3e-07	1.028e-05	0.00016041	0.0	0.0	0.0
Carver	0.271	3.176	17.176	0.0	0.0	0.0	2.62e-06	3.067e-05	0.00016587	0.0	0.0	0.0
Lac qui Parle	0.0	0.0	1.0	0.0	0.0	0.0	0.0	0.0	0.0001502	0.0	0.0	0.0
Jackson	0.221	1.16	3.16	0.0	0.0	0.0	2.23e-05	0.00011704	0.00031884	0.0	0.0	0.0
