Paulding	4.0	0.0	0.0	0.0	2.438e-05	0.0	20.0	8.0	5.0	0.0001219	4.876e-05	3.0475e-05	2020-03-22
Paulding	5.0	0.0	0.0	0.0	3.048e-05	0.0	25.0	10.0	6.25	0.0001524	6.096e-05	3.81e-05	2020-03-23
Paulding	6.0	0.0	0.0	0.0	3.658e-05	0.0	30.0	12.0	7.5	0.0001829	7.316e-05	4.5725e-05	2020-03-24
Paulding	6.0	0.0	0.0	0.0	3.658e-05	0.0	30.0	12.0	7.5	0.0001829	7.316e-05	4.5725e-05	2020-03-25
Paulding	7.0	0.0	0.0	0.0	4.267e-05	0.0	35.0	14.0	8.75	0.00021335	8.534e-05	5.33375e-05	2020-03-26
Paulding	12.0	0.0	0.0	0.0	7.315e-05	0.0	60.0	24.0	15.0	0.00036575	0.0001463	9.14375e-05	2020-03-27
Paulding	19.0	0.0	0.0	0.0	0.00011582	0.0	95.0	38.0	23.75	0.0005791	0.00023164	0.000144775	2020-03-28
Paulding	23.0	0.0	0.0	0.0	0.00014021	0.0	115.0	46.0	28.75	0.00070105	0.00028042	0.0001752625	2020-03-29
Paulding	24.0	0.0	0.0	0.0	0.0001463	0.0	120.0	48.0	30.0	0.0007315	0.0002926	0.000182875	2020-03-30
Paulding	30.0	0.0	0.0	0.0	0.00018288	0.0	150.0	60.0	37.5	0.0009144	0.00036576	0.0002286	2020-03-31
Paulding	32.0	0.0	0.0	0.0	0.00019507	0.0	160.0	64.0	40.0	0.00097535	0.00039014	0.0002438375	2020-04-01
Paulding	33.0	0.0	0.0	0.0	0.00020117	0.0	165.0	66.0	41.25	0.00100585	0.00040234	0.0002514625	2020-04-02
Paulding	42.0	0.0	0.0	0.0	0.00025603	0.0	210.0	84.0	52.5	0.00128015	0.00051206	0.0003200375	2020-04-03
Paulding	6	0	0	0	_2020-3-24
Paulding	6	0	0	0	_2020-3-25
Paulding	7	0	0	0	_2020-3-26
