Name	Confirmed	Deaths	Recovered	Active	Confirmed_per_capita	Deaths_per_capita	IFR_0.30_expected	IFR_0.65_expected	IFR_1.0_expected	IFR_0.30_expected_per_capita	IFR_0.65_expected_per_capita	IFR_1.0_expected_per_capita	Date
Hamilton	0.0	0.0	0.0	0.0	0.0	0.0	0.0	0.0	0.0	0.0	0.0	0.0	2020-03-22
Hamilton	0	0	0	0	0	0	0	0	0	0	0	0	2020-03-23
Hamilton	0	0	0	0	0	0	0	0	0	0	0	0	2020-03-24
Hamilton	0	0	0	0	0	0	0	0	0	0	0	0	2020-03-25
Hamilton	0	0	0	0	0	0	0	0	0	0	0	0	2020-03-26
Hamilton	0	0	0	0	0.0	0.0	0	0	0	0.0	0.0	0.0	2020-03-27
Hamilton	0	0	0	0	0	0	0	0	0	0	0	0	2020-03-28
Hamilton	0.0	0.0	0.0	0.0	0.0	0.0	0.0	0.0	0.0	0.0	0.0	0.0	2020-03-29
Hamilton	0.0	0.0	0.0	0.0	0.0	0.0	0.0	0.0	0.0	0.0	0.0	0.0	2020-03-30
Hamilton	2.0	0.0	0.0	0.0	0.00021552	0.0	10.0	4.0	2.5	0.0010776	0.00043104	0.0002694	2020-04-02
Hamilton	3.0	0.0	0.0	0.0	0.00032328	0.0	15.0	6.0	3.75	0.0016164	0.00064656	0.0004041	2020-04-03
Hamilton	4.0	0.0	0.0	0.0	0.00043103	0.0	20.0	8.0	5.0	0.00215515	0.00086206	0.0005387875	2020-04-04
Hamilton	6.0	0.0	0.0	0.0	0.00064655	0.0	30.0	12.0	7.5	0.00323275	0.0012931	0.0008081875	2020-04-05
Hamilton	6.0	0.0	0.0	0.0	0.00064655	0.0	30.0	12.0	7.5	0.00323275	0.0012931	0.0008081875	2020-04-06
Hamilton	7.0	0.0	0.0	0.0	0.00075431	0.0	35.0	14.0	8.75	0.00377155	0.00150862	0.0009428875	2020-04-07
Hamilton	7.0	0.0	0.0	0.0	0.00075431	0.0	35.0	14.0	8.75	0.00377155	0.00150862	0.0009428875	2020-04-08
Hamilton	8.0	0.0	0.0	0.0	0.00086207	0.0	40.0	16.0	10.0	0.00431035	0.00172414	0.0010775875	2020-04-09
Hamilton	9.0	0.0	0.0	0.0	0.00096983	0.0	45.0	18.0	11.25	0.00484915	0.00193966	0.0012122875	2020-04-10
Hamilton	10.0	0.0	0.0	0.0	0.00107759	0.0	50.0	20.0	12.5	0.00538795	0.00215518	0.0013469875	2020-04-11
Hamilton	11.0	0.0	0.0	11.0	0.00118534	0.0	55.0	22.0	13.75	0.0059267	0.00237068	0.001481675	2020-04-12
Hamilton	11.0	0.0	0.0	11.0	0.00118534	0.0	55.0	22.0	13.75	0.0059267	0.00237068	0.001481675	2020-04-13
Hamilton	13.0	0.0	0.0	13.0	0.00140086	0.0	65.0	26.0	16.25	0.0070043	0.00280172	0.001751075	2020-04-14
Hamilton	13.0	0.0	0.0	13.0	0.00140086	0.0	65.0	26.0	16.25	0.0070043	0.00280172	0.001751075	2020-04-15
Hamilton	14.0	0.0	0.0	14.0	0.00150862	0.0	70.0	28.0	17.5	0.0075431	0.00301724	0.001885775	2020-04-16
Hamilton	14.0	0.0	0.0	14.0	0.00150862	0.0	70.0	28.0	17.5	0.0075431	0.00301724	0.001885775	2020-04-17
Hamilton	16.0	0.0	0.0	16.0	0.00172414	0.0	80.0	32.0	20.0	0.0086207	0.00344828	0.002155175	2020-04-18
Hamilton	19.0	0.0	0.0	19.0	0.00204741	0.0	95.0	38.0	23.75	0.01023705	0.00409482	0.0025592625	2020-04-19
Hamilton	20.0	0.0	0.0	20.0	0.00215517	0.0	100.0	40.0	25.0	0.01077585	0.00431034	0.0026939625	2020-04-20
Hamilton	22.0	0.0	0.0	22.0	0.00237069	0.0	110.0	44.0	27.5	0.01185345	0.00474138	0.0029633625	2020-04-21
Hamilton	27.0	0.0	0.0	27.0	0.00290948	0.0	135.0	54.0	33.75	0.0145474	0.00581896	0.00363685	2020-04-22
Hamilton	28.0	2.0	0.0	26.0	0.00301724	0.00021552	666.666666667	307.692307692	200.0	0.07184	0.0331569230769	0.021552	2020-04-23
Hamilton	32.0	2.0	0.0	30.0	0.00344828	0.00021552	666.666666667	307.692307692	200.0	0.07184	0.0331569230769	0.021552	2020-04-24
Hamilton	46.0	2.0	0.0	44.0	0.0049569	0.00021552	666.666666667	307.692307692	200.0	0.07184	0.0331569230769	0.021552	2020-04-25
Hamilton	46.0	2.0	0.0	44.0	0.0049569	0.00021552	666.666666667	307.692307692	200.0	0.07184	0.0331569230769	0.021552	2020-04-26
Hamilton	41.0	2.0	0.0	39.0	0.0044181	0.00021552	666.666666667	307.692307692	200.0	0.07184	0.0331569230769	0.021552	2020-04-27
Hamilton	41.0	2.0	0.0	39.0	0.0044181	0.00021552	666.666666667	307.692307692	200.0	0.07184	0.0331569230769	0.021552	2020-04-28
Hamilton	41.0	2.0	0.0	39.0	0.0044181	0.00021552	666.666666667	307.692307692	200.0	0.07184	0.0331569230769	0.021552	2020-04-29
Hamilton	42.0	7.0	0.0	35.0	0.00452586	0.00075431	2333.33333333	1076.92307692	700.0	0.251436666667	0.116047692308	0.075431	2020-04-30
Hamilton	44.0	7.0	0.0	37.0	0.00474138	0.00075431	2333.33333333	1076.92307692	700.0	0.251436666667	0.116047692308	0.075431	2020-05-01
Hamilton	44.0	7.0	0.0	37.0	0.00474138	0.00075431	2333.33333333	1076.92307692	700.0	0.251436666667	0.116047692308	0.075431	2020-05-02
Hamilton	45.0	7.0	0.0	38.0	0.00484914	0.00075431	2333.33333333	1076.92307692	700.0	0.251436666667	0.116047692308	0.075431	2020-05-03
Hamilton	45.0	7.0	0.0	38.0	0.00484914	0.00075431	2333.33333333	1076.92307692	700.0	0.251436666667	0.116047692308	0.075431	2020-05-04
Hamilton	45.0	7.0	0.0	38.0	0.00484914	0.00075431	2333.33333333	1076.92307692	700.0	0.251436666667	0.116047692308	0.075431	2020-05-05
Hamilton	45.0	7.0	0.0	38.0	0.00484914	0.00075431	2333.33333333	1076.92307692	700.0	0.251436666667	0.116047692308	0.075431	2020-05-06
Hamilton	45.0	7.0	0.0	38.0	0.00484914	0.00075431	2333.33333333	1076.92307692	700.0	0.251436666667	0.116047692308	0.075431	2020-05-07
Hamilton	45.0	7.0	0.0	38.0	0.00484914	0.00075431	2333.33333333	1076.92307692	700.0	0.251436666667	0.116047692308	0.075431	2020-05-08
Hamilton	45.0	7.0	0.0	38.0	0.00484914	0.00075431	2333.33333333	1076.92307692	700.0	0.251436666667	0.116047692308	0.075431	2020-05-09
Hamilton	46.0	7.0	0.0	39.0	0.0049569	0.00075431	2333.33333333	1076.92307692	700.0	0.251436666667	0.116047692308	0.075431	2020-05-10
Hamilton	46.0	7.0	0.0	39.0	0.0049569	0.00075431	2333.33333333	1076.92307692	700.0	0.251436666667	0.116047692308	0.075431	2020-05-11
Hamilton	46.0	7.0	0.0	39.0	0.0049569	0.00075431	2333.33333333	1076.92307692	700.0	0.251436666667	0.116047692308	0.075431	2020-05-12
Hamilton	47.0	7.0	0.0	40.0	0.00506466	0.00075431	2333.33333333	1076.92307692	700.0	0.251436666667	0.116047692308	0.075431	2020-05-13
Hamilton	47.0	7.0	0.0	40.0	0.00506466	0.00075431	2333.33333333	1076.92307692	700.0	0.251436666667	0.116047692308	0.075431	2020-05-14
Hamilton	48.0	7.0	0.0	41.0	0.00517241	0.00075431	2333.33333333	1076.92307692	700.0	0.251436666667	0.116047692308	0.075431	2020-05-15
Hamilton	48.0	7.0	0.0	41.0	0.00517241	0.00075431	2333.33333333	1076.92307692	700.0	0.251436666667	0.116047692308	0.075431	2020-05-16
Hamilton	50.0	7.0	0.0	43.0	0.00538793	0.00075431	2333.33333333	1076.92307692	700.0	0.251436666667	0.116047692308	0.075431	2020-05-17
Hamilton	51.0	7.0	0.0	44.0	0.00549569	0.00075431	2333.33333333	1076.92307692	700.0	0.251436666667	0.116047692308	0.075431	2020-05-18
Hamilton	52.0	7.0	0.0	45.0	0.00560345	0.00075431	2333.33333333	1076.92307692	700.0	0.251436666667	0.116047692308	0.075431	2020-05-19
Hamilton	52.0	10.0	0.0	42.0	0.00560345	0.00107759	3333.33333333	1538.46153846	1000.0	0.359196666667	0.165783076923	0.107759	2020-05-20
Hamilton	52.0	10.0	0.0	42.0	0.00560345	0.00107759	3333.33333333	1538.46153846	1000.0	0.359196666667	0.165783076923	0.107759	2020-05-21
Hamilton	52.0	10.0	0.0	42.0	0.00560345	0.00107759	3333.33333333	1538.46153846	1000.0	0.359196666667	0.165783076923	0.107759	2020-05-22
Hamilton	54.0	10.0	0.0	44.0	0.00581897	0.00107759	3333.33333333	1538.46153846	1000.0	0.359196666667	0.165783076923	0.107759	2020-05-23
Hamilton	54.0	10.0	0.0	44.0	0.00581897	0.00107759	3333.33333333	1538.46153846	1000.0	0.359196666667	0.165783076923	0.107759	2020-05-24
Hamilton	54.0	10.0	0.0	44.0	0.00581897	0.00107759	3333.33333333	1538.46153846	1000.0	0.359196666667	0.165783076923	0.107759	2020-05-25
Hamilton	54.0	10.0	0.0	44.0	0.00581897	0.00107759	3333.33333333	1538.46153846	1000.0	0.359196666667	0.165783076923	0.107759	2020-05-26
Hamilton	54.0	10.0	0.0	44.0	0.00581897	0.00107759	3333.33333333	1538.46153846	1000.0	0.359196666667	0.165783076923	0.107759	2020-05-27
Hamilton	54.0	10.0	0.0	44.0	0.00581897	0.00107759	3333.33333333	1538.46153846	1000.0	0.359196666667	0.165783076923	0.107759	2020-05-28
Hamilton	54.0	10.0	0.0	44.0	0.00581897	0.00107759	3333.33333333	1538.46153846	1000.0	0.359196666667	0.165783076923	0.107759	2020-05-29
Hamilton	55.0	10.0	0.0	45.0	0.00592672	0.00107759	3333.33333333	1538.46153846	1000.0	0.359196666667	0.165783076923	0.107759	2020-05-30
Hamilton	55.0	10.0	0.0	45.0	0.00592672	0.00107759	3333.33333333	1538.46153846	1000.0	0.359196666667	0.165783076923	0.107759	2020-05-31
Hamilton	55.0	10.0	0.0	45.0	0.00592672	0.00107759	3333.33333333	1538.46153846	1000.0	0.359196666667	0.165783076923	0.107759	2020-06-01
Hamilton	55.0	10.0	0.0	45.0	0.00592672	0.00107759	3333.33333333	1538.46153846	1000.0	0.359196666667	0.165783076923	0.107759	2020-06-02
Hamilton	55.0	10.0	0.0	45.0	0.00592672	0.00107759	3333.33333333	1538.46153846	1000.0	0.359196666667	0.165783076923	0.107759	2020-06-03
Hamilton	55.0	11.0	0.0	44.0	0.00592672	0.00118534	3666.66666667	1692.30769231	1100.0	0.395113333333	0.18236	0.118534	2020-06-04
Hamilton	55.0	11.0	0.0	44.0	0.00592672	0.00118534	3666.66666667	1692.30769231	1100.0	0.395113333333	0.18236	0.118534	2020-06-05
Hamilton	56.0	11.0	0.0	45.0	0.00603448	0.00118534	3666.66666667	1692.30769231	1100.0	0.395113333333	0.18236	0.118534	2020-06-06
Hamilton	56.0	11.0	0.0	45.0	0.00603448	0.00118534	3666.66666667	1692.30769231	1100.0	0.395113333333	0.18236	0.118534	2020-06-07
Hamilton	56.0	11.0	0.0	45.0	0.00603448	0.00118534	3666.66666667	1692.30769231	1100.0	0.395113333333	0.18236	0.118534	2020-06-08
Hamilton	56.0	11.0	0.0	45.0	0.00603448	0.00118534	3666.66666667	1692.30769231	1100.0	0.395113333333	0.18236	0.118534	2020-06-09
Hamilton	56.0	11.0	0.0	45.0	0.00603448	0.00118534	3666.66666667	1692.30769231	1100.0	0.395113333333	0.18236	0.118534	2020-06-10
Hamilton	56.0	11.0	0.0	45.0	0.00603448	0.00118534	3666.66666667	1692.30769231	1100.0	0.395113333333	0.18236	0.118534	2020-06-11
Hamilton	56.0	11.0	0.0	45.0	0.00603448	0.00118534	3666.66666667	1692.30769231	1100.0	0.395113333333	0.18236	0.118534	2020-06-12
Hamilton	56.0	11.0	0.0	45.0	0.00603448	0.00118534	3666.66666667	1692.30769231	1100.0	0.395113333333	0.18236	0.118534	2020-06-13
Hamilton	56.0	11.0	0.0	45.0	0.00603448	0.00118534	3666.66666667	1692.30769231	1100.0	0.395113333333	0.18236	0.118534	2020-06-14
Hamilton	56.0	11.0	0.0	45.0	0.00603448	0.00118534	3666.66666667	1692.30769231	1100.0	0.395113333333	0.18236	0.118534	2020-06-15
Hamilton	56.0	11.0	0.0	45.0	0.00603448	0.00118534	3666.66666667	1692.30769231	1100.0	0.395113333333	0.18236	0.118534	2020-06-16
Hamilton	57.0	11.0	0.0	46.0	0.00614224	0.00118534	3666.66666667	1692.30769231	1100.0	0.395113333333	0.18236	0.118534	2020-06-17
Hamilton	57.0	11.0	0.0	46.0	0.00614224	0.00118534	3666.66666667	1692.30769231	1100.0	0.395113333333	0.18236	0.118534	2020-06-18
Hamilton	57.0	11.0	0.0	46.0	0.00614224	0.00118534	3666.66666667	1692.30769231	1100.0	0.395113333333	0.18236	0.118534	2020-06-19
Hamilton	57.0	11.0	0.0	46.0	0.00614224	0.00118534	3666.66666667	1692.30769231	1100.0	0.395113333333	0.18236	0.118534	2020-06-20
Hamilton	58.0	11.0	0.0	47.0	0.00625	0.00118534	3666.66666667	1692.30769231	1100.0	0.395113333333	0.18236	0.118534	2020-06-21
Hamilton	58.0	11.0	0.0	47.0	0.00625	0.00118534	3666.66666667	1692.30769231	1100.0	0.395113333333	0.18236	0.118534	2020-06-22
Hamilton	58.0	11.0	0.0	47.0	0.00625	0.00118534	3666.66666667	1692.30769231	1100.0	0.395113333333	0.18236	0.118534	2020-06-23
Hamilton	59.0	11.0	0.0	48.0	0.00635776	0.00118534	3666.66666667	1692.30769231	1100.0	0.395113333333	0.18236	0.118534	2020-06-24
Hamilton	58.0	11.0	0.0	47.0	0.00625	0.00118534	3666.66666667	1692.30769231	1100.0	0.395113333333	0.18236	0.118534	2020-06-25
Hamilton	58.0	11.0	0.0	47.0	0.00625	0.00118534	3666.66666667	1692.30769231	1100.0	0.395113333333	0.18236	0.118534	2020-06-26
Hamilton	58.0	11.0	0.0	47.0	0.00625	0.00118534	3666.66666667	1692.30769231	1100.0	0.395113333333	0.18236	0.118534	2020-06-27
Hamilton	58.0	11.0	0.0	47.0	0.00625	0.00118534	3666.66666667	1692.30769231	1100.0	0.395113333333	0.18236	0.118534	2020-06-28
Hamilton	64.0	12.0	0.0	52.0	0.00689655	0.0012931	4000.0	1846.15384615	1200.0	0.431033333333	0.198938461538	0.12931	2020-06-29
Hamilton	64.0	12.0	0.0	52.0	0.00689655	0.0012931	4000.0	1846.15384615	1200.0	0.431033333333	0.198938461538	0.12931	2020-06-30
Hamilton	64.0	12.0	0.0	52.0	0.00689655	0.0012931	4000.0	1846.15384615	1200.0	0.431033333333	0.198938461538	0.12931	2020-07-01
Hamilton	64.0	12.0	0.0	52.0	0.00689655	0.0012931	4000.0	1846.15384615	1200.0	0.431033333333	0.198938461538	0.12931	2020-07-02
Hamilton	0.308	0.619	64.619	0.048	0.092	12.092	3.319e-05	6.67e-05	0.00696325	5.17e-06	9.91e-06	0.00130302	2020-07-03
Hamilton	0.304	0.923	64.923	0.053	0.145	12.145	3.276e-05	9.946e-05	0.00699601	5.71e-06	1.563e-05	0.00130873	2020-07-04
Hamilton	0.3	1.223	65.223	0.057	0.202	12.202	3.233e-05	0.00013179	0.00702834	6.14e-06	2.177e-05	0.00131487	2020-07-05
Hamilton	1.844	1.844	2.144	0.328	0.328	1.551	0.00019871	0.00019871	0.00023103	3.534e-05	3.534e-05	0.00016713	2020-07-06
Hamilton	1.827	3.671	3.971	0.325	0.653	1.876	0.00019688	0.00039558	0.00042791	3.502e-05	7.037e-05	0.00020216	2020-07-07
Hamilton	1.803	5.474	5.774	0.321	0.974	2.197	0.00019429	0.00058987	0.0006222	3.459e-05	0.00010496	0.00023675	2020-07-08
Hamilton	9.077	9.077	10.88	1.51	1.51	6.984	0.00097813	0.00097813	0.00117241	0.00016272	0.00016272	0.00075259	2020-07-09
Hamilton	11.203	20.28	22.083	1.081	2.591	8.065	0.00120722	0.00218534	0.00237963	0.00011649	0.0002792	0.00086907	2020-07-10
Hamilton	9.207	9.207	20.41	1.246	1.246	21.526	0.00099213	0.00099213	0.00219935	0.00013427	0.00013427	0.00231961	2020-07-11
Hamilton	9.122	18.329	29.532	1.353	2.599	22.879	0.00098297	0.00197511	0.00318233	0.0001458	0.00028006	0.00246541	2020-07-12
Hamilton	9.004	27.333	38.536	1.472	4.071	24.351	0.00097026	0.00294537	0.00415259	0.00015862	0.00043869	0.00262403	2020-07-13
Hamilton	1.723	1.723	10.727	1.059	1.059	28.392	0.00018567	0.00018567	0.00115593	0.00011412	0.00011412	0.00305948	2020-07-14
Hamilton	1.375	3.098	12.102	0.901	1.96	29.293	0.00014817	0.00033384	0.00130409	9.709e-05	0.00021121	0.00315657	2020-07-15
Hamilton	1.093	4.191	13.195	0.741	2.701	30.034	0.00011778	0.00045162	0.00142187	7.985e-05	0.00029106	0.00323642	2020-07-16
Hamilton	0.854	5.045	14.049	0.579	3.28	30.613	9.203e-05	0.00054364	0.0015139	6.239e-05	0.00035345	0.00329881	2020-07-17
Hamilton	76.0	12.0	0.0	64.0	0.00818966	0.0012931	4000.0	1846.15384615	1200.0	0.431033333333	0.198938461538	0.12931	2020-07-18
Hamilton	78.0	12.0	0.0	66.0	0.00840517	0.0012931	4000.0	1846.15384615	1200.0	0.431033333333	0.198938461538	0.12931	2020-07-19
