Name	Predicted_New_Cases	Total_Predicted_New_Cases	Total_Predicted_Cases	Predicted_New_Deaths	Total_Predicted_New_Deaths	Total_Predicted_Deaths	Predicted_New_per_capita	Predicted_Total_New_per_capita	Predicted_Total_Cases_per_capita	Predicted_New_Deaths_per_capita	Total_Predicted_New_Deaths_per_capita	Total_Predicted_Deaths_per_capita
Burnett	0.0	0.0	0.0	0.0	0.0	0.0	0.0	0.0	0.0	0.0	0.0	0.0
Brown	5.615	16.734	130.734	0.0	0.0	1.0	2.132e-05	6.354e-05	0.00049637	0.0	0.0	3.8e-06
Wood	0.0	0.0	2.0	0.0	0.0	0.0	0.0	0.0	2.738e-05	0.0	0.0	0.0
Forest	0.0	0.0	0.0	0.0	0.0	0.0	0.0	0.0	0.0	0.0	0.0	0.0
Richland	0.391	1.187	8.187	0.0	0.0	0.0	2.25e-05	6.831e-05	0.00047114	0.0	0.0	0.0
Green	0.027	0.111	9.111	0.0	0.0	0.0	7.3e-07	3.01e-06	0.00024672	0.0	0.0	0.0
Manitowoc	0.0	0.0	4.0	0.0	0.0	0.0	0.0	0.0	5.059e-05	0.0	0.0	0.0
Green Lake	0.0	0.0	1.0	0.0	0.0	0.0	0.0	0.0	5.286e-05	0.0	0.0	0.0
Pierce	0.0	0.0	7.0	0.0	0.0	0.0	0.0	0.0	0.00016449	0.0	0.0	0.0
Lincoln	0.0	0.0	0.0	0.0	0.0	0.0	0.0	0.0	0.0	0.0	0.0	0.0
Fond du Lac	1.92	6.347	65.347	0.0	0.0	3.0	1.863e-05	6.158e-05	0.00063403	0.0	0.0	2.911e-05
Ozaukee	1.893	6.054	83.054	0.43	1.364	10.364	2.123e-05	6.791e-05	0.00093165	4.82e-06	1.53e-05	0.00011626
Washington	2.155	6.635	84.635	0.0	0.0	3.0	1.588e-05	4.89e-05	0.00062372	0.0	0.0	2.211e-05
Langlade	0.0	0.0	0.0	0.0	0.0	0.0	0.0	0.0	0.0	0.0	0.0	0.0
Jefferson	1.645	4.527	28.527	0.0	0.0	0.0	1.932e-05	5.318e-05	0.0003351	0.0	0.0	0.0
Trempealeau	0.0	0.0	1.0	0.0	0.0	0.0	0.0	0.0	3.397e-05	0.0	0.0	0.0
Monroe	0.467	1.421	11.421	0.0	0.0	1.0	1.014e-05	3.086e-05	0.00024801	0.0	0.0	2.172e-05
Chippewa	0.565	1.715	21.715	0.0	0.0	0.0	8.81e-06	2.674e-05	0.00033858	0.0	0.0	0.0
Douglas	0.0	0.0	7.0	0.0	0.0	0.0	0.0	0.0	0.00016201	0.0	0.0	0.0
Walworth	3.45	9.494	58.494	0.978	2.969	4.969	3.326e-05	9.154e-05	0.00056397	9.43e-06	2.863e-05	4.791e-05
Waukesha	8.115	24.634	262.634	0.63	1.742	11.742	2.013e-05	6.112e-05	0.00065158	1.56e-06	4.32e-06	2.913e-05
Winnebago	0.352	1.069	32.069	0.0	0.0	1.0	2.06e-06	6.25e-06	0.00018752	0.0	0.0	5.85e-06
Marathon	0.168	0.706	14.706	0.0	0.0	1.0	1.24e-06	5.21e-06	0.00010859	0.0	0.0	7.38e-06
Iowa	0.203	0.606	5.606	0.0	0.0	0.0	8.54e-06	2.549e-05	0.00023583	0.0	0.0	0.0
Ashland	0.196	0.594	2.594	0.0	0.0	0.0	1.256e-05	3.808e-05	0.00016628	0.0	0.0	0.0
Marquette	0.978	2.969	5.969	0.0	0.0	0.0	6.337e-05	0.00019237	0.00038674	0.0	0.0	0.0
Columbia	0.494	1.742	28.742	0.0	0.0	1.0	8.61e-06	3.037e-05	0.0005011	0.0	0.0	1.743e-05
Bayfield	0.0	0.0	3.0	0.0	0.0	0.0	0.0	0.0	0.00019944	0.0	0.0	0.0
Sheboygan	1.729	5.322	42.322	0.0	0.0	2.0	1.498e-05	4.61e-05	0.00036656	0.0	0.0	1.732e-05
Dane	7.144	22.575	373.575	0.465	1.445	14.445	1.317e-05	4.162e-05	0.00068879	8.6e-07	2.66e-06	2.663e-05
Pepin	0.0	0.0	7.0	0.0	0.0	0.0	0.0	0.0	0.00096035	0.0	0.0	0.0
Florence	0.0	0.0	2.0	0.465	1.445	1.445	0.0	0.0	0.00046286	0.00010761	0.00033441	0.00033441
Dodge	0.673	1.962	20.962	0.0	0.0	1.0	7.66e-06	2.233e-05	0.00023862	0.0	0.0	1.138e-05
Price	0.0	0.0	1.0	0.0	0.0	0.0	0.0	0.0	7.464e-05	0.0	0.0	0.0
Unassigned	0.0	0.0	1.0	0.0	0.0	4.0	N/A	N/A	N/A	N/A	N/A	N/A
Kewaunee	0.0	0.0	5.0	0.0	0.0	0.0	0.0	0.0	0.0002453	0.0	0.0	0.0
Waupaca	0.261	0.792	4.792	0.0	0.0	1.0	5.1e-06	1.549e-05	9.373e-05	0.0	0.0	1.956e-05
Eau Claire	0.092	0.472	21.472	0.0	0.0	0.0	8.8e-07	4.52e-06	0.00020541	0.0	0.0	0.0
Adams	0.0	0.0	3.0	0.0	0.0	0.0	0.0	0.0	0.00014743	0.0	0.0	0.0
Shawano	0.0	0.0	6.0	0.0	0.0	0.0	0.0	0.0	0.00014707	0.0	0.0	0.0
Buffalo	0.506	1.25	5.25	0.0	0.0	1.0	3.855e-05	9.524e-05	0.0004	0.0	0.0	7.619e-05
Dunn	0.758	2.05	11.05	0.0	0.0	0.0	1.68e-05	4.542e-05	0.00024484	0.0	0.0	0.0
Saint Croix	0.243	0.739	10.739	0.0	0.0	0.0	2.71e-06	8.24e-06	0.00011973	0.0	0.0	0.0
Kenosha	11.023	32.85	236.85	0.0	0.0	4.0	6.511e-05	0.00019405	0.00139908	0.0	0.0	2.363e-05
Rock	3.986	12.1	74.1	0.0	0.0	4.0	2.443e-05	7.417e-05	0.00045424	0.0	0.0	2.452e-05
Sawyer	0.0	0.0	2.0	0.0	0.0	0.0	0.0	0.0	0.00012129	0.0	0.0	0.0
Iron	0.196	0.594	2.594	0.0	0.0	1.0	3.453e-05	0.00010465	0.00045701	0.0	0.0	0.00017618
Lafayette	0.0	0.0	3.0	0.0	0.0	0.0	0.0	0.0	0.00018002	0.0	0.0	0.0
Washburn	0.0	0.0	0.0	0.0	0.0	0.0	0.0	0.0	0.0	0.0	0.0	0.0
Marinette	0.065	0.198	4.198	0.0	0.0	0.0	1.61e-06	4.9e-06	0.00010382	0.0	0.0	0.0
Clark	0.143	0.454	9.454	0.0	0.0	0.0	4.12e-06	1.308e-05	0.00027238	0.0	0.0	0.0
Oconto	0.261	0.792	4.792	0.0	0.0	0.0	6.9e-06	2.094e-05	0.00012667	0.0	0.0	0.0
Sauk	1.342	3.711	34.711	0.0	0.0	4.0	2.089e-05	5.776e-05	0.00054026	0.0	0.0	6.226e-05
La Crosse	0.622	1.888	26.888	0.0	0.0	0.0	5.26e-06	1.597e-05	0.00022742	0.0	0.0	0.0
Racine	10.112	28.999	166.999	0.0	0.0	6.0	5.144e-05	0.00014751	0.0008495	0.0	0.0	3.052e-05
Rusk	0.0	0.0	3.0	0.0	0.0	0.0	0.0	0.0	0.00021206	0.0	0.0	0.0
Barron	0.0	0.0	6.0	0.0	0.0	0.0	0.0	0.0	0.00013285	0.0	0.0	0.0
Juneau	0.196	0.594	7.594	0.0	0.0	1.0	7.36e-06	2.232e-05	0.00028531	0.0	0.0	3.757e-05
Milwaukee	71.67	222.685	2092.685	7.818	23.454	128.454	7.559e-05	0.00023485	0.00220701	8.25e-06	2.474e-05	0.00013547
Vilas	0.0	0.0	4.0	7.818	23.454	23.454	0.0	0.0	0.00018233	0.00035637	0.0010691	0.0010691
Vernon	0.0	0.0	0.0	0.0	0.0	0.0	0.0	0.0	0.0	0.0	0.0	0.0
Taylor	0.0	0.0	0.0	0.0	0.0	0.0	0.0	0.0	0.0	0.0	0.0	0.0
Crawford	0.0	0.0	3.0	7.818	23.454	23.454	0.0	0.0	0.00018415	0.0004799	0.00143969	0.00143969
Menominee	0.0	0.0	1.0	0.0	0.0	0.0	0.0	0.0	0.00021468	0.0	0.0	0.0
Calumet	0.062	0.227	5.227	7.818	23.454	23.454	1.24e-06	4.53e-06	0.00010421	0.00015586	0.00046759	0.00046759
Outagamie	0.955	3.185	34.185	0.0	0.0	2.0	5.1e-06	1.7e-05	0.00018245	0.0	0.0	1.067e-05
Waushara	0.0	0.0	2.0	0.0	0.0	0.0	0.0	0.0	8.243e-05	0.0	0.0	0.0
Polk	0.0	0.0	3.0	0.0	0.0	0.0	0.0	0.0	6.881e-05	0.0	0.0	0.0
Portage	0.0	0.0	4.0	0.0	0.0	0.0	0.0	0.0	5.638e-05	0.0	0.0	0.0
Oneida	0.196	0.594	6.594	0.0	0.0	0.0	5.53e-06	1.675e-05	0.0001859	0.0	0.0	0.0
Grant	0.669	1.716	9.716	0.0	0.0	1.0	1.298e-05	3.329e-05	0.00018846	0.0	0.0	1.94e-05
Door	0.166	0.645	9.645	0.0	0.0	1.0	6.01e-06	2.336e-05	0.00034933	0.0	0.0	3.622e-05
Jackson	0.536	1.704	11.704	0.0	0.0	1.0	2.617e-05	8.321e-05	0.00057154	0.0	0.0	4.883e-05
