Name	Predicted_New_Cases	Total_Predicted_New_Cases	Total_Predicted_Cases	Predicted_New_Deaths	Total_Predicted_New_Deaths	Total_Predicted_Deaths	Predicted_New_per_capita	Predicted_Total_New_per_capita	Predicted_Total_Cases_per_capita	Predicted_New_Deaths_per_capita	Total_Predicted_New_Deaths_per_capita	Total_Predicted_Deaths_per_capita
Choctaw	0.117	17.208	29.208	1.451	189.225	189.225	9.11e-06	0.00134008	0.00227459	0.000113	0.014736	0.014736
Limestone	0.11	17.669	54.669	1.451	189.225	189.225	1.14e-06	0.00018372	0.00056844	1.509e-05	0.00196753	0.00196753
Pike	0.005	14.363	38.363	1.451	189.225	189.225	1.5e-07	0.00043083	0.00115073	4.352e-05	0.00567596	0.00567596
Cherokee	0.047	6.989	15.989	1.451	189.225	189.225	1.81e-06	0.00026848	0.00061421	5.574e-05	0.00726894	0.00726894
Montgomery	1.363	191.841	365.841	0.302	26.598	31.598	6.04e-06	0.00084975	0.00162046	1.34e-06	0.00011781	0.00013996
Tuscaloosa	1.227	181.168	309.168	0.302	26.598	26.598	5.87e-06	0.0008672	0.0014799	1.45e-06	0.00012732	0.00012732
Russell	0.569	70.69	100.69	0.302	26.598	26.598	9.85e-06	0.00122341	0.00174261	5.23e-06	0.00046032	0.00046032
Bullock	0.064	9.385	17.385	0.302	26.598	26.598	6.31e-06	0.00092572	0.00171484	2.979e-05	0.00262359	0.00262359
Lee	5.132	605.309	874.309	1.208	86.306	98.306	3.13e-05	0.00369224	0.00533307	7.37e-06	0.00052645	0.00059964
Washington	0.172	24.911	36.911	0.0	0.0	1.0	1.05e-05	0.001521	0.00225369	0.0	0.0	6.106e-05
Etowah	0.826	122.029	200.029	0.0	0.0	7.0	8.06e-06	0.00119052	0.00195148	0.0	0.0	6.829e-05
Wilcox	0.72	80.723	114.723	0.0	0.0	0.0	6.775e-05	0.00759603	0.01079543	0.0	0.0	0.0
Sumter	0.233	34.42	62.42	0.0	0.0	0.0	1.836e-05	0.00271216	0.00491845	0.0	0.0	0.0
Baldwin	1.318	163.675	254.675	0.021	3.126	5.126	6.05e-06	0.00075073	0.00116812	1e-07	1.434e-05	2.351e-05
Macon	0.526	62.087	81.087	0.0	0.0	2.0	2.853e-05	0.00336716	0.00439758	0.0	0.0	0.00010847
Coosa	0.222	32.852	51.852	0.0	0.0	1.0	2.072e-05	0.00306598	0.0048392	0.0	0.0	9.333e-05
Fayette	0.085	12.515	16.515	0.0	0.0	0.0	5.17e-06	0.00076158	0.00100499	0.0	0.0	0.0
Jefferson	4.263	629.549	1254.549	0.0	0.0	17.0	6.47e-06	0.00095487	0.00190285	0.0	0.0	2.578e-05
Bibb	0.233	34.42	52.42	0.0	0.0	0.0	1.04e-05	0.00153661	0.00234018	0.0	0.0	0.0
Barbour	0.0	0.0	12.0	0.0	0.0	0.0	0.0	0.0	0.0004823	0.0	0.0	0.0
Covington	0.169	25.032	42.032	0.0	0.0	0.0	4.57e-06	0.0006768	0.00113643	0.0	0.0	0.0
Monroe	0.042	6.261	13.261	0.0	0.0	1.0	1.99e-06	0.00029719	0.00062947	0.0	0.0	4.747e-05
Lamar	0.093	14.002	21.002	0.0	0.0	0.0	6.72e-06	0.00101141	0.00151705	0.0	0.0	0.0
Lawrence	0.0	0.0	8.0	0.0	0.0	0.0	0.0	0.0	0.00024274	0.0	0.0	0.0
Marion	7.108	479.665	537.665	0.0	0.0	4.0	0.00023882	0.01611615	0.01806488	0.0	0.0	0.0001344
Dale	0.0	0.0	12.0	0.0	0.0	0.0	0.0	0.0	0.00024512	0.0	0.0	0.0
Elmore	4.007	255.115	302.115	0.0	0.0	0.0	4.893e-05	0.00311545	0.00368941	0.0	0.0	0.0
Autauga	1.753	118.27	142.27	0.0	0.0	1.0	3.153e-05	0.00212712	0.00255877	0.0	0.0	1.799e-05
Talladega	0.441	63.842	101.842	0.0	0.0	1.0	5.52e-06	0.00079974	0.00127577	0.0	0.0	1.253e-05
Houston	0.848	105.381	159.381	0.0	0.0	2.0	8.1e-06	0.00100629	0.00152194	0.0	0.0	1.91e-05
Colbert	0.089	12.05	23.05	0.0	0.0	1.0	1.63e-06	0.00022004	0.00042091	0.0	0.0	1.826e-05
Henry	0.0	0.0	14.0	0.0	0.0	0.0	0.0	0.0	0.00081353	0.0	0.0	0.0
Madison	1.232	181.897	372.897	0.0	0.116	3.116	3.36e-06	0.00049628	0.0010174	0.0	3.2e-07	8.5e-06
Conecuh	0.0	0.0	5.0	0.0	0.116	0.116	0.0	0.0	0.00040727	0.0	9.45e-06	9.45e-06
Geneva	0.159	23.466	25.466	0.0	0.116	0.116	6.04e-06	0.00089177	0.00096777	0.0	4.41e-06	4.41e-06
Tallapoosa	90.627	3520.274	3647.274	0.0	3.343	10.343	0.00223787	0.08692678	0.09006282	0.0	8.255e-05	0.0002554
Cullman	1.124	114.363	154.363	0.0	0.0	1.0	1.347e-05	0.00137057	0.00184994	0.0	0.0	1.198e-05
Calhoun	0.72	106.384	168.384	0.0	0.0	0.0	6.3e-06	0.00093093	0.00147347	0.0	0.0	0.0
Clarke	0.0	0.0	21.0	0.0	0.0	0.0	0.0	0.0	0.00087793	0.0	0.0	0.0
Marshall	3.054	342.416	448.416	0.0	0.0	2.0	3.178e-05	0.00356279	0.0046657	0.0	0.0	2.081e-05
Unassigned	1.447	140.47	145.47	0.0	0.0	0.0	N/A	N/A	N/A	N/A	N/A	N/A
Randolph	0.667	98.56	143.56	0.0	0.0	4.0	2.935e-05	0.00433707	0.00631727	0.0	0.0	0.00017602
Dallas	0.17	23.165	41.165	0.0	0.0	0.0	4.44e-06	0.00060467	0.00107452	0.0	0.0	0.0
Clay	0.103	15.228	29.228	0.0	0.0	0.0	7.76e-06	0.00114712	0.00220173	0.0	0.0	0.0
Mobile	10.704	1329.453	1877.453	1.644	124.185	141.185	2.587e-05	0.00321313	0.00453757	3.97e-06	0.00030014	0.00034123
De Kalb	0.339	50.06	79.06	1.644	124.185	124.185	4.75e-06	0.00070127	0.00110752	2.303e-05	0.00173965	0.00173965
Shelby	1.669	246.563	483.563	0.129	12.489	19.489	7.74e-06	0.00114305	0.00224176	6e-07	5.79e-05	9.035e-05
Chilton	0.553	65.223	100.223	0.129	12.489	12.489	1.252e-05	0.0014772	0.0022699	2.92e-06	0.00028286	0.00028286
Crenshaw	0.021	3.126	6.126	0.129	12.489	12.489	1.52e-06	0.00022613	0.00044314	9.33e-06	0.00090343	0.00090343
Franklin	0.08	11.784	25.784	0.0	0.0	1.0	2.55e-06	0.00037573	0.00082212	0.0	0.0	3.188e-05
Coffee	0.0	0.0	40.0	0.0	0.0	0.0	0.0	0.0	0.00077058	0.0	0.0	0.0
Butler	13.476	461.466	470.466	0.0	0.0	0.0	0.00068476	0.02344848	0.02390579	0.0	0.0	0.0
Blount	0.081	11.891	28.891	0.0	0.0	0.0	1.4e-06	0.00020558	0.0004995	0.0	0.0	0.0
Greene	0.201	29.727	47.727	0.0	0.0	0.0	2.441e-05	0.00361071	0.00579704	0.0	0.0	0.0
Escambia	0.138	20.338	29.338	0.0	0.0	0.0	3.76e-06	0.00055345	0.00079836	0.0	0.0	0.0
Lauderdale	0.122	18.045	40.045	0.161	15.605	19.605	1.32e-06	0.00019532	0.00043345	1.74e-06	0.00016891	0.00021221
Perry	0.0	0.0	7.0	0.161	15.605	15.605	0.0	0.0	0.00076586	1.761e-05	0.00170733	0.00170733
Chambers	10.221	900.991	1121.991	1.201	60.033	70.033	0.00030406	0.02680324	0.03337769	3.573e-05	0.0017859	0.00208339
Morgan	0.278	40.989	82.989	1.201	60.033	60.033	2.33e-06	0.00034419	0.00069687	1.008e-05	0.0005041	0.0005041
Cleburne	0.098	14.498	26.498	1.201	60.033	60.033	6.54e-06	0.00096737	0.00176807	8.014e-05	0.00400567	0.00400567
Lowndes	0.191	28.164	48.164	1.201	60.033	60.033	1.915e-05	0.00282374	0.00482896	0.00012041	0.00601895	0.00601895
Hale	0.585	65.582	83.582	1.201	60.033	60.033	3.973e-05	0.00445348	0.00567581	8.156e-05	0.00407667	0.00407667
Winston	0.021	3.126	7.126	1.201	60.033	60.033	8.9e-07	0.00013212	0.00030118	5.076e-05	0.00253732	0.00253732
Walker	0.646	95.431	179.431	1.201	60.033	60.033	1.014e-05	0.00149787	0.00281633	1.885e-05	0.00094227	0.00094227
Marengo	0.222	32.852	55.852	0.0	0.0	1.0	1.164e-05	0.00172307	0.0029294	0.0	0.0	5.245e-05
Pickens	0.258	36.377	62.377	0.0	0.0	0.0	1.294e-05	0.00182451	0.00312855	0.0	0.0	0.0
Saint Clair	0.33	48.707	95.707	0.0	0.0	0.0	3.72e-06	0.00054918	0.00107912	0.0	0.0	0.0
Jackson	0.129	25.116	56.116	2.648	90.692	92.692	2.49e-06	0.00048546	0.00108466	5.118e-05	0.00175298	0.00179163
