Name	Predicted_New_Cases	Total_Predicted_New_Cases	Total_Predicted_Cases	Predicted_New_Deaths	Total_Predicted_New_Deaths	Total_Predicted_Deaths	Predicted_New_per_capita	Predicted_Total_New_per_capita	Predicted_Total_Cases_per_capita	Predicted_New_Deaths_per_capita	Total_Predicted_New_Deaths_per_capita	Total_Predicted_Deaths_per_capita
Cumberland	0.0	0.212	8.212	0.812	390.471	390.471	0.0	2.161e-05	0.00083719	8.278e-05	0.03980742	0.03980742
Floyd	0.0	0.0	1.0	1.632	379.098	379.098	0.0	0.0	6.331e-05	0.00010332	0.02400114	0.02400114
Winchester	0.0	2.536	24.536	0.436	393.964	393.964	0.0	9.022e-05	0.00087292	1.551e-05	0.01401608	0.01401608
Rappahannock	0.0	0.0	1.0	1.632	379.098	379.098	0.0	0.0	0.00013789	0.00022504	0.05227496	0.05227496
Radford	0.0	0.0	1.0	1.632	379.098	379.098	0.0	0.0	5.453e-05	8.899e-05	0.02067168	0.02067168
Falls Church	0.0	0.0	2.0	1.632	379.098	379.098	0.0	0.0	0.00013539	0.00011048	0.02566328	0.02566328
Henry	0.0	1.409	11.409	0.315	213.674	213.674	0.0	2.765e-05	0.00022391	6.18e-06	0.00419355	0.00419355
Botetourt	0.0	7.626	30.626	0.257	214.217	214.217	0.0	0.00022917	0.00092034	7.72e-06	0.00643739	0.00643739
Bristol	0.0	0.0	1.0	1.515	196.522	196.522	0.0	0.0	6.067e-05	9.192e-05	0.01192343	0.01192343
Waynesboro	0.0	0.846	7.846	0.522	210.86	210.86	0.0	3.739e-05	0.00034674	2.307e-05	0.00931854	0.00931854
Rockbridge	0.0	0.0	5.0	0.791	207.105	207.105	0.0	0.0	0.00021976	3.477e-05	0.00910272	0.00910272
Scott	0.0	0.0	3.0	1.515	196.522	196.522	0.0	0.0	0.00013931	7.035e-05	0.00912613	0.00912613
Augusta	0.0	1.586	20.586	0.598	209.78	209.78	0.0	2.102e-05	0.00027282	7.93e-06	0.00278013	0.00278013
Amelia	0.0	4.232	17.232	0.0	27.107	27.107	0.0	0.00032521	0.00132421	0.0	0.00208307	0.00208307
Henrico	0.0	355.277	887.277	0.214	5967.057	6029.057	0.0	0.00107901	0.00269475	6.5e-07	0.01812257	0.01831087
Danville	0.0	12.7	34.7	3.327	5956.9	5956.9	0.0	0.00031209	0.00085273	8.176e-05	0.14638636	0.14638636
Essex	0.0	0.0	2.0	81.535	4717.226	4717.226	0.0	0.0	0.00018317	0.00746726	0.43201997	0.43201997
Franklin	0.0	3.613	18.613	0.0	0.0	0.0	0.0	0.00045089	0.00232285	0.0	0.0	0.0
