Name	Predicted_New_Cases	Total_Predicted_New_Cases	Total_Predicted_Cases	Predicted_New_Deaths	Total_Predicted_New_Deaths	Total_Predicted_Deaths	Predicted_New_per_capita	Predicted_Total_New_per_capita	Predicted_Total_Cases_per_capita	Predicted_New_Deaths_per_capita	Total_Predicted_New_Deaths_per_capita	Total_Predicted_Deaths_per_capita
Washington	0.0	117.511	120.893	0.003	209.662	279.903	0.0	0.00216005	0.00222222	6e-08	0.00385394	0.00514509
Martinsville	0.0	128.069	132.172	0.006	358.852	433.836	0.0	0.00992629	0.0102443	4.7e-07	0.02781367	0.03362548
Scott	0.0	5.079	9.141	0.001	72.58	146.811	0.0	0.00023586	0.00042449	5e-08	0.00337048	0.00681764
Loudoun	0.0	124.904	149.899	0.005	346.752	803.516	0.0	0.000307	0.00036844	1e-08	0.00085228	0.00197497
Charlotte	0.0	21.447	21.898	0.005	346.752	346.752	0.0	0.00179653	0.00183431	4.2e-07	0.02904607	0.02904607
Alexandria	0.0	125.185	138.681	0.001	72.58	319.201	0.0	0.00077982	0.00086389	1e-08	0.00045213	0.00198842
Newport News	0.0	195.765	205.648	0.004	270.15	492.094	0.0	0.00109595	0.00115128	2e-08	0.00151238	0.00275488
Richmond City	0.0	598.632	619.753	0.006	395.143	781.107	N/A	N/A	N/A	N/A	N/A	N/A
Albemarle	0.0	101.293	105.644	0.003	209.662	306.566	0.0	0.0009317	0.00097173	3e-08	0.00192849	0.00281983
