Name	Predicted_New_Cases	Total_Predicted_New_Cases	Total_Predicted_Cases	Predicted_New_Deaths	Total_Predicted_New_Deaths	Total_Predicted_Deaths	Predicted_New_per_capita	Predicted_Total_New_per_capita	Predicted_Total_Cases_per_capita	Predicted_New_Deaths_per_capita	Total_Predicted_New_Deaths_per_capita	Total_Predicted_Deaths_per_capita
Cumberland	0.577	16.226	23.226	10.357	259.844	259.844	5.882e-05	0.0016542	0.00236783	0.00105587	0.02649037	0.02649037
Floyd	0.0	0.0	1.0	0.0	0.0	0.0	0.0	0.0	6.331e-05	0.0	0.0	0.0
Greensville	0.653	18.389	34.389	10.357	259.844	259.844	5.616e-05	0.00158158	0.00295768	0.00089077	0.02234833	0.02234833
Brunswick	22.992	189.047	199.047	10.357	259.844	259.844	0.00140332	0.01153851	0.01214886	0.00063214	0.01585962	0.01585962
Prince Edward	20.729	170.443	185.443	10.357	259.844	259.844	0.00090322	0.00742671	0.00808031	0.00045129	0.01132218	0.01132218
Poquoson	0.228	6.421	12.421	10.357	259.844	259.844	1.87e-05	0.00052674	0.00101895	0.00084963	0.02131616	0.02131616
Winchester	0.423	11.9	32.9	10.357	259.844	259.844	1.505e-05	0.00042337	0.00117049	0.00036847	0.00924449	0.00924449
Montgomery	1.345	37.86	71.86	10.357	259.844	259.844	1.359e-05	0.00038248	0.00072597	0.00010463	0.00262508	0.00262508
Rappahannock	0.0	0.0	1.0	0.0	0.0	0.0	0.0	0.0	0.00013789	0.0	0.0	0.0
Page	0.0	0.502	7.502	0.0	99.415	99.415	0.0	2.098e-05	0.00031346	0.0	0.00415389	0.00415389
Fauquier	1.156	32.524	64.524	10.357	259.844	259.844	1.636e-05	0.00046019	0.00091297	0.00014654	0.0036766	0.0036766
Bath	0.0	0.0	0.0	0.0	0.0	0.0	0.0	0.0	0.0	0.0	0.0	0.0
Caroline	1.153	32.454	43.454	10.357	259.844	259.844	3.747e-05	0.00105466	0.00141213	0.00033657	0.00844417	0.00844417
Nottoway	0.249	6.996	11.996	10.357	259.844	259.844	1.615e-05	0.0004537	0.00077795	0.00067166	0.0168511	0.0168511
Russell	0.0	0.0	2.0	10.357	259.844	259.844	0.0	0.0	7.477e-05	0.00038721	0.00971452	0.00971452
Radford	0.0	0.0	1.0	0.0	0.0	0.0	0.0	0.0	5.453e-05	0.0	0.0	0.0
Appomattox	0.0	0.0	7.0	10.357	259.844	259.844	0.0	0.0	0.00044189	0.00065381	0.01640326	0.01640326
Falls Church	0.0	0.0	2.0	0.0	0.0	0.0	0.0	0.0	0.00013539	0.0	0.0	0.0
Sussex	0.0	0.864	9.864	0.0	70.584	70.584	0.0	7.689e-05	0.00087781	0.0	0.00628139	0.00628139
Chesapeake	2.482	91.586	234.586	10.357	259.844	259.844	1.023e-05	0.00037747	0.00096683	4.269e-05	0.00107093	0.00107093
Middlesex	0.0	0.0	3.0	10.357	259.844	259.844	0.0	0.0	0.00027858	0.00096174	0.02412889	0.02412889
Manassas	2.268	63.823	125.823	10.357	259.844	259.844	5.447e-05	0.0015327	0.00302161	0.00024872	0.0062401	0.0062401
Frederick	2.77	77.96	149.96	10.357	259.844	259.844	3.135e-05	0.00088235	0.00169724	0.00011722	0.00294091	0.00294091
Lee	1.853	29.484	35.484	10.357	259.844	259.844	7.871e-05	0.00125245	0.00150733	0.00043996	0.01103793	0.01103793
Louisa	3.042	60.361	90.361	10.357	259.844	259.844	8.271e-05	0.00164123	0.00245693	0.00028161	0.0070652	0.0070652
Washington	1.698	46.833	73.833	10.357	259.844	259.844	3.121e-05	0.00086087	0.00135717	0.00019038	0.00477637	0.00477637
Richmond	0.0	0.0	7.0	10.357	259.844	259.844	0.0	0.0	0.00077451	0.00114594	0.02875017	0.02875017
Patrick	0.0	0.0	0.0	0.0	0.0	0.0	0.0	0.0	0.0	0.0	0.0	0.0
Bedford	0.774	21.78	37.78	10.357	259.844	259.844	9.83e-06	0.00027658	0.00047976	0.00013152	0.00329973	0.00329973
Norfolk	1.271	50.802	155.802	0.0	0.0	2.0	5.21e-06	0.00020814	0.00063833	0.0	0.0	8.19e-06
Culpeper	3.852	68.848	97.848	0.0	0.0	0.0	7.428e-05	0.0013276	0.00188681	0.0	0.0	0.0
Emporia	0.0	0.0	7.0	0.0	0.0	0.0	0.0	0.0	0.00136692	0.0	0.0	0.0
Surry	0.0	0.0	3.0	0.0	0.0	0.0	0.0	0.0	0.00046339	0.0	0.0	0.0
Colonial Heights	0.0	0.0	18.0	0.0	0.0	0.0	0.0	0.0	0.00100936	0.0	0.0	0.0
Martinsville	0.0	0.0	0.0	0.0	0.0	0.0	0.0	0.0	0.0	0.0	0.0	0.0
Fredericksburg	0.466	13.124	28.124	0.0	0.0	0.0	1.599e-05	0.00045032	0.000965	0.0	0.0	0.0
Pulaski	0.0	0.0	5.0	0.0	0.0	0.0	0.0	0.0	0.00014677	0.0	0.0	0.0
Chesterfield	10.193	269.045	536.045	0.0	0.0	0.0	2.924e-05	0.00077188	0.0015379	0.0	0.0	0.0
Roanoke City	0.653	18.389	42.389	0.0	0.0	0.0	N/A	N/A	N/A	N/A	N/A	N/A
Northumberland	0.077	2.162	7.162	0.0	0.0	0.0	6.34e-06	0.00017799	0.00058961	0.0	0.0	0.0
Halifax	0.526	13.889	20.889	0.0	0.0	0.0	1.542e-05	0.00040706	0.00061222	0.0	0.0	0.0
Covington	0.0	0.0	1.0	0.0	0.0	0.0	0.0	0.0	0.00018315	0.0	0.0	0.0
Lexington	0.0	0.0	3.0	0.0	0.0	0.0	0.0	0.0	0.0004204	0.0	0.0	0.0
Gloucester	0.591	17.258	37.258	0.0	0.0	0.0	1.582e-05	0.00046207	0.00099756	0.0	0.0	0.0
Grayson	0.0	0.0	0.0	0.0	0.0	0.0	0.0	0.0	0.0	0.0	0.0	0.0
Alleghany	0.154	4.329	8.329	0.0	0.0	0.0	1.033e-05	0.00029034	0.00055862	0.0	0.0	0.0
Prince George	0.0	0.687	26.687	0.0	0.0	0.0	0.0	1.804e-05	0.00070078	0.0	0.0	0.0
Fairfax	134.9	2801.67	4176.67	16.885	193.918	224.918	0.00011722	0.00243455	0.00362938	1.467e-05	0.00016851	0.00019545
Henry	0.004	2.806	10.806	16.885	193.918	193.918	8e-08	5.507e-05	0.00021208	0.00033138	0.00380582	0.00380582
Botetourt	0.015	8.587	31.587	16.885	193.918	193.918	4.5e-07	0.00025805	0.00094921	0.00050741	0.00582739	0.00582739
Bristol	0.0	0.0	1.0	0.0	0.0	0.0	0.0	0.0	6.067e-05	0.0	0.0	0.0
Amherst	0.266	7.501	17.501	16.885	193.918	193.918	8.4e-06	0.00023688	0.00055267	0.00053322	0.00612386	0.00612386
Accomack	0.449	11.848	30.848	16.885	193.918	193.918	1.385e-05	0.00036554	0.00095175	0.00052095	0.00598291	0.00598291
Madison	0.228	6.421	14.421	16.885	193.918	193.918	1.715e-05	0.00048296	0.00108469	0.00127003	0.01458578	0.01458578
Mathews	1.314	10.802	13.802	16.885	193.918	193.918	0.00014928	0.00122722	0.00156805	0.00191831	0.02203113	0.02203113
Staunton	0.577	16.226	19.226	16.885	193.918	193.918	2.315e-05	0.00065107	0.00077145	0.00067751	0.007781	0.007781
Waynesboro	0.192	5.405	11.405	16.885	193.918	193.918	8.49e-06	0.00023886	0.00050402	0.0007462	0.00856982	0.00856982
Manassas Park	0.73	20.554	36.554	16.885	193.918	193.918	4.218e-05	0.00118761	0.00211209	0.00097562	0.0112046	0.0112046
Tazewell	0.0	0.0	4.0	16.885	193.918	193.918	0.0	0.0	9.791e-05	0.00041329	0.00474649	0.00474649
Harrisonburg	17.07	322.158	441.158	16.885	193.918	193.918	0.00031592	0.00596225	0.0081646	0.00031249	0.00358888	0.00358888
Buchanan	0.0	0.0	12.0	16.885	193.918	193.918	0.0	0.0	0.00056548	0.00079567	0.00913802	0.00913802
Rockbridge	0.0	0.014	3.014	0.0	54.571	54.571	0.0	6.2e-07	0.00013247	0.0	0.00239851	0.00239851
Scott	0.0	0.0	3.0	0.0	0.0	0.0	0.0	0.0	0.00013931	0.0	0.0	0.0
Augusta	0.0	1.499	20.499	0.0	13.319	13.319	0.0	1.987e-05	0.00027166	0.0	0.00017651	0.00017651
Stafford	8.54	177.364	297.364	16.885	193.918	193.918	5.695e-05	0.00118274	0.00198296	0.0001126	0.00129313	0.00129313
Isle of Wight	1.594	44.856	107.856	16.885	193.918	193.918	4.314e-05	0.00121387	0.00291873	0.00045693	0.00524769	0.00524769
Roanoke	1.124	28.201	47.201	16.885	193.918	193.918	1.195e-05	0.00029978	0.00050175	0.00017949	0.00206136	0.00206136
Northampton	0.077	2.162	6.162	16.885	193.918	193.918	6.56e-06	0.00018424	0.0005251	0.00143886	0.01652476	0.01652476
Loudoun	11.254	316.741	694.741	0.898	19.412	26.412	2.766e-05	0.00077852	0.00170761	2.21e-06	4.771e-05	6.492e-05
Charlotte	1.73	48.682	56.682	0.898	19.412	19.412	0.00014492	0.0040779	0.00474803	7.522e-05	0.00162607	0.00162607
Amelia	0.004	2.847	15.847	0.898	19.412	19.412	3.1e-07	0.00021878	0.00121778	6.901e-05	0.00149174	0.00149174
New Kent	0.231	6.49	22.49	0.898	19.412	19.412	1.032e-05	0.00028985	0.00100442	4.011e-05	0.00086696	0.00086696
Clarke	0.0	0.0	6.0	0.898	19.412	19.412	0.0	0.0	0.00041314	6.183e-05	0.00133664	0.00133664
Spotsylvania	2.278	64.113	126.113	0.898	19.412	19.412	1.697e-05	0.00047761	0.00093947	6.69e-06	0.00014461	0.00014461
Henrico	8.664	326.579	823.579	81.749	672.169	729.169	2.631e-05	0.00099185	0.0025013	0.00024828	0.00204145	0.00221456
Goochland	1.391	39.16	80.16	81.749	672.169	672.169	5.984e-05	0.00168474	0.00344863	0.00351699	0.02891796	0.02891796
Unassigned	0.0	3.169	80.169	0.0	130.068	130.068	N/A	N/A	N/A	N/A	N/A	N/A
Dickenson	0.0	0.0	0.0	0.0	0.0	0.0	0.0	0.0	0.0	0.0	0.0	0.0
Shenandoah	0.571	16.082	44.082	81.749	672.169	672.169	1.313e-05	0.00036973	0.00101345	0.00187942	0.01545323	0.01545323
Danville	0.325	12.998	34.998	81.749	672.169	672.169	7.99e-06	0.00031942	0.00086005	0.00200892	0.01651805	0.01651805
Essex	0.0	0.0	0.0	0.0	0.0	0.0	0.0	0.0	0.0	0.0	0.0	0.0
Arlington	14.946	420.664	873.664	18.139	391.994	407.994	6.292e-05	0.00177106	0.00367826	7.637e-05	0.00165036	0.00171772
James City	0.0	4.791	139.791	0.0	0.0	2.0	0.0	6.271e-05	0.0018298	0.0	0.0	2.618e-05
Rockingham	52.141	498.833	567.833	0.0	0.0	0.0	0.00064178	0.00613994	0.00698923	0.0	0.0	0.0
Bland	0.0	0.0	0.0	0.0	0.0	0.0	0.0	0.0	0.0	0.0	0.0	0.0
Highland	0.0	0.0	0.0	0.0	0.0	0.0	0.0	0.0	0.0	0.0	0.0	0.0
Salem	0.577	16.226	20.226	0.0	0.0	0.0	2.25e-05	0.00063277	0.00078875	0.0	0.0	0.0
Alexandria	10.167	286.162	561.162	6.478	139.998	145.998	6.333e-05	0.00178261	0.00349568	4.035e-05	0.0008721	0.00090947
Fluvanna	9.045	143.92	207.92	6.478	139.998	139.998	0.00033771	0.00537356	0.00776313	0.00024187	0.00522712	0.00522712
Franklin	0.157	6.349	21.349	6.478	139.998	139.998	1.959e-05	0.00079234	0.0026643	0.00080844	0.01747136	0.01747136
Newport News	2.637	74.208	171.208	0.0	0.0	1.0	1.476e-05	0.00041544	0.00095847	0.0	0.0	5.6e-06
Lynchburg	1.55	43.633	77.633	0.0	0.0	0.0	1.887e-05	0.00053129	0.00094529	0.0	0.0	0.0
Portsmouth	0.031	18.549	80.549	0.0	0.0	0.0	3.3e-07	0.00019601	0.00085118	0.0	0.0	0.0
King George	0.384	10.817	28.817	0.0	0.0	0.0	1.445e-05	0.00040704	0.00108437	0.0	0.0	0.0
Craig	0.0	0.0	2.0	0.0	0.0	0.0	0.0	0.0	0.00039494	0.0	0.0	0.0
King and Queen	0.0	0.0	2.0	0.0	0.0	0.0	0.0	0.0	0.00028401	0.0	0.0	0.0
Hampton	1.812	58.314	135.314	0.0	0.0	1.0	1.349e-05	0.00043416	0.00100745	0.0	0.0	7.45e-06
Greene	0.077	2.162	7.162	0.0	0.0	0.0	3.89e-06	0.00010931	0.0003621	0.0	0.0	0.0
Norton	0.0	0.0	0.0	0.0	0.0	0.0	0.0	0.0	0.0	0.0	0.0	0.0
Giles	0.0	0.0	4.0	0.0	0.0	0.0	0.0	0.0	0.00023747	0.0	0.0	0.0
Hopewell	0.0	0.246	14.246	0.0	0.0	0.0	0.0	1.089e-05	0.00063047	0.0	0.0	0.0
Campbell	0.423	11.9	20.9	0.0	0.0	0.0	7.69e-06	0.00021647	0.00038019	0.0	0.0	0.0
Lancaster	0.0	0.0	1.0	0.0	0.0	0.0	0.0	0.0	9.274e-05	0.0	0.0	0.0
Westmoreland	0.0	0.0	9.0	0.0	0.0	0.0	0.0	0.0	0.00050477	0.0	0.0	0.0
Petersburg	0.577	16.226	35.226	0.0	0.0	0.0	1.828e-05	0.00051402	0.00111591	0.0	0.0	0.0
Wise	0.0	0.0	18.0	0.0	0.0	0.0	0.0	0.0	0.00047353	0.0	0.0	0.0
Wythe	0.0	0.246	7.246	0.0	0.0	0.0	0.0	8.56e-06	0.000252	0.0	0.0	0.0
Buena Vista	0.0	0.0	4.0	0.0	0.0	0.0	0.0	0.0	0.00064133	0.0	0.0	0.0
Charlottesville	1.262	31.65	69.65	0.0	0.0	1.0	2.623e-05	0.00065777	0.00144751	0.0	0.0	2.078e-05
Dinwiddie	0.0	0.0	7.0	0.0	0.0	0.0	0.0	0.0	0.00024536	0.0	0.0	0.0
Carroll	0.0	0.0	3.0	0.0	0.0	0.0	0.0	0.0	0.00010123	0.0	0.0	0.0
Galax	0.0	0.0	1.0	0.0	0.0	0.0	0.0	0.0	0.00015569	0.0	0.0	0.0
Hanover	2.856	73.594	134.594	0.0	0.0	0.0	2.663e-05	0.00068626	0.00125508	0.0	0.0	0.0
Charles City	1.044	21.685	30.685	0.0	0.0	0.0	0.00015041	0.00312419	0.00442083	0.0	0.0	0.0
Franklin City	0.0	0.677	9.677	0.0	0.0	0.0	0.0	1.205e-05	0.0001722	0.0	0.0	0.0
Pittsylvania	0.001	1.269	6.269	0.0	0.0	0.0	2e-08	2.082e-05	0.00010286	0.0	0.0	0.0
Buckingham	1.379	35.532	58.532	0.0	0.0	0.0	8.112e-05	0.00209024	0.00344326	0.0	0.0	0.0
Lunenburg	0.0	0.0	3.0	0.0	0.0	0.0	0.0	0.0	0.00024822	0.0	0.0	0.0
Warren	2.469	51.269	72.269	0.0	0.0	0.0	6.172e-05	0.00128163	0.00180659	0.0	0.0	0.0
Mecklenburg	4.889	125.953	186.953	0.0	0.0	0.0	0.00015951	0.0041094	0.00609961	0.0	0.0	0.0
Williamsburg	0.174	8.808	27.808	0.0	0.0	1.0	1.168e-05	0.0005913	0.00186681	0.0	0.0	6.713e-05
Fairfax City	0.0	0.0	1.0	0.0	0.0	0.0	N/A	N/A	N/A	N/A	N/A	N/A
Smyth	0.0	1.313	12.313	0.0	0.0	0.0	0.0	4.309e-05	0.00040408	0.0	0.0	0.0
Southampton	0.038	1.081	7.081	0.0	0.0	0.0	2.16e-06	6.147e-05	0.00040265	0.0	0.0	0.0
Suffolk	2.042	57.478	122.478	0.0	0.0	0.0	2.239e-05	0.00063034	0.00134318	0.0	0.0	0.0
Powhatan	0.077	2.162	7.162	0.0	0.0	0.0	2.64e-06	7.407e-05	0.00024537	0.0	0.0	0.0
Richmond City	4.955	139.477	327.477	0.0	0.0	0.0	N/A	N/A	N/A	N/A	N/A	N/A
York	0.774	21.78	58.78	0.0	0.0	1.0	1.141e-05	0.00032102	0.00086637	0.0	0.0	1.474e-05
Albemarle	0.026	15.115	69.115	0.0	0.0	0.0	2.4e-07	0.00013903	0.00063573	0.0	0.0	0.0
Orange	0.812	21.932	39.932	0.0	0.0	0.0	2.216e-05	0.00059852	0.00108973	0.0	0.0	0.0
Prince William	24.868	640.706	1222.706	0.0	0.0	1.0	5.314e-05	0.001369	0.00261256	0.0	0.0	2.14e-06
Virginia Beach	0.0	43.618	301.618	0.0	0.0	1.0	0.0	9.689e-05	0.00066998	0.0	0.0	2.22e-06
King William	0.0	0.0	2.0	0.0	0.0	0.0	0.0	0.0	0.00011807	0.0	0.0	0.0
Nelson	0.313	7.846	12.846	0.0	0.0	0.0	2.11e-05	0.00052885	0.00086587	0.0	0.0	0.0
