Name	Predicted_New_Cases	Total_Predicted_New_Cases	Total_Predicted_Cases	Predicted_New_Deaths	Total_Predicted_New_Deaths	Total_Predicted_Deaths	Predicted_New_per_capita	Predicted_Total_New_per_capita	Predicted_Total_Cases_per_capita	Predicted_New_Deaths_per_capita	Total_Predicted_New_Deaths_per_capita	Total_Predicted_Deaths_per_capita
Cumberland	0.0	0.042	13.042	0.099	763.407	763.407	0.0	4.28e-06	0.0013296	1.009e-05	0.0778272	0.0778272
Floyd	0.0	0.331	3.331	0.099	763.407	763.407	0.0	2.096e-05	0.00021089	6.27e-06	0.04833219	0.04833219
Greensville	0.002	16.438	62.438	0.004	3.527	10.527	1.7e-07	0.00141378	0.00537009	3.4e-07	0.00030335	0.00090539
Brunswick	0.038	23.28	41.28	0.004	3.527	3.527	2.32e-06	0.0014209	0.00251953	2.4e-07	0.00021527	0.00021527
Prince Edward	0.0	25.768	91.768	0.0	0.0	2.0	0.0	0.00112279	0.00399861	0.0	0.0	8.715e-05
Poquoson	0.507	131.442	138.442	0.0	0.0	0.0	4.159e-05	0.01078277	0.01135701	0.0	0.0	0.0
Winchester	0.01	74.882	140.882	0.0	0.0	0.0	3.6e-07	0.00266408	0.00501217	0.0	0.0	0.0
Montgomery	0.014	27.664	92.664	0.0	0.0	1.0	1.4e-07	0.00027948	0.00093614	0.0	0.0	1.01e-05
Rappahannock	0.0	0.978	8.978	0.0	0.0	0.0	0.0	0.00013486	0.001238	0.0	0.0	0.0
Page	0.0	23.966	151.966	0.0	0.0	12.0	0.0	0.00100138	0.00634964	0.0	0.0	0.0005014
Fauquier	0.0	70.003	242.003	0.0	4.182	8.182	0.0	0.00099049	0.00342417	0.0	5.917e-05	0.00011577
Bath	0.0	0.0	0.0	0.0	0.0	0.0	0.0	0.0	0.0	0.0	0.0	0.0
Caroline	0.0	5.503	43.503	0.0	0.0	2.0	0.0	0.00017883	0.00141372	0.0	0.0	6.499e-05
Nottoway	0.0	4.224	18.224	0.0	0.0	0.0	0.0	0.00027393	0.00118184	0.0	0.0	0.0
Russell	0.001	7.093	13.093	0.0	0.0	0.0	4e-08	0.00026518	0.00048949	0.0	0.0	0.0
Radford	0.0	0.0	3.0	0.0	0.0	0.0	0.0	0.0	0.00016359	0.0	0.0	0.0
Appomattox	0.0	0.424	22.424	0.0	0.0	0.0	0.0	2.677e-05	0.00141557	0.0	0.0	0.0
Falls Church	0.005	39.746	76.746	0.004	3.527	7.527	3.4e-07	0.00269063	0.00519537	2.7e-07	0.00023876	0.00050955
Sussex	0.0	0.882	33.882	0.0	0.0	1.0	0.0	7.849e-05	0.00301522	0.0	0.0	8.899e-05
Chesapeake	0.019	222.698	550.698	0.017	18.276	27.276	8e-08	0.00091784	0.00226967	7e-08	7.532e-05	0.00011242
Middlesex	0.0	1.878	11.878	0.017	18.276	18.276	0.0	0.00017439	0.00110298	1.58e-06	0.00169709	0.00169709
Manassas	0.051	390.147	771.147	0.001	5.073	7.073	1.22e-06	0.0093693	0.01851894	2e-08	0.00012183	0.00016986
Frederick	0.103	170.936	334.936	0.0	0.0	2.0	1.17e-06	0.00193465	0.0037908	0.0	0.0	2.264e-05
Lee	0.0	0.272	10.272	0.0	0.0	0.0	0.0	1.155e-05	0.00043635	0.0	0.0	0.0
Louisa	0.004	30.856	85.856	0.0	0.0	0.0	1.1e-07	0.00083898	0.00233444	0.0	0.0	0.0
Washington	0.0	3.293	52.293	0.0	0.0	3.0	0.0	6.053e-05	0.00096123	0.0	0.0	5.515e-05
Richmond	0.012	91.538	280.538	0.0	0.0	3.0	1.33e-06	0.01012813	0.03103983	0.0	0.0	0.00033193
Patrick	0.001	6.757	10.757	0.0	0.0	0.0	6e-08	0.00038233	0.00060867	0.0	0.0	0.0
Bedford	0.0	6.633	44.633	0.0	0.0	1.0	0.0	8.423e-05	0.00056679	0.0	0.0	1.27e-05
Norfolk	0.243	352.553	656.553	0.044	25.387	30.387	1e-06	0.00144444	0.00268995	1.8e-07	0.00010401	0.0001245
Culpeper	0.003	210.849	474.849	0.001	3.504	8.504	6e-08	0.00406581	0.00915654	2e-08	6.757e-05	0.00016398
Emporia	0.077	128.172	176.172	0.0	0.0	3.0	1.504e-05	0.02502871	0.03440187	0.0	0.0	0.00058582
Surry	0.0	0.449	5.449	0.0	0.0	1.0	0.0	6.935e-05	0.00084167	0.0	0.0	0.00015446
Colonial Heights	0.0	18.153	84.153	0.0	0.0	6.0	0.0	0.00101794	0.00471895	0.0	0.0	0.00033645
Martinsville	0.0	0.0	2.0	0.0	0.0	0.0	0.0	0.0	0.00015501	0.0	0.0	0.0
Fredericksburg	0.023	74.696	135.696	0.0	0.0	0.0	7.9e-07	0.002563	0.00465605	0.0	0.0	0.0
Pulaski	0.0	0.014	9.014	0.0	0.0	0.0	0.0	4.1e-07	0.0002646	0.0	0.0	0.0
Chesterfield	0.191	627.609	1414.609	0.027	21.773	47.773	5.5e-07	0.0018006	0.00405848	8e-08	6.247e-05	0.00013706
Roanoke City	0.0	7.369	100.369	0.0	0.0	1.0	N/A	N/A	N/A	N/A	N/A	N/A
Northumberland	0.0	0.077	10.077	0.0	0.0	1.0	0.0	6.34e-06	0.00082959	0.0	0.0	8.232e-05
Halifax	0.0	2.792	24.792	0.0	0.0	0.0	0.0	8.183e-05	0.00072661	0.0	0.0	0.0
Covington	0.0	0.0	1.0	0.0	0.0	0.0	0.0	0.0	0.00018315	0.0	0.0	0.0
Lexington	0.0	4.35	8.35	0.0	0.0	0.0	0.0	0.00060959	0.00117012	0.0	0.0	0.0
Gloucester	0.002	12.497	39.497	0.0	0.0	1.0	5e-08	0.0003346	0.00105751	0.0	0.0	2.677e-05
Grayson	0.023	177.336	189.336	0.0	0.0	0.0	1.47e-06	0.01134515	0.01211285	0.0	0.0	0.0
Alleghany	0.0	0.067	6.067	0.0	0.0	0.0	0.0	4.49e-06	0.00040691	0.0	0.0	0.0
Prince George	0.007	32.011	76.011	0.0	0.0	0.0	1.8e-07	0.00084058	0.00199598	0.0	0.0	0.0
Fairfax	0.692	5313.445	11205.445	0.039	300.184	539.184	6e-07	0.0046172	0.00973713	3e-08	0.00026085	0.00046853
Henry	0.0	8.768	30.768	0.0	0.0	1.0	0.0	0.00017208	0.00060385	0.0	0.0	1.963e-05
Botetourt	0.001	4.279	33.279	0.0	0.0	3.0	3e-08	0.00012859	0.00100006	0.0	0.0	9.015e-05
Bristol	0.0	3.827	6.827	0.0	0.0	0.0	0.0	0.00023219	0.00041421	0.0	0.0	0.0
Amherst	0.0	3.588	18.588	0.0	0.0	1.0	0.0	0.00011331	0.000587	0.0	0.0	3.158e-05
Accomack	0.086	659.477	1167.477	0.007	7.052	14.052	2.65e-06	0.02034669	0.0360199	2.2e-07	0.00021757	0.00043354
Madison	0.911	288.603	309.603	0.0	0.0	1.0	6.852e-05	0.02170763	0.02328718	0.0	0.0	7.522e-05
Mathews	0.0	0.449	5.449	0.0	0.0	0.0	0.0	5.101e-05	0.00061906	0.0	0.0	0.0
Staunton	0.0	4.936	19.936	0.0	0.0	0.0	0.0	0.00019806	0.00079994	0.0	0.0	0.0
Waynesboro	0.092	67.512	88.512	0.0	0.0	0.0	4.07e-06	0.00298356	0.00391161	0.0	0.0	0.0
Manassas Park	0.032	157.579	277.579	0.0	1.69	3.69	1.85e-06	0.00910493	0.01603854	0.0	9.765e-05	0.00021321
Tazewell	0.0	0.056	7.056	0.0	1.69	1.69	0.0	1.37e-06	0.00017271	0.0	4.137e-05	4.137e-05
Harrisonburg	0.055	423.364	1002.364	0.044	42.314	63.314	1.02e-06	0.00783529	0.01855096	8.1e-07	0.00078311	0.00117177
Buchanan	0.0	0.03	16.03	0.044	42.314	42.314	0.0	1.41e-06	0.00075538	2.07e-06	0.00199397	0.00199397
Rockbridge	0.0	5.834	14.834	0.044	42.314	42.314	0.0	0.00025642	0.00065199	1.93e-06	0.00185979	0.00185979
Scott	0.0	0.014	7.014	0.0	1.69	3.69	0.0	6.5e-07	0.00032572	0.0	7.848e-05	0.00017136
Augusta	0.005	36.82	100.82	0.0	0.0	1.0	7e-08	0.00048796	0.00133613	0.0	0.0	1.325e-05
Stafford	0.2	389.64	763.64	0.0	0.0	2.0	1.33e-06	0.00259829	0.00509229	0.0	0.0	1.334e-05
Isle of Wight	0.002	17.228	127.228	0.0	3.375	6.375	5e-08	0.00046621	0.00344297	0.0	9.133e-05	0.00017252
Roanoke	0.0	5.691	67.691	0.0	3.375	3.375	0.0	6.05e-05	0.00071956	0.0	3.588e-05	3.588e-05
Northampton	0.04	306.266	469.266	0.0	0.0	5.0	3.41e-06	0.02609851	0.03998858	0.0	0.0	0.00042608
Loudoun	0.0	712.255	1871.255	0.002	40.568	70.568	0.0	0.00175066	0.00459937	0.0	9.971e-05	0.00017345
Charlotte	0.002	13.062	24.062	0.002	40.568	40.568	1.7e-07	0.00109415	0.00201558	1.7e-07	0.00339822	0.00339822
Amelia	0.001	7.655	24.655	0.0	0.0	1.0	8e-08	0.00058826	0.00189464	0.0	0.0	7.685e-05
New Kent	0.0	11.483	37.483	0.0	0.0	1.0	0.0	0.00051284	0.00167402	0.0	0.0	4.466e-05
Clarke	0.129	80.011	96.011	0.0	0.0	0.0	8.88e-06	0.00550926	0.00661096	0.0	0.0	0.0
Spotsylvania	0.036	278.899	526.899	0.0	0.0	4.0	2.7e-07	0.00207765	0.00392511	0.0	0.0	2.98e-05
Henrico	0.0	391.728	1458.728	0.0	4.211	113.211	0.0	0.00118972	0.00443031	0.0	1.279e-05	0.00034383
Goochland	0.0	2.761	83.761	0.0	0.0	5.0	0.0	0.00011878	0.00360355	0.0	0.0	0.00021511
Unassigned	0.008	63.725	203.725	0.0	0.0	0.0	N/A	N/A	N/A	N/A	N/A	N/A
Dickenson	0.0	0.0	0.0	0.0	0.0	0.0	0.0	0.0	0.0	0.0	0.0	0.0
Shenandoah	0.323	468.549	713.549	0.114	65.9	71.9	7.43e-06	0.01077198	0.01640456	2.62e-06	0.00151505	0.00165299
Danville	0.0	5.726	43.726	0.0	0.0	1.0	0.0	0.00014071	0.00107453	0.0	0.0	2.457e-05
Essex	0.026	51.692	74.692	0.0	0.0	0.0	2.38e-06	0.00473413	0.00684055	0.0	0.0	0.0
Arlington	0.031	888.177	2256.177	0.0	27.892	88.892	1.3e-07	0.00373936	0.00949885	0.0	0.00011743	0.00037425
James City	0.005	35.357	208.357	0.019	18.569	33.569	7e-08	0.00046281	0.00272729	2.5e-07	0.00024306	0.0004394
Rockingham	0.031	241.518	585.518	0.003	25.332	27.332	3.8e-07	0.00297275	0.00720691	4e-08	0.0003118	0.00033642
Bland	0.0	0.0	0.0	0.0	0.0	0.0	0.0	0.0	0.0	0.0	0.0	0.0
Highland	0.0	0.0	2.0	0.003	25.332	25.332	0.0	0.0	0.00090498	1.36e-06	0.01146244	0.01146244
Salem	0.0	4.16	35.16	0.003	25.332	25.332	0.0	0.00016223	0.00137113	1.2e-07	0.00098787	0.00098787
Alexandria	0.141	1079.471	2272.471	0.042	40.202	70.202	8.8e-07	0.00672442	0.01415605	2.6e-07	0.00025043	0.00043731
Fluvanna	0.002	12.608	91.608	0.0	0.0	6.0	7e-08	0.00047075	0.00342038	0.0	0.0	0.00022402
Franklin	0.0	9.87	36.87	0.0	0.0	0.0	0.0	0.00123175	0.00460127	0.0	0.0	0.0
Newport News	0.061	101.488	260.488	0.037	22.856	32.856	3.4e-07	0.00056816	0.00145829	2.1e-07	0.00012795	0.00018394
Lynchburg	0.005	41.436	109.436	0.0	0.0	1.0	6e-08	0.00050454	0.00133254	0.0	0.0	1.218e-05
Portsmouth	0.0	17.557	219.557	0.0	2.172	10.172	0.0	0.00018553	0.00232011	0.0	2.295e-05	0.00010749
King George	0.0	3.37	44.37	0.0	0.0	4.0	0.0	0.00012681	0.00166961	0.0	0.0	0.00015052
Craig	0.001	4.951	8.951	0.0	0.0	0.0	2e-07	0.00097769	0.00176758	0.0	0.0	0.0
King and Queen	0.008	9.384	14.384	0.0	0.0	0.0	1.14e-06	0.00133258	0.0020426	0.0	0.0	0.0
Hampton	0.0	43.75	187.75	1.015	262.885	265.885	0.0	0.00032573	0.00139785	7.56e-06	0.00195726	0.00197959
Greene	0.62	211.546	226.546	0.0	0.0	1.0	3.135e-05	0.01069549	0.01145387	0.0	0.0	5.056e-05
Norton	0.0	0.0	2.0	0.0	0.0	0.0	0.0	0.0	0.00050403	0.0	0.0	0.0
Giles	0.0	1.8	9.8	0.0	0.0	0.0	0.0	0.00010686	0.00058181	0.0	0.0	0.0
Hopewell	0.009	31.143	68.143	0.0	0.0	0.0	4e-07	0.00137825	0.00301571	0.0	0.0	0.0
Campbell	0.0	0.58	13.58	0.0	0.0	0.0	0.0	1.055e-05	0.00024703	0.0	0.0	0.0
Lancaster	0.002	13.172	19.172	0.0	0.0	0.0	1.9e-07	0.00122155	0.00177798	0.0	0.0	0.0
Westmoreland	0.03	50.309	88.309	0.0	0.0	0.0	1.68e-06	0.00282159	0.00495283	0.0	0.0	0.0
Petersburg	0.004	33.107	78.107	0.0	0.0	2.0	1.3e-07	0.00104879	0.00247432	0.0	0.0	6.336e-05
Wise	0.0	0.014	22.014	0.0	0.0	1.0	0.0	3.7e-07	0.00057913	0.0	0.0	2.631e-05
Wythe	0.001	4.279	17.279	0.0	0.0	1.0	3e-08	0.00014881	0.00060093	0.0	0.0	3.478e-05
Buena Vista	0.001	5.181	13.181	0.0	0.0	0.0	1.6e-07	0.00083069	0.00211336	0.0	0.0	0.0
Charlottesville	0.0	24.843	90.843	0.0	0.0	2.0	0.0	0.0005163	0.00188796	0.0	0.0	4.157e-05
Dinwiddie	0.017	40.456	67.456	0.0	0.0	0.0	6e-07	0.00141807	0.00236447	0.0	0.0	0.0
Carroll	0.01	49.875	82.875	0.0	0.0	0.0	3.4e-07	0.00168292	0.00279643	0.0	0.0	0.0
Galax	0.071	116.861	161.861	0.0	0.0	0.0	1.105e-05	0.01819415	0.02520022	0.0	0.0	0.0
Hanover	0.003	97.694	267.694	0.013	18.907	34.907	3e-08	0.00091099	0.00249624	1.2e-07	0.00017631	0.00032551
Charles City	0.011	22.135	43.135	0.0	0.0	1.0	1.58e-06	0.00318902	0.00621452	0.0	0.0	0.00014407
Franklin City	0.0	1.121	27.121	0.0	0.0	1.0	0.0	1.995e-05	0.00048262	0.0	0.0	1.78e-05
Pittsylvania	0.002	14.636	31.636	0.0	0.0	1.0	3e-08	0.00024014	0.00051906	0.0	0.0	1.641e-05
Buckingham	0.15	494.035	740.035	0.0	0.0	1.0	8.82e-06	0.02906259	0.04353403	0.0	0.0	5.883e-05
Lunenburg	0.0	1.577	7.577	0.0	0.0	0.0	0.0	0.00013048	0.00062692	0.0	0.0	0.0
Warren	0.009	72.402	157.402	0.0	0.0	1.0	2.2e-07	0.00180991	0.00393475	0.0	0.0	2.5e-05
Mecklenburg	0.004	28.487	150.487	0.0	0.0	10.0	1.3e-07	0.00092943	0.00490985	0.0	0.0	0.00032626
Williamsburg	0.036	51.851	90.851	0.0	3.041	5.041	2.42e-06	0.00348087	0.00609902	0.0	0.00020415	0.00033841
Fairfax City	0.022	36.396	75.396	0.0	3.375	6.375	N/A	N/A	N/A	N/A	N/A	N/A
Smyth	0.0	0.0	13.0	0.0	3.375	3.375	0.0	0.0	0.00042662	0.0	0.00011076	0.00011076
Southampton	0.0	3.503	134.503	0.0	0.0	1.0	0.0	0.00019919	0.0076483	0.0	0.0	5.686e-05
Suffolk	0.02	152.906	367.906	0.047	45.84	64.84	2.2e-07	0.00167688	0.00403472	5.2e-07	0.00050271	0.00071108
Powhatan	0.0	9.039	27.039	0.047	45.84	45.84	0.0	0.00030967	0.00092634	1.61e-06	0.00157045	0.00157045
Richmond City	0.095	468.662	998.662	0.019	16.934	34.934	N/A	N/A	N/A	N/A	N/A	N/A
York	0.095	63.988	119.988	0.149	38.659	40.659	1.4e-06	0.00094314	0.00176853	2.2e-06	0.00056981	0.00059928
Albemarle	0.0	9.184	129.184	0.0	0.0	4.0	0.0	8.448e-05	0.00118825	0.0	0.0	3.679e-05
Orange	0.0	27.987	73.987	0.0	0.0	0.0	0.0	0.00076375	0.00201908	0.0	0.0	0.0
Prince William	0.334	2566.87	5306.87	0.109	106.016	154.016	7.1e-07	0.00548464	0.0113392	2.3e-07	0.00022652	0.00032909
Virginia Beach	0.035	270.125	761.125	0.021	19.982	36.982	8e-08	0.00060003	0.00169068	5e-08	4.439e-05	8.215e-05
King William	0.002	18.014	29.014	0.0	0.0	1.0	1.2e-07	0.00106346	0.00171285	0.0	0.0	5.904e-05
Nelson	0.002	6.93	16.93	0.0	0.0	0.0	1.3e-07	0.00046711	0.00114114	0.0	0.0	0.0
