Name	Predicted_New_Cases	Total_Predicted_New_Cases	Total_Predicted_Cases	Predicted_New_Deaths	Total_Predicted_New_Deaths	Total_Predicted_Deaths	Predicted_New_per_capita	Predicted_Total_New_per_capita	Predicted_Total_Cases_per_capita	Predicted_New_Deaths_per_capita	Total_Predicted_New_Deaths_per_capita	Total_Predicted_Deaths_per_capita
Cumberland	0.066	15.183	65.183	1.052	235.002	235.002	6.73e-06	0.00154786	0.00664522	0.00010725	0.02395779	0.02395779
Floyd	0.027	6.528	20.528	0.0	0.0	1.0	1.71e-06	0.0004133	0.00129965	0.0	0.0	6.331e-05
Greensville	0.0	23.663	366.663	0.0	0.0	7.0	0.0	0.00203518	0.03153548	0.0	0.0	0.00060205
Brunswick	54.097	2745.447	2836.447	0.0	0.0	1.0	0.00330182	0.16756879	0.17312299	0.0	0.0	6.104e-05
Prince Edward	0.258	57.751	230.751	0.0	0.067	3.067	1.124e-05	0.00251638	0.01005451	0.0	2.92e-06	0.00013364
Poquoson	0.013	5.565	21.565	0.0	0.067	0.067	1.07e-06	0.00045652	0.00176907	0.0	5.5e-06	5.5e-06
Winchester	0.0	22.43	308.43	0.0	0.067	3.067	0.0	0.00079799	0.01097303	0.0	2.38e-06	0.00010911
Montgomery	0.038	8.513	118.513	0.0	0.124	2.124	3.8e-07	8.6e-05	0.00119728	0.0	1.25e-06	2.146e-05
Rappahannock	0.004	0.971	16.971	0.0	0.124	0.124	5.5e-07	0.00013389	0.00234018	0.0	1.71e-05	1.71e-05
Page	0.153	34.156	297.156	0.0	0.0	24.0	6.39e-06	0.00142715	0.01241616	0.0	0.0	0.0010028
Fauquier	0.377	87.124	491.124	0.0	0.0	6.0	5.33e-06	0.00123274	0.00694905	0.0	0.0	8.49e-05
Bath	0.0	0.0	0.0	0.0	0.0	0.0	0.0	0.0	0.0	0.0	0.0	0.0
Caroline	0.284	63.572	189.572	0.038	5.897	9.897	9.23e-06	0.0020659	0.00616054	1.23e-06	0.00019164	0.00032162
Nottoway	0.002	29.806	108.806	0.038	5.897	5.897	1.3e-07	0.00193294	0.00705616	2.46e-06	0.00038243	0.00038243
Russell	1.636	83.009	92.009	0.038	5.897	5.897	6.116e-05	0.00310337	0.00343985	1.42e-06	0.00022047	0.00022047
Radford	0.029	6.576	16.576	0.038	5.897	5.897	1.58e-06	0.00035858	0.00090387	2.07e-06	0.00032156	0.00032156
Appomattox	0.015	3.447	39.447	0.038	5.897	5.897	9.5e-07	0.0002176	0.00249018	2.4e-06	0.00037226	0.00037226
Falls Church	4.362	221.359	280.359	0.0	0.443	7.443	0.00029529	0.01498504	0.01897908	0.0	2.999e-05	0.00050386
Sussex	0.133	29.737	214.737	0.0	0.0	2.0	1.184e-05	0.00264635	0.01910982	0.0	0.0	0.00017798
Chesapeake	1.105	246.963	979.963	0.026	3.93	19.93	4.55e-06	0.00101784	0.00403885	1.1e-07	1.62e-05	8.214e-05
Middlesex	0.002	0.431	15.431	0.026	3.93	3.93	1.9e-07	4.002e-05	0.00143291	2.41e-06	0.00036494	0.00036494
Manassas	0.0	111.064	1474.064	0.001	5.969	21.969	0.0	0.00266718	0.03539934	2e-08	0.00014334	0.00052758
Frederick	0.193	63.273	519.273	0.0	0.0	4.0	2.18e-06	0.00071612	0.00587712	0.0	0.0	4.527e-05
Lee	0.0	0.013	9.013	0.0	0.0	0.0	0.0	5.5e-07	0.00038286	0.0	0.0	0.0
Louisa	0.095	21.226	130.226	0.0	0.0	1.0	2.58e-06	0.00057714	0.00354087	0.0	0.0	2.719e-05
Washington	0.0	0.036	60.036	0.0	0.0	4.0	0.0	6.6e-07	0.00110356	0.0	0.0	7.353e-05
Richmond	16.417	833.164	1150.164	0.0	0.706	7.706	0.00181644	0.09218455	0.12725869	0.0	7.811e-05	0.00085262
Patrick	0.099	19.875	57.875	0.0	0.706	0.706	5.6e-06	0.0011246	0.00327477	0.0	3.995e-05	3.995e-05
Bedford	0.085	27.87	126.87	0.0	0.0	2.0	1.08e-06	0.00035392	0.00161111	0.0	0.0	2.54e-05
Norfolk	1.306	291.893	1028.893	0.0	0.0	7.0	5.35e-06	0.00119591	0.00421546	0.0	0.0	2.868e-05
Culpeper	0.269	60.124	855.124	0.006	0.877	9.877	5.19e-06	0.00115937	0.0164894	1.2e-07	1.691e-05	0.00019046
Emporia	1.897	200.941	312.941	0.0	0.0	6.0	0.00037044	0.03923863	0.06110935	0.0	0.0	0.00117165
Surry	0.0	0.954	13.954	0.0	0.0	1.0	0.0	0.00014736	0.00215539	0.0	0.0	0.00015446
Colonial Heights	0.118	34.901	165.901	0.0	0.0	17.0	6.62e-06	0.0019571	0.00930303	0.0	0.0	0.00095329
Martinsville	0.081	18.101	77.101	0.0	0.0	1.0	6.28e-06	0.00140296	0.0059759	0.0	0.0	7.751e-05
Fredericksburg	0.403	81.079	308.079	0.0	0.0	1.0	1.383e-05	0.00278201	0.01057092	0.0	0.0	3.431e-05
Pulaski	0.022	4.957	40.957	0.0	0.0	1.0	6.5e-07	0.00014551	0.00120228	0.0	0.0	2.935e-05
Chesterfield	5.098	1139.446	3696.446	0.168	25.774	71.774	1.463e-05	0.00326905	0.01060503	4.8e-07	7.395e-05	0.00020592
Roanoke City	0.931	208.064	521.064	0.0	0.0	10.0	N/A	N/A	N/A	N/A	N/A	N/A
Northumberland	0.045	8.967	36.967	0.0	0.0	1.0	3.7e-06	0.00073821	0.0030433	0.0	0.0	8.232e-05
Halifax	0.101	22.627	61.627	0.0	0.0	1.0	2.96e-06	0.00066316	0.00180618	0.0	0.0	2.931e-05
Covington	0.0	0.0	4.0	0.0	0.0	0.0	0.0	0.0	0.0007326	0.0	0.0	0.0
Lexington	0.002	0.431	9.431	0.0	0.0	0.0	2.8e-07	6.04e-05	0.00132161	0.0	0.0	0.0
Gloucester	0.085	18.959	60.959	0.0	0.0	1.0	2.28e-06	0.00050762	0.00163215	0.0	0.0	2.677e-05
Grayson	0.009	18.527	97.527	0.0	0.0	2.0	5.8e-07	0.00118527	0.00623933	0.0	0.0	0.00012795
Alleghany	0.054	12.174	42.174	0.0	0.0	2.0	3.62e-06	0.0008165	0.00282857	0.0	0.0	0.00013414
Prince George	0.27	60.339	273.339	0.0	0.0	0.0	7.09e-06	0.00158445	0.00717764	0.0	0.0	0.0
Fairfax	0.056	794.469	14213.469	0.168	37.602	472.602	5e-08	0.00069037	0.012351	1.5e-07	3.267e-05	0.00041067
Henry	0.219	75.953	301.953	0.0	0.0	3.0	4.3e-06	0.00149065	0.00592611	0.0	0.0	5.888e-05
Botetourt	0.168	34.984	92.984	0.0	0.0	4.0	5.05e-06	0.0010513	0.00279424	0.0	0.0	0.0001202
Bristol	0.0	0.0	4.0	0.0	0.0	0.0	0.0	0.0	0.00024269	0.0	0.0	0.0
Amherst	2.302	116.828	145.828	0.0	0.0	1.0	7.27e-05	0.00368938	0.00460519	0.0	0.0	3.158e-05
Accomack	6.701	632.53	1663.53	1.636	83.009	97.009	0.00020674	0.0195153	0.05132451	5.048e-05	0.00256106	0.002993
Madison	0.0	0.62	43.62	0.0	0.0	1.0	0.0	4.663e-05	0.00328093	0.0	0.0	7.522e-05
Mathews	0.0	0.0	5.0	0.0	0.0	0.0	0.0	0.0	0.00056805	0.0	0.0	0.0
Staunton	0.062	13.792	79.792	0.0	0.0	0.0	2.49e-06	0.00055341	0.00320167	0.0	0.0	0.0
Waynesboro	0.21	37.417	100.417	0.0	0.0	0.0	9.28e-06	0.00165357	0.00443773	0.0	0.0	0.0
Manassas Park	0.614	123.498	533.498	0.024	2.989	7.989	3.548e-05	0.00713573	0.03082556	1.39e-06	0.0001727	0.00046161
Tazewell	0.0	0.014	9.014	0.024	2.989	2.989	0.0	3.4e-07	0.00022063	5.9e-07	7.316e-05	7.316e-05
Harrisonburg	0.385	86.092	975.092	0.0	0.0	23.0	7.13e-06	0.00159332	0.01804623	0.0	0.0	0.00042567
Buchanan	0.0	0.0	18.0	0.0	0.0	0.0	0.0	0.0	0.00084822	0.0	0.0	0.0
Rockbridge	2.06	104.528	122.528	0.0	0.0	0.0	9.054e-05	0.00459423	0.00538537	0.0	0.0	0.0
Scott	0.039	6.632	14.632	0.0	0.0	2.0	1.81e-06	0.00030798	0.00067948	0.0	0.0	9.288e-05
Augusta	1.368	184.504	353.504	0.0	0.0	2.0	1.813e-05	0.00244515	0.00468484	0.0	0.0	2.651e-05
Stafford	0.0	108.652	1032.652	0.0	0.0	5.0	0.0	0.00072454	0.00688618	0.0	0.0	3.334e-05
Isle of Wight	0.0	16.273	177.273	0.0	0.338	8.338	0.0	0.00044037	0.00479726	0.0	9.15e-06	0.00022564
Roanoke	1.791	226.623	397.623	0.074	5.154	10.154	1.904e-05	0.00240901	0.00422675	7.9e-07	5.479e-05	0.00010794
Northampton	0.12	26.723	296.723	0.001	0.219	28.219	1.023e-05	0.0022772	0.0252853	9e-08	1.866e-05	0.00240469
Loudoun	1.633	635.06	4220.06	2.356	222.384	305.384	4.01e-06	0.00156092	0.01037252	5.79e-06	0.0005466	0.00075061
Charlotte	0.0	0.329	31.329	2.356	222.384	222.384	0.0	2.756e-05	0.00262431	0.00019735	0.01862825	0.01862825
Amelia	0.0	2.329	43.329	0.0	0.0	1.0	0.0	0.00017897	0.00332967	0.0	0.0	7.685e-05
New Kent	0.045	9.27	58.27	0.0	0.0	1.0	2.01e-06	0.00041401	0.00260238	0.0	0.0	4.466e-05
Clarke	0.127	24.797	69.797	0.0	0.0	0.0	8.74e-06	0.00170743	0.00480596	0.0	0.0	0.0
Spotsylvania	2.176	486.271	1388.271	0.319	48.926	68.926	1.621e-05	0.00362245	0.01034186	2.38e-06	0.00036447	0.00051346
Henrico	2.624	586.48	2999.48	0.066	12.78	150.78	7.97e-06	0.0017812	0.00910973	2e-07	3.881e-05	0.00045793
Goochland	0.047	15.385	130.385	0.0	0.0	6.0	2.02e-06	0.00066189	0.0056094	0.0	0.0	0.00025813
Unassigned	0.273	60.983	200.983	0.0	0.0	0.0	N/A	N/A	N/A	N/A	N/A	N/A
Dickenson	0.0	0.0	1.0	0.0	0.0	0.0	0.0	0.0	6.886e-05	0.0	0.0	0.0
Shenandoah	0.436	97.407	637.407	0.08	12.233	39.233	1.002e-05	0.0022394	0.01465405	1.84e-06	0.00028124	0.00090197
Danville	0.102	21.969	94.969	0.0	0.0	2.0	2.51e-06	0.00053987	0.00233379	0.0	0.0	4.915e-05
Essex	0.02	4.527	58.527	0.0	0.0	0.0	1.83e-06	0.0004146	0.00536011	0.0	0.0	0.0
Arlington	0.615	225.53	2643.53	0.0	0.844	126.844	2.59e-06	0.00094952	0.01112967	0.0	3.55e-06	0.00053403
James City	0.0	7.671	249.671	0.0	0.0	15.0	0.0	0.00010041	0.00326807	0.0	0.0	0.00019634
Rockingham	0.0	36.056	689.056	0.0	0.502	7.502	0.0	0.0004438	0.00848132	0.0	6.18e-06	9.234e-05
Bland	0.108	24.242	26.242	0.0	0.502	0.502	1.716e-05	0.00385222	0.00417003	0.0	7.977e-05	7.977e-05
Highland	0.059	8.021	11.021	0.0	0.502	0.502	2.67e-05	0.00362941	0.00498688	0.0	0.00022715	0.00022715
Salem	0.12	24.242	74.242	0.0	0.0	3.0	4.68e-06	0.00094537	0.00289522	0.0	0.0	0.00011699
Alexandria	1.125	233.868	2460.868	0.032	4.277	53.277	7.01e-06	0.00145685	0.01532965	2e-07	2.664e-05	0.00033188
Fluvanna	0.0	2.461	107.461	0.0	0.0	6.0	0.0	9.189e-05	0.00401228	0.0	0.0	0.00022402
Franklin	0.091	17.768	67.768	0.0	0.0	1.0	1.136e-05	0.0022174	0.00845726	0.0	0.0	0.0001248
Newport News	1.029	229.939	667.939	0.0	0.0	10.0	5.76e-06	0.00128727	0.00373932	0.0	0.0	5.598e-05
Lynchburg	9.328	573.387	681.387	0.0	0.0	1.0	0.00011358	0.0069818	0.00829685	0.0	0.0	1.218e-05
Portsmouth	0.457	114.411	520.411	0.044	8.014	21.014	4.83e-06	0.00120901	0.00549931	4.6e-07	8.469e-05	0.00022206
King George	0.093	27.625	123.625	0.0	0.0	4.0	3.5e-06	0.00103951	0.00465193	0.0	0.0	0.00015052
Craig	0.0	0.0	6.0	0.0	0.0	0.0	0.0	0.0	0.00118483	0.0	0.0	0.0
King and Queen	0.0	0.0	24.0	0.0	0.0	1.0	0.0	0.0	0.00340812	0.0	0.0	0.00014201
Hampton	0.441	83.538	347.538	0.014	1.533	6.533	3.28e-06	0.00062197	0.00258752	1e-07	1.141e-05	4.864e-05
Greene	0.035	7.866	56.866	0.0	0.0	1.0	1.77e-06	0.00039769	0.00287507	0.0	0.0	5.056e-05
Norton	0.0	0.0	2.0	0.0	0.0	0.0	0.0	0.0	0.00050403	0.0	0.0	0.0
Giles	0.018	4.094	11.094	0.0	0.0	0.0	1.07e-06	0.00024305	0.00065863	0.0	0.0	0.0
Hopewell	0.38	85.013	236.013	0.0	0.0	2.0	1.682e-05	0.0037623	0.0104449	0.0	0.0	8.851e-05
Campbell	0.168	31.909	63.909	0.0	0.0	1.0	3.06e-06	0.00058045	0.00116255	0.0	0.0	1.819e-05
Lancaster	0.0	0.175	12.175	0.0	0.0	0.0	0.0	1.623e-05	0.00112909	0.0	0.0	0.0
Westmoreland	0.053	12.355	103.355	0.0	0.0	1.0	2.97e-06	0.00069293	0.00579669	0.0	0.0	5.609e-05
Petersburg	0.318	71.01	269.01	0.0	0.0	3.0	1.007e-05	0.0022495	0.00852187	0.0	0.0	9.504e-05
Wise	0.0	0.0	27.0	0.0	0.0	2.0	0.0	0.0	0.0007103	0.0	0.0	5.261e-05
Wythe	0.0	0.593	44.593	0.0	0.0	1.0	0.0	2.062e-05	0.00155085	0.0	0.0	3.478e-05
Buena Vista	0.0	0.124	12.124	0.0	0.0	0.0	0.0	1.988e-05	0.00194388	0.0	0.0	0.0
Charlottesville	0.373	75.02	244.02	0.0	0.0	3.0	7.75e-06	0.00155912	0.00507139	0.0	0.0	6.235e-05
Dinwiddie	0.22	45.636	166.636	0.0	0.0	0.0	7.71e-06	0.00159964	0.00584093	0.0	0.0	0.0
Carroll	0.0	25.02	213.02	0.0	0.048	5.048	0.0	0.00084424	0.00718788	0.0	1.62e-06	0.00017033
Galax	0.709	158.394	381.394	0.064	9.823	20.823	0.00011038	0.02466044	0.05937942	9.96e-06	0.00152935	0.00324194
Hanover	0.33	78.662	481.662	0.004	0.719	25.719	3.08e-06	0.00073352	0.00449148	4e-08	6.7e-06	0.00023983
Charles City	0.506	63.981	100.981	0.013	2.91	4.91	7.29e-05	0.00921784	0.01454848	1.87e-06	0.00041925	0.00070739
Franklin City	0.0	2.153	47.153	0.0	0.0	2.0	0.0	3.831e-05	0.0008391	0.0	0.0	3.559e-05
Pittsylvania	0.298	66.698	151.698	0.0	0.0	1.0	4.89e-06	0.00109432	0.00248893	0.0	0.0	1.641e-05
Buckingham	0.519	123.649	675.649	0.0	0.0	3.0	3.053e-05	0.0072739	0.0397464	0.0	0.0	0.00017648
Lunenburg	0.036	8.378	30.378	0.0	0.0	0.0	2.98e-06	0.0006932	0.00251349	0.0	0.0	0.0
Warren	0.127	28.446	282.446	0.0	0.0	4.0	3.17e-06	0.0007111	0.00706062	0.0	0.0	9.999e-05
Mecklenburg	0.598	75.644	309.644	0.018	1.285	25.285	1.951e-05	0.00246799	0.01010258	5.9e-07	4.192e-05	0.00082496
Williamsburg	0.16	28.466	82.466	0.0	0.0	5.0	1.074e-05	0.00191098	0.00553612	0.0	0.0	0.00033566
Fairfax City	0.016	3.559	71.559	0.006	0.877	6.877	N/A	N/A	N/A	N/A	N/A	N/A
Smyth	36.415	1623.227	1655.227	0.006	0.877	0.877	0.00119503	0.05326946	0.0543196	2e-07	2.878e-05	2.878e-05
Southampton	0.0	0.183	154.183	0.0	0.0	2.0	0.0	1.041e-05	0.00876737	0.0	0.0	0.00011373
Suffolk	0.135	44.166	409.166	0.016	3.775	37.775	1.48e-06	0.00048436	0.00448721	1.8e-07	4.14e-05	0.00041427
Powhatan	0.11	24.568	86.568	0.0	0.0	2.0	3.77e-06	0.00084169	0.00296577	0.0	0.0	6.852e-05
Richmond City	2.821	630.546	2615.546	0.1	15.29	44.29	N/A	N/A	N/A	N/A	N/A	N/A
York	0.036	16.094	115.094	0.0	0.0	3.0	5.3e-07	0.00023721	0.0016964	0.0	0.0	4.422e-05
Albemarle	0.503	116.232	450.232	0.0	0.0	8.0	4.63e-06	0.00106911	0.00414128	0.0	0.0	7.358e-05
Orange	0.231	51.716	188.716	0.0	0.0	2.0	6.3e-06	0.00141131	0.00514998	0.0	0.0	5.458e-05
Prince William	1.748	721.425	7600.425	1.619	161.953	294.953	3.73e-06	0.00154147	0.01623984	3.46e-06	0.00034605	0.00063023
Virginia Beach	1.521	339.844	1327.844	0.003	0.439	27.439	3.38e-06	0.00075489	0.00294953	1e-08	9.8e-07	6.095e-05
King William	0.017	3.774	39.774	0.0	0.0	1.0	1e-06	0.0002228	0.00234807	0.0	0.0	5.904e-05
Nelson	0.0	0.124	18.124	0.0	0.0	0.0	0.0	8.36e-06	0.00122162	0.0	0.0	0.0
