Name	Predicted_New_Cases	Total_Predicted_New_Cases	Total_Predicted_Cases	Predicted_New_Deaths	Total_Predicted_New_Deaths	Total_Predicted_Deaths	Predicted_New_per_capita	Predicted_Total_New_per_capita	Predicted_Total_Cases_per_capita	Predicted_New_Deaths_per_capita	Total_Predicted_New_Deaths_per_capita	Total_Predicted_Deaths_per_capita
Brunswick	0.0	65.922	292.922	0.002	108.865	110.865	0.0	0.00402356	0.01787854	1.2e-07	0.00664459	0.00676666
Surry	0.017	866.879	915.879	0.0	0.067	2.067	2.63e-06	0.13390161	0.14147034	0.0	1.035e-05	0.00031928
Amelia	0.0	3.503	82.503	0.001	40.32	42.32	0.0	0.00026919	0.00634004	8e-08	0.00309844	0.00325213
Essex	0.012	964.564	1063.564	0.0	0.0	1.0	1.1e-06	0.08833813	0.09740489	0.0	0.0	9.158e-05
Bland	0.003	145.148	156.148	0.0	5.05	5.05	4.8e-07	0.02306499	0.02481297	0.0	0.00080248	0.00080248
Highland	0.003	141.124	147.124	0.0	5.05	5.05	1.36e-06	0.06385701	0.06657195	0.0	0.00228507	0.00228507
Westmoreland	0.0	16.554	225.554	0.001	72.579	75.579	0.0	0.00092844	0.01265025	6e-08	0.00407061	0.00423887
Franklin City	0.019	2580.589	2758.589	0.0	0.175	6.175	3.4e-07	0.04592204	0.04908958	0.0	3.11e-06	0.00010989
Nelson	0.007	358.846	403.846	0.0	0.0	0.0	4.7e-07	0.02418752	0.02722068	0.0	0.0	0.0
