Name	Confirmed	Deaths	Recovered	Active	Confirmed_per_capita	Deaths_per_capita	IFR_0.30_expected	IFR_0.65_expected	IFR_1.0_expected	IFR_0.30_expected_per_capita	IFR_0.65_expected_per_capita	IFR_1.0_expected_per_capita
Roanoke	8.0	0.0	0.0	0.0	8.504e-05	0.0	40.0	16.0	10.0	0.0004252	0.00017008	0.0001063
Powhatan	4.0	0.0	0.0	0.0	0.00013704	0.0	20.0	8.0	5.0	0.0006852	0.00027408	0.0001713
Russell	1.0	0.0	0.0	0.0	3.739e-05	0.0	5.0	2.0	1.25	0.00018695	7.478e-05	4.67375e-05
Arlington	237.0	2.0	0.0	0.0	0.00099781	8.42e-06	666.666666667	307.692307692	200.0	0.00280666666667	0.00129538461538	0.000842
Manassas Park	4.0	0.0	0.0	0.0	0.00023112	0.0	20.0	8.0	5.0	0.0011556	0.00046224	0.0002889
Montgomery	16.0	0.0	0.0	0.0	0.00016164	0.0	80.0	32.0	20.0	0.0008082	0.00032328	0.00020205
Covington	1.0	0.0	0.0	0.0	0.00018315	0.0	5.0	2.0	1.25	0.00091575	0.0003663	0.0002289375
Charlottesville	23.0	1.0	0.0	0.0	0.000478	2.078e-05	333.333333333	153.846153846	100.0	0.00692666666667	0.00319692307692	0.002078
Culpeper	9.0	0.0	0.0	0.0	0.00017355	0.0	45.0	18.0	11.25	0.00086775	0.0003471	0.0002169375
Brunswick	1.0	0.0	0.0	0.0	6.104e-05	0.0	5.0	2.0	1.25	0.0003052	0.00012208	7.63e-05
Prince William	236.0	1.0	0.0	0.0	0.00050426	2.14e-06	333.333333333	153.846153846	100.0	0.000713333333333	0.000329230769231	0.000214
Harrisonburg	27.0	0.0	0.0	0.0	0.00049969	0.0	135.0	54.0	33.75	0.00249845	0.00099938	0.0006246125
Tazewell	4.0	0.0	0.0	0.0	9.791e-05	0.0	20.0	8.0	5.0	0.00048955	0.00019582	0.0001223875
King George	10.0	0.0	0.0	0.0	0.00037629	0.0	50.0	20.0	12.5	0.00188145	0.00075258	0.0004703625
York	25.0	1.0	0.0	0.0	0.00036848	1.474e-05	333.333333333	153.846153846	100.0	0.00491333333333	0.00226769230769	0.001474
Hopewell	13.0	0.0	0.0	0.0	0.00057532	0.0	65.0	26.0	16.25	0.0028766	0.00115064	0.00071915
Waynesboro	3.0	0.0	0.0	0.0	0.00013258	0.0	15.0	6.0	3.75	0.0006629	0.00026516	0.000165725
Bedford	8.0	0.0	0.0	0.0	0.00010159	0.0	40.0	16.0	10.0	0.00050795	0.00020318	0.0001269875
Norfolk	72.0	0.0	0.0	0.0	0.00029499	0.0	360.0	144.0	90.0	0.00147495	0.00058998	0.0003687375
Martinsville	0.0	0.0	0.0	0.0	0.0	0.0	0.0	0.0	0.0	0.0	0.0	0.0
Williamsburg	14.0	1.0	0.0	0.0	0.00093985	6.713e-05	333.333333333	153.846153846	100.0	0.0223766666667	0.0103276923077	0.006713
Lexington	3.0	0.0	0.0	0.0	0.0004204	0.0	15.0	6.0	3.75	0.002102	0.0008408	0.0005255
Augusta	10.0	0.0	0.0	0.0	0.00013253	0.0	50.0	20.0	12.5	0.00066265	0.00026506	0.0001656625
Nelson	2.0	0.0	0.0	0.0	0.00013481	0.0	10.0	4.0	2.5	0.00067405	0.00026962	0.0001685125
Henry	4.0	0.0	0.0	0.0	7.85e-05	0.0	20.0	8.0	5.0	0.0003925	0.000157	9.8125e-05
Chesterfield	128.0	0.0	0.0	0.0	0.00036723	0.0	640.0	256.0	160.0	0.00183615	0.00073446	0.0004590375
Nottoway	3.0	0.0	0.0	0.0	0.00019455	0.0	15.0	6.0	3.75	0.00097275	0.0003891	0.0002431875
Virginia Beach	200.0	1.0	0.0	0.0	0.00044426	2.22e-06	333.333333333	153.846153846	100.0	0.00074	0.000341538461538	0.000222
Gloucester	15.0	0.0	0.0	0.0	0.00040162	0.0	75.0	30.0	18.75	0.0020081	0.00080324	0.000502025
Charlotte	1.0	0.0	0.0	0.0	8.377e-05	0.0	5.0	2.0	1.25	0.00041885	0.00016754	0.0001047125
Alexandria	126.0	0.0	0.0	0.0	0.0007849	0.0	630.0	252.0	157.5	0.0039245	0.0015698	0.000981125
Buchanan	1.0	0.0	0.0	0.0	4.712e-05	0.0	5.0	2.0	1.25	0.0002356	9.424e-05	5.89e-05
Fredericksburg	8.0	0.0	0.0	0.0	0.0002745	0.0	40.0	16.0	10.0	0.0013725	0.000549	0.000343125
Stafford	49.0	0.0	0.0	0.0	0.00032675	0.0	245.0	98.0	61.25	0.00163375	0.0006535	0.0004084375
Roanoke City	12.0	0.0	0.0	0.0	N/A	N/A	60.0	24.0	15.0	N/A	N/A	N/A
Warren	6.0	0.0	0.0	0.0	0.00014999	0.0	30.0	12.0	7.5	0.00074995	0.00029998	0.0001874875
Winchester	14.0	0.0	0.0	0.0	0.00049808	0.0	70.0	28.0	17.5	0.0024904	0.00099616	0.0006226
Poquoson	4.0	0.0	0.0	0.0	0.00032814	0.0	20.0	8.0	5.0	0.0016407	0.00065628	0.000410175
Washington	10.0	0.0	0.0	0.0	0.00018382	0.0	50.0	20.0	12.5	0.0009191	0.00036764	0.000229775
Albemarle	38.0	0.0	0.0	0.0	0.00034953	0.0	190.0	76.0	47.5	0.00174765	0.00069906	0.0004369125
Petersburg	10.0	0.0	0.0	0.0	0.00031679	0.0	50.0	20.0	12.5	0.00158395	0.00063358	0.0003959875
Orange	7.0	0.0	0.0	0.0	0.00019103	0.0	35.0	14.0	8.75	0.00095515	0.00038206	0.0002387875
Norton	0.0	0.0	0.0	0.0	0.0	0.0	0.0	0.0	0.0	0.0	0.0	0.0
Caroline	4.0	0.0	0.0	0.0	0.00012999	0.0	20.0	8.0	5.0	0.00064995	0.00025998	0.0001624875
Smyth	3.0	0.0	0.0	0.0	9.845e-05	0.0	15.0	6.0	3.75	0.00049225	0.0001969	0.0001230625
Fauquier	18.0	0.0	0.0	0.0	0.00025469	0.0	90.0	36.0	22.5	0.00127345	0.00050938	0.0003183625
Lee	2.0	0.0	0.0	0.0	8.496e-05	0.0	10.0	4.0	2.5	0.0004248	0.00016992	0.0001062
Sussex	5.0	0.0	0.0	0.0	0.00044496	0.0	25.0	10.0	6.25	0.0022248	0.00088992	0.0005562
Spotsylvania	29.0	0.0	0.0	0.0	0.00021603	0.0	145.0	58.0	36.25	0.00108015	0.00043206	0.0002700375
Buckingham	6.0	0.0	0.0	0.0	0.00035296	0.0	30.0	12.0	7.5	0.0017648	0.00070592	0.0004412
Unassigned	0.0	50.0	0.0	0.0	N/A	N/A	16666.6666667	7692.30769231	5000.0	N/A	N/A	N/A
Fairfax City	0.0	0.0	0.0	0.0	N/A	N/A	0.0	0.0	0.0	N/A	N/A	N/A
Lynchburg	20.0	0.0	0.0	0.0	0.00024353	0.0	100.0	40.0	25.0	0.00121765	0.00048706	0.0003044125
Southampton	5.0	0.0	0.0	0.0	0.00028432	0.0	25.0	10.0	6.25	0.0014216	0.00056864	0.0003554
Henrico	267.0	2.0	0.0	0.0	0.00081091	6.07e-06	666.666666667	307.692307692	200.0	0.00202333333333	0.000933846153846	0.000607
Northumberland	3.0	0.0	0.0	0.0	0.00024697	0.0	15.0	6.0	3.75	0.00123485	0.00049394	0.0003087125
Greene	4.0	0.0	0.0	0.0	0.00020223	0.0	20.0	8.0	5.0	0.00101115	0.00040446	0.0002527875
Radford	1.0	0.0	0.0	0.0	5.453e-05	0.0	5.0	2.0	1.25	0.00027265	0.00010906	6.81625e-05
Isle of Wight	23.0	0.0	0.0	0.0	0.00062241	0.0	115.0	46.0	28.75	0.00311205	0.00124482	0.0007780125
King and Queen	1.0	0.0	0.0	0.0	0.00014201	0.0	5.0	2.0	1.25	0.00071005	0.00028402	0.0001775125
Franklin City	4.0	0.0	0.0	0.0	7.118e-05	0.0	20.0	8.0	5.0	0.0003559	0.00014236	8.8975e-05
Madison	4.0	0.0	0.0	0.0	0.00030086	0.0	20.0	8.0	5.0	0.0015043	0.00060172	0.000376075
Portsmouth	36.0	0.0	0.0	0.0	0.00038042	0.0	180.0	72.0	45.0	0.0019021	0.00076084	0.000475525
Newport News	57.0	1.0	0.0	0.0	0.0003191	5.6e-06	333.333333333	153.846153846	100.0	0.00186666666667	0.000861538461538	0.00056
Goochland	22.0	0.0	0.0	0.0	0.00094648	0.0	110.0	44.0	27.5	0.0047324	0.00189296	0.0011831
Loudoun	209.0	1.0	0.0	0.0	0.0005137	2.46e-06	333.333333333	153.846153846	100.0	0.00082	0.000378461538462	0.000246
Northampton	2.0	0.0	0.0	0.0	0.00017043	0.0	10.0	4.0	2.5	0.00085215	0.00034086	0.0002130375
Essex	0.0	0.0	0.0	0.0	0.0	0.0	0.0	0.0	0.0	0.0	0.0	0.0
Amherst	8.0	0.0	0.0	0.0	0.00025264	0.0	40.0	16.0	10.0	0.0012632	0.00050528	0.0003158
Rappahannock	1.0	0.0	0.0	0.0	0.00013789	0.0	5.0	2.0	1.25	0.00068945	0.00027578	0.0001723625
Grayson	0.0	0.0	0.0	0.0	0.0	0.0	0.0	0.0	0.0	0.0	0.0	0.0
Charles City	4.0	0.0	0.0	0.0	0.00057629	0.0	20.0	8.0	5.0	0.00288145	0.00115258	0.0007203625
Westmoreland	3.0	0.0	0.0	0.0	0.00016826	0.0	15.0	6.0	3.75	0.0008413	0.00033652	0.000210325
Richmond City	110.0	0.0	0.0	0.0	N/A	N/A	550.0	220.0	137.5	N/A	N/A	N/A
Emporia	2.0	0.0	0.0	0.0	0.00039055	0.0	10.0	4.0	2.5	0.00195275	0.0007811	0.0004881875
Bristol	1.0	0.0	0.0	0.0	6.067e-05	0.0	5.0	2.0	1.25	0.00030335	0.00012134	7.58375e-05
Clarke	2.0	0.0	0.0	0.0	0.00013771	0.0	10.0	4.0	2.5	0.00068855	0.00027542	0.0001721375
Richmond	2.0	0.0	0.0	0.0	0.00022129	0.0	10.0	4.0	2.5	0.00110645	0.00044258	0.0002766125
Wythe	3.0	0.0	0.0	0.0	0.00010433	0.0	15.0	6.0	3.75	0.00052165	0.00020866	0.0001304125
Appomattox	3.0	0.0	0.0	0.0	0.00018938	0.0	15.0	6.0	3.75	0.0009469	0.00037876	0.000236725
Buena Vista	4.0	0.0	0.0	0.0	0.00064133	0.0	20.0	8.0	5.0	0.00320665	0.00128266	0.0008016625
Accomack	11.0	0.0	0.0	0.0	0.00033938	0.0	55.0	22.0	13.75	0.0016969	0.00067876	0.000424225
New Kent	12.0	0.0	0.0	0.0	0.00053593	0.0	60.0	24.0	15.0	0.00267965	0.00107186	0.0006699125
Dinwiddie	1.0	0.0	0.0	0.0	3.505e-05	0.0	5.0	2.0	1.25	0.00017525	7.01e-05	4.38125e-05
Shenandoah	13.0	0.0	0.0	0.0	0.00029887	0.0	65.0	26.0	16.25	0.00149435	0.00059774	0.0003735875
Floyd	0.0	0.0	0.0	0.0	0.0	0.0	0.0	0.0	0.0	0.0	0.0	0.0
Pittsylvania	3.0	0.0	0.0	0.0	4.922e-05	0.0	15.0	6.0	3.75	0.0002461	9.844e-05	6.1525e-05
Lunenburg	2.0	0.0	0.0	0.0	0.00016548	0.0	10.0	4.0	2.5	0.0008274	0.00033096	0.00020685
Patrick	0.0	0.0	0.0	0.0	0.0	0.0	0.0	0.0	0.0	0.0	0.0	0.0
Greensville	5.0	0.0	0.0	0.0	0.00043003	0.0	25.0	10.0	6.25	0.00215015	0.00086006	0.0005375375
Fluvanna	9.0	0.0	0.0	0.0	0.00033603	0.0	45.0	18.0	11.25	0.00168015	0.00067206	0.0004200375
Falls Church	0.0	0.0	0.0	0.0	0.0	0.0	0.0	0.0	0.0	0.0	0.0	0.0
Highland	0.0	0.0	0.0	0.0	0.0	0.0	0.0	0.0	0.0	0.0	0.0	0.0
Fairfax	532.0	2.0	0.0	0.0	0.00046229	1.74e-06	666.666666667	307.692307692	200.0	0.00058	0.000267692307692	0.000174
Craig	2.0	0.0	0.0	0.0	0.00039494	0.0	10.0	4.0	2.5	0.0019747	0.00078988	0.000493675
Carroll	2.0	0.0	0.0	0.0	6.749e-05	0.0	10.0	4.0	2.5	0.00033745	0.00013498	8.43625e-05
Galax	1.0	0.0	0.0	0.0	0.00015569	0.0	5.0	2.0	1.25	0.00077845	0.00031138	0.0001946125
Bath	0.0	0.0	0.0	0.0	0.0	0.0	0.0	0.0	0.0	0.0	0.0	0.0
Salem	1.0	0.0	0.0	0.0	3.9e-05	0.0	5.0	2.0	1.25	0.000195	7.8e-05	4.875e-05
Botetourt	18.0	0.0	0.0	0.0	0.00054091	0.0	90.0	36.0	22.5	0.00270455	0.00108182	0.0006761375
Campbell	3.0	0.0	0.0	0.0	5.457e-05	0.0	15.0	6.0	3.75	0.00027285	0.00010914	6.82125e-05
Halifax	2.0	0.0	0.0	0.0	5.862e-05	0.0	10.0	4.0	2.5	0.0002931	0.00011724	7.3275e-05
Lancaster	1.0	0.0	0.0	0.0	9.274e-05	0.0	5.0	2.0	1.25	0.0004637	0.00018548	0.000115925
Louisa	14.0	0.0	0.0	0.0	0.00038066	0.0	70.0	28.0	17.5	0.0019033	0.00076132	0.000475825
Middlesex	0.0	0.0	0.0	0.0	0.0	0.0	0.0	0.0	0.0	0.0	0.0	0.0
Cumberland	6.0	0.0	0.0	0.0	0.00061168	0.0	30.0	12.0	7.5	0.0030584	0.00122336	0.0007646
Rockbridge	3.0	0.0	0.0	0.0	0.00013186	0.0	15.0	6.0	3.75	0.0006593	0.00026372	0.000164825
Pulaski	2.0	0.0	0.0	0.0	5.871e-05	0.0	10.0	4.0	2.5	0.00029355	0.00011742	7.33875e-05
Rockingham	16.0	0.0	0.0	0.0	0.00019694	0.0	80.0	32.0	20.0	0.0009847	0.00039388	0.000246175
Alleghany	2.0	0.0	0.0	0.0	0.00013414	0.0	10.0	4.0	2.5	0.0006707	0.00026828	0.000167675
Danville	15.0	0.0	0.0	0.0	0.00036861	0.0	75.0	30.0	18.75	0.00184305	0.00073722	0.0004607625
James City	119.0	2.0	0.0	0.0	0.00155765	2.618e-05	666.666666667	307.692307692	200.0	0.00872666666667	0.00402769230769	0.002618
Prince Edward	3.0	0.0	0.0	0.0	0.00013072	0.0	15.0	6.0	3.75	0.0006536	0.00026144	0.0001634
Staunton	1.0	0.0	0.0	0.0	4.013e-05	0.0	5.0	2.0	1.25	0.00020065	8.026e-05	5.01625e-05
Giles	2.0	0.0	0.0	0.0	0.00011874	0.0	10.0	4.0	2.5	0.0005937	0.00023748	0.000148425
Dickenson	0.0	0.0	0.0	0.0	0.0	0.0	0.0	0.0	0.0	0.0	0.0	0.0
Amelia	7.0	0.0	0.0	0.0	0.00053792	0.0	35.0	14.0	8.75	0.0026896	0.00107584	0.0006724
Prince George	21.0	0.0	0.0	0.0	0.00055144	0.0	105.0	42.0	26.25	0.0027572	0.00110288	0.0006893
Hanover	19.0	0.0	0.0	0.0	0.00017717	0.0	95.0	38.0	23.75	0.00088585	0.00035434	0.0002214625
Wise	3.0	0.0	0.0	0.0	7.892e-05	0.0	15.0	6.0	3.75	0.0003946	0.00015784	9.865e-05
Chesapeake	80.0	0.0	0.0	0.0	0.00032971	0.0	400.0	160.0	100.0	0.00164855	0.00065942	0.0004121375
Frederick	43.0	0.0	0.0	0.0	0.00048667	0.0	215.0	86.0	53.75	0.00243335	0.00097334	0.0006083375
Bland	0.0	0.0	0.0	0.0	0.0	0.0	0.0	0.0	0.0	0.0	0.0	0.0
Mathews	2.0	0.0	0.0	0.0	0.00022722	0.0	10.0	4.0	2.5	0.0011361	0.00045444	0.000284025
Manassas	20.0	0.0	0.0	0.0	0.0004803	0.0	100.0	40.0	25.0	0.0024015	0.0009606	0.000600375
Mecklenburg	12.0	0.0	0.0	0.0	0.00039152	0.0	60.0	24.0	15.0	0.0019576	0.00078304	0.0004894
Page	3.0	0.0	0.0	0.0	0.00012535	0.0	15.0	6.0	3.75	0.00062675	0.0002507	0.0001566875
Hampton	43.0	1.0	0.0	0.0	0.00032015	7.45e-06	333.333333333	153.846153846	100.0	0.00248333333333	0.00114615384615	0.000745
Surry	3.0	0.0	0.0	0.0	0.00046339	0.0	15.0	6.0	3.75	0.00231695	0.00092678	0.0005792375
Suffolk	30.0	0.0	0.0	0.0	0.000329	0.0	150.0	60.0	37.5	0.001645	0.000658	0.00041125
Scott	0.0	0.0	0.0	0.0	0.0	0.0	0.0	0.0	0.0	0.0	0.0	0.0
Colonial Heights	0.0	0.0	0.0	0.0	0.0	0.0	0.0	0.0	0.0	0.0	0.0	0.0
King William	2.0	0.0	0.0	0.0	0.00011807	0.0	10.0	4.0	2.5	0.00059035	0.00023614	0.0001475875
Franklin	11.0	0.0	0.0	0.0	0.00137277	0.0	55.0	22.0	13.75	0.00686385	0.00274554	0.0017159625
