Name	Predicted_New_Cases	Total_Predicted_New_Cases	Total_Predicted_Cases	Predicted_New_Deaths	Total_Predicted_New_Deaths	Total_Predicted_Deaths	Predicted_New_per_capita	Predicted_Total_New_per_capita	Predicted_Total_Cases_per_capita	Predicted_New_Deaths_per_capita	Total_Predicted_New_Deaths_per_capita	Total_Predicted_Deaths_per_capita
Cumberland	0.009	3.66	3.671	0.44	189.054	189.054	9.2e-07	0.00037313	0.00037425	4.486e-05	0.01927352	0.01927352
Floyd	0.004	1.773	1.781	0.0	0.104	0.142	2.5e-07	0.00011225	0.00011276	0.0	6.58e-06	8.99e-06
Greensville	0.053	22.695	24.348	0.003	0.925	5.853	4.56e-06	0.00195192	0.00209409	2.6e-07	7.956e-05	0.0005034
Brunswick	0.135	57.985	60.919	1.443	405.398	414.304	8.24e-06	0.00353912	0.0037182	8.807e-05	0.02474353	0.02528711
Prince Edward	0.123	52.693	53.901	0.002	0.647	3.806	5.36e-06	0.00229599	0.00234863	9e-08	2.819e-05	0.00016584
Poquoson	0.026	15.255	16.294	0.002	0.647	0.647	2.13e-06	0.00125144	0.00133667	1.6e-07	5.308e-05	5.308e-05
Montgomery	0.207	89.126	92.907	0.0	0.0	11.269	2.09e-06	0.0009004	0.0009386	0.0	0.0	0.00011385
Rappahannock	0.032	13.911	14.385	0.008	3.324	4.762	4.41e-06	0.00191823	0.00198359	1.1e-06	0.00045836	0.00065665
Page	0.009	4.6	6.625	0.008	2.728	8.876	3.8e-07	0.0001922	0.00027681	3.3e-07	0.00011398	0.00037087
Bath	0.01	4.457	4.653	0.0	0.0	0.0	2.33e-06	0.00103844	0.00108411	0.0	0.0	0.0
Caroline	0.058	26.161	28.131	0.0	0.0	5.997	1.88e-06	0.00085016	0.00091418	0.0	0.0	0.00019488
Russell	0.168	64.173	66.104	1.246	298.513	303.735	6.28e-06	0.00239917	0.00247136	4.658e-05	0.0111602	0.01135543
Radford	0.027	10.532	10.712	1.246	298.513	298.513	1.47e-06	0.0005743	0.00058411	6.794e-05	0.0162775	0.0162775
Appomattox	0.041	19.601	20.662	1.246	298.513	298.513	2.59e-06	0.00123736	0.00130434	7.866e-05	0.01884433	0.01884433
Falls Church	0.008	3.642	3.764	0.0	0.815	1.184	5.4e-07	0.00024655	0.00025481	0.0	5.517e-05	8.015e-05
Sussex	0.178	76.497	79.4	0.003	0.914	9.728	1.584e-05	0.0068076	0.00706594	2.7e-07	8.134e-05	0.00086571
Chesapeake	3.368	1446.864	1503.418	1.57	143.633	315.317	1.388e-05	0.00596315	0.00619624	6.47e-06	0.00059197	0.00129956
Middlesex	0.021	9.318	9.838	0.031	13.367	14.903	1.95e-06	0.00086526	0.00091355	2.88e-06	0.00124125	0.00138388
Manassas	0.039	16.932	23.23	0.0	0.028	19.147	9.4e-07	0.00040662	0.00055786	0.0	6.7e-07	0.00045981
Frederick	0.221	95.025	101.989	0.0	0.0	20.56	2.5e-06	0.00107549	0.00115431	0.0	0.0	0.0002327
Lee	0.292	125.552	131.824	0.0	0.0	0.0	1.24e-05	0.00533333	0.00559976	0.0	0.0	0.0
Louisa	0.001	11.001	12.42	0.0	0.0	4.548	3e-08	0.00029912	0.0003377	0.0	0.0	0.00012366
Washington	0.239	102.674	106.65	0.0	0.0	11.928	4.39e-06	0.00188732	0.00196041	0.0	0.0	0.00021926
Richmond	0.001	13.306	14.696	0.0	0.0	3.932	1.1e-07	0.00147223	0.00162602	0.0	0.0	0.00043505
Patrick	0.425	162.198	167.676	0.068	16.342	29.883	2.405e-05	0.00917773	0.00948769	3.85e-06	0.00092469	0.00169088
Bedford	0.304	130.749	137.919	0.003	0.914	20.738	3.86e-06	0.00166037	0.00175142	4e-08	1.161e-05	0.00026335
Norfolk	3.231	1544.023	1622.138	0.0	0.537	241.463	1.324e-05	0.00632599	0.00664604	0.0	2.2e-06	0.00098929
Emporia	0.026	11.085	12.063	0.003	1.333	4.302	5.08e-06	0.00216462	0.00235559	5.9e-07	0.0002603	0.00084007
Surry	0.055	26.491	28.277	0.006	1.862	7.07	8.5e-06	0.00409191	0.00436778	9.3e-07	0.00028761	0.00109206
Colonial Heights	0.024	10.332	11.536	0.013	3.78	7.185	1.35e-06	0.00057938	0.00064689	7.3e-07	0.00021197	0.0004029
Martinsville	0.0	18.659	21.506	0.0	2.686	11.328	0.0	0.00144621	0.00166687	0.0	0.00020818	0.000878
Fredericksburg	0.172	73.79	77.291	1.402	393.803	403.483	5.9e-06	0.00253191	0.00265204	4.811e-05	0.01351232	0.01384446
Pulaski	0.055	23.796	24.431	0.0	0.041	2.14	1.61e-06	0.00069853	0.00071717	0.0	1.2e-06	6.282e-05
Chesterfield	1.31	562.638	599.803	0.013	5.544	118.368	3.76e-06	0.0016142	0.00172082	4e-08	1.591e-05	0.0003396
Roanoke City	0.428	183.918	194.566	0.0	0.0	31.734	N/A	N/A	N/A	N/A	N/A	N/A
Northumberland	0.0	2.464	3.394	0.001	0.443	3.333	0.0	0.00020285	0.00027941	8e-08	3.647e-05	0.00027439
Halifax	0.125	53.715	56.132	1.157	324.89	332.226	3.66e-06	0.0015743	0.00164513	3.391e-05	0.00952198	0.00973699
Covington	0.027	10.074	10.325	1.157	324.89	324.89	4.95e-06	0.00184505	0.00189103	0.0002119	0.05950366	0.05950366
Lexington	0.031	13.493	14.132	1.157	324.89	324.89	4.34e-06	0.00189084	0.00198038	0.00016214	0.04552831	0.04552831
Gloucester	0.058	71.485	76.386	0.001	0.418	15.221	1.55e-06	0.00191397	0.0020452	3e-08	1.119e-05	0.00040753
Grayson	0.089	38.022	39.914	0.0	0.0	5.677	5.69e-06	0.00243247	0.00255352	0.0	0.0	0.00036319
Alleghany	0.0	0.059	0.317	0.0	0.127	0.981	0.0	3.96e-06	2.126e-05	0.0	8.52e-06	6.579e-05
Prince George	0.16	68.528	71.54	0.0	0.0	9.144	4.2e-06	0.00179949	0.00187858	0.0	0.0	0.00024011
Fairfax	0.042	18.257	83.626	0.014	6.088	202.207	4e-08	1.586e-05	7.267e-05	1e-08	5.29e-06	0.00017571
Henry	0.222	95.491	100.698	0.0	0.0	15.806	4.36e-06	0.0018741	0.00197629	0.0	0.0	0.00031021
Botetourt	0.053	22.715	23.563	0.0	0.158	2.732	1.59e-06	0.0006826	0.00070809	0.0	4.75e-06	8.21e-05
Bristol	0.149	63.866	66.84	0.0	0.158	0.158	9.04e-06	0.00387489	0.00405533	0.0	9.59e-06	9.59e-06
Amherst	0.21	90.228	93.964	1.85	519.684	530.819	6.63e-06	0.00284937	0.00296735	5.842e-05	0.01641142	0.01676306
Accomack	0.083	65.03	66.634	0.003	1.047	5.916	2.56e-06	0.00200636	0.00205584	9e-08	3.23e-05	0.00018252
Madison	0.019	8.329	8.446	0.0	0.056	0.505	1.43e-06	0.00062648	0.00063528	0.0	4.21e-06	3.798e-05
Mathews	0.022	9.591	10.066	0.0	0.056	0.056	2.5e-06	0.00108964	0.0011436	0.0	6.36e-06	6.36e-06
Staunton	0.112	48.03	50.194	0.0	0.056	0.056	4.49e-06	0.00192721	0.00201404	0.0	2.25e-06	2.25e-06
Waynesboro	0.123	52.668	55.658	1.292	362.936	372.014	5.44e-06	0.00232756	0.0024597	5.71e-05	0.01603924	0.01644043
Manassas Park	0.0	7.414	9.309	0.0	0.087	5.84	0.0	0.00042838	0.00053787	0.0	5.03e-06	0.00033744
Tazewell	0.187	80.224	83.704	0.0	0.087	0.087	4.58e-06	0.00196363	0.00204881	0.0	2.13e-06	2.13e-06
Harrisonburg	0.1	43.099	45.396	0.018	5.008	12.025	1.85e-06	0.00079764	0.00084015	3.3e-07	9.268e-05	0.00022255
Buchanan	0.057	24.342	25.828	0.018	5.008	5.008	2.69e-06	0.00114707	0.0012171	8.5e-07	0.00023599	0.00023599
Rockbridge	0.106	45.41	46.979	0.018	5.008	5.008	4.66e-06	0.00199587	0.00206483	7.9e-07	0.00022011	0.00022011
Scott	0.089	38.32	39.893	0.03	8.434	13.222	4.13e-06	0.00177951	0.00185256	1.39e-06	0.00039166	0.00061401
Augusta	0.059	25.377	27.23	0.033	9.341	14.983	7.8e-07	0.00033631	0.00036087	4.4e-07	0.00012379	0.00019856
Stafford	0.252	108.049	117.512	0.028	7.752	36.335	1.68e-06	0.00072052	0.00078362	1.9e-07	5.169e-05	0.0002423
Isle of Wight	0.0	52.674	59.246	0.0	0.0	19.95	0.0	0.00142543	0.00160328	0.0	0.0	0.00053987
Roanoke	0.223	96.014	101.927	0.003	0.914	18.153	2.37e-06	0.00102063	0.00108349	3e-08	9.72e-06	0.00019297
Northampton	0.055	23.702	26.484	0.017	4.76	11.895	4.69e-06	0.00201977	0.00225684	1.45e-06	0.00040562	0.00101363
Loudoun	0.451	193.759	220.181	0.0	0.744	83.165	1.11e-06	0.00047624	0.00054118	0.0	1.83e-06	0.00020441
Charlotte	0.048	20.759	21.987	0.0	0.744	0.744	4.02e-06	0.0017389	0.00184177	0.0	6.232e-05	6.232e-05
Amelia	0.047	20.014	20.53	0.039	16.64	18.307	3.61e-06	0.001538	0.00157765	3e-06	0.00127872	0.00140682
New Kent	0.023	37.649	40.557	0.353	179.794	188.621	1.03e-06	0.00168143	0.00181131	1.577e-05	0.00802974	0.00842396
Clarke	0.0	0.815	1.141	0.353	179.794	179.794	0.0	5.612e-05	7.857e-05	2.431e-05	0.01237995	0.01237995
Spotsylvania	0.061	100.619	113.367	0.0	0.206	38.906	4.5e-07	0.00074956	0.00084452	0.0	1.53e-06	0.00028983
Henrico	1.592	683.886	714.504	0.002	2.376	92.772	4.84e-06	0.00207703	0.00217002	1e-08	7.22e-06	0.00028176
Goochland	0.016	7.084	7.967	0.221	20.237	23.014	6.9e-07	0.00030477	0.00034276	9.51e-06	0.00087063	0.0009901
Unassigned	0.031	13.472	15.932	0.65	182.421	189.889	N/A	N/A	N/A	N/A	N/A	N/A
Dickenson	0.072	23.7	24.069	0.65	182.421	182.421	4.96e-06	0.00163189	0.0016573	4.476e-05	0.01256083	0.01256083
Danville	0.449	202.718	212.61	0.01	2.887	32.918	1.103e-05	0.00498164	0.00522473	2.5e-07	7.095e-05	0.00080894
Essex	0.0	0.513	1.198	0.064	27.517	29.62	0.0	4.698e-05	0.00010972	5.86e-06	0.0025201	0.0027127
Arlington	0.05	21.582	31.903	0.083	23.391	55.727	2.1e-07	9.086e-05	0.00013432	3.5e-07	9.848e-05	0.00023462
Rockingham	0.048	20.762	24.997	0.002	0.459	13.453	5.9e-07	0.00025555	0.00030768	2e-08	5.65e-06	0.00016559
Bland	0.0	0.494	0.85	0.002	0.459	0.459	0.0	7.85e-05	0.00013507	3.2e-07	7.294e-05	7.294e-05
Highland	0.0	0.0	3.0	0.002	0.459	0.459	0.0	0.0	0.00135747	9e-07	0.00020769	0.00020769
Salem	0.072	31.084	32.437	0.25	70.293	74.664	2.81e-06	0.00121218	0.00126495	9.75e-06	0.00274122	0.00291167
Alexandria	0.598	256.699	278.753	1.302	119.107	182.356	3.73e-06	0.00159907	0.00173645	8.11e-06	0.00074196	0.00113596
Fluvanna	0.088	37.929	40.002	0.002	0.431	6.55	3.29e-06	0.00141616	0.00149356	7e-08	1.609e-05	0.00024456
Franklin	0.14	59.997	64.056	0.0	0.0	10.408	1.747e-05	0.00748746	0.00799401	0.0	0.0	0.00129889
Lynchburg	0.638	274.185	286.935	0.003	0.914	39.168	7.77e-06	0.00333859	0.00349384	4e-08	1.113e-05	0.00047693
Portsmouth	2.136	917.609	958.078	0.0	0.26	123.113	2.257e-05	0.0096966	0.01012425	0.0	2.75e-06	0.00130097
King George	0.044	19.062	19.999	0.0	0.158	2.736	1.66e-06	0.00071729	0.00075255	0.0	5.95e-06	0.00010295
Craig	0.026	9.083	9.147	0.0	0.158	0.158	5.13e-06	0.00179364	0.00180628	0.0	3.12e-05	3.12e-05
King and Queen	0.01	4.456	4.613	0.0	0.052	0.56	1.42e-06	0.00063277	0.00065507	0.0	7.38e-06	7.952e-05
Hampton	1.189	536.62	562.785	0.0	0.0	79.431	8.85e-06	0.00399529	0.0041901	0.0	0.0	0.00059139
Greene	0.235	101.068	105.565	0.0	0.0	11.668	1.188e-05	0.00510986	0.00533723	0.0	0.0	0.00058992
Norton	0.041	17.511	18.408	0.0	0.0	0.0	1.033e-05	0.00441305	0.00463911	0.0	0.0	0.0
Giles	0.009	3.77	3.805	0.0	0.0	0.0	5.3e-07	0.00022382	0.0002259	0.0	0.0	0.0
Hopewell	0.0	15.245	17.402	0.0	0.0	6.972	0.0	0.00067468	0.00077014	0.0	0.0	0.00030855
Campbell	0.23	98.993	102.757	0.003	0.914	11.272	4.18e-06	0.00180076	0.00186923	5e-08	1.663e-05	0.00020505
Lancaster	0.036	14.37	14.661	0.003	0.914	0.914	3.34e-06	0.00133265	0.00135964	2.8e-07	8.476e-05	8.476e-05
Westmoreland	0.017	7.509	7.783	0.0	0.129	0.96	9.5e-07	0.00042114	0.00043651	0.0	7.23e-06	5.384e-05
Petersburg	0.158	67.708	71.333	0.008	2.28	13.669	5.01e-06	0.0021449	0.00225973	2.5e-07	7.223e-05	0.00043302
Wise	0.088	37.75	39.219	0.0	0.0	4.459	2.32e-06	0.00099311	0.00103175	0.0	0.0	0.00011731
Wythe	0.154	66.252	69.76	0.052	14.584	24.238	5.36e-06	0.0023041	0.0024261	1.81e-06	0.0005072	0.00084294
Buena Vista	0.102	43.888	45.679	0.052	14.584	14.584	1.635e-05	0.00703672	0.00732387	8.34e-06	0.0023383	0.0023383
Charlottesville	0.507	217.818	227.232	0.015	4.102	32.681	1.054e-05	0.00452684	0.00472249	3.1e-07	8.525e-05	0.0006792
Dinwiddie	0.088	37.737	39.067	0.006	1.824	5.861	3.08e-06	0.00132276	0.00136938	2.1e-07	6.393e-05	0.00020544
Carroll	0.099	42.404	44.829	0.005	1.504	9.102	3.34e-06	0.00143083	0.00151265	1.7e-07	5.075e-05	0.00030713
Galax	0.097	41.484	43.581	0.008	2.204	8.537	1.51e-05	0.00645866	0.00678515	1.25e-06	0.00034314	0.00132913
Hanover	0.259	111.412	117.201	0.01	2.834	20.409	2.42e-06	0.00103891	0.0010929	9e-08	2.643e-05	0.00019031
Charles City	0.0	0.129	0.533	0.0	0.199	1.426	0.0	1.859e-05	7.679e-05	0.0	2.867e-05	0.00020545
Franklin City	0.111	47.586	49.75	0.011	3.19	9.76	1.98e-06	0.0008468	0.00088531	2e-07	5.677e-05	0.00017368
Pittsylvania	0.048	116.723	124.964	0.0	0.0	25.017	7.9e-07	0.00191509	0.0020503	0.0	0.0	0.00041046
Lunenburg	0.027	11.604	12.227	0.0	0.063	0.063	2.23e-06	0.00096012	0.00101167	0.0	5.21e-06	5.21e-06
Mecklenburg	0.061	26.215	28.623	0.018	4.942	12.252	1.99e-06	0.0008553	0.00093387	5.9e-07	0.00016124	0.00039974
Williamsburg	0.046	20.597	21.871	0.001	0.418	4.402	3.09e-06	0.00138272	0.00146825	7e-08	2.806e-05	0.00029552
Fairfax City	0.001	0.431	0.535	0.002	0.741	1.058	N/A	N/A	N/A	N/A	N/A	N/A
Smyth	0.151	64.696	67.181	0.03	8.434	16.718	4.96e-06	0.00212313	0.00220468	9.8e-07	0.00027678	0.00054863
Southampton	0.139	59.611	62.227	0.005	1.356	9.299	7.9e-06	0.00338968	0.00353844	2.8e-07	7.711e-05	0.00052877
Suffolk	1.323	568.568	594.234	0.009	3.991	80.993	1.451e-05	0.00623532	0.0065168	1e-07	4.377e-05	0.00088823
Powhatan	0.05	21.413	22.504	0.014	3.945	7.257	1.71e-06	0.0007336	0.00077098	4.8e-07	0.00013515	0.00024862
Richmond City	0.379	220.202	243.238	0.01	4.103	74.034	N/A	N/A	N/A	N/A	N/A	N/A
York	0.359	171.538	180.387	0.0	0.0	26.864	5.29e-06	0.00252834	0.00265877	0.0	0.0	0.00039596
Albemarle	0.544	233.772	247.06	0.0	0.0	38.109	5e-06	0.00215026	0.00227248	0.0	0.0	0.00035053
Orange	0.012	30.064	32.824	0.0	0.0	8.378	3.3e-07	0.00082043	0.00089575	0.0	0.0	0.00022863
Prince William	0.786	337.743	381.651	0.022	11.103	145.834	1.68e-06	0.00072166	0.00081547	5e-08	2.372e-05	0.0003116
Virginia Beach	6.978	2997.858	3116.081	0.05	21.402	376.093	1.55e-05	0.00665911	0.00692172	1.1e-07	4.754e-05	0.00083541
King William	0.056	23.991	25.317	0.0	0.0	3.916	3.31e-06	0.00141632	0.0014946	0.0	0.0	0.00023118
Nelson	0.029	12.363	12.85	0.0	0.0	0.0	1.95e-06	0.00083331	0.00086614	0.0	0.0	0.0
