Name	Predicted_New_Cases	Total_Predicted_New_Cases	Total_Predicted_Cases	Predicted_New_Deaths	Total_Predicted_New_Deaths	Total_Predicted_Deaths	Predicted_New_per_capita	Predicted_Total_New_per_capita	Predicted_Total_Cases_per_capita	Predicted_New_Deaths_per_capita	Total_Predicted_New_Deaths_per_capita	Total_Predicted_Deaths_per_capita
Cumberland	0.0	0.066	60.066	3.957	78.598	78.598	0.0	6.73e-06	0.00612356	0.00040341	0.00801285	0.00801285
Floyd	0.0	0.06	29.06	0.0	0.0	1.0	0.0	3.8e-06	0.00183982	0.0	0.0	6.331e-05
Greensville	1.334	21.528	427.528	0.0	0.0	9.0	0.00011473	0.00185155	0.03677028	0.0	0.0	0.00077406
Brunswick	2.224	37.062	216.062	0.0	0.0	1.0	0.00013574	0.00226208	0.01318738	0.0	0.0	6.104e-05
Prince Edward	3.381	29.167	287.167	0.0	0.0	6.0	0.00014732	0.00127089	0.01251272	0.0	0.0	0.00026144
Poquoson	0.838	13.529	46.529	0.0	0.0	0.0	6.874e-05	0.00110984	0.00381698	0.0	0.0	0.0
Winchester	1.031	22.869	412.869	0.002	0.045	4.045	3.668e-05	0.00081361	0.01468867	7e-08	1.6e-06	0.00014391
Montgomery	3.051	49.232	306.232	0.0	0.0	3.0	3.082e-05	0.00049737	0.00309372	0.0	0.0	3.031e-05
Rappahannock	0.359	5.986	44.986	0.741	12.353	14.353	4.95e-05	0.00082543	0.00620325	0.00010218	0.00170339	0.00197918
Page	1.535	25.584	354.584	0.181	2.363	26.363	6.414e-05	0.00106898	0.01481569	7.56e-06	9.873e-05	0.00110153
Fauquier	4.267	71.103	638.103	0.0	0.0	8.0	6.037e-05	0.00100606	0.00902869	0.0	0.0	0.00011319
Bath	0.148	2.472	5.472	0.0	0.0	0.0	3.448e-05	0.00057596	0.00127493	0.0	0.0	0.0
Caroline	1.463	24.687	195.687	0.0	0.0	4.0	4.754e-05	0.00080226	0.00635926	0.0	0.0	0.00012999
Nottoway	0.847	24.017	183.017	0.019	0.429	6.429	5.493e-05	0.00155752	0.01186881	1.23e-06	2.782e-05	0.00041693
Russell	3.624	38.648	88.648	0.0	0.0	1.0	0.00013549	0.00144489	0.00331419	0.0	0.0	3.739e-05
Radford	0.004	1.057	26.057	0.0	0.0	0.0	2.2e-07	5.764e-05	0.00142085	0.0	0.0	0.0
Appomattox	0.804	13.395	74.395	0.0	0.0	0.0	5.075e-05	0.00084559	0.00469636	0.0	0.0	0.0
Falls Church	0.092	1.538	56.538	0.248	3.237	9.237	6.23e-06	0.00010412	0.00382738	1.679e-05	0.00021913	0.0006253
Sussex	2.201	36.677	300.677	0.0	0.0	7.0	0.00019587	0.00326395	0.02675776	0.0	0.0	0.00062294
Chesapeake	42.87	714.417	2960.417	0.054	0.702	25.702	0.00017669	0.00294442	0.01220116	2.2e-07	2.89e-06	0.00010593
Middlesex	0.432	6.88	28.88	0.0	0.0	1.0	4.012e-05	0.00063887	0.00268177	0.0	0.0	9.286e-05
Manassas	4.774	79.557	1654.557	0.12	1.574	21.574	0.00011465	0.00191054	0.03973384	2.88e-06	3.78e-05	0.0005181
Frederick	5.779	92.075	731.075	0.01	0.11	7.11	6.541e-05	0.0010421	0.00827429	1.1e-07	1.24e-06	8.047e-05
Lee	13.015	131.161	209.161	0.01	0.11	0.11	0.00055287	0.0055716	0.00888497	4.2e-07	4.67e-06	4.67e-06
Louisa	0.694	15.152	180.152	0.0	0.0	2.0	1.887e-05	0.00041199	0.00489836	0.0	0.0	5.438e-05
Washington	3.133	51.075	197.075	0.0	0.0	4.0	5.759e-05	0.00093884	0.00362257	0.0	0.0	7.353e-05
Richmond	1.35	19.935	335.935	0.015	0.135	4.135	0.00014937	0.00220569	0.03716917	1.66e-06	1.494e-05	0.00045751
Patrick	32.259	200.27	299.27	2.132	14.012	17.012	0.00182533	0.01133198	0.01693374	0.00012064	0.00079285	0.0009626
Bedford	10.094	126.029	362.029	0.0	0.0	4.0	0.00012818	0.00160043	0.00459737	0.0	0.0	5.08e-05
Norfolk	52.953	957.795	3736.795	0.153	2.436	22.436	0.00021695	0.00392417	0.01530996	6.3e-07	9.98e-06	9.192e-05
Culpeper	2.531	50.276	976.276	0.0	0.0	12.0	4.881e-05	0.00096947	0.01882558	0.0	0.0	0.0002314
Emporia	0.741	12.353	173.353	0.0	0.0	15.0	0.0001447	0.00241222	0.0338514	0.0	0.0	0.00292912
Surry	1.541	24.092	59.092	0.0	0.0	1.0	0.00023803	0.00372135	0.00912759	0.0	0.0	0.00015446
Colonial Heights	1.169	17.262	190.262	0.0	0.0	20.0	6.555e-05	0.00096798	0.0106691	0.0	0.0	0.00112152
Martinsville	2.158	35.963	184.963	0.397	2.464	4.464	0.00016726	0.0027874	0.01433599	3.077e-05	0.00019098	0.00034599
Fredericksburg	4.929	61.534	390.534	0.0	0.0	2.0	0.00016913	0.00211138	0.01340015	0.0	0.0	6.862e-05
Pulaski	0.109	5.726	76.726	0.0	0.0	2.0	3.2e-06	0.00016809	0.00225227	0.0	0.0	5.871e-05
Chesterfield	28.173	469.49	4235.49	0.002	0.602	66.602	8.083e-05	0.00134696	0.01215153	1e-08	1.73e-06	0.00019108
Roanoke City	8.591	138.635	875.635	0.0	0.0	10.0	N/A	N/A	N/A	N/A	N/A	N/A
Northumberland	0.556	10.803	69.803	0.0	0.0	1.0	4.577e-05	0.00088936	0.00574652	0.0	0.0	8.232e-05
Halifax	1.832	30.527	153.527	0.0	0.0	1.0	5.369e-05	0.0008947	0.00449962	0.0	0.0	2.931e-05
Covington	0.179	3.117	13.117	0.0	0.0	0.0	3.278e-05	0.00057088	0.00240238	0.0	0.0	0.0
Lexington	0.484	8.07	36.07	0.0	0.0	0.0	6.783e-05	0.00113089	0.00505465	0.0	0.0	0.0
Gloucester	3.787	62.393	194.393	0.0	0.0	1.0	0.00010139	0.00167054	0.00520477	0.0	0.0	2.677e-05
Grayson	1.491	24.308	144.308	0.0	0.0	4.0	9.539e-05	0.00155511	0.00923217	0.0	0.0	0.0002559
Alleghany	0.045	2.332	59.332	0.0	0.0	2.0	3.02e-06	0.00015641	0.00397934	0.0	0.0	0.00013414
Prince George	2.283	38.05	357.05	0.0	0.0	2.0	5.995e-05	0.00099916	0.00937582	0.0	0.0	5.252e-05
Fairfax	51.506	839.781	16294.781	0.603	10.047	527.047	4.476e-05	0.00072974	0.01415959	5.2e-07	8.73e-06	0.00045799
Henry	3.947	65.774	499.774	0.0	0.0	5.0	7.746e-05	0.00129088	0.00980853	0.0	0.0	9.813e-05
Botetourt	0.642	10.708	189.708	0.0	0.0	4.0	1.929e-05	0.00032178	0.00570087	0.0	0.0	0.0001202
Bristol	4.187	52.281	93.281	0.0	0.0	0.0	0.00025403	0.00317201	0.00565957	0.0	0.0	0.0
Amherst	3.014	48.643	136.643	0.0	0.0	1.0	9.518e-05	0.00153613	0.00431513	0.0	0.0	3.158e-05
Accomack	1.216	20.262	1085.262	0.12	1.574	16.574	3.752e-05	0.00062514	0.03348334	3.7e-06	4.856e-05	0.00051135
Madison	0.003	0.69	56.69	0.0	0.0	1.0	2.3e-07	5.19e-05	0.00426401	0.0	0.0	7.522e-05
Mathews	0.431	6.567	17.567	0.0	0.0	0.0	4.897e-05	0.00074608	0.0019958	0.0	0.0	0.0
Staunton	1.641	27.341	162.341	0.0	0.0	0.0	6.585e-05	0.00109706	0.00651396	0.0	0.0	0.0
Waynesboro	2.267	37.773	201.773	0.0	0.0	2.0	0.00010019	0.0016693	0.00891696	0.0	0.0	8.839e-05
Manassas Park	1.436	23.937	509.937	0.067	0.876	7.876	8.297e-05	0.00138308	0.02946421	3.87e-06	5.062e-05	0.00045508
Tazewell	3.158	48.114	116.114	0.067	0.876	0.876	7.73e-05	0.00117768	0.0028421	1.64e-06	2.144e-05	2.144e-05
Harrisonburg	1.671	28.607	1056.607	0.005	0.078	29.078	3.093e-05	0.00052944	0.01955485	9e-08	1.44e-06	0.00053815
Buchanan	1.127	18.778	82.778	0.005	0.078	0.078	5.311e-05	0.00088488	0.00390076	2.4e-07	3.68e-06	3.68e-06
Rockbridge	1.189	19.82	81.82	0.005	0.078	0.078	5.226e-05	0.00087113	0.00359617	2.2e-07	3.43e-06	3.43e-06
Scott	1.168	19.708	59.708	0.715	4.439	7.439	5.424e-05	0.0009152	0.00277273	3.32e-05	0.00020614	0.00034545
Augusta	1.376	23.225	266.225	0.715	4.439	7.439	1.824e-05	0.00030779	0.00352817	9.48e-06	5.883e-05	9.859e-05
Stafford	7.312	120.476	1322.476	0.2	2.499	9.499	4.876e-05	0.00080339	0.00881886	1.33e-06	1.666e-05	6.334e-05
Isle of Wight	4.982	83.017	398.017	0.0	0.0	9.0	0.00013482	0.00224656	0.0107709	0.0	0.0	0.00024355
Roanoke	5.101	79.754	484.754	0.0	0.0	6.0	5.422e-05	0.00084779	0.00515296	0.0	0.0	6.378e-05
Northampton	12.745	89.998	386.998	0.0	0.0	28.0	0.00108607	0.00766919	0.0329781	0.0	0.0	0.00238602
Loudoun	15.589	305.501	5219.501	0.465	7.744	113.744	3.832e-05	0.00075089	0.01282905	1.14e-06	1.903e-05	0.00027957
Charlotte	7.23	44.887	90.887	0.465	7.744	7.744	0.00060563	0.00376001	0.00761325	3.895e-05	0.00064868	0.00064868
Amelia	0.23	5.504	71.504	0.0	0.0	1.0	1.767e-05	0.00042296	0.00549481	0.0	0.0	7.685e-05
New Kent	2.204	36.732	144.732	0.0	0.0	1.0	9.843e-05	0.00164048	0.00646385	0.0	0.0	4.466e-05
Clarke	0.247	4.115	68.115	0.0	0.0	0.0	1.701e-05	0.00028334	0.00469015	0.0	0.0	0.0
Spotsylvania	9.663	161.036	1405.036	0.181	2.363	35.363	7.198e-05	0.00119963	0.01046675	1.35e-06	1.76e-05	0.00026344
Henrico	25.41	404.831	3775.831	0.292	4.706	182.706	7.717e-05	0.00122951	0.01146759	8.9e-07	1.429e-05	0.0005549
Goochland	0.495	10.016	157.016	0.0	0.0	6.0	2.13e-05	0.00043091	0.00675512	0.0	0.0	0.00025813
Unassigned	1.865	31.076	171.076	0.0	0.0	0.0	N/A	N/A	N/A	N/A	N/A	N/A
Dickenson	0.209	4.205	20.205	0.0	0.0	0.0	1.439e-05	0.00028954	0.00139124	0.0	0.0	0.0
Shenandoah	0.056	13.356	673.356	0.09	3.288	43.288	1.29e-06	0.00030706	0.01548052	2.07e-06	7.559e-05	0.0009952
Danville	7.499	124.963	393.963	0.112	1.868	4.868	0.00018428	0.00307087	0.00968135	2.75e-06	4.59e-05	0.00011963
Essex	0.49	8.506	81.506	0.0	0.0	1.0	4.488e-05	0.00077901	0.0074646	0.0	0.0	9.158e-05
Arlington	5.959	118.342	2941.342	0.0	0.124	135.124	2.509e-05	0.00049824	0.0123835	0.0	5.2e-07	0.00056889
James City	8.474	141.215	651.215	0.0	0.0	16.0	0.00011092	0.00184844	0.00852409	0.0	0.0	0.00020943
Rockingham	3.027	52.555	912.555	0.088	1.3	17.3	3.726e-05	0.00064688	0.01123228	1.08e-06	1.6e-05	0.00021294
Bland	0.27	4.501	11.501	0.088	1.3	1.3	4.29e-05	0.00071524	0.00182759	1.398e-05	0.00020658	0.00020658
Highland	0.0	0.0	3.0	0.088	1.3	1.3	0.0	0.0	0.00135747	3.982e-05	0.00058824	0.00058824
Salem	0.582	14.408	142.408	0.0	0.0	3.0	2.27e-05	0.00056187	0.00555348	0.0	0.0	0.00011699
Alexandria	20.014	304.929	3039.929	0.0	0.094	57.094	0.00012467	0.00189951	0.01893683	0.0	5.9e-07	0.00035566
Fluvanna	1.72	27.404	192.404	0.0	0.0	8.0	6.422e-05	0.00102319	0.00718381	0.0	0.0	0.0002987
Franklin	18.592	131.289	272.289	0.0	0.0	1.0	0.00232023	0.0163845	0.03398091	0.0	0.0	0.0001248
Newport News	37.114	618.501	2092.501	0.656	8.573	23.573	0.00020777	0.00346255	0.01171443	3.67e-06	4.799e-05	0.00013197
Lynchburg	10.047	163.804	517.804	0.0	0.0	1.0	0.00012234	0.00199454	0.00630499	0.0	0.0	1.218e-05
Portsmouth	30.676	511.215	1802.215	0.315	4.113	25.113	0.00032416	0.00540214	0.01904446	3.33e-06	4.346e-05	0.00026538
King George	1.452	17.24	135.24	0.0	0.0	4.0	5.464e-05	0.00064873	0.00508899	0.0	0.0	0.00015052
Craig	0.002	0.393	14.393	0.0	0.0	0.0	3.9e-07	7.761e-05	0.00284222	0.0	0.0	0.0
King and Queen	0.077	1.713	35.713	0.0	0.0	1.0	1.093e-05	0.00024325	0.00507143	0.0	0.0	0.00014201
Hampton	19.834	330.527	1246.527	0.0	0.0	4.0	0.00014767	0.00246087	0.00928076	0.0	0.0	2.978e-05
Greene	13.716	113.88	247.88	0.0	0.0	2.0	0.00069346	0.00575762	0.01253248	0.0	0.0	0.00010112
Norton	5.284	32.802	42.802	0.0	0.0	0.0	0.00133165	0.00826663	0.01078679	0.0	0.0	0.0
Giles	0.026	0.439	20.439	0.0	0.0	0.0	1.54e-06	2.606e-05	0.00121343	0.0	0.0	0.0
Hopewell	1.064	23.669	271.669	0.0	0.0	5.0	4.709e-05	0.00104749	0.01202288	0.0	0.0	0.00022128
Campbell	5.832	69.248	186.248	0.0	0.0	1.0	0.00010609	0.00125967	0.00338799	0.0	0.0	1.819e-05
Lancaster	0.221	3.679	31.679	0.0	0.0	0.0	2.05e-05	0.00034119	0.00293787	0.0	0.0	0.0
Westmoreland	0.208	3.459	194.459	0.0	0.0	2.0	1.167e-05	0.000194	0.01090628	0.0	0.0	0.00011217
Petersburg	2.053	41.264	445.264	0.003	0.05	9.05	6.504e-05	0.00130719	0.01410536	1e-07	1.58e-06	0.00028669
Wise	1.114	18.558	88.558	0.0	0.067	3.067	2.931e-05	0.00048821	0.00232974	0.0	1.76e-06	8.069e-05
Wythe	5.436	64.548	157.548	2.066	12.827	15.827	0.00018905	0.00224484	0.00547917	7.185e-05	0.00044609	0.00055043
Buena Vista	1.626	24.766	69.766	2.066	12.827	12.827	0.0002607	0.00397082	0.01118583	0.00033125	0.0020566	0.0020566
Charlottesville	7.136	118.922	551.922	0.248	3.237	11.237	0.00014831	0.00247152	0.01147042	5.15e-06	6.727e-05	0.00023353
Dinwiddie	1.008	16.801	203.801	0.0	0.0	2.0	3.533e-05	0.00058891	0.00714364	0.0	0.0	7.01e-05
Carroll	1.4	27.807	326.807	0.0	0.0	10.0	4.724e-05	0.00093828	0.01102737	0.0	0.0	0.00033743
Galax	1.62	26.693	352.693	0.0	0.0	16.0	0.00025222	0.00415585	0.05491095	0.0	0.0	0.00249105
Hanover	4.388	73.134	648.134	0.007	0.088	30.088	4.092e-05	0.00068197	0.00604383	7e-08	8.2e-07	0.00028057
Charles City	0.306	5.104	50.104	0.0	0.0	3.0	4.409e-05	0.00073534	0.00721856	0.0	0.0	0.00043221
Franklin City	1.641	27.341	136.341	0.027	0.351	4.351	2.92e-05	0.00048654	0.00242621	4.8e-07	6.25e-06	7.743e-05
Pittsylvania	6.247	104.099	395.099	0.0	0.0	2.0	0.0001025	0.00170797	0.00648245	0.0	0.0	3.281e-05
Buckingham	1.294	21.105	613.105	0.0	0.0	6.0	7.612e-05	0.00124154	0.03606712	0.0	0.0	0.00035296
Lunenburg	1.432	13.648	59.648	0.0	0.0	0.0	0.00011848	0.00112924	0.0049353	0.0	0.0	0.0
Warren	1.927	32.119	377.119	0.181	2.363	9.363	4.817e-05	0.00080291	0.00942727	4.52e-06	5.907e-05	0.00023406
Mecklenburg	1.825	30.418	325.418	0.12	1.574	31.574	5.954e-05	0.00099243	0.01061723	3.92e-06	5.135e-05	0.00103015
Williamsburg	0.743	14.666	119.666	0.0	0.0	6.0	4.988e-05	0.00098456	0.00803343	0.0	0.0	0.00040279
Fairfax City	0.079	1.318	77.318	0.0	0.0	7.0	N/A	N/A	N/A	N/A	N/A	N/A
Smyth	0.306	21.861	112.861	0.715	4.439	6.439	1.004e-05	0.00071741	0.00370376	2.346e-05	0.00014567	0.00021131
Southampton	1.983	33.051	259.051	0.0	0.0	11.0	0.00011276	0.00187939	0.01473052	0.0	0.0	0.0006255
Suffolk	20.223	329.724	1277.724	0.371	4.408	49.408	0.00022178	0.00361599	0.01401244	4.07e-06	4.834e-05	0.00054184
Powhatan	0.827	13.781	125.781	0.0	0.0	4.0	2.833e-05	0.00047213	0.00430919	0.0	0.0	0.00013704
Richmond City	17.462	290.995	3052.995	0.127	1.662	37.662	N/A	N/A	N/A	N/A	N/A	N/A
York	6.708	111.787	393.787	0.0	0.0	3.0	9.887e-05	0.00164766	0.00580413	0.0	0.0	4.422e-05
Albemarle	12.059	183.728	901.728	0.0	0.0	10.0	0.00011092	0.00168995	0.00829419	0.0	0.0	9.198e-05
Orange	2.092	34.863	235.863	0.0	0.0	3.0	5.709e-05	0.0009514	0.00643661	0.0	0.0	8.187e-05
Prince William	31.384	544.924	9124.924	0.645	10.525	177.525	6.706e-05	0.00116434	0.01949724	1.38e-06	2.249e-05	0.00037932
Virginia Beach	93.151	1518.79	5260.79	1.584	18.804	61.804	0.00020692	0.00337367	0.01168574	3.52e-06	4.177e-05	0.00013728
King William	1.101	17.537	90.537	0.0	0.0	2.0	6.5e-05	0.0010353	0.00534488	0.0	0.0	0.00011807
Nelson	0.369	6.147	39.147	0.0	0.0	0.0	2.487e-05	0.00041433	0.00263865	0.0	0.0	0.0
