Name	Predicted_New_Cases	Total_Predicted_New_Cases	Total_Predicted_Cases	Predicted_New_Deaths	Total_Predicted_New_Deaths	Total_Predicted_Deaths	Predicted_New_per_capita	Predicted_Total_New_per_capita	Predicted_Total_Cases_per_capita	Predicted_New_Deaths_per_capita	Total_Predicted_New_Deaths_per_capita	Total_Predicted_Deaths_per_capita
Cumberland	0.391	90.914	159.914	12.263	2571.431	2571.431	3.986e-05	0.00926843	0.01630278	0.00125018	0.26215017	0.26215017
Floyd	0.867	171.221	212.221	0.0	0.0	1.0	5.489e-05	0.0108402	0.01343596	0.0	0.0	6.331e-05
Greensville	0.141	73.147	511.147	0.003	0.92	10.92	1.213e-05	0.00629113	0.04396207	2.6e-07	7.913e-05	0.00093919
Brunswick	0.286	126.698	338.698	0.048	25.049	27.049	1.746e-05	0.00773303	0.02067249	2.93e-06	0.00152887	0.00165094
Prince Edward	3.196	875.178	1233.178	1.201	176.677	186.677	0.00013926	0.03813412	0.05373325	5.233e-05	0.00769834	0.00813407
Poquoson	0.03	15.808	55.808	1.201	176.677	176.677	2.46e-06	0.0012968	0.00457818	9.852e-05	0.0144936	0.0144936
Montgomery	0.242	125.472	413.472	0.0	0.0	3.0	2.44e-06	0.00126759	0.00417712	0.0	0.0	3.031e-05
Rappahannock	0.0	0.355	40.355	0.006	3.007	5.007	0.0	4.895e-05	0.00556467	8.3e-07	0.00041464	0.00069043
Bath	0.005	3.43	7.43	0.0	0.0	0.0	1.16e-06	0.00079916	0.00173113	0.0	0.0	0.0
Caroline	0.353	121.677	313.677	0.0	0.0	5.0	1.147e-05	0.00395415	0.01019359	0.0	0.0	0.00016249
Nottoway	0.141	62.472	239.472	0.117	31.978	40.978	9.14e-06	0.00405136	0.01552996	7.59e-06	0.0020738	0.00265746
Russell	0.143	74.15	147.15	0.0	0.0	1.0	5.35e-06	0.00277217	0.00550135	0.0	0.0	3.739e-05
Radford	0.024	12.244	45.244	0.0	0.0	0.0	1.31e-06	0.00066765	0.00246709	0.0	0.0	0.0
Appomattox	0.083	42.868	114.868	0.0	0.0	0.0	5.24e-06	0.00270614	0.00725131	0.0	0.0	0.0
Falls Church	5.216	543.212	601.212	0.0	0.016	5.016	0.0003531	0.03677308	0.04069943	0.0	1.08e-06	0.00033956
Chesapeake	0.175	1090.3	3779.3	0.02	13.411	43.411	7.2e-07	0.0044936	0.01557614	8e-08	5.527e-05	0.00017892
Middlesex	0.036	18.703	47.703	0.0	0.0	1.0	3.34e-06	0.00173674	0.00442966	0.0	0.0	9.286e-05
Manassas	0.3	155.754	1769.754	0.0	0.0	20.0	7.2e-06	0.0037404	0.04250028	0.0	0.0	0.0004803
Frederick	0.003	63.681	735.681	0.002	3.179	12.179	3e-08	0.00072074	0.00832642	2e-08	3.598e-05	0.00013784
Louisa	0.0	6.007	176.007	0.0	0.0	2.0	0.0	0.00016333	0.00478566	0.0	0.0	5.438e-05
Washington	0.294	143.963	327.963	0.0	0.0	4.0	5.4e-06	0.00264628	0.00602851	0.0	0.0	7.353e-05
Richmond	0.013	6.794	323.794	0.0	0.0	4.0	1.44e-06	0.00075171	0.03582585	0.0	0.0	0.00044258
Bedford	1.745	538.748	849.748	0.385	66.222	73.222	2.216e-05	0.00684151	0.01079086	4.89e-06	0.00084095	0.00092984
Norfolk	3.783	1964.037	5389.037	0.115	37.616	63.616	1.55e-05	0.00804683	0.02207934	4.7e-07	0.00015412	0.00026064
Culpeper	0.287	121.871	1083.871	0.0	0.0	12.0	5.53e-06	0.00235005	0.02090035	0.0	0.0	0.0002314
Emporia	0.047	25.94	196.94	0.0	0.0	15.0	9.18e-06	0.00506542	0.03845733	0.0	0.0	0.00292912
Surry	0.0	1.069	40.069	0.007	3.784	5.784	0.0	0.00016512	0.00618922	1.08e-06	0.00058449	0.00089342
Colonial Heights	0.087	38.715	225.715	0.039	10.766	31.766	4.88e-06	0.00217098	0.01265715	2.19e-06	0.00060371	0.0017813
Martinsville	0.186	75.918	248.918	0.01	5.231	8.231	1.442e-05	0.0058842	0.01929298	7.8e-07	0.00040544	0.00063796
Fredericksburg	0.256	133.156	504.156	0.0	0.0	2.0	8.78e-06	0.0045689	0.01729879	0.0	0.0	6.862e-05
Pulaski	0.063	32.735	110.735	0.019	6.934	9.934	1.85e-06	0.00096093	0.0032506	5.6e-07	0.00020355	0.00029161
Chesterfield	1.918	995.991	5136.991	6.935	770.458	845.458	5.5e-06	0.00285748	0.01473792	1.99e-05	0.00221043	0.0024256
Roanoke City	6.779	1754.628	2667.628	0.334	45.613	59.613	N/A	N/A	N/A	N/A	N/A	N/A
Northumberland	0.073	30.939	99.939	0.019	6.934	8.934	6.01e-06	0.00254705	0.00822746	1.56e-06	0.00057084	0.00073549
Covington	0.024	12.579	24.579	0.0	0.0	0.0	4.4e-06	0.00230385	0.00450165	0.0	0.0	0.0
Lexington	0.015	8.014	41.014	0.0	0.0	0.0	2.1e-06	0.00112304	0.00574748	0.0	0.0	0.0
Gloucester	0.0	37.799	184.799	0.019	6.934	8.934	0.0	0.00101205	0.0049479	5.1e-07	0.00018565	0.0002392
Grayson	0.09	49.93	193.93	0.0	0.0	5.0	5.76e-06	0.00319429	0.01240676	0.0	0.0	0.00031988
Alleghany	0.004	2.116	58.116	1.167	121.507	124.507	2.7e-07	0.00014192	0.00389779	7.827e-05	0.00814936	0.00835057
Prince George	0.0	49.647	389.647	0.0	0.0	2.0	0.0	0.00130369	0.01023179	0.0	0.0	5.252e-05
Fairfax	0.649	1191.32	17178.32	0.001	16.267	544.267	5.6e-07	0.00103521	0.01492735	0.0	1.414e-05	0.00047295
Henry	1.725	532.401	1055.401	0.108	18.624	24.624	3.385e-05	0.01044886	0.02071323	2.12e-06	0.00036551	0.00048327
Botetourt	0.074	44.173	236.173	0.036	13.115	20.115	2.22e-06	0.00132743	0.00709718	1.08e-06	0.00039412	0.00060447
Bristol	0.181	84.219	150.219	0.036	13.115	13.115	1.098e-05	0.00510976	0.00911412	2.18e-06	0.00079572	0.00079572
Amherst	0.225	116.569	240.569	0.0	0.0	1.0	7.11e-06	0.0036812	0.00759708	0.0	0.0	3.158e-05
Accomack	0.11	57.113	1139.113	0.0	0.0	15.0	3.39e-06	0.00176209	0.03514479	0.0	0.0	0.00046279
Madison	0.053	27.612	89.612	0.0	0.0	1.0	3.99e-06	0.00207687	0.00674028	0.0	0.0	7.522e-05
Mathews	0.011	7.17	22.17	0.0	0.0	0.0	1.25e-06	0.00081459	0.00251875	0.0	0.0	0.0
Waynesboro	0.0	0.68	167.68	0.01	5.015	8.015	0.0	3.005e-05	0.00741029	4.4e-07	0.00022163	0.00035421
Manassas Park	0.136	62.991	564.991	0.0	0.0	7.0	7.86e-06	0.00363963	0.03264523	0.0	0.0	0.00040446
Tazewell	0.192	99.866	201.866	0.0	0.0	0.0	4.7e-06	0.0024444	0.00494104	0.0	0.0	0.0
Harrisonburg	0.158	82.165	1147.165	0.0	0.0	29.0	2.92e-06	0.00152064	0.02123082	0.0	0.0	0.00053671
Buchanan	0.059	30.51	103.51	0.0	0.0	0.0	2.78e-06	0.00143773	0.00487772	0.0	0.0	0.0
Rockbridge	0.0	5.125	71.125	0.0	0.0	0.0	0.0	0.00022525	0.0031261	0.0	0.0	0.0
Scott	0.183	77.666	139.666	0.0	0.067	3.067	8.5e-06	0.00360667	0.00648584	0.0	3.11e-06	0.00014243
Augusta	0.002	30.534	290.534	0.004	3.871	7.871	3e-08	0.00040465	0.00385033	5e-08	5.13e-05	0.00010431
Stafford	0.598	292.538	1586.538	0.001	0.253	7.253	3.99e-06	0.00195077	0.01057974	1e-08	1.69e-06	4.837e-05
Isle of Wight	0.198	102.54	465.54	0.0	0.0	9.0	5.36e-06	0.00277488	0.01259817	0.0	0.0	0.00024355
Roanoke	0.418	184.9	640.9	0.039	10.766	14.766	4.44e-06	0.00196549	0.00681279	4.1e-07	0.00011444	0.00015696
Loudoun	1.438	746.828	5839.828	0.34	79.133	192.133	3.53e-06	0.00183563	0.01435376	8.4e-07	0.0001945	0.00047225
Charlotte	0.0	2.272	51.272	0.34	79.133	79.133	0.0	0.00019032	0.00429486	2.848e-05	0.00662866	0.00662866
Amelia	0.06	31.282	104.282	0.0	0.0	1.0	4.61e-06	0.0024039	0.00801368	0.0	0.0	7.685e-05
New Kent	0.0	12.557	133.557	0.0	0.0	1.0	0.0	0.00056081	0.00596476	0.0	0.0	4.466e-05
Clarke	2.24	305.772	374.772	0.0	0.0	0.0	0.00015424	0.02105433	0.02580541	0.0	0.0	0.0
Spotsylvania	1.284	503.311	1878.311	0.099	23.084	57.084	9.57e-06	0.00374939	0.01399239	7.4e-07	0.00017196	0.00042524
Henrico	2.281	1184.144	4874.144	0.266	58.826	240.826	6.93e-06	0.00359637	0.01480328	8.1e-07	0.00017866	0.00073141
Goochland	0.041	21.489	173.489	0.024	7.802	14.802	1.76e-06	0.0009245	0.00746382	1.03e-06	0.00033566	0.00063681
Unassigned	0.121	63.011	203.011	0.024	7.802	7.802	N/A	N/A	N/A	N/A	N/A	N/A
Dickenson	0.16	60.267	89.267	0.024	7.802	7.802	1.102e-05	0.00414976	0.0061466	1.65e-06	0.00053722	0.00053722
Shenandoah	0.407	125.616	810.616	0.325	55.873	97.873	9.36e-06	0.00288792	0.01863614	7.47e-06	0.00128453	0.00225011
Danville	0.542	265.196	612.196	0.088	27.156	34.156	1.332e-05	0.00651699	0.01504426	2.16e-06	0.00066734	0.00083936
Essex	0.025	13.025	96.025	0.0	0.0	1.0	2.29e-06	0.00119287	0.0087943	0.0	0.0	9.158e-05
Arlington	1.124	476.606	3449.606	0.926	96.49	232.49	4.73e-06	0.00200658	0.01452337	3.9e-06	0.00040624	0.00097882
James City	0.228	167.293	739.293	0.0	0.0	16.0	2.98e-06	0.00218978	0.00967699	0.0	0.0	0.00020943
Rockingham	0.402	186.322	1105.322	0.033	9.601	26.601	4.95e-06	0.00229336	0.01360497	4.1e-07	0.00011817	0.00032742
Bland	0.0	0.0	7.0	0.033	9.601	9.601	0.0	0.0	0.00111235	5.24e-06	0.00152566	0.00152566
Highland	0.0	0.0	4.0	0.033	9.601	9.601	0.0	0.0	0.00180995	1.493e-05	0.00434434	0.00434434
Salem	0.052	37.949	177.949	0.0	0.0	3.0	2.03e-06	0.0014799	0.00693948	0.0	0.0	0.00011699
Alexandria	0.0	282.041	3149.041	0.019	7.834	67.834	0.0	0.00175694	0.01961653	1.2e-07	4.88e-05	0.00042256
Fluvanna	0.103	53.215	228.215	0.0	0.0	8.0	3.85e-06	0.00198689	0.00852089	0.0	0.0	0.0002987
Franklin	0.12	62.237	226.237	0.0	0.0	1.0	1.498e-05	0.007767	0.02823375	0.0	0.0	0.0001248
Newport News	0.0	475.914	2192.914	0.001	3.617	21.617	0.0	0.0026643	0.01227657	1e-08	2.025e-05	0.00012102
Lynchburg	1.131	500.649	986.649	0.019	6.934	8.934	1.377e-05	0.00609611	0.01201384	2.3e-07	8.443e-05	0.00010878
Portsmouth	1.294	882.137	2513.137	0.028	10.826	34.826	1.367e-05	0.00932176	0.02655695	3e-07	0.0001144	0.00036802
King George	0.051	30.29	154.29	0.0	0.0	4.0	1.92e-06	0.00113979	0.00580583	0.0	0.0	0.00015052
Craig	0.027	13.809	29.809	0.0	0.0	0.0	5.33e-06	0.0027269	0.00588645	0.0	0.0	0.0
Hampton	0.882	560.719	1663.719	0.015	5.768	12.768	6.57e-06	0.00417472	0.01238688	1.1e-07	4.294e-05	9.506e-05
Greene	0.0	10.257	161.257	0.0	0.0	2.0	0.0	0.00051858	0.00815294	0.0	0.0	0.00010112
Norton	0.021	10.799	24.799	0.0	0.0	0.0	5.29e-06	0.00272152	0.00624975	0.0	0.0	0.0
Giles	0.043	17.664	40.664	0.0	0.0	0.0	2.55e-06	0.00104868	0.00241415	0.0	0.0	0.0
Hopewell	0.092	47.764	306.764	0.0	0.0	5.0	4.07e-06	0.00211383	0.01357603	0.0	0.0	0.00022128
Campbell	0.324	168.225	330.225	0.019	6.934	8.934	5.89e-06	0.00306014	0.00600704	3.5e-07	0.00012613	0.00016252
Lancaster	0.023	14.849	46.849	0.019	6.934	6.934	2.13e-06	0.00137708	0.00434471	1.76e-06	0.00064305	0.00064305
Westmoreland	0.032	16.587	211.587	0.0	0.0	2.0	1.79e-06	0.00093029	0.01186691	0.0	0.0	0.00011217
Petersburg	2.758	713.893	1191.893	1.201	163.866	179.866	8.737e-05	0.02261517	0.03775756	3.805e-05	0.00519105	0.00569791
Wise	0.292	110.181	212.181	0.0	0.0	3.0	7.68e-06	0.00289858	0.00558195	0.0	0.0	7.892e-05
Charlottesville	0.017	152.037	656.037	0.017	12.158	25.158	3.5e-07	0.00315974	0.0136342	3.5e-07	0.00025268	0.00052285
Dinwiddie	0.155	80.713	290.713	0.077	25.231	31.231	5.43e-06	0.00282916	0.01019009	2.7e-06	0.0008844	0.00109471
Charles City	4.907	511.046	562.046	0.0	0.592	5.592	0.00070696	0.07362714	0.08097479	0.0	8.529e-05	0.00080565
Franklin City	0.175	81.105	233.105	0.069	20.047	26.047	3.11e-06	0.00144328	0.00414814	1.23e-06	0.00035674	0.00046351
Pittsylvania	0.68	288.489	668.489	0.0	0.0	2.0	1.116e-05	0.00473329	0.01096801	0.0	0.0	3.281e-05
Buckingham	0.021	10.687	606.687	0.0	0.0	8.0	1.24e-06	0.00062868	0.03568957	0.0	0.0	0.00047062
Lunenburg	0.067	34.845	93.845	0.0	0.0	1.0	5.54e-06	0.00288309	0.00776477	0.0	0.0	8.274e-05
Warren	0.001	15.237	366.237	0.0	0.442	6.442	2e-08	0.0003809	0.00915524	0.0	1.105e-05	0.00016104
Mecklenburg	0.009	38.339	349.339	0.01	6.554	38.554	2.9e-07	0.00125086	0.01139768	3.3e-07	0.00021383	0.00125788
Williamsburg	0.052	27.165	144.165	0.0	0.0	6.0	3.49e-06	0.00182364	0.0096781	0.0	0.0	0.00040279
Fairfax City	0.058	25.517	107.517	0.0	0.0	7.0	N/A	N/A	N/A	N/A	N/A	N/A
Smyth	0.215	99.699	222.699	0.008	4.23	7.23	7.06e-06	0.00327182	0.00730832	2.6e-07	0.00013882	0.00023727
Suffolk	0.107	446.975	1587.975	0.022	13.828	62.828	1.17e-06	0.00490185	0.01741487	2.4e-07	0.00015165	0.00068902
Powhatan	0.152	61.817	193.817	0.045	11.053	15.053	5.21e-06	0.00211782	0.00664007	1.54e-06	0.00037867	0.00051571
Richmond City	2.257	956.936	3971.936	0.151	39.066	78.066	N/A	N/A	N/A	N/A	N/A	N/A
York	0.0	35.754	365.754	0.0	0.0	3.0	0.0	0.00052699	0.00539094	0.0	0.0	4.422e-05
Orange	0.102	56.413	271.413	0.0	0.0	3.0	2.78e-06	0.00153949	0.00740675	0.0	0.0	8.187e-05
Prince William	3.171	1646.07	10735.07	0.031	16.254	189.254	6.78e-06	0.00351716	0.02293764	7e-08	3.473e-05	0.00040438
Virginia Beach	0.0	1630.619	6159.619	0.0	8.222	57.222	0.0	0.00362208	0.0136823	0.0	1.826e-05	0.00012711
King William	0.004	18.262	96.262	0.0	0.0	2.0	2.4e-07	0.0010781	0.00568286	0.0	0.0	0.00011807
Nelson	0.0	0.361	34.361	0.0	0.0	0.0	0.0	2.433e-05	0.00231606	0.0	0.0	0.0
