Name	Predicted_New_Cases	Total_Predicted_New_Cases	Total_Predicted_Cases	Predicted_New_Deaths	Total_Predicted_New_Deaths	Total_Predicted_Deaths	Predicted_New_per_capita	Predicted_Total_New_per_capita	Predicted_Total_Cases_per_capita	Predicted_New_Deaths_per_capita	Total_Predicted_New_Deaths_per_capita	Total_Predicted_Deaths_per_capita
Burleigh	1.306	1145.757	1287.757	0.0	48.217	48.217	1.371e-05	0.01202604	0.01351649	0.0	0.00050609	0.00050609
Ransom	0.416	364.555	375.555	0.0	0.0	0.0	7.943e-05	0.06961142	0.07171186	0.0	0.0	0.0
Cass	0.0	629.576	2540.576	0.003	157.272	217.272	0.0	0.00346843	0.01399643	2e-08	0.00086644	0.00119699
Walsh	0.311	272.417	288.417	0.003	157.272	157.272	2.916e-05	0.0255383	0.02703825	2.8e-07	0.01474379	0.01474379
McIntosh	0.0	0.0	1.0	0.003	157.272	157.272	0.0	0.0	0.00038685	1.16e-06	0.06084023	0.06084023
Divide	0.0	0.0	1.0	0.003	157.272	157.272	0.0	0.0	0.00043802	1.31e-06	0.0688883	0.0688883
Mercer	0.046	40.062	46.062	0.003	157.272	157.272	5.56e-06	0.00484601	0.00557179	3.6e-07	0.01902407	0.01902407
McLean	0.0	0.0	7.0	0.003	157.272	157.272	0.0	0.0	0.00073368	3.1e-07	0.01648381	0.01648381
Bottineau	0.0	3.375	6.375	0.003	157.272	157.272	0.0	0.00052644	0.00099438	4.7e-07	0.02453159	0.02453159
Eddy	0.0	0.042	5.042	0.003	157.272	157.272	0.0	1.816e-05	0.00217985	1.3e-06	0.06799481	0.06799481
Traill	0.0	10.923	24.923	0.003	157.272	157.272	0.0	0.00135909	0.00310103	3.7e-07	0.0195685	0.0195685
Williams	0.0	2.93	27.93	0.003	157.272	157.272	0.0	8.289e-05	0.0007901	8e-08	0.004449	0.004449
Renville	0.0	6.08	9.08	0.003	157.272	157.272	0.0	0.00256108	0.00382477	1.26e-06	0.06624768	0.06624768
Unassigned	0.0	0.0	6.0	0.003	157.272	157.272	N/A	N/A	N/A	N/A	N/A	N/A
Sheridan	0.0	0.0	1.0	0.003	157.272	157.272	0.0	0.0	0.00074129	2.22e-06	0.11658414	0.11658414
Dickey	0.0	0.0	1.0	0.003	157.272	157.272	0.0	0.0	0.00020396	6.1e-07	0.03207669	0.03207669
Sargent	0.082	72.115	76.115	0.0	0.55	0.55	2.119e-05	0.01863437	0.01966796	0.0	0.00014212	0.00014212
Dunn	0.0	7.112	18.112	0.0	0.55	0.55	0.0	0.00164174	0.00418098	0.0	0.00012696	0.00012696
Mountrail	0.406	356.545	399.545	0.0	0.0	0.0	3.973e-05	0.03489381	0.03910207	0.0	0.0	0.0
Stutsman	0.001	78.879	120.879	0.0	0.0	0.0	5e-08	0.00377105	0.00577898	0.0	0.0	0.0
Barnes	0.306	268.413	277.413	0.0	0.0	0.0	2.903e-05	0.0254613	0.02631503	0.0	0.0	0.0
