Name	Predicted_New_Cases	Total_Predicted_New_Cases	Total_Predicted_Cases	Predicted_New_Deaths	Total_Predicted_New_Deaths	Total_Predicted_Deaths	Predicted_New_per_capita	Predicted_Total_New_per_capita	Predicted_Total_Cases_per_capita	Predicted_New_Deaths_per_capita	Total_Predicted_New_Deaths_per_capita	Total_Predicted_Deaths_per_capita
Logan	0.0	0.0	0.0	0.0	0.0	0.0	0.0	0.0	0.0	0.0	0.0	0.0
Cavalier	0.0	0.0	0.0	0.0	0.0	0.0	0.0	0.0	0.0	0.0	0.0	0.0
Wells	0.014	0.707	6.707	0.796	36.182	36.182	3.54e-06	0.00017867	0.00169497	0.00020116	0.0091438	0.0091438
Richland	0.161	8.331	36.331	0.796	36.182	36.182	9.91e-06	0.00051302	0.00223727	4.902e-05	0.00222809	0.00222809
Foster	0.0	0.0	1.0	0.796	36.182	36.182	0.0	0.0	0.00031095	0.00024751	0.01125062	0.01125062
Bowman	0.0	0.0	1.0	0.796	36.182	36.182	0.0	0.0	0.0003251	0.00025878	0.01176268	0.01176268
Slope	0.0	0.0	3.0	0.796	36.182	36.182	0.0	0.0	0.00393185	0.00104325	0.04742071	0.04742071
Burleigh	30.109	391.635	533.635	0.796	36.182	36.182	0.00031603	0.00411066	0.00560111	8.35e-06	0.00037977	0.00037977
McHenry	0.0	0.0	2.0	0.0	0.0	1.0	0.0	0.0	0.00034388	0.0	0.0	0.00017194
Pierce	0.0	0.014	3.014	0.0	0.0	0.0	0.0	3.43e-06	0.00073854	0.0	0.0	0.0
Griggs	0.0	0.0	1.0	0.0	0.0	0.0	0.0	0.0	0.00044803	0.0	0.0	0.0
Ransom	9.58	124.611	135.611	0.0	0.0	0.0	0.00182929	0.02379435	0.02589479	0.0	0.0	0.0
Rolette	0.0	0.272	6.272	0.0	0.0	0.0	0.0	1.902e-05	0.00043857	0.0	0.0	0.0
Benson	0.007	0.355	2.355	0.0	0.0	0.0	1.01e-06	5.099e-05	0.00033826	0.0	0.0	0.0
Pembina	0.0	0.0	6.0	0.0	0.0	0.0	0.0	0.0	0.00086368	0.0	0.0	0.0
Morton	0.055	2.837	62.837	0.0	0.0	2.0	1.77e-06	9.124e-05	0.00202081	0.0	0.0	6.432e-05
Steele	0.0	0.0	1.0	0.0	0.0	0.0	0.0	0.0	0.00052549	0.0	0.0	0.0
Cass	9.426	499.357	2410.357	3.078	105.391	165.391	5.193e-05	0.00275104	0.01327903	1.696e-05	0.00058062	0.00091116
Walsh	7.159	93.116	109.116	3.078	105.391	105.391	0.00067114	0.00872935	0.01022931	0.00028855	0.0098801	0.0098801
McIntosh	0.0	0.0	1.0	3.078	105.391	105.391	0.0	0.0	0.00038685	0.00119072	0.04077021	0.04077021
Divide	0.0	0.0	1.0	3.078	105.391	105.391	0.0	0.0	0.00043802	0.00134823	0.04616338	0.04616338
Mercer	1.053	13.693	19.693	3.078	105.391	105.391	0.00012737	0.00165634	0.00238212	0.00037232	0.0127484	0.0127484
McLean	0.0	0.0	7.0	3.078	105.391	105.391	0.0	0.0	0.00073368	0.00032261	0.01104612	0.01104612
Bottineau	0.051	2.657	5.657	3.078	105.391	105.391	7.96e-06	0.00041444	0.00088239	0.00048011	0.01643909	0.01643909
Eddy	0.0	0.042	5.042	3.078	105.391	105.391	0.0	1.816e-05	0.00217985	0.00133074	0.04556463	0.04556463
Hettinger	0.0	0.0	0.0	0.0	0.0	0.0	0.0	0.0	0.0	0.0	0.0	0.0
Traill	0.166	8.597	22.597	3.078	105.391	105.391	2.065e-05	0.00106968	0.00281162	0.00038298	0.01311323	0.01311323
Williams	0.044	2.305	27.305	3.078	105.391	105.391	1.24e-06	6.521e-05	0.00077242	8.707e-05	0.00298136	0.00298136
Renville	0.092	4.788	7.788	3.078	105.391	105.391	3.875e-05	0.00201685	0.00328054	0.00129655	0.04439385	0.04439385
Unassigned	0.0	0.0	6.0	3.078	105.391	105.391	N/A	N/A	N/A	N/A	N/A	N/A
Sheridan	0.0	0.0	1.0	3.078	105.391	105.391	0.0	0.0	0.00074129	0.00228169	0.07812528	0.07812528
Dickey	0.0	0.0	1.0	3.078	105.391	105.391	0.0	0.0	0.00020396	0.00062778	0.02149521	0.02149521
Grand Forks	0.004	9.678	346.678	0.002	0.546	4.546	6e-08	0.00013675	0.00489866	3e-08	7.72e-06	6.424e-05
Adams	0.0	0.0	0.0	0.0	0.0	0.0	0.0	0.0	0.0	0.0	0.0	0.0
Sargent	1.895	24.648	28.648	0.002	0.546	0.546	0.00048966	0.00636899	0.00740258	5.2e-07	0.00014109	0.00014109
Lamoure	0.0	0.0	1.0	0.002	0.546	0.546	0.0	0.0	0.00024618	4.9e-07	0.00013442	0.00013442
Dunn	0.125	5.127	16.127	0.002	0.546	0.546	2.886e-05	0.00118352	0.00372276	4.6e-07	0.00012604	0.00012604
Emmons	0.0	0.03	4.03	0.0	0.0	1.0	0.0	9.1e-06	0.00122307	0.0	0.0	0.00030349
McKenzie	0.063	3.279	21.279	0.0	0.0	0.0	4.62e-06	0.00024054	0.00156096	0.0	0.0	0.0
Ward	0.138	7.179	51.179	0.0	0.0	1.0	2.04e-06	0.00010597	0.00075548	0.0	0.0	1.476e-05
Sioux	0.046	2.393	4.393	0.0	0.0	0.0	1.056e-05	0.00054911	0.00100803	0.0	0.0	0.0
Golden Valley	0.0	0.0	0.0	0.0	0.0	0.0	0.0	0.0	0.0	0.0	0.0	0.0
Mountrail	9.37	121.871	164.871	0.0	0.0	0.0	0.00091701	0.01192709	0.01613535	0.0	0.0	0.0
Kidder	0.0	0.0	0.0	0.0	0.0	0.0	0.0	0.0	0.0	0.0	0.0	0.0
Billings	0.0	0.0	0.0	0.0	0.0	0.0	0.0	0.0	0.0	0.0	0.0	0.0
Ramsey	0.0	0.014	8.014	0.0	0.0	1.0	0.0	1.22e-06	0.00069802	0.0	0.0	8.71e-05
Burke	0.0	0.0	5.0	0.0	0.0	0.0	0.0	0.0	0.00238095	0.0	0.0	0.0
Towner	0.0	0.0	0.0	0.0	0.0	0.0	0.0	0.0	0.0	0.0	0.0	0.0
Stark	0.058	3.014	65.014	0.0	0.0	2.0	1.87e-06	9.724e-05	0.00209743	0.0	0.0	6.452e-05
Stutsman	1.504	53.962	95.962	0.0	0.0	0.0	7.19e-05	0.00257982	0.00458775	0.0	0.0	0.0
Grant	0.0	0.0	2.0	0.0	0.0	0.0	0.0	0.0	0.00084246	0.0	0.0	0.0
Barnes	7.054	91.747	100.747	0.0	0.0	0.0	0.00066913	0.008703	0.00955673	0.0	0.0	0.0
Oliver	0.0	0.0	1.0	0.0	0.0	0.0	0.0	0.0	0.0005123	0.0	0.0	0.0
Nelson	0.0	0.014	1.014	0.0	0.0	0.0	0.0	4.88e-06	0.00035343	0.0	0.0	0.0
