Name	Predicted_New_Cases	Total_Predicted_New_Cases	Total_Predicted_Cases	Predicted_New_Deaths	Total_Predicted_New_Deaths	Total_Predicted_Deaths	Predicted_New_per_capita	Predicted_Total_New_per_capita	Predicted_Total_Cases_per_capita	Predicted_New_Deaths_per_capita	Total_Predicted_New_Deaths_per_capita	Total_Predicted_Deaths_per_capita
Logan	0.0	0.0	1.0	0.003	36.481	36.481	0.0	0.0	0.00052549	1.58e-06	0.01917026	0.01917026
Cavalier	0.0	2.359	31.359	0.003	36.481	36.481	0.0	0.00061609	0.00818987	7.8e-07	0.00952755	0.00952755
Wells	0.0	4.39	17.39	0.003	36.481	36.481	0.0	0.00110943	0.00439474	7.6e-07	0.00921936	0.00921936
Richland	5.134	1900.879	1975.879	0.003	36.481	36.481	0.00031615	0.11705641	0.12167492	1.8e-07	0.00224651	0.00224651
Foster	0.976	361.324	371.324	0.003	36.481	36.481	0.00030348	0.11235199	0.11546144	9.3e-07	0.01134359	0.01134359
Bowman	1.4	518.422	524.422	0.003	36.481	36.481	0.00045514	0.16853771	0.1704883	9.8e-07	0.01185988	0.01185988
Slope	0.0	0.0	3.0	0.003	36.481	36.481	0.0	0.0	0.00393185	3.93e-06	0.04781258	0.04781258
Burleigh	0.254	973.765	1761.765	0.0	0.0	3.0	2.67e-06	0.01022079	0.01849176	0.0	0.0	3.149e-05
Pierce	0.0	0.0	8.0	0.0	0.0	0.0	0.0	0.0	0.0019603	0.0	0.0	0.0
Griggs	1.665	616.608	629.608	0.0	0.0	0.0	0.00074597	0.27625806	0.28208244	0.0	0.0	0.0
Ransom	0.0	10.023	35.023	0.0	0.0	0.0	0.0	0.00191388	0.00668761	0.0	0.0	0.0
Rolette	0.729	289.988	307.988	0.0	0.0	0.0	5.098e-05	0.02027746	0.02153612	0.0	0.0	0.0
Benson	3.316	1504.512	1570.512	0.0	0.0	1.0	0.0004763	0.21610342	0.22558345	0.0	0.0	0.00014364
Pembina	0.0	18.064	45.064	0.0	0.0	0.0	0.0	0.00260026	0.00648683	0.0	0.0	0.0
Morton	0.048	278.693	509.693	0.0	0.124	3.124	1.54e-06	0.00896263	0.01639148	0.0	3.99e-06	0.00010047
Steele	0.0	9.858	19.858	0.0	0.124	0.124	0.0	0.00518024	0.0104351	0.0	6.516e-05	6.516e-05
Cass	0.015	618.303	3434.303	0.029	30.242	105.242	8e-08	0.00340633	0.01892011	1.6e-07	0.00016661	0.00057979
Walsh	0.001	74.137	169.137	0.029	30.242	30.242	9e-08	0.00695013	0.0158561	2.72e-06	0.0028351	0.0028351
McIntosh	0.0	11.035	26.035	0.0	0.0	1.0	0.0	0.00426886	0.01007157	0.0	0.0	0.00038685
Mercer	0.003	25.117	44.117	0.0	0.0	0.0	3.6e-07	0.00303822	0.00533652	0.0	0.0	0.0
McLean	2.333	864.037	889.037	0.0	0.0	0.0	0.00024452	0.09056042	0.09318069	0.0	0.0	0.0
Bottineau	0.0	5.073	14.073	0.0	0.0	0.0	0.0	0.0007913	0.00219513	0.0	0.0	0.0
Eddy	0.933	345.615	357.615	0.0	0.0	0.0	0.00040337	0.14942283	0.15461089	0.0	0.0	0.0
Traill	0.001	21.058	57.058	0.0	0.0	0.0	1.2e-07	0.00262013	0.00709942	0.0	0.0	0.0
Williams	0.006	262.75	464.75	0.0	0.0	2.0	1.7e-07	0.00743281	0.0131471	0.0	0.0	5.658e-05
Renville	0.0	3.477	12.477	0.0	0.0	0.0	0.0	0.00146462	0.00525569	0.0	0.0	0.0
Unassigned	0.0	0.0	6.0	0.0	0.0	0.0	N/A	N/A	N/A	N/A	N/A	N/A
Sheridan	0.0	0.483	5.483	0.0	0.0	0.0	0.0	0.00035804	0.00406449	0.0	0.0	0.0
Dickey	0.0	0.748	9.748	0.0	0.0	0.0	0.0	0.00015256	0.00198817	0.0	0.0	0.0
Grand Forks	0.008	330.433	931.433	0.0	0.0	4.0	1.1e-07	0.00466911	0.01316141	0.0	0.0	5.652e-05
Sargent	0.002	2.951	10.951	0.0	0.0	0.0	5.2e-07	0.00076253	0.00282972	0.0	0.0	0.0
Lamoure	0.0	0.0	14.0	0.0	0.0	0.0	0.0	0.0	0.00344658	0.0	0.0	0.0
Dunn	0.0	0.241	26.241	0.0	0.0	0.0	0.0	5.563e-05	0.00605748	0.0	0.0	0.0
Emmons	0.0	16.241	30.241	0.0	0.0	1.0	0.0	0.00492898	0.00917785	0.0	0.0	0.00030349
Ward	0.006	158.595	309.595	0.0	0.0	1.0	9e-08	0.00234109	0.00457007	0.0	0.0	1.476e-05
Sioux	0.0	2.595	53.595	0.0	0.0	0.0	0.0	0.00059546	0.01229807	0.0	0.0	0.0
Golden Valley	0.0	0.0	4.0	0.0	0.0	0.0	0.0	0.0	0.00226116	0.0	0.0	0.0
Kidder	0.955	353.469	363.469	0.0	0.0	0.0	0.0003898	0.14427306	0.14835469	0.0	0.0	0.0
Ramsey	0.0	13.29	43.29	0.0	0.0	1.0	0.0	0.00115756	0.00377058	0.0	0.0	8.71e-05
Burke	0.121	92.568	105.568	0.0	0.0	0.0	5.762e-05	0.04408	0.05027048	0.0	0.0	0.0
Towner	0.0	3.375	8.375	0.0	0.0	0.0	0.0	0.00153969	0.00382071	0.0	0.0	0.0
Stark	0.002	71.855	223.855	0.0	0.0	3.0	6e-08	0.00231813	0.00722183	0.0	0.0	9.678e-05
Stutsman	2.06	994.214	1095.214	0.0	0.0	2.0	9.848e-05	0.04753139	0.05235999	0.0	0.0	9.562e-05
Grant	0.0	0.0	4.0	0.0	0.0	0.0	0.0	0.0	0.00168492	0.0	0.0	0.0
Barnes	0.001	13.651	43.651	0.0	0.0	0.0	9e-08	0.00129492	0.00414068	0.0	0.0	0.0
Oliver	0.002	9.792	15.792	0.0	0.0	0.0	1.02e-06	0.00501639	0.00809016	0.0	0.0	0.0
Nelson	0.001	6.68	11.68	0.0	0.0	0.0	3.5e-07	0.00232834	0.0040711	0.0	0.0	0.0
