Name	Predicted_New_Cases	Total_Predicted_New_Cases	Total_Predicted_Cases	Predicted_New_Deaths	Total_Predicted_New_Deaths	Total_Predicted_Deaths	Predicted_New_per_capita	Predicted_Total_New_per_capita	Predicted_Total_Cases_per_capita	Predicted_New_Deaths_per_capita	Total_Predicted_New_Deaths_per_capita	Total_Predicted_Deaths_per_capita
Logan	0.0	0.0	0.0	0.0	0.0	0.0	0.0	0.0	0.0	0.0	0.0	0.0
Cavalier	0.0	0.0	0.0	0.0	0.0	0.0	0.0	0.0	0.0	0.0	0.0	0.0
Wells	0.0	0.124	3.124	0.534	19.065	19.065	0.0	3.134e-05	0.00078949	0.00013495	0.00481804	0.00481804
Richland	0.0	2.359	24.359	0.534	19.065	19.065	0.0	0.00014527	0.00150003	3.288e-05	0.00117403	0.00117403
Foster	0.0	0.0	1.0	0.534	19.065	19.065	0.0	0.0	0.00031095	0.00016604	0.00592817	0.00592817
Bowman	0.0	0.0	1.0	0.534	19.065	19.065	0.0	0.0	0.0003251	0.0001736	0.00619798	0.00619798
Slope	0.0	0.0	3.0	0.534	19.065	19.065	0.0	0.0	0.00393185	0.00069987	0.02498689	0.02498689
Burleigh	0.189	6.723	136.723	0.534	19.065	19.065	1.98e-06	7.057e-05	0.00143507	5.6e-06	0.00020011	0.00020011
McHenry	0.0	0.0	2.0	0.0	0.0	1.0	0.0	0.0	0.00034388	0.0	0.0	0.00017194
Pierce	0.073	2.614	5.614	0.0	0.0	0.0	1.789e-05	0.00064053	0.00137564	0.0	0.0	0.0
Griggs	0.0	0.0	1.0	0.0	0.0	0.0	0.0	0.0	0.00044803	0.0	0.0	0.0
Ransom	0.0	0.062	9.062	0.0	0.0	0.0	0.0	1.184e-05	0.00173038	0.0	0.0	0.0
Rolette	0.411	10.074	16.074	0.0	0.0	0.0	2.874e-05	0.00070443	0.00112398	0.0	0.0	0.0
Benson	0.0	0.0	1.0	0.0	0.0	0.0	0.0	0.0	0.00014364	0.0	0.0	0.0
Pembina	0.0	0.0	6.0	0.0	0.0	0.0	0.0	0.0	0.00086368	0.0	0.0	0.0
Morton	0.366	13.054	73.054	0.0	0.0	2.0	1.177e-05	0.00041981	0.00234938	0.0	0.0	6.432e-05
Steele	0.0	0.0	1.0	0.0	0.0	0.0	0.0	0.0	0.00052549	0.0	0.0	0.0
Cass	0.0	147.793	1909.793	0.534	19.065	73.065	0.0	0.00081421	0.01052135	2.94e-06	0.00010503	0.00040253
Walsh	0.0	0.673	14.673	0.534	19.065	19.065	0.0	6.309e-05	0.00137555	5.006e-05	0.00178729	0.00178729
McIntosh	0.0	0.0	1.0	0.534	19.065	19.065	0.0	0.0	0.00038685	0.00020658	0.00737524	0.00737524
Divide	0.0	0.0	1.0	0.534	19.065	19.065	0.0	0.0	0.00043802	0.0002339	0.00835085	0.00835085
Mercer	0.0	0.014	5.014	0.534	19.065	19.065	0.0	1.69e-06	0.00060651	6.459e-05	0.00230616	0.00230616
McLean	0.0	0.0	7.0	0.534	19.065	19.065	0.0	0.0	0.00073368	5.597e-05	0.00199822	0.00199822
Bottineau	0.0	0.0	2.0	0.534	19.065	19.065	0.0	0.0	0.00031196	8.329e-05	0.0029738	0.0029738
Eddy	0.182	6.486	10.486	0.534	19.065	19.065	7.869e-05	0.00280415	0.00453351	0.00023087	0.00824254	0.00824254
Hettinger	0.0	0.0	0.0	0.0	0.0	0.0	0.0	0.0	0.0	0.0	0.0	0.0
Traill	0.643	22.944	36.944	0.534	19.065	19.065	8e-05	0.0028548	0.00459674	6.644e-05	0.00237215	0.00237215
Williams	0.0	0.056	25.056	0.534	19.065	19.065	0.0	1.58e-06	0.0007088	1.511e-05	0.00053932	0.00053932
Renville	3.309	30.859	33.859	0.534	19.065	19.065	0.00139385	0.01299874	0.01426243	0.00022494	0.00803075	0.00803075
Unassigned	0.0	0.0	6.0	0.534	19.065	19.065	N/A	N/A	N/A	N/A	N/A	N/A
Sheridan	0.0	0.0	0.0	0.0	0.0	0.0	0.0	0.0	0.0	0.0	0.0	0.0
Dickey	0.0	0.0	0.0	0.0	0.0	0.0	0.0	0.0	0.0	0.0	0.0	0.0
Grand Forks	0.922	29.927	364.927	0.0	0.0	3.0	1.303e-05	0.00042288	0.00515652	0.0	0.0	4.239e-05
Adams	0.0	0.0	0.0	0.0	0.0	0.0	0.0	0.0	0.0	0.0	0.0	0.0
Sargent	0.0	0.0	3.0	0.0	0.0	0.0	0.0	0.0	0.00077519	0.0	0.0	0.0
Lamoure	0.0	0.0	0.0	0.0	0.0	0.0	0.0	0.0	0.0	0.0	0.0	0.0
Dunn	0.009	0.317	11.317	0.0	0.0	0.0	2.08e-06	7.318e-05	0.00261242	0.0	0.0	0.0
Emmons	0.133	4.749	8.749	0.0	0.0	1.0	4.036e-05	0.00144127	0.00265524	0.0	0.0	0.00030349
McKenzie	0.04	1.424	18.424	0.0	0.0	0.0	2.93e-06	0.00010446	0.00135153	0.0	0.0	0.0
Ward	1.532	49.73	87.73	0.0	0.0	1.0	2.261e-05	0.00073409	0.00129502	0.0	0.0	1.476e-05
Sioux	0.009	0.317	1.317	0.0	0.0	0.0	2.07e-06	7.274e-05	0.0003022	0.0	0.0	0.0
Golden Valley	0.0	0.0	0.0	0.0	0.0	0.0	0.0	0.0	0.0	0.0	0.0	0.0
Mountrail	0.009	0.317	41.317	0.0	0.0	0.0	8.8e-07	3.102e-05	0.00404355	0.0	0.0	0.0
Kidder	0.0	0.0	0.0	0.0	0.0	0.0	0.0	0.0	0.0	0.0	0.0	0.0
Billings	0.0	0.0	0.0	0.0	0.0	0.0	0.0	0.0	0.0	0.0	0.0	0.0
Ramsey	0.073	2.614	10.614	0.0	0.0	1.0	6.36e-06	0.00022768	0.00092448	0.0	0.0	8.71e-05
Burke	0.0	0.0	5.0	0.0	0.0	0.0	0.0	0.0	0.00238095	0.0	0.0	0.0
Towner	0.0	0.0	0.0	0.0	0.0	0.0	0.0	0.0	0.0	0.0	0.0	0.0
Stark	0.919	8.571	70.571	0.0	0.0	2.0	2.965e-05	0.00027651	0.0022767	0.0	0.0	6.452e-05
Stutsman	8.937	92.315	116.315	0.0	0.0	0.0	0.00042726	0.0044134	0.00556079	0.0	0.0	0.0
Grant	0.0	0.0	2.0	0.0	0.0	0.0	0.0	0.0	0.00084246	0.0	0.0	0.0
Barnes	0.009	0.317	5.317	0.0	0.0	0.0	8.5e-07	3.007e-05	0.00050436	0.0	0.0	0.0
Oliver	0.0	0.0	1.0	0.0	0.0	0.0	0.0	0.0	0.0005123	0.0	0.0	0.0
Nelson	0.075	2.69	3.69	0.0	0.0	0.0	2.614e-05	0.00093761	0.00128616	0.0	0.0	0.0
