Name	Predicted_New_Cases	Total_Predicted_New_Cases	Total_Predicted_Cases	Predicted_New_Deaths	Total_Predicted_New_Deaths	Total_Predicted_Deaths	Predicted_New_per_capita	Predicted_Total_New_per_capita	Predicted_Total_Cases_per_capita	Predicted_New_Deaths_per_capita	Total_Predicted_New_Deaths_per_capita	Total_Predicted_Deaths_per_capita
Greer	0.161	9.637	66.637	0.0	0.0	5.0	2.766e-05	0.00165556	0.01144769	0.0	0.0	0.00085896
Logan	0.054	3.215	12.215	0.0	0.0	0.0	1.14e-06	6.798e-05	0.00025829	0.0	0.0	0.0
Choctaw	0.114	5.361	8.361	0.0	0.0	0.0	7.77e-06	0.00036549	0.00057002	0.0	0.0	0.0
Wagoner	2.757	153.292	261.292	0.67	25.072	33.072	3.442e-05	0.00191352	0.00326167	8.36e-06	0.00031297	0.00041283
Kay	0.0	3.405	49.405	0.0	0.0	4.0	0.0	7.71e-05	0.00111875	0.0	0.0	9.058e-05
Cherokee	0.232	13.86	37.86	0.0	0.0	1.0	4.77e-06	0.00028475	0.00077781	0.0	0.0	2.054e-05
Sequoyah	0.0	0.071	10.071	0.0	0.064	2.064	0.0	1.72e-06	0.00024457	0.0	1.55e-06	5.012e-05
McClain	0.0	1.311	23.311	0.0	0.067	0.067	0.0	3.279e-05	0.00058299	0.0	1.68e-06	1.68e-06
Ellis	0.0	0.0	0.0	0.0	0.0	0.0	0.0	0.0	0.0	0.0	0.0	0.0
Harper	0.0	0.0	1.0	0.0	0.064	0.064	0.0	0.0	0.00026337	0.0	1.686e-05	1.686e-05
Roger Mills	0.0	0.0	0.0	0.0	0.0	0.0	0.0	0.0	0.0	0.0	0.0	0.0
Comanche	0.506	30.291	101.291	0.0	0.067	0.067	4.2e-06	0.00025154	0.00084113	0.0	5.6e-07	5.6e-07
Lincoln	0.002	0.092	10.092	0.0	0.067	0.067	6e-08	2.63e-06	0.000289	0.0	1.92e-06	1.92e-06
Payne	0.334	20.009	59.009	0.0	0.067	0.067	4.07e-06	0.00024389	0.00071927	0.0	8.2e-07	8.2e-07
Washington	2.548	159.35	307.35	0.37	17.379	23.379	4.915e-05	0.0030737	0.00592848	7.14e-06	0.00033522	0.00045096
Beckham	3.54	53.67	55.67	0.37	17.379	17.379	0.00016307	0.00247225	0.00256437	1.704e-05	0.00080054	0.00080054
Noble	0.0	0.0	6.0	0.37	17.379	17.379	0.0	0.0	0.00053149	3.278e-05	0.00153946	0.00153946
Love	0.0	0.0	2.0	0.37	17.379	17.379	0.0	0.0	0.00019736	3.651e-05	0.00171492	0.00171492
Kiowa	0.046	2.752	5.752	0.37	17.379	17.379	5.27e-06	0.00031527	0.00065895	4.239e-05	0.00199095	0.00199095
Pawnee	0.0	1.432	29.432	0.0	0.124	2.124	0.0	8.737e-05	0.00179573	0.0	7.57e-06	0.00012959
Oklahoma	0.0	63.308	637.308	0.0	6.018	29.018	0.0	7.988e-05	0.00080409	0.0	7.59e-06	3.661e-05
Jefferson	0.0	0.0	1.0	0.0	6.018	6.018	0.0	0.0	0.00016332	0.0	0.00098285	0.00098285
McIntosh	0.0	0.0	2.0	0.0	6.02	6.02	0.0	0.0	0.00010093	0.0	0.00030381	0.00030381
Custer	0.215	10.482	20.482	0.0	6.02	6.02	7.4e-06	0.000361	0.0007054	0.0	0.00020733	0.00020733
Blaine	0.0	0.0	0.0	0.0	0.0	0.0	0.0	0.0	0.0	0.0	0.0	0.0
Cotton	0.052	3.121	8.121	0.0	6.02	6.02	9e-06	0.00054034	0.00140599	0.0	0.00104224	0.00104224
Le Flore	0.112	6.7	12.7	0.0	6.02	6.02	2.24e-06	0.00013405	0.0002541	0.0	0.00012045	0.00012045
Alfalfa	0.0	0.0	1.0	0.0	6.018	6.018	0.0	0.0	0.00017379	0.0	0.00104588	0.00104588
Delaware	2.571	153.832	239.832	0.0	0.0	5.0	6.016e-05	0.00359984	0.00561234	0.0	0.0	0.00011701
Caddo	134.096	2033.162	2085.162	0.0	0.0	3.0	0.00462767	0.07016468	0.07195921	0.0	0.0	0.00010353
Carter	0.0	0.0	1.0	0.0	0.0	0.0	0.0	0.0	2.076e-05	0.0	0.0	0.0
Haskell	0.0	0.0	2.0	0.0	0.0	0.0	0.0	0.0	0.00015788	0.0	0.0	0.0
Grady	0.892	36.785	59.785	0.0	0.0	1.0	1.606e-05	0.00066218	0.00107622	0.0	0.0	1.8e-05
Pushmataha	0.0	0.0	0.0	0.0	0.0	0.0	0.0	0.0	0.0	0.0	0.0	0.0
Major	0.023	1.376	3.376	0.0	0.0	1.0	3.01e-06	0.00018001	0.00044165	0.0	0.0	0.00013082
Rogers	0.275	21.831	59.831	0.0	0.0	2.0	2.99e-06	0.00023733	0.00065045	0.0	0.0	2.174e-05
Bryan	0.147	7.712	12.712	0.0	0.0	0.0	3.11e-06	0.00016342	0.00026937	0.0	0.0	0.0
Washita	0.0	0.0	0.0	0.0	0.0	0.0	0.0	0.0	0.0	0.0	0.0	0.0
Hughes	0.0	0.0	0.0	0.0	0.0	0.0	0.0	0.0	0.0	0.0	0.0	0.0
Okfuskee	0.0	0.0	1.0	0.0	0.0	0.0	0.0	0.0	8.266e-05	0.0	0.0	0.0
Beaver	0.0	0.0	1.0	0.0	0.0	0.0	0.0	0.0	0.00018801	0.0	0.0	0.0
Atoka	0.0	0.0	1.0	0.0	0.0	0.0	0.0	0.0	7.226e-05	0.0	0.0	0.0
Pontotoc	0.035	2.65	12.65	0.0	0.0	1.0	9.2e-07	6.929e-05	0.00033074	0.0	0.0	2.615e-05
Johnston	0.0	0.0	3.0	0.0	0.0	0.0	0.0	0.0	0.000274	0.0	0.0	0.0
Seminole	0.0	0.724	7.724	0.0	0.0	1.0	0.0	2.946e-05	0.00031426	0.0	0.0	4.069e-05
Marshall	0.0	0.0	2.0	0.0	0.0	0.0	0.0	0.0	0.00011901	0.0	0.0	0.0
Mayes	0.993	39.053	58.053	0.023	1.376	4.376	2.416e-05	0.00095003	0.00141224	5.6e-07	3.347e-05	0.00010645
Osage	0.54	43.112	108.112	0.02	1.29	9.29	1.149e-05	0.000917	0.00229957	4.3e-07	2.744e-05	0.0001976
Okmulgee	0.0	0.864	15.864	0.02	1.29	1.29	0.0	2.254e-05	0.00041383	5.2e-07	3.365e-05	3.365e-05
Unassigned	0.0	0.0	108.0	0.0	0.0	5.0	N/A	N/A	N/A	N/A	N/A	N/A
Stephens	0.0	1.436	20.436	0.0	0.0	1.0	0.0	3.319e-05	0.00047234	0.0	0.0	2.311e-05
Woodward	0.0	0.0	1.0	0.0	0.0	0.0	0.0	0.0	4.945e-05	0.0	0.0	0.0
Muskogee	0.323	16.9	42.9	0.069	4.131	7.131	4.72e-06	0.00024721	0.00062754	1.01e-06	6.043e-05	0.00010431
Out of OK	0.0	0.0	2.0	0.069	4.131	4.131	N/A	N/A	N/A	N/A	N/A	N/A
Creek	0.0	7.268	75.268	0.0	0.658	4.658	0.0	0.0001015	0.00105117	0.0	9.19e-06	6.505e-05
Latimer	0.0	0.0	4.0	0.0	0.0	1.0	0.0	0.0	0.00039097	0.0	0.0	9.774e-05
Craig	0.0	1.353	9.353	0.0	0.0	0.0	0.0	9.458e-05	0.00065378	0.0	0.0	0.0
Cimarron	0.0	0.0	0.0	0.0	0.0	0.0	0.0	0.0	0.0	0.0	0.0	0.0
Kingfisher	0.0	0.0	6.0	0.0	0.0	0.0	0.0	0.0	0.00037936	0.0	0.0	0.0
Pittsburg	1.016	41.878	59.878	0.0	0.0	1.0	2.316e-05	0.00095444	0.00136468	0.0	0.0	2.279e-05
Murray	0.0	0.0	1.0	0.0	0.0	0.0	0.0	0.0	7.167e-05	0.0	0.0	0.0
Texas	2.224	71.247	91.247	0.0	0.0	1.0	0.00010873	0.00348311	0.00446087	0.0	0.0	4.889e-05
Canadian	0.0	11.03	86.03	0.0	0.0	3.0	0.0	7.636e-05	0.00059558	0.0	0.0	2.077e-05
Dewey	0.0	0.0	2.0	0.0	0.0	0.0	0.0	0.0	0.00040866	0.0	0.0	0.0
Tillman	0.046	2.752	4.752	0.0	0.0	0.0	6.26e-06	0.00037452	0.00064671	0.0	0.0	0.0
McCurtain	0.138	8.261	16.261	0.0	0.0	0.0	4.22e-06	0.00025261	0.00049723	0.0	0.0	0.0
Tulsa	2.41	173.117	595.117	0.302	16.771	38.771	3.72e-06	0.00026701	0.00091788	4.7e-07	2.587e-05	5.98e-05
Cleveland	1.23	125.676	449.676	0.13	11.341	34.341	4.37e-06	0.00044618	0.00159647	4.6e-07	4.026e-05	0.00012192
Nowata	0.108	5.49	18.49	0.13	11.341	11.341	1.057e-05	0.00053729	0.00180955	1.272e-05	0.0011099	0.0011099
Harmon	0.0	0.0	0.0	0.0	0.0	0.0	0.0	0.0	0.0	0.0	0.0	0.0
Ottawa	0.365	21.845	48.845	0.13	11.341	11.341	1.171e-05	0.00070072	0.0015668	4.17e-06	0.00036379	0.00036379
Woods	0.69	41.305	44.305	0.13	11.341	11.341	7.755e-05	0.00464258	0.00497977	1.461e-05	0.0012747	0.0012747
Coal	0.0	0.0	0.0	0.0	0.0	0.0	0.0	0.0	0.0	0.0	0.0	0.0
Pottawatomie	0.387	23.13	59.13	0.0	0.0	4.0	5.32e-06	0.00031825	0.00081358	0.0	0.0	5.504e-05
Garvin	0.032	1.926	12.926	0.0	0.0	0.0	1.15e-06	6.925e-05	0.00046478	0.0	0.0	0.0
Garfield	0.694	25.983	36.983	0.0	0.0	1.0	1.139e-05	0.00042656	0.00060714	0.0	0.0	1.642e-05
Grant	0.0	0.0	2.0	0.0	0.0	0.0	0.0	0.0	0.00046232	0.0	0.0	0.0
Adair	0.238	14.228	60.228	0.0	0.0	3.0	1.078e-05	0.00064433	0.00272747	0.0	0.0	0.00013586
Jackson	0.0	0.225	6.225	0.0	0.0	0.0	0.0	9.02e-06	0.00024951	0.0	0.0	0.0
