Name	Predicted_New_Cases	Total_Predicted_New_Cases	Total_Predicted_Cases	Predicted_New_Deaths	Total_Predicted_New_Deaths	Total_Predicted_Deaths	Predicted_New_per_capita	Predicted_Total_New_per_capita	Predicted_Total_Cases_per_capita	Predicted_New_Deaths_per_capita	Total_Predicted_New_Deaths_per_capita	Total_Predicted_Deaths_per_capita
Valley	0.257	1184.042	1214.042	0.0	45.05	45.05	3.456e-05	0.15920963	0.16324351	0.0	0.00605755	0.00605755
Rosebud	0.002	342.78	420.78	0.0	0.0	1.0	2.2e-07	0.03782191	0.04642833	0.0	0.0	0.00011034
Blaine	0.001	60.814	75.814	0.0	0.0	0.0	1.5e-07	0.00893404	0.01113765	0.0	0.0	0.0
Broadwater	0.014	162.41	176.41	0.0	0.0	0.0	2.3e-06	0.02669022	0.02899096	0.0	0.0	0.0
Hill	0.089	407.927	455.927	0.0	0.0	2.0	5.44e-06	0.02495424	0.02789056	0.0	0.0	0.00012235
Dawson	0.425	1087.669	1117.669	0.0	0.0	0.0	4.896e-05	0.12530749	0.12876371	0.0	0.0	0.0
Ravalli	0.0	6.476	91.476	0.043	108.769	110.769	0.0	0.00015	0.00211887	1e-06	0.00251943	0.00256576
Mineral	0.0	0.0	2.0	0.043	108.769	108.769	0.0	0.0	0.00046339	9.96e-06	0.02520134	0.02520134
Deer Lodge	0.0	8.161	38.161	0.043	108.769	108.769	0.0	0.00089377	0.00417928	4.71e-06	0.01191206	0.01191206
Lewis and Clark	0.0	55.91	233.91	0.054	136.963	138.963	0.0	0.00081383	0.0034048	7.9e-07	0.00199364	0.00202275
Unassigned	0.0	0.0	2.0	0.054	136.963	136.963	N/A	N/A	N/A	N/A	N/A	N/A
Sheridan	0.0	0.331	5.331	0.054	136.963	136.963	0.0	9.667e-05	0.00155695	1.577e-05	0.04000088	0.04000088
Sanders	0.071	181.276	199.276	0.0	0.449	0.449	5.99e-06	0.0153053	0.01682506	0.0	3.791e-05	3.791e-05
Flathead	0.0	160.385	552.385	0.043	108.769	111.769	0.0	0.00157077	0.00540992	4.2e-07	0.00106526	0.00109464
Musselshell	0.0	0.626	4.626	0.043	108.769	108.769	0.0	0.00013459	0.00099462	9.25e-06	0.02338615	0.02338615
