Name	Predicted_New_Cases	Total_Predicted_New_Cases	Total_Predicted_Cases	Predicted_New_Deaths	Total_Predicted_New_Deaths	Total_Predicted_Deaths	Predicted_New_per_capita	Predicted_Total_New_per_capita	Predicted_Total_Cases_per_capita	Predicted_New_Deaths_per_capita	Total_Predicted_New_Deaths_per_capita	Total_Predicted_Deaths_per_capita
Valley	1.345	1176.861	1206.861	0.0	45.05	45.05	0.00018085	0.15824405	0.16227793	0.0	0.00605755	0.00605755
Rosebud	0.05	342.68	420.68	0.0	0.0	1.0	5.52e-06	0.03781088	0.0464173	0.0	0.0	0.00011034
Yellowstone	0.0	926.289	2448.289	0.002	35.84	67.84	0.0	0.00578435	0.01528872	1e-08	0.00022381	0.00042364
Fallon	0.0	0.0	2.0	0.002	35.84	35.84	0.0	0.0	0.00068493	6.8e-07	0.01227397	0.01227397
Wibaux	0.0	0.0	3.0	0.002	35.84	35.84	0.0	0.0	0.00290135	1.93e-06	0.03466151	0.03466151
Carbon	0.0	42.347	117.347	0.002	35.84	35.84	0.0	0.00395249	0.01095268	1.9e-07	0.00334516	0.00334516
Jefferson	0.0	8.784	39.784	0.002	35.84	35.84	0.0	0.00072613	0.00328875	1.7e-07	0.00296272	0.00296272
Park	0.0	16.893	79.893	0.002	35.84	35.84	0.0	0.00100938	0.00477372	1.2e-07	0.00214149	0.00214149
Blaine	0.019	60.775	75.775	0.0	0.0	0.0	2.79e-06	0.00892831	0.01113192	0.0	0.0	0.0
Broadwater	0.149	161.699	175.699	0.0	0.0	0.0	2.449e-05	0.02657338	0.02887412	0.0	0.0	0.0
Big Horn	0.0	300.719	819.719	0.0	16.54	30.54	0.0	0.02254603	0.06145741	0.0	0.00124007	0.0022897
Wheatland	0.0	0.0	3.0	0.0	16.54	16.54	0.0	0.0	0.00134168	0.0	0.00739714	0.00739714
Hill	0.463	405.452	453.452	0.0	0.0	2.0	2.832e-05	0.02480284	0.02773916	0.0	0.0	0.00012235
Dawson	1.508	1079.052	1109.052	0.0	0.0	0.0	0.00017373	0.12431475	0.12777097	0.0	0.0	0.0
Ravalli	0.0	6.476	91.476	0.151	107.905	109.905	0.0	0.00015	0.00211887	3.5e-06	0.00249942	0.00254575
Mineral	0.0	0.0	2.0	0.151	107.905	107.905	0.0	0.0	0.00046339	3.499e-05	0.02500116	0.02500116
Deer Lodge	0.0	8.161	38.161	0.151	107.905	107.905	0.0	0.00089377	0.00417928	1.654e-05	0.01181744	0.01181744
Lewis and Clark	0.0	55.91	233.91	0.19	135.879	137.879	0.0	0.00081383	0.0034048	2.77e-06	0.00197786	0.00200697
Unassigned	0.0	0.0	2.0	0.19	135.879	135.879	N/A	N/A	N/A	N/A	N/A	N/A
Sheridan	0.0	0.331	5.331	0.19	135.879	135.879	0.0	9.667e-05	0.00155695	5.549e-05	0.03968429	0.03968429
Cascade	0.0	42.689	224.689	0.0	10.631	14.631	0.0	0.00052287	0.00275209	0.0	0.00013021	0.00017921
Fergus	0.002	74.683	97.683	0.0	0.449	0.449	1.8e-07	0.00672033	0.00878998	0.0	4.04e-05	4.04e-05
Sanders	0.251	179.841	197.841	0.0	0.449	0.449	2.119e-05	0.01518414	0.0167039	0.0	3.791e-05	3.791e-05
Flathead	0.0	160.385	552.385	0.151	107.905	110.905	0.0	0.00157077	0.00540992	1.48e-06	0.00105679	0.00108618
Musselshell	0.0	0.626	4.626	0.151	107.905	107.905	0.0	0.00013459	0.00099462	3.247e-05	0.02320039	0.02320039
