Name	Predicted_New_Cases	Total_Predicted_New_Cases	Total_Predicted_Cases	Predicted_New_Deaths	Total_Predicted_New_Deaths	Total_Predicted_Deaths	Predicted_New_per_capita	Predicted_Total_New_per_capita	Predicted_Total_Cases_per_capita	Predicted_New_Deaths_per_capita	Total_Predicted_New_Deaths_per_capita	Total_Predicted_Deaths_per_capita
Silver Bow	0.081	144.895	158.895	0.0	0.0	0.0	2.31e-06	0.00414069	0.00454077	0.0	0.0	0.0
Yellowstone	0.0	199.443	350.443	0.002	41.072	45.072	0.0	0.00124545	0.00218839	1e-08	0.00025648	0.00028146
Carbon	0.0	25.79	43.79	0.002	41.072	41.072	0.0	0.00240713	0.00408718	1.9e-07	0.00383349	0.00383349
Jefferson	0.0	0.0	4.0	0.002	41.072	41.072	0.0	0.0	0.00033066	1.7e-07	0.00339522	0.00339522
Park	0.0	3.041	12.041	0.002	41.072	41.072	0.0	0.0001817	0.00071947	1.2e-07	0.00245411	0.00245411
Custer	0.0	15.204	40.204	0.002	41.072	41.072	0.0	0.00131227	0.00347005	1.7e-07	0.00354497	0.00354497
Glacier	0.0	3.491	12.491	0.002	41.072	41.072	0.0	0.00025395	0.00090863	1.5e-07	0.00298771	0.00298771
Broadwater	0.0	3.827	8.827	0.002	41.072	41.072	0.0	0.00062892	0.00145062	3.3e-07	0.00674971	0.00674971
Roosevelt	0.022	40.25	48.25	0.0	0.0	0.0	1.99e-06	0.00363957	0.00436296	0.0	0.0	0.0
