Name	Predicted_New_Cases	Total_Predicted_New_Cases	Total_Predicted_Cases	Predicted_New_Deaths	Total_Predicted_New_Deaths	Total_Predicted_Deaths	Predicted_New_per_capita	Predicted_Total_New_per_capita	Predicted_Total_Cases_per_capita	Predicted_New_Deaths_per_capita	Total_Predicted_New_Deaths_per_capita	Total_Predicted_Deaths_per_capita
Valley	0.0	0.0	0.0	0.0	0.0	0.0	0.0	0.0	0.0	0.0	0.0	0.0
Richland	0.0	0.0	3.0	0.0	0.558	0.558	0.0	0.0	0.0002749	0.0	5.113e-05	5.113e-05
Powell	0.0	0.0	0.0	0.0	0.0	0.0	0.0	0.0	0.0	0.0	0.0	0.0
Daniels	0.0	0.0	0.0	0.0	0.0	0.0	0.0	0.0	0.0	0.0	0.0	0.0
McCone	0.0	0.0	0.0	0.0	0.0	0.0	0.0	0.0	0.0	0.0	0.0	0.0
Lincoln	0.0	0.0	7.0	0.0	0.0	1.0	0.0	0.0	0.00035364	0.0	0.0	5.052e-05
Silver Bow	0.0	0.0	11.0	0.0	0.0	0.0	0.0	0.0	0.00031435	0.0	0.0	0.0
Granite	0.0	0.0	0.0	0.0	0.0	0.0	0.0	0.0	0.0	0.0	0.0	0.0
Rosebud	0.0	0.0	0.0	0.0	0.0	0.0	0.0	0.0	0.0	0.0	0.0	0.0
Petroleum	0.0	0.0	0.0	0.0	0.0	0.0	0.0	0.0	0.0	0.0	0.0	0.0
Teton	0.0	0.0	0.0	0.0	0.0	0.0	0.0	0.0	0.0	0.0	0.0	0.0
Yellowstone	18.284	256.553	356.553	0.055	3.069	6.069	0.00011418	0.00160208	0.00222655	3.4e-07	1.916e-05	3.79e-05
Fallon	0.0	0.0	0.0	0.0	0.0	0.0	0.0	0.0	0.0	0.0	0.0	0.0
Wibaux	0.0	0.0	0.0	0.0	0.0	0.0	0.0	0.0	0.0	0.0	0.0	0.0
Carbon	0.0	0.0	6.0	0.055	3.069	3.069	0.0	0.0	0.00056001	5.13e-06	0.00028645	0.00028645
Jefferson	0.0	0.0	3.0	0.055	3.069	3.069	0.0	0.0	0.000248	4.55e-06	0.0002537	0.0002537
Park	0.0	0.0	8.0	0.055	3.069	3.069	0.0	0.0	0.00047801	3.29e-06	0.00018338	0.00018338
Custer	0.0	0.0	0.0	0.0	0.0	0.0	0.0	0.0	0.0	0.0	0.0	0.0
Blaine	0.0	0.0	0.0	0.0	0.0	0.0	0.0	0.0	0.0	0.0	0.0	0.0
Glacier	0.0	0.0	6.0	0.055	3.069	3.069	0.0	0.0	0.00043646	4e-06	0.00022325	0.00022325
Broadwater	0.0	0.0	4.0	0.055	3.069	3.069	0.0	0.0	0.00065735	9.04e-06	0.00050435	0.00050435
Big Horn	52.014	729.844	760.844	0.055	3.069	3.069	0.00389969	0.05471915	0.05704333	4.12e-06	0.00023009	0.00023009
Wheatland	0.0	0.0	1.0	0.055	3.069	3.069	0.0	0.0	0.00044723	2.46e-05	0.00137254	0.00137254
Hill	0.0	0.0	1.0	0.055	3.069	3.069	0.0	0.0	6.117e-05	3.36e-06	0.00018774	0.00018774
Dawson	0.0	0.0	0.0	0.0	0.0	0.0	0.0	0.0	0.0	0.0	0.0	0.0
Carter	0.0	0.0	0.0	0.0	0.0	0.0	0.0	0.0	0.0	0.0	0.0	0.0
Stillwater	0.0	0.0	1.0	0.055	3.069	3.069	0.0	0.0	0.00010489	5.77e-06	0.0003219	0.0003219
Chouteau	0.0	0.0	0.0	0.0	0.0	0.0	0.0	0.0	0.0	0.0	0.0	0.0
Madison	0.0	0.0	8.0	0.0	0.0	1.0	0.0	0.0	0.00091241	0.0	0.0	0.00011405
Judith Basin	0.0	0.0	0.0	0.0	0.0	0.0	0.0	0.0	0.0	0.0	0.0	0.0
Roosevelt	0.0	0.0	7.0	0.0	0.0	0.0	0.0	0.0	0.00063297	0.0	0.0	0.0
Pondera	0.0	0.0	2.0	0.0	0.0	0.0	0.0	0.0	0.0003349	0.0	0.0	0.0
Sweet Grass	0.0	0.0	0.0	0.0	0.0	0.0	0.0	0.0	0.0	0.0	0.0	0.0
Liberty	0.0	0.0	1.0	0.0	0.0	0.0	0.0	0.0	0.00041152	0.0	0.0	0.0
Ravalli	0.0	0.314	14.314	0.0	0.0	0.0	0.0	7.27e-06	0.00033156	0.0	0.0	0.0
Mineral	0.0	0.0	0.0	0.0	0.0	0.0	0.0	0.0	0.0	0.0	0.0	0.0
Deer Lodge	0.0	0.0	3.0	0.0	0.0	0.0	0.0	0.0	0.00032855	0.0	0.0	0.0
Lake	0.0	0.0	5.0	0.0	0.0	0.0	0.0	0.0	0.00016529	0.0	0.0	0.0
Lewis and Clark	0.0	0.0	16.0	0.0	0.0	0.0	0.0	0.0	0.0002329	0.0	0.0	0.0
Unassigned	1.822	101.533	107.533	0.0	0.0	0.0	N/A	N/A	N/A	N/A	N/A	N/A
Sheridan	0.0	0.0	0.0	0.0	0.0	0.0	0.0	0.0	0.0	0.0	0.0	0.0
Cascade	0.0	0.0	17.0	0.0	0.0	2.0	0.0	0.0	0.00020822	0.0	0.0	2.45e-05
Toole	0.0	0.0	29.0	0.0	0.0	6.0	0.0	0.0	0.00597569	0.0	0.0	0.00123635
Phillips	0.0	0.0	0.0	0.0	0.0	0.0	0.0	0.0	0.0	0.0	0.0	0.0
Gallatin	5.569	78.145	233.145	0.0	0.0	1.0	4.978e-05	0.0006985	0.00208396	0.0	0.0	8.94e-06
Golden Valley	0.0	0.0	3.0	0.0	0.0	0.0	0.0	0.0	0.00363196	0.0	0.0	0.0
Missoula	2.837	39.809	79.809	0.0	0.0	1.0	2.388e-05	0.00033512	0.00067184	0.0	0.0	8.42e-06
Powder River	0.0	0.0	0.0	0.0	0.0	0.0	0.0	0.0	0.0	0.0	0.0	0.0
Beaverhead	0.0	0.0	1.0	0.0	0.0	0.0	0.0	0.0	0.00010634	0.0	0.0	0.0
Fergus	0.0	0.0	1.0	0.0	0.0	0.0	0.0	0.0	8.998e-05	0.0	0.0	0.0
Treasure	0.0	0.0	0.0	0.0	0.0	0.0	0.0	0.0	0.0	0.0	0.0	0.0
Sanders	0.0	0.0	0.0	0.0	0.0	0.0	0.0	0.0	0.0	0.0	0.0	0.0
Meagher	0.0	0.0	1.0	0.0	0.0	0.0	0.0	0.0	0.00053591	0.0	0.0	0.0
Garfield	0.0	0.0	0.0	0.0	0.0	0.0	0.0	0.0	0.0	0.0	0.0	0.0
Prairie	0.0	0.0	0.0	0.0	0.0	0.0	0.0	0.0	0.0	0.0	0.0	0.0
Flathead	0.0	0.0	37.0	0.0	0.0	2.0	0.0	0.0	0.00036237	0.0	0.0	1.959e-05
Musselshell	0.0	0.0	1.0	0.0	0.0	0.0	0.0	0.0	0.00021501	0.0	0.0	0.0
