Name	Predicted_New_Cases	Total_Predicted_New_Cases	Total_Predicted_Cases	Predicted_New_Deaths	Total_Predicted_New_Deaths	Total_Predicted_Deaths	Predicted_New_per_capita	Predicted_Total_New_per_capita	Predicted_Total_Cases_per_capita	Predicted_New_Deaths_per_capita	Total_Predicted_New_Deaths_per_capita	Total_Predicted_Deaths_per_capita
Valley	0.011	15.517	29.517	0.0	28.352	28.352	1.48e-06	0.00208646	0.00396894	0.0	0.00381229	0.00381229
Richland	0.0	1.063	48.063	0.0	0.0	2.0	0.0	9.741e-05	0.0044042	0.0	0.0	0.00018327
Powell	0.0	0.0	2.0	0.0	0.0	0.0	0.0	0.0	0.00028703	0.0	0.0	0.0
Daniels	0.0	0.0	3.0	0.0	0.0	0.0	0.0	0.0	0.00171723	0.0	0.0	0.0
McCone	0.0	0.0	3.0	0.0	0.0	0.0	0.0	0.0	0.00179104	0.0	0.0	0.0
Lincoln	0.032	44.737	120.737	0.0	0.067	2.067	1.62e-06	0.00226013	0.00609968	0.0	3.38e-06	0.00010443
Silver Bow	0.052	84.932	169.932	0.0	0.067	0.067	1.49e-06	0.00242711	0.00485617	0.0	1.91e-06	1.91e-06
Granite	3.168	597.571	613.571	0.0	0.067	0.067	0.00093783	0.17690083	0.18163736	0.0	1.983e-05	1.983e-05
Rosebud	8.46	1365.611	1398.611	0.0	0.0	1.0	0.00093347	0.1506798	0.15432098	0.0	0.0	0.00011034
Teton	0.0	0.0	15.0	0.0	0.0	0.0	0.0	0.0	0.00243427	0.0	0.0	0.0
Yellowstone	0.527	732.42	1993.42	0.039	22.421	52.421	3.29e-06	0.00457371	0.01244822	2.4e-07	0.00014001	0.00032735
Fallon	0.0	0.0	2.0	0.039	22.421	22.421	0.0	0.0	0.00068493	1.336e-05	0.00767842	0.00767842
Wibaux	0.006	7.64	10.64	0.039	22.421	22.421	5.8e-06	0.00738878	0.01029014	3.772e-05	0.02168375	0.02168375
Carbon	0.029	39.792	107.792	0.039	22.421	22.421	2.71e-06	0.00371402	0.01006085	3.64e-06	0.00209268	0.00209268
Jefferson	0.018	25.289	53.289	0.039	22.421	22.421	1.49e-06	0.00209052	0.00440514	3.22e-06	0.00185343	0.00185343
Park	0.02	32.817	87.817	0.039	22.421	22.421	1.2e-06	0.00196086	0.00524719	2.33e-06	0.00133969	0.00133969
Custer	0.014	20.12	81.12	0.0	0.0	2.0	1.21e-06	0.00173658	0.00700155	0.0	0.0	0.00017262
Blaine	0.042	23.02	33.02	0.0	0.0	0.0	6.17e-06	0.00338181	0.00485089	0.0	0.0	0.0
Glacier	0.145	78.378	150.378	0.0	0.0	1.0	1.055e-05	0.00570146	0.01093897	0.0	0.0	7.274e-05
Broadwater	0.016	8.79	19.79	0.0	0.0	0.0	2.63e-06	0.00144454	0.00325226	0.0	0.0	0.0
Big Horn	0.035	332.539	753.539	0.025	23.532	36.532	2.62e-06	0.0249317	0.05649565	1.87e-06	0.00176428	0.00273894
Wheatland	0.0	0.62	3.62	0.025	23.532	23.532	0.0	0.00027728	0.00161896	1.118e-05	0.01052415	0.01052415
Stillwater	0.013	13.611	36.611	0.0	0.0	0.0	1.36e-06	0.00142763	0.00384005	0.0	0.0	0.0
Chouteau	0.004	5.064	15.064	0.0	0.0	0.0	7e-07	0.00088146	0.00262211	0.0	0.0	0.0
Madison	0.0	11.983	98.983	0.0	0.0	1.0	0.0	0.00136667	0.01128912	0.0	0.0	0.00011405
Judith Basin	0.0	0.0	3.0	0.0	0.0	0.0	0.0	0.0	0.00153689	0.0	0.0	0.0
Roosevelt	0.0	9.329	32.329	0.0	0.0	0.0	0.0	0.00084357	0.00292332	0.0	0.0	0.0
Pondera	0.002	2.925	13.925	0.0	0.0	0.0	3.3e-07	0.00048979	0.00233171	0.0	0.0	0.0
Sweet Grass	0.361	68.081	73.081	0.0	0.0	1.0	9.73e-05	0.01835067	0.01969838	0.0	0.0	0.00026954
Ravalli	0.015	39.824	121.824	0.0	0.0	1.0	3.5e-07	0.00092245	0.00282183	0.0	0.0	2.316e-05
Lewis and Clark	0.087	120.385	276.385	0.0	0.0	1.0	1.27e-06	0.00175233	0.00402307	0.0	0.0	1.456e-05
Sheridan	0.441	83.208	88.208	0.0	0.0	0.0	0.0001288	0.0243014	0.02576168	0.0	0.0	0.0
Cascade	0.0	65.896	229.896	0.0	0.352	4.352	0.0	0.00080712	0.00281587	0.0	4.31e-06	5.331e-05
Toole	3.489	658.091	703.091	0.0	0.0	6.0	0.00071894	0.13560499	0.1448776	0.0	0.0	0.00123635
Gallatin	0.0	57.666	987.666	0.004	4.942	7.942	0.0	0.00051545	0.00882822	4e-08	4.417e-05	7.099e-05
Golden Valley	0.0	0.0	3.0	0.004	4.942	4.942	0.0	0.0	0.00363196	4.84e-06	0.00598305	0.00598305
Missoula	0.046	183.143	511.143	0.0	0.0	1.0	3.9e-07	0.00154172	0.00430288	0.0	0.0	8.42e-06
Beaverhead	0.056	77.899	139.899	0.0	0.0	0.0	5.95e-06	0.0082836	0.01487654	0.0	0.0	0.0
Fergus	0.012	11.295	20.295	0.0	0.0	0.0	1.08e-06	0.00101638	0.00182624	0.0	0.0	0.0
Meagher	0.0	0.0	4.0	0.0	0.0	0.0	0.0	0.0	0.00214362	0.0	0.0	0.0
Garfield	0.0	0.0	12.0	0.0	0.0	0.0	0.0	0.0	0.00946372	0.0	0.0	0.0
Flathead	0.187	259.877	589.877	0.0	0.0	2.0	1.83e-06	0.00254517	0.0057771	0.0	0.0	1.959e-05
Musselshell	0.0	0.626	3.626	0.0	0.0	0.0	0.0	0.00013459	0.00077962	0.0	0.0	0.0
