Name	Predicted_New_Cases	Total_Predicted_New_Cases	Total_Predicted_Cases	Predicted_New_Deaths	Total_Predicted_New_Deaths	Total_Predicted_Deaths	Predicted_New_per_capita	Predicted_Total_New_per_capita	Predicted_Total_Cases_per_capita	Predicted_New_Deaths_per_capita	Total_Predicted_New_Deaths_per_capita	Total_Predicted_Deaths_per_capita
Wright	0.0	0.0	1.0	0.714	273.826	273.826	0.0	0.0	7.88e-05	5.626e-05	0.02157809	0.02157809
Floyd	0.0	0.0	0.0	0.0	0.0	0.0	0.0	0.0	0.0	0.0	0.0	0.0
Black Hawk	16.361	3483.417	3742.417	0.035	25.166	27.166	0.00012357	0.02630821	0.02826428	2.6e-07	0.00019006	0.00020517
Linn	0.434	312.523	721.523	0.241	96.872	123.872	1.92e-06	0.0013834	0.00319387	1.07e-06	0.00042881	0.00054833
Jones	0.047	24.082	39.082	0.241	96.872	96.872	2.27e-06	0.00116091	0.00188401	1.162e-05	0.00466988	0.00466988
Wayne	0.0	0.0	0.0	0.0	0.0	0.0	0.0	0.0	0.0	0.0	0.0	0.0
Davis	0.0	0.0	0.0	0.0	0.0	0.0	0.0	0.0	0.0	0.0	0.0	0.0
Cherokee	0.0	0.0	0.0	0.0	0.0	0.0	0.0	0.0	0.0	0.0	0.0	0.0
Montgomery	0.0	0.0	1.0	0.241	96.872	96.872	0.0	0.0	9.997e-05	2.409e-05	0.00968429	0.00968429
Winneshiek	0.0	0.036	6.036	0.241	96.872	96.872	0.0	1.8e-06	0.00030136	1.203e-05	0.00483659	0.00483659
Webster	0.002	1.234	5.234	0.241	96.872	96.872	6e-08	3.402e-05	0.00014428	6.64e-06	0.00267034	0.00267034
Page	0.001	0.448	4.448	0.241	96.872	96.872	7e-08	2.938e-05	0.00029169	1.58e-05	0.00635268	0.00635268
Van Buren	0.011	7.604	15.604	0.241	96.872	96.872	1.57e-06	0.00108319	0.00222279	3.433e-05	0.01379943	0.01379943
Mitchell	0.0	0.0	2.0	0.241	96.872	96.872	0.0	0.0	0.00018923	2.28e-05	0.00916567	0.00916567
Hamilton	0.0	0.0	2.0	0.241	96.872	96.872	0.0	0.0	0.00013376	1.612e-05	0.00647887	0.00647887
Lee	0.007	5.039	8.039	0.241	96.872	96.872	2.1e-07	0.00014797	0.00023606	7.08e-06	0.00284457	0.00284457
Louisa	0.0	222.369	437.369	0.0	0.0	2.0	0.0	0.01990948	0.03915919	0.0	0.0	0.00017907
Washington	0.191	137.582	258.582	0.026	10.4	15.4	8.63e-06	0.0062139	0.01167888	1.17e-06	0.00046972	0.00069554
Dubuque	0.043	30.984	76.984	0.0	0.0	1.0	4.4e-07	0.0003199	0.00079485	0.0	0.0	1.032e-05
Sac	0.0	0.0	0.0	0.0	0.0	0.0	0.0	0.0	0.0	0.0	0.0	0.0
Hardin	0.002	1.118	4.118	0.0	0.0	0.0	1.2e-07	6.628e-05	0.00024413	0.0	0.0	0.0
Des Moines	0.053	25.684	38.684	0.0	0.0	0.0	1.35e-06	0.00065624	0.0009884	0.0	0.0	0.0
Clayton	0.0	0.349	7.349	0.0	0.0	1.0	0.0	1.988e-05	0.0004186	0.0	0.0	5.696e-05
Fayette	0.01	6.932	12.932	0.0	0.0	0.0	5.1e-07	0.00035259	0.00065778	0.0	0.0	0.0
Cass	0.0	0.0	1.0	0.0	0.0	0.0	0.0	0.0	7.734e-05	0.0	0.0	0.0
Jefferson	0.0	0.0	6.0	0.0	0.0	0.0	0.0	0.0	0.00032642	0.0	0.0	0.0
Ringgold	0.0	0.0	0.0	0.0	0.0	0.0	0.0	0.0	0.0	0.0	0.0	0.0
Decatur	0.0	0.0	0.0	0.0	0.0	0.0	0.0	0.0	0.0	0.0	0.0	0.0
Guthrie	2.24	285.907	289.907	0.0	0.0	0.0	0.00020896	0.02667043	0.02704356	0.0	0.0	0.0
Lyon	0.0	0.758	5.758	0.0	0.0	0.0	0.0	6.418e-05	0.00048751	0.0	0.0	0.0
Monroe	0.0	0.0	0.0	0.0	0.0	0.0	0.0	0.0	0.0	0.0	0.0	0.0
Marion	0.007	5.039	10.039	0.0	0.0	0.0	2.1e-07	0.00015084	0.00030051	0.0	0.0	0.0
Delaware	0.0	0.0	2.0	0.0	0.0	0.0	0.0	0.0	0.00011717	0.0	0.0	0.0
Winnebago	0.0	0.0	2.0	0.0	0.0	0.0	0.0	0.0	0.00019015	0.0	0.0	0.0
Fremont	0.0	0.0	0.0	0.0	0.0	0.0	0.0	0.0	0.0	0.0	0.0	0.0
Iowa	0.009	6.6	19.6	0.0	0.0	0.0	5.6e-07	0.0004089	0.0012143	0.0	0.0	0.0
Dickinson	0.0	0.0	1.0	0.0	0.0	0.0	0.0	0.0	5.83e-05	0.0	0.0	0.0
Benton	0.0	6.104	29.104	0.0	0.0	1.0	0.0	0.00023805	0.00113501	0.0	0.0	3.9e-05
Cerro Gordo	0.0	2.484	16.484	0.0	0.0	0.0	0.0	5.825e-05	0.00038652	0.0	0.0	0.0
Humboldt	0.0	0.0	0.0	0.0	0.0	0.0	0.0	0.0	0.0	0.0	0.0	0.0
Poweshiek	1.292	164.944	177.944	0.0	0.0	1.0	6.909e-05	0.00882101	0.00951623	0.0	0.0	5.348e-05
Henry	0.031	26.19	53.19	0.0	0.0	1.0	1.54e-06	0.00130513	0.00265062	0.0	0.0	4.983e-05
Palo Alto	0.0	0.0	0.0	0.0	0.0	0.0	0.0	0.0	0.0	0.0	0.0	0.0
Mahaska	0.145	43.854	51.854	0.0	0.0	0.0	6.59e-06	0.00199336	0.002357	0.0	0.0	0.0
Madison	0.0	0.116	3.116	0.0	0.0	1.0	0.0	7.14e-06	0.00019177	0.0	0.0	6.154e-05
Boone	0.002	1.343	7.343	0.0	0.0	0.0	8e-08	5.098e-05	0.00027871	0.0	0.0	0.0
Appanoose	0.775	98.965	100.965	1.292	164.944	166.944	6.231e-05	0.0079573	0.00811812	0.00010388	0.01326236	0.01342317
Mills	0.0	0.0	2.0	1.292	164.944	164.944	0.0	0.0	0.00013278	8.577e-05	0.01095028	0.01095028
Allamakee	0.223	80.894	120.894	1.752	223.594	226.594	1.612e-05	0.00584832	0.00874017	0.00012666	0.01616498	0.01638187
Buchanan	0.008	6.862	17.862	1.752	223.594	223.594	3.8e-07	0.00032369	0.00084259	8.265e-05	0.01054738	0.01054738
Emmet	0.0	0.0	0.0	0.0	0.0	0.0	0.0	0.0	0.0	0.0	0.0	0.0
Scott	0.122	158.67	329.67	0.012	8.384	11.384	7e-07	0.00091567	0.00190249	7e-08	4.838e-05	6.57e-05
Tama	0.261	202.443	399.443	0.0	0.0	6.0	1.544e-05	0.01197604	0.02363009	0.0	0.0	0.00035495
Woodbury	0.06	42.954	86.954	0.0	0.0	0.0	5.9e-07	0.0004189	0.00084801	0.0	0.0	0.0
Howard	3.877	494.833	498.833	0.0	0.0	0.0	0.00042201	0.05386231	0.0542977	0.0	0.0	0.0
Calhoun	0.0	0.0	0.0	0.0	0.0	0.0	0.0	0.0	0.0	0.0	0.0	0.0
Clarke	0.0	0.0	2.0	0.0	0.0	0.0	0.0	0.0	0.00021225	0.0	0.0	0.0
Ida	0.0	0.0	0.0	0.0	0.0	0.0	0.0	0.0	0.0	0.0	0.0	0.0
Marshall	3.49	929.452	1102.452	0.0	0.0	0.0	8.729e-05	0.02324734	0.0275744	0.0	0.0	0.0
O'Brien	0.0	0.0	3.0	0.0	0.0	0.0	0.0	0.0	0.00021676	0.0	0.0	0.0
Unassigned	0.0	0.0	2.0	0.0	17.924	23.924	N/A	N/A	N/A	N/A	N/A	N/A
Plymouth	2.28	365.782	373.782	0.0	17.942	17.942	9.085e-05	0.01457589	0.01489468	0.0	0.00071496	0.00071496
Osceola	0.0	0.0	3.0	0.0	17.942	17.942	0.0	0.0	0.00049669	0.0	0.00297053	0.00297053
Adams	0.0	0.0	0.0	0.0	0.0	0.0	0.0	0.0	0.0	0.0	0.0	0.0
Dallas	6.031	769.743	821.743	0.0	17.942	17.942	6.688e-05	0.00853563	0.00911225	0.0	0.00019896	0.00019896
Clay	0.0	0.0	3.0	0.0	17.942	17.942	0.0	0.0	0.00018594	0.0	0.00111206	0.00111206
Chickasaw	0.0	0.0	3.0	0.0	17.942	17.942	0.0	0.0	0.00025075	0.0	0.00149967	0.00149967
Shelby	2.01	256.579	265.579	0.0	17.942	17.942	0.00017361	0.02216091	0.02293824	0.0	0.00154966	0.00154966
Franklin	0.0	0.0	1.0	0.0	17.924	17.924	0.0	0.0	9.878e-05	0.0	0.00177045	0.00177045
Sioux	0.0	0.0	7.0	0.0	17.942	17.942	0.0	0.0	0.00020052	0.0	0.00051396	0.00051396
Butler	0.0	0.0	1.0	0.0	17.924	17.924	0.0	0.0	6.878e-05	0.0	0.00123282	0.00123282
Greene	0.0	0.0	1.0	0.0	17.924	17.924	0.0	0.0	0.00011135	0.0	0.00199577	0.00199577
Hancock	0.0	0.0	3.0	0.0	17.942	17.942	0.0	0.0	0.00028006	0.0	0.00167494	0.00167494
Union	0.0	0.0	1.0	0.0	17.924	17.924	0.0	0.0	8.091e-05	0.0	0.00145028	0.00145028
Audubon	0.0	0.0	1.0	0.0	17.924	17.924	0.0	0.0	0.00018162	0.0	0.00325536	0.00325536
Pocahontas	0.0	0.0	0.0	0.0	0.0	0.0	0.0	0.0	0.0	0.0	0.0	0.0
Worth	0.0	0.0	1.0	0.0	17.924	17.924	0.0	0.0	0.00013417	0.0	0.00240494	0.00240494
Buena Vista	0.0	0.0	2.0	0.0	17.942	17.942	0.0	0.0	0.00010063	0.0	0.00090279	0.00090279
Muscatine	0.761	390.755	608.755	0.124	37.24	41.24	1.773e-05	0.00910236	0.01418051	2.89e-06	0.00086748	0.00096066
Carroll	0.0	0.0	1.0	0.124	37.24	37.24	0.0	0.0	4.962e-05	6.15e-06	0.00184777	0.00184777
Wapello	0.016	11.856	17.856	0.124	37.24	37.24	4.5e-07	0.00033677	0.0005072	3.52e-06	0.0010578	0.0010578
Keokuk	0.287	36.653	39.653	0.124	37.24	37.24	2.807e-05	0.00358465	0.00387804	1.213e-05	0.00364205	0.00364205
Warren	0.014	10.293	30.293	0.124	37.24	37.24	2.7e-07	0.0002016	0.00059333	2.43e-06	0.0007294	0.0007294
Monona	0.0	0.0	7.0	0.124	37.24	37.24	0.0	0.0	0.00080654	1.429e-05	0.00429082	0.00429082
Johnson	0.217	216.478	519.478	0.0	0.451	3.451	1.43e-06	0.00143116	0.00343434	0.0	2.98e-06	2.282e-05
Lucas	0.0	0.0	0.0	0.0	0.0	0.0	0.0	0.0	0.0	0.0	0.0	0.0
Harrison	0.0	0.194	14.194	0.0	0.449	0.449	0.0	1.373e-05	0.00100425	0.0	3.177e-05	3.177e-05
Cedar	0.019	14.98	40.98	0.0	0.451	0.451	1.02e-06	0.00080421	0.00220003	0.0	2.421e-05	2.421e-05
Taylor	0.0	0.0	1.0	0.0	0.449	0.449	0.0	0.0	0.00016152	0.0	7.252e-05	7.252e-05
Clinton	0.077	55.369	97.369	0.0	0.451	0.451	1.66e-06	0.00119027	0.00209315	0.0	9.7e-06	9.7e-06
Crawford	0.0	0.014	6.014	0.0	0.0	1.0	0.0	8.2e-07	0.00035051	0.0	0.0	5.828e-05
Grundy	3.015	384.868	389.868	0.0	0.0	0.0	0.00024504	0.03127991	0.03168628	0.0	0.0	0.0
Jasper	16.311	2081.963	2123.963	0.0	0.0	0.0	0.00043909	0.0560466	0.05717724	0.0	0.0	0.0
Bremer	0.114	82.215	110.215	0.0	0.0	0.0	4.57e-06	0.00329559	0.00441797	0.0	0.0	0.0
Story	15.127	1685.725	1705.725	0.0	0.0	0.0	0.00015419	0.01718287	0.01738673	0.0	0.0	0.0
Polk	3.12	1133.893	1520.893	1.953	390.771	403.771	6.4e-06	0.00232735	0.00312168	4.01e-06	0.00080207	0.00082875
Pottawattamie	0.036	21.106	39.106	0.0	0.0	1.0	3.8e-07	0.00022565	0.0004181	0.0	0.0	1.069e-05
Kossuth	0.0	0.0	1.0	0.0	0.0	0.0	0.0	0.0	6.708e-05	0.0	0.0	0.0
Adair	0.0	0.0	1.0	0.0	0.0	0.0	0.0	0.0	0.00014158	0.0	0.0	0.0
Jackson	0.0	0.0	5.0	0.0	0.0	0.0	0.0	0.0	0.00025731	0.0	0.0	0.0
