Name	Confirmed	Deaths	Recovered	Active	Confirmed_per_capita	Deaths_per_capita	IFR_0.30_expected	IFR_0.65_expected	IFR_1.0_expected	IFR_0.30_expected_per_capita	IFR_0.65_expected_per_capita	IFR_1.0_expected_per_capita	Date
Story	1.0	0.0	0.0	0.0	1.019e-05	0.0	5.0	2.0	1.25	5.095e-05	2.038e-05	1.27375e-05	2020-03-22
Story	1	0	0	0	1.019e-5	0	5	2	1.25	5.095e-5	2.038e-5	1.27375e-5	2020-03-23
Story	2	0	0	0	2.039e-05	0.0	10	4	2.5	0.00010195	4.078e-05	2.54875e-05	2020-03-24
Story	2	0	0	0	2.039e-5	0	10	4	2.5	1.0195e-4	4.078e-5	2.54875e-5	2020-03-25
Story	2	0	0	0	2.039e-5	0	10	4	2.5	1.0195e-4	4.078e-5	2.54875e-5	2020-03-26
Story	2	0	0	0	2.039e-5	0	10	4	2.5	1.0195e-4	4.078e-5	2.54875e-5	2020-03-27
Story	2	0	0	0	2.039e-5	0	10	4	2.5	1.0195e-4	4.078e-5	2.54875e-5	2020-03-28
Story	2.0	0.0	0.0	0.0	2.039e-05	0.0	10.0	4.0	2.5	0.00010195	4.078e-05	2.54875e-05	2020-03-29
Story	2.0	0.0	0.0	0.0	2.039e-05	0.0	10.0	4.0	2.5	0.00010195	4.078e-05	2.54875e-05	2020-03-30
Story	2.0	0.0	0.0	0.0	2.039e-05	0.0	10.0	4.0	2.5	0.00010195	4.078e-05	2.54875e-05	2020-03-31
Story	4.0	0.0	0.0	0.0	4.077e-05	0.0	20.0	8.0	5.0	0.00020385	8.154e-05	5.09625e-05	2020-04-01
Story	4.0	0.0	0.0	0.0	4.077e-05	0.0	20.0	8.0	5.0	0.00020385	8.154e-05	5.09625e-05	2020-04-02
Story	5.0	0.0	0.0	0.0	5.097e-05	0.0	25.0	10.0	6.25	0.00025485	0.00010194	6.37125e-05	2020-04-03
Story	5.0	0.0	0.0	0.0	5.097e-05	0.0	25.0	10.0	6.25	0.00025485	0.00010194	6.37125e-05	2020-04-04
Story	5.0	0.0	0.0	0.0	5.097e-05	0.0	25.0	10.0	6.25	0.00025485	0.00010194	6.37125e-05	2020-04-05
Story	5.0	0.0	0.0	0.0	5.097e-05	0.0	25.0	10.0	6.25	0.00025485	0.00010194	6.37125e-05	2020-04-06
Story	6.0	0.0	0.0	0.0	6.116e-05	0.0	30.0	12.0	7.5	0.0003058	0.00012232	7.645e-05	2020-04-07
Story	6.0	0.0	0.0	0.0	6.116e-05	0.0	30.0	12.0	7.5	0.0003058	0.00012232	7.645e-05	2020-04-08
Story	7.0	0.0	0.0	0.0	7.135e-05	0.0	35.0	14.0	8.75	0.00035675	0.0001427	8.91875e-05	2020-04-09
Story	7.0	0.0	0.0	0.0	7.135e-05	0.0	35.0	14.0	8.75	0.00035675	0.0001427	8.91875e-05	2020-04-10
Story	7.0	0.0	0.0	0.0	7.135e-05	0.0	35.0	14.0	8.75	0.00035675	0.0001427	8.91875e-05	2020-04-11
Story	7.0	0.0	0.0	7.0	7.135e-05	0.0	35.0	14.0	8.75	0.00035675	0.0001427	8.91875e-05	2020-04-12
Story	8.0	0.0	0.0	8.0	8.155e-05	0.0	40.0	16.0	10.0	0.00040775	0.0001631	0.0001019375	2020-04-13
Story	11.0	0.0	0.0	11.0	0.00011212	0.0	55.0	22.0	13.75	0.0005606	0.00022424	0.00014015	2020-04-14
Story	11.0	0.0	0.0	11.0	0.00011212	0.0	55.0	22.0	13.75	0.0005606	0.00022424	0.00014015	2020-04-15
Story	16.0	0.0	0.0	16.0	0.00016309	0.0	80.0	32.0	20.0	0.00081545	0.00032618	0.0002038625	2020-04-16
Story	17.0	0.0	0.0	17.0	0.00017328	0.0	85.0	34.0	21.25	0.0008664	0.00034656	0.0002166	2020-04-17
Story	17.0	0.0	0.0	17.0	0.00017328	0.0	85.0	34.0	21.25	0.0008664	0.00034656	0.0002166	2020-04-18
Story	18.0	0.0	0.0	18.0	0.00018348	0.0	90.0	36.0	22.5	0.0009174	0.00036696	0.00022935	2020-04-19
Story	20.0	0.0	0.0	20.0	0.00020386	0.0	100.0	40.0	25.0	0.0010193	0.00040772	0.000254825	2020-04-20
Story	19.0	0.0	0.0	19.0	0.00019367	0.0	95.0	38.0	23.75	0.00096835	0.00038734	0.0002420875	2020-04-21
Story	20.0	0.0	0.0	20.0	0.00020386	0.0	100.0	40.0	25.0	0.0010193	0.00040772	0.000254825	2020-04-22
Story	22.0	0.0	0.0	22.0	0.00022425	0.0	110.0	44.0	27.5	0.00112125	0.0004485	0.0002803125	2020-04-23
Story	22.0	0.0	0.0	22.0	0.00022425	0.0	110.0	44.0	27.5	0.00112125	0.0004485	0.0002803125	2020-04-24
Story	22.0	0.0	0.0	22.0	0.00022425	0.0	110.0	44.0	27.5	0.00112125	0.0004485	0.0002803125	2020-04-25
Story	23.0	0.0	0.0	23.0	0.00023444	0.0	115.0	46.0	28.75	0.0011722	0.00046888	0.00029305	2020-04-26
Story	25.0	0.0	0.0	25.0	0.00025483	0.0	125.0	50.0	31.25	0.00127415	0.00050966	0.0003185375	2020-04-27
Story	26.0	1.0	0.0	25.0	0.00026502	1.019e-05	333.333333333	153.846153846	100.0	0.00339666666667	0.00156769230769	0.001019	2020-04-28
Story	27.0	1.0	0.0	26.0	0.00027522	1.019e-05	333.333333333	153.846153846	100.0	0.00339666666667	0.00156769230769	0.001019	2020-04-29
Story	27.0	1.0	0.0	26.0	0.00027522	1.019e-05	333.333333333	153.846153846	100.0	0.00339666666667	0.00156769230769	0.001019	2020-04-30
Story	31.0	1.0	0.0	30.0	0.00031599	1.019e-05	333.333333333	153.846153846	100.0	0.00339666666667	0.00156769230769	0.001019	2020-05-01
Story	32.0	1.0	0.0	31.0	0.00032618	1.019e-05	333.333333333	153.846153846	100.0	0.00339666666667	0.00156769230769	0.001019	2020-05-02
Story	33.0	1.0	0.0	32.0	0.00033637	1.019e-05	333.333333333	153.846153846	100.0	0.00339666666667	0.00156769230769	0.001019	2020-05-03
Story	38.0	1.0	0.0	37.0	0.00038734	1.019e-05	333.333333333	153.846153846	100.0	0.00339666666667	0.00156769230769	0.001019	2020-05-04
Story	39.0	1.0	0.0	38.0	0.00039753	1.019e-05	333.333333333	153.846153846	100.0	0.00339666666667	0.00156769230769	0.001019	2020-05-05
Story	40.0	1.0	0.0	39.0	0.00040773	1.019e-05	333.333333333	153.846153846	100.0	0.00339666666667	0.00156769230769	0.001019	2020-05-06
Story	52.0	1.0	0.0	51.0	0.00053004	1.019e-05	333.333333333	153.846153846	100.0	0.00339666666667	0.00156769230769	0.001019	2020-05-07
Story	54.0	1.0	0.0	53.0	0.00055043	1.019e-05	333.333333333	153.846153846	100.0	0.00339666666667	0.00156769230769	0.001019	2020-05-08
Story	55.0	1.0	0.0	54.0	0.00056062	1.019e-05	333.333333333	153.846153846	100.0	0.00339666666667	0.00156769230769	0.001019	2020-05-09
Story	58.0	1.0	0.0	57.0	0.0005912	1.019e-05	333.333333333	153.846153846	100.0	0.00339666666667	0.00156769230769	0.001019	2020-05-10
Story	61.0	1.0	0.0	60.0	0.00062178	1.019e-05	333.333333333	153.846153846	100.0	0.00339666666667	0.00156769230769	0.001019	2020-05-11
Story	64.0	1.0	0.0	63.0	0.00065236	1.019e-05	333.333333333	153.846153846	100.0	0.00339666666667	0.00156769230769	0.001019	2020-05-12
Story	65.0	1.0	0.0	64.0	0.00066256	1.019e-05	333.333333333	153.846153846	100.0	0.00339666666667	0.00156769230769	0.001019	2020-05-13
Story	66.0	1.0	0.0	65.0	0.00067275	1.019e-05	333.333333333	153.846153846	100.0	0.00339666666667	0.00156769230769	0.001019	2020-05-14
Story	73.0	1.0	0.0	72.0	0.0007441	1.019e-05	333.333333333	153.846153846	100.0	0.00339666666667	0.00156769230769	0.001019	2020-05-15
Story	75.0	1.0	0.0	74.0	0.00076449	1.019e-05	333.333333333	153.846153846	100.0	0.00339666666667	0.00156769230769	0.001019	2020-05-16
Story	75.0	1.0	0.0	74.0	0.00076449	1.019e-05	333.333333333	153.846153846	100.0	0.00339666666667	0.00156769230769	0.001019	2020-05-17
Story	79.0	1.0	0.0	78.0	0.00080526	1.019e-05	333.333333333	153.846153846	100.0	0.00339666666667	0.00156769230769	0.001019	2020-05-18
Story	81.0	1.0	0.0	80.0	0.00082565	1.019e-05	333.333333333	153.846153846	100.0	0.00339666666667	0.00156769230769	0.001019	2020-05-19
Story	82.0	1.0	0.0	81.0	0.00083584	1.019e-05	333.333333333	153.846153846	100.0	0.00339666666667	0.00156769230769	0.001019	2020-05-20
Story	86.0	1.0	0.0	85.0	0.00087661	1.019e-05	333.333333333	153.846153846	100.0	0.00339666666667	0.00156769230769	0.001019	2020-05-21
Story	88.0	1.0	0.0	87.0	0.000897	1.019e-05	333.333333333	153.846153846	100.0	0.00339666666667	0.00156769230769	0.001019	2020-05-22
Story	90.0	1.0	0.0	89.0	0.00091738	1.019e-05	333.333333333	153.846153846	100.0	0.00339666666667	0.00156769230769	0.001019	2020-05-23
Story	94.0	1.0	0.0	93.0	0.00095816	1.019e-05	333.333333333	153.846153846	100.0	0.00339666666667	0.00156769230769	0.001019	2020-05-24
Story	95.0	1.0	0.0	94.0	0.00096835	1.019e-05	333.333333333	153.846153846	100.0	0.00339666666667	0.00156769230769	0.001019	2020-05-25
Story	95.0	1.0	0.0	94.0	0.00096835	1.019e-05	333.333333333	153.846153846	100.0	0.00339666666667	0.00156769230769	0.001019	2020-05-26
Story	96.0	1.0	0.0	95.0	0.00097854	1.019e-05	333.333333333	153.846153846	100.0	0.00339666666667	0.00156769230769	0.001019	2020-05-27
Story	99.0	1.0	0.0	98.0	0.00100912	1.019e-05	333.333333333	153.846153846	100.0	0.00339666666667	0.00156769230769	0.001019	2020-05-28
Story	105.0	1.0	0.0	104.0	0.00107028	1.019e-05	333.333333333	153.846153846	100.0	0.00339666666667	0.00156769230769	0.001019	2020-05-29
Story	109.0	1.0	0.0	108.0	0.00111105	1.019e-05	333.333333333	153.846153846	100.0	0.00339666666667	0.00156769230769	0.001019	2020-05-30
Story	115.0	1.0	0.0	114.0	0.00117221	1.019e-05	333.333333333	153.846153846	100.0	0.00339666666667	0.00156769230769	0.001019	2020-05-31
Story	116.0	1.0	0.0	115.0	0.00118241	1.019e-05	333.333333333	153.846153846	100.0	0.00339666666667	0.00156769230769	0.001019	2020-06-01
Story	119.0	1.0	0.0	118.0	0.00121299	1.019e-05	333.333333333	153.846153846	100.0	0.00339666666667	0.00156769230769	0.001019	2020-06-02
Story	118.0	1.0	0.0	117.0	0.00120279	1.019e-05	333.333333333	153.846153846	100.0	0.00339666666667	0.00156769230769	0.001019	2020-06-03
Story	126.0	1.0	0.0	125.0	0.00128434	1.019e-05	333.333333333	153.846153846	100.0	0.00339666666667	0.00156769230769	0.001019	2020-06-04
Story	131.0	1.0	0.0	130.0	0.0013353	1.019e-05	333.333333333	153.846153846	100.0	0.00339666666667	0.00156769230769	0.001019	2020-06-05
Story	143.0	1.0	0.0	142.0	0.00145762	1.019e-05	333.333333333	153.846153846	100.0	0.00339666666667	0.00156769230769	0.001019	2020-06-06
Story	149.0	1.0	0.0	148.0	0.00151878	1.019e-05	333.333333333	153.846153846	100.0	0.00339666666667	0.00156769230769	0.001019	2020-06-07
Story	155.0	2.0	0.0	153.0	0.00157994	2.039e-05	666.666666667	307.692307692	200.0	0.00679666666667	0.00313692307692	0.002039	2020-06-08
Story	157.0	2.0	0.0	155.0	0.00160033	2.039e-05	666.666666667	307.692307692	200.0	0.00679666666667	0.00313692307692	0.002039	2020-06-09
Story	169.0	2.0	0.0	167.0	0.00172264	2.039e-05	666.666666667	307.692307692	200.0	0.00679666666667	0.00313692307692	0.002039	2020-06-10
Story	187.0	2.0	0.0	185.0	0.00190612	2.039e-05	666.666666667	307.692307692	200.0	0.00679666666667	0.00313692307692	0.002039	2020-06-11
Story	210.0	2.0	0.0	208.0	0.00214056	2.039e-05	666.666666667	307.692307692	200.0	0.00679666666667	0.00313692307692	0.002039	2020-06-12
Story	233.0	2.0	0.0	231.0	0.00237501	2.039e-05	666.666666667	307.692307692	200.0	0.00679666666667	0.00313692307692	0.002039	2020-06-13
Story	247.0	2.0	0.0	245.0	0.00251771	2.039e-05	666.666666667	307.692307692	200.0	0.00679666666667	0.00313692307692	0.002039	2020-06-14
Story	255.0	2.0	0.0	253.0	0.00259926	2.039e-05	666.666666667	307.692307692	200.0	0.00679666666667	0.00313692307692	0.002039	2020-06-15
Story	259.0	3.0	0.0	256.0	0.00264003	3.058e-05	1000.0	461.538461538	300.0	0.0101933333333	0.00470461538462	0.003058	2020-06-16
Story	301.0	3.0	0.0	298.0	0.00306814	3.058e-05	1000.0	461.538461538	300.0	0.0101933333333	0.00470461538462	0.003058	2020-06-17
Story	342.0	3.0	0.0	339.0	0.00348606	3.058e-05	1000.0	461.538461538	300.0	0.0101933333333	0.00470461538462	0.003058	2020-06-18
Story	378.0	3.0	0.0	375.0	0.00385301	3.058e-05	1000.0	461.538461538	300.0	0.0101933333333	0.00470461538462	0.003058	2020-06-19
Story	416.0	3.0	0.0	413.0	0.00424035	3.058e-05	1000.0	461.538461538	300.0	0.0101933333333	0.00470461538462	0.003058	2020-06-20
Story	469.0	3.0	0.0	466.0	0.00478059	3.058e-05	1000.0	461.538461538	300.0	0.0101933333333	0.00470461538462	0.003058	2020-06-21
Story	483.0	3.0	0.0	480.0	0.0049233	3.058e-05	1000.0	461.538461538	300.0	0.0101933333333	0.00470461538462	0.003058	2020-06-22
Story	521.0	3.0	0.0	518.0	0.00531064	3.058e-05	1000.0	461.538461538	300.0	0.0101933333333	0.00470461538462	0.003058	2020-06-23
Story	542.0	3.0	0.0	539.0	0.00552469	3.058e-05	1000.0	461.538461538	300.0	0.0101933333333	0.00470461538462	0.003058	2020-06-24
Story	598.0	3.0	0.0	595.0	0.00609551	3.058e-05	1000.0	461.538461538	300.0	0.0101933333333	0.00470461538462	0.003058	2020-06-25
Story	618.0	3.0	0.0	615.0	0.00629937	3.058e-05	1000.0	461.538461538	300.0	0.0101933333333	0.00470461538462	0.003058	2020-06-26
Story	651.0	3.0	0.0	648.0	0.00663575	3.058e-05	1000.0	461.538461538	300.0	0.0101933333333	0.00470461538462	0.003058	2020-06-27
Story	673.0	3.0	0.0	670.0	0.00686	3.058e-05	1000.0	461.538461538	300.0	0.0101933333333	0.00470461538462	0.003058	2020-06-28
Story	677.0	3.0	0.0	674.0	0.00690077	3.058e-05	1000.0	461.538461538	300.0	0.0101933333333	0.00470461538462	0.003058	2020-06-29
Story	694.0	3.0	0.0	691.0	0.00707405	3.058e-05	1000.0	461.538461538	300.0	0.0101933333333	0.00470461538462	0.003058	2020-06-30
Story	722.0	3.0	0.0	719.0	0.00735946	3.058e-05	1000.0	461.538461538	300.0	0.0101933333333	0.00470461538462	0.003058	2020-07-01
Story	746.0	3.0	0.0	743.0	0.0076041	3.058e-05	1000.0	461.538461538	300.0	0.0101933333333	0.00470461538462	0.003058	2020-07-02
Story	751.0	3.0	0.0	748.0	0.00765506	3.058e-05	1000.0	461.538461538	300.0	0.0101933333333	0.00470461538462	0.003058	2020-07-03
Story	762.0	3.0	0.0	759.0	0.00776719	3.058e-05	1000.0	461.538461538	300.0	0.0101933333333	0.00470461538462	0.003058	2020-07-04
Story	775.0	3.0	0.0	772.0	0.0078997	3.058e-05	1000.0	461.538461538	300.0	0.0101933333333	0.00470461538462	0.003058	2020-07-05
Story	779.0	3.0	0.0	776.0	0.00794047	3.058e-05	1000.0	461.538461538	300.0	0.0101933333333	0.00470461538462	0.003058	2020-07-06
Story	806.0	3.0	0.0	803.0	0.00821569	3.058e-05	1000.0	461.538461538	300.0	0.0101933333333	0.00470461538462	0.003058	2020-07-07
Story	819.0	4.0	0.0	815.0	0.0083482	4.077e-05	1333.33333333	615.384615385	400.0	0.01359	0.00627230769231	0.004077	2020-07-08
Story	825.0	4.0	0.0	821.0	0.00840936	4.077e-05	1333.33333333	615.384615385	400.0	0.01359	0.00627230769231	0.004077	2020-07-09
Story	851.0	5.0	0.0	846.0	0.00867438	5.097e-05	1666.66666667	769.230769231	500.0	0.01699	0.00784153846154	0.005097	2020-07-10
Story	857.0	5.0	0.0	852.0	0.00873554	5.097e-05	1666.66666667	769.230769231	500.0	0.01699	0.00784153846154	0.005097	2020-07-11
Story	872.0	6.0	0.0	866.0	0.00888844	6.116e-05	2000.0	923.076923077	600.0	0.0203866666667	0.00940923076923	0.006116	2020-07-12
Story	877.0	8.0	0.0	869.0	0.0089394	8.155e-05	2666.66666667	1230.76923077	800.0	0.0271833333333	0.0125461538462	0.008155	2020-07-13
Story	880.0	8.0	0.0	872.0	0.00896998	8.155e-05	2666.66666667	1230.76923077	800.0	0.0271833333333	0.0125461538462	0.008155	2020-07-14
Story	897.0	8.0	0.0	889.0	0.00914326	8.155e-05	2666.66666667	1230.76923077	800.0	0.0271833333333	0.0125461538462	0.008155	2020-07-15
Story	911.0	8.0	0.0	903.0	0.00928597	8.155e-05	2666.66666667	1230.76923077	800.0	0.0271833333333	0.0125461538462	0.008155	2020-07-16
Story	926.0	8.0	0.0	918.0	0.00943887	8.155e-05	2666.66666667	1230.76923077	800.0	0.0271833333333	0.0125461538462	0.008155	2020-07-17
Story	929.0	8.0	0.0	921.0	0.00946945	8.155e-05	2666.66666667	1230.76923077	800.0	0.0271833333333	0.0125461538462	0.008155	2020-07-18
Story	934.0	8.0	0.0	926.0	0.00952041	8.155e-05	2666.66666667	1230.76923077	800.0	0.0271833333333	0.0125461538462	0.008155	2020-07-19
Story	947.0	9.0	0.0	938.0	0.00965292	9.174e-05	3000.0	1384.61538462	900.0	0.03058	0.0141138461538	0.009174	2020-07-20
Story	970.0	10.0	0.0	960.0	0.00988737	0.00010193	3333.33333333	1538.46153846	1000.0	0.0339766666667	0.0156815384615	0.010193	2020-07-21
Story	983.0	10.0	0.0	973.0	0.01001988	0.00010193	3333.33333333	1538.46153846	1000.0	0.0339766666667	0.0156815384615	0.010193	2020-07-22
Story	998.0	10.0	0.0	988.0	0.01017277	0.00010193	3333.33333333	1538.46153846	1000.0	0.0339766666667	0.0156815384615	0.010193	2020-07-23
Story	1026.0	11.0	0.0	1015.0	0.01045818	0.00011212	3666.66666667	1692.30769231	1100.0	0.0373733333333	0.0172492307692	0.011212	2020-07-24
Story	1035.0	11.0	0.0	1024.0	0.01054992	0.00011212	3666.66666667	1692.30769231	1100.0	0.0373733333333	0.0172492307692	0.011212	2020-07-25
Story	1045.0	11.0	0.0	1034.0	0.01065185	0.00011212	3666.66666667	1692.30769231	1100.0	0.0373733333333	0.0172492307692	0.011212	2020-07-26
Story	1055.0	11.0	0.0	1044.0	0.01075378	0.00011212	3666.66666667	1692.30769231	1100.0	0.0373733333333	0.0172492307692	0.011212	2020-07-27
Story	1057.0	11.0	0.0	1046.0	0.01077417	0.00011212	3666.66666667	1692.30769231	1100.0	0.0373733333333	0.0172492307692	0.011212	2020-07-28
Story	1075.0	13.0	0.0	1062.0	0.01095765	0.00013251	4333.33333333	2000.0	1300.0	0.04417	0.0203861538462	0.013251	2020-07-29
Story	1084.0	13.0	0.0	1071.0	0.01104939	0.00013251	4333.33333333	2000.0	1300.0	0.04417	0.0203861538462	0.013251	2020-07-30
Story	1088.0	13.0	0.0	1075.0	0.01109016	0.00013251	4333.33333333	2000.0	1300.0	0.04417	0.0203861538462	0.013251	2020-07-31
Story	1101.0	13.0	0.0	1088.0	0.01122267	0.00013251	4333.33333333	2000.0	1300.0	0.04417	0.0203861538462	0.013251	2020-08-01
Story	1110.0	13.0	0.0	1097.0	0.01131441	0.00013251	4333.33333333	2000.0	1300.0	0.04417	0.0203861538462	0.013251	2020-08-02
Story	1109.0	14.0	0.0	1095.0	0.01130421	0.0001427	4666.66666667	2153.84615385	1400.0	0.0475666666667	0.0219538461538	0.01427	2020-08-03
Story	1117.0	14.0	0.0	1103.0	0.01138576	0.0001427	4666.66666667	2153.84615385	1400.0	0.0475666666667	0.0219538461538	0.01427	2020-08-04
Story	1126.0	14.0	0.0	1112.0	0.0114775	0.0001427	4666.66666667	2153.84615385	1400.0	0.0475666666667	0.0219538461538	0.01427	2020-08-05
Story	1141.0	14.0	0.0	1127.0	0.0116304	0.0001427	4666.66666667	2153.84615385	1400.0	0.0475666666667	0.0219538461538	0.01427	2020-08-06
Story	1151.0	14.0	0.0	1137.0	0.01173233	0.0001427	4666.66666667	2153.84615385	1400.0	0.0475666666667	0.0219538461538	0.01427	2020-08-07
Story	1160.0	14.0	0.0	1146.0	0.01182407	0.0001427	4666.66666667	2153.84615385	1400.0	0.0475666666667	0.0219538461538	0.01427	2020-08-08
Story	1166.0	14.0	0.0	1152.0	0.01188523	0.0001427	4666.66666667	2153.84615385	1400.0	0.0475666666667	0.0219538461538	0.01427	2020-08-09
Story	1167.0	14.0	0.0	1153.0	0.01189542	0.0001427	4666.66666667	2153.84615385	1400.0	0.0475666666667	0.0219538461538	0.01427	2020-08-10
Story	1173.0	15.0	0.0	1158.0	0.01195658	0.0001529	5000.0	2307.69230769	1500.0	0.0509666666667	0.0235230769231	0.01529	2020-08-11
Story	1181.0	15.0	0.0	1166.0	0.01203812	0.0001529	5000.0	2307.69230769	1500.0	0.0509666666667	0.0235230769231	0.01529	2020-08-12
Story	1189.0	15.0	0.0	1174.0	0.01211967	0.0001529	5000.0	2307.69230769	1500.0	0.0509666666667	0.0235230769231	0.01529	2020-08-13
Story	1203.0	15.0	0.0	1188.0	0.01226237	0.0001529	5000.0	2307.69230769	1500.0	0.0509666666667	0.0235230769231	0.01529	2020-08-14
Story	1382.0	15.0	0.0	1367.0	0.01408695	0.0001529	5000.0	2307.69230769	1500.0	0.0509666666667	0.0235230769231	0.01529	2020-08-15
Story	1398.0	15.0	0.0	1383.0	0.01425004	0.0001529	5000.0	2307.69230769	1500.0	0.0509666666667	0.0235230769231	0.01529	2020-08-16
