Name	Confirmed	Deaths	Recovered	Active	Confirmed_per_capita	Deaths_per_capita	IFR_0.30_expected	IFR_0.65_expected	IFR_1.0_expected	IFR_0.30_expected_per_capita	IFR_0.65_expected_per_capita	IFR_1.0_expected_per_capita	Date
Columbia	1.0	0.0	0.0	0.0	4.249e-05	0.0	5.0	2.0	1.25	0.00021245	8.498e-05	5.31125e-05	2020-03-22
Columbia	1	0	0	0	4.249e-05	0.0	5	2	1.25	0.00021245	8.498e-05	5.31125e-05	2020-03-23
Columbia	1	0	0	0	4.249e-05	0.0	5	2	1.25	0.00021245	8.498e-05	5.31125e-05	2020-03-24
Columbia	1	0	0	0	4.249e-05	0.0	5	2	1.25	0.00021245	8.498e-05	5.31125e-05	2020-03-25
Columbia	1	0	0	0	4.249e-05	0.0	5	2	1.25	0.00021245	8.498e-05	5.31125e-05	2020-03-26
Columbia	1	0	0	0	4.249e-05	0.0	5	2	1.25	0.00021245	8.498e-05	5.31125e-05	2020-03-27
Columbia	1	0	0	0	4.249e-05	0.0	5	2	1.25	0.00021245	8.498e-05	5.31125e-05	2020-03-28
Columbia	1.0	0.0	0.0	0.0	4.249e-05	0.0	5.0	2.0	1.25	0.00021245	8.498e-05	5.31125e-05	2020-03-29
Columbia	1.0	0.0	0.0	0.0	4.249e-05	0.0	5.0	2.0	1.25	0.00021245	8.498e-05	5.31125e-05	2020-03-30
Columbia	1.0	0.0	0.0	0.0	4.249e-05	0.0	5.0	2.0	1.25	0.00021245	8.498e-05	5.31125e-05	2020-03-31
Columbia	1.0	0.0	0.0	0.0	4.249e-05	0.0	5.0	2.0	1.25	0.00021245	8.498e-05	5.31125e-05	2020-04-01
Columbia	1.0	0.0	0.0	0.0	4.249e-05	0.0	5.0	2.0	1.25	0.00021245	8.498e-05	5.31125e-05	2020-04-02
Columbia	1.0	0.0	0.0	0.0	4.249e-05	0.0	5.0	2.0	1.25	0.00021245	8.498e-05	5.31125e-05	2020-04-03
Columbia	1.0	0.0	0.0	0.0	4.249e-05	0.0	5.0	2.0	1.25	0.00021245	8.498e-05	5.31125e-05	2020-04-04
Columbia	1.0	0.0	0.0	0.0	4.249e-05	0.0	5.0	2.0	1.25	0.00021245	8.498e-05	5.31125e-05	2020-04-05
Columbia	1.0	0.0	0.0	0.0	4.249e-05	0.0	5.0	2.0	1.25	0.00021245	8.498e-05	5.31125e-05	2020-04-06
Columbia	1.0	0.0	0.0	0.0	4.249e-05	0.0	5.0	2.0	1.25	0.00021245	8.498e-05	5.31125e-05	2020-04-07
Columbia	1.0	0.0	0.0	0.0	4.249e-05	0.0	5.0	2.0	1.25	0.00021245	8.498e-05	5.31125e-05	2020-04-08
Columbia	3.0	0.0	0.0	0.0	0.00012746	0.0	15.0	6.0	3.75	0.0006373	0.00025492	0.000159325	2020-04-09
Columbia	3.0	0.0	0.0	0.0	0.00012746	0.0	15.0	6.0	3.75	0.0006373	0.00025492	0.000159325	2020-04-10
Columbia	3.0	0.0	0.0	0.0	0.00012746	0.0	15.0	6.0	3.75	0.0006373	0.00025492	0.000159325	2020-04-11
Columbia	3.0	0.0	0.0	3.0	0.00012746	0.0	15.0	6.0	3.75	0.0006373	0.00025492	0.000159325	2020-04-12
Columbia	3.0	0.0	0.0	3.0	0.00012746	0.0	15.0	6.0	3.75	0.0006373	0.00025492	0.000159325	2020-04-13
Columbia	3.0	0.0	0.0	3.0	0.00012746	0.0	15.0	6.0	3.75	0.0006373	0.00025492	0.000159325	2020-04-14
Columbia	4.0	0.0	0.0	4.0	0.00016995	0.0	20.0	8.0	5.0	0.00084975	0.0003399	0.0002124375	2020-04-15
Columbia	4.0	0.0	0.0	4.0	0.00016995	0.0	20.0	8.0	5.0	0.00084975	0.0003399	0.0002124375	2020-04-16
Columbia	4.0	0.0	0.0	4.0	0.00016995	0.0	20.0	8.0	5.0	0.00084975	0.0003399	0.0002124375	2020-04-17
Columbia	4.0	0.0	0.0	4.0	0.00016995	0.0	20.0	8.0	5.0	0.00084975	0.0003399	0.0002124375	2020-04-18
Columbia	5.0	0.0	0.0	5.0	0.00021243	0.0	25.0	10.0	6.25	0.00106215	0.00042486	0.0002655375	2020-04-19
Columbia	5.0	0.0	0.0	5.0	0.00021243	0.0	25.0	10.0	6.25	0.00106215	0.00042486	0.0002655375	2020-04-20
Columbia	5.0	0.0	0.0	5.0	0.00021243	0.0	25.0	10.0	6.25	0.00106215	0.00042486	0.0002655375	2020-04-21
Columbia	5.0	0.0	0.0	5.0	0.00021243	0.0	25.0	10.0	6.25	0.00106215	0.00042486	0.0002655375	2020-04-22
Columbia	5.0	0.0	0.0	5.0	0.00021243	0.0	25.0	10.0	6.25	0.00106215	0.00042486	0.0002655375	2020-04-23
Columbia	6.0	0.0	0.0	6.0	0.00025492	0.0	30.0	12.0	7.5	0.0012746	0.00050984	0.00031865	2020-04-24
Columbia	6.0	0.0	0.0	6.0	0.00025492	0.0	30.0	12.0	7.5	0.0012746	0.00050984	0.00031865	2020-04-25
Columbia	6.0	0.0	0.0	6.0	0.00025492	0.0	30.0	12.0	7.5	0.0012746	0.00050984	0.00031865	2020-04-26
Columbia	9.0	0.0	0.0	9.0	0.00038238	0.0	45.0	18.0	11.25	0.0019119	0.00076476	0.000477975	2020-04-27
Columbia	12.0	0.0	0.0	12.0	0.00050984	0.0	60.0	24.0	15.0	0.0025492	0.00101968	0.0006373	2020-04-28
Columbia	12.0	0.0	0.0	12.0	0.00050984	0.0	60.0	24.0	15.0	0.0025492	0.00101968	0.0006373	2020-04-29
Columbia	13.0	0.0	0.0	13.0	0.00055232	0.0	65.0	26.0	16.25	0.0027616	0.00110464	0.0006904	2020-04-30
Columbia	13.0	0.0	0.0	13.0	0.00055232	0.0	65.0	26.0	16.25	0.0027616	0.00110464	0.0006904	2020-05-01
Columbia	13.0	2.0	0.0	11.0	0.00055232	8.497e-05	666.666666667	307.692307692	200.0	0.0283233333333	0.0130723076923	0.008497	2020-05-02
Columbia	13.0	2.0	0.0	11.0	0.00055232	8.497e-05	666.666666667	307.692307692	200.0	0.0283233333333	0.0130723076923	0.008497	2020-05-03
Columbia	13.0	2.0	0.0	11.0	0.00055232	8.497e-05	666.666666667	307.692307692	200.0	0.0283233333333	0.0130723076923	0.008497	2020-05-04
Columbia	13.0	2.0	0.0	11.0	0.00055232	8.497e-05	666.666666667	307.692307692	200.0	0.0283233333333	0.0130723076923	0.008497	2020-05-05
Columbia	15.0	2.0	0.0	13.0	0.00063729	8.497e-05	666.666666667	307.692307692	200.0	0.0283233333333	0.0130723076923	0.008497	2020-05-06
Columbia	15.0	2.0	0.0	13.0	0.00063729	8.497e-05	666.666666667	307.692307692	200.0	0.0283233333333	0.0130723076923	0.008497	2020-05-07
Columbia	15.0	2.0	0.0	13.0	0.00063729	8.497e-05	666.666666667	307.692307692	200.0	0.0283233333333	0.0130723076923	0.008497	2020-05-08
Columbia	15.0	2.0	0.0	13.0	0.00063729	8.497e-05	666.666666667	307.692307692	200.0	0.0283233333333	0.0130723076923	0.008497	2020-05-09
Columbia	15.0	2.0	0.0	13.0	0.00063729	8.497e-05	666.666666667	307.692307692	200.0	0.0283233333333	0.0130723076923	0.008497	2020-05-10
Columbia	15.0	2.0	0.0	13.0	0.00063729	8.497e-05	666.666666667	307.692307692	200.0	0.0283233333333	0.0130723076923	0.008497	2020-05-11
Columbia	15.0	2.0	0.0	13.0	0.00063729	8.497e-05	666.666666667	307.692307692	200.0	0.0283233333333	0.0130723076923	0.008497	2020-05-12
Columbia	15.0	2.0	0.0	13.0	0.00063729	8.497e-05	666.666666667	307.692307692	200.0	0.0283233333333	0.0130723076923	0.008497	2020-05-13
Columbia	15.0	2.0	0.0	13.0	0.00063729	8.497e-05	666.666666667	307.692307692	200.0	0.0283233333333	0.0130723076923	0.008497	2020-05-14
Columbia	15.0	2.0	0.0	13.0	0.00063729	8.497e-05	666.666666667	307.692307692	200.0	0.0283233333333	0.0130723076923	0.008497	2020-05-15
Columbia	15.0	2.0	0.0	13.0	0.00063729	8.497e-05	666.666666667	307.692307692	200.0	0.0283233333333	0.0130723076923	0.008497	2020-05-16
Columbia	15.0	2.0	0.0	13.0	0.00063729	8.497e-05	666.666666667	307.692307692	200.0	0.0283233333333	0.0130723076923	0.008497	2020-05-17
Columbia	16.0	2.0	0.0	14.0	0.00067978	8.497e-05	666.666666667	307.692307692	200.0	0.0283233333333	0.0130723076923	0.008497	2020-05-18
Columbia	18.0	2.0	0.0	16.0	0.00076475	8.497e-05	666.666666667	307.692307692	200.0	0.0283233333333	0.0130723076923	0.008497	2020-05-19
Columbia	20.0	2.0	0.0	18.0	0.00084973	8.497e-05	666.666666667	307.692307692	200.0	0.0283233333333	0.0130723076923	0.008497	2020-05-20
Columbia	20.0	2.0	0.0	18.0	0.00084973	8.497e-05	666.666666667	307.692307692	200.0	0.0283233333333	0.0130723076923	0.008497	2020-05-21
Columbia	20.0	2.0	0.0	18.0	0.00084973	8.497e-05	666.666666667	307.692307692	200.0	0.0283233333333	0.0130723076923	0.008497	2020-05-22
Columbia	20.0	2.0	0.0	18.0	0.00084973	8.497e-05	666.666666667	307.692307692	200.0	0.0283233333333	0.0130723076923	0.008497	2020-05-23
Columbia	20.0	2.0	0.0	18.0	0.00084973	8.497e-05	666.666666667	307.692307692	200.0	0.0283233333333	0.0130723076923	0.008497	2020-05-24
Columbia	20.0	2.0	0.0	18.0	0.00084973	8.497e-05	666.666666667	307.692307692	200.0	0.0283233333333	0.0130723076923	0.008497	2020-05-25
Columbia	20.0	2.0	0.0	18.0	0.00084973	8.497e-05	666.666666667	307.692307692	200.0	0.0283233333333	0.0130723076923	0.008497	2020-05-26
Columbia	20.0	2.0	0.0	18.0	0.00084973	8.497e-05	666.666666667	307.692307692	200.0	0.0283233333333	0.0130723076923	0.008497	2020-05-27
Columbia	20.0	2.0	0.0	18.0	0.00084973	8.497e-05	666.666666667	307.692307692	200.0	0.0283233333333	0.0130723076923	0.008497	2020-05-28
Columbia	21.0	2.0	0.0	19.0	0.00089221	8.497e-05	666.666666667	307.692307692	200.0	0.0283233333333	0.0130723076923	0.008497	2020-05-29
Columbia	25.0	2.0	0.0	23.0	0.00106216	8.497e-05	666.666666667	307.692307692	200.0	0.0283233333333	0.0130723076923	0.008497	2020-05-30
Columbia	23.0	2.0	0.0	21.0	0.00097718	8.497e-05	666.666666667	307.692307692	200.0	0.0283233333333	0.0130723076923	0.008497	2020-05-31
Columbia	23.0	2.0	0.0	21.0	0.00097718	8.497e-05	666.666666667	307.692307692	200.0	0.0283233333333	0.0130723076923	0.008497	2020-06-01
Columbia	22.0	2.0	0.0	20.0	0.0009347	8.497e-05	666.666666667	307.692307692	200.0	0.0283233333333	0.0130723076923	0.008497	2020-06-02
Columbia	22.0	2.0	0.0	20.0	0.0009347	8.497e-05	666.666666667	307.692307692	200.0	0.0283233333333	0.0130723076923	0.008497	2020-06-03
Columbia	23.0	2.0	0.0	21.0	0.00097718	8.497e-05	666.666666667	307.692307692	200.0	0.0283233333333	0.0130723076923	0.008497	2020-06-04
Columbia	23.0	2.0	0.0	21.0	0.00097718	8.497e-05	666.666666667	307.692307692	200.0	0.0283233333333	0.0130723076923	0.008497	2020-06-05
Columbia	23.0	2.0	0.0	21.0	0.00097718	8.497e-05	666.666666667	307.692307692	200.0	0.0283233333333	0.0130723076923	0.008497	2020-06-06
Columbia	23.0	2.0	0.0	21.0	0.00097718	8.497e-05	666.666666667	307.692307692	200.0	0.0283233333333	0.0130723076923	0.008497	2020-06-07
Columbia	25.0	2.0	0.0	23.0	0.00106216	8.497e-05	666.666666667	307.692307692	200.0	0.0283233333333	0.0130723076923	0.008497	2020-06-08
Columbia	26.0	2.0	0.0	24.0	0.00110464	8.497e-05	666.666666667	307.692307692	200.0	0.0283233333333	0.0130723076923	0.008497	2020-06-09
Columbia	26.0	2.0	0.0	24.0	0.00110464	8.497e-05	666.666666667	307.692307692	200.0	0.0283233333333	0.0130723076923	0.008497	2020-06-10
Columbia	27.0	2.0	0.0	25.0	0.00114713	8.497e-05	666.666666667	307.692307692	200.0	0.0283233333333	0.0130723076923	0.008497	2020-06-11
Columbia	27.0	2.0	0.0	25.0	0.00114713	8.497e-05	666.666666667	307.692307692	200.0	0.0283233333333	0.0130723076923	0.008497	2020-06-12
Columbia	27.0	2.0	0.0	25.0	0.00114713	8.497e-05	666.666666667	307.692307692	200.0	0.0283233333333	0.0130723076923	0.008497	2020-06-13
Columbia	28.0	2.0	0.0	26.0	0.00118962	8.497e-05	666.666666667	307.692307692	200.0	0.0283233333333	0.0130723076923	0.008497	2020-06-14
Columbia	28.0	2.0	0.0	26.0	0.00118962	8.497e-05	666.666666667	307.692307692	200.0	0.0283233333333	0.0130723076923	0.008497	2020-06-15
Columbia	29.0	2.0	0.0	27.0	0.0012321	8.497e-05	666.666666667	307.692307692	200.0	0.0283233333333	0.0130723076923	0.008497	2020-06-16
Columbia	28.0	2.0	0.0	26.0	0.00118962	8.497e-05	666.666666667	307.692307692	200.0	0.0283233333333	0.0130723076923	0.008497	2020-06-17
Columbia	29.0	2.0	0.0	27.0	0.0012321	8.497e-05	666.666666667	307.692307692	200.0	0.0283233333333	0.0130723076923	0.008497	2020-06-18
Columbia	31.0	2.0	0.0	29.0	0.00131708	8.497e-05	666.666666667	307.692307692	200.0	0.0283233333333	0.0130723076923	0.008497	2020-06-19
Columbia	32.0	2.0	0.0	30.0	0.00135956	8.497e-05	666.666666667	307.692307692	200.0	0.0283233333333	0.0130723076923	0.008497	2020-06-20
Columbia	38.0	2.0	0.0	36.0	0.00161448	8.497e-05	666.666666667	307.692307692	200.0	0.0283233333333	0.0130723076923	0.008497	2020-06-21
Columbia	43.0	2.0	0.0	41.0	0.00182691	8.497e-05	666.666666667	307.692307692	200.0	0.0283233333333	0.0130723076923	0.008497	2020-06-22
Columbia	44.0	3.0	0.0	41.0	0.0018694	0.00012746	1000.0	461.538461538	300.0	0.0424866666667	0.0196092307692	0.012746	2020-06-23
Columbia	72.0	3.0	0.0	69.0	0.00305901	0.00012746	1000.0	461.538461538	300.0	0.0424866666667	0.0196092307692	0.012746	2020-06-24
Columbia	72.0	3.0	0.0	69.0	0.00305901	0.00012746	1000.0	461.538461538	300.0	0.0424866666667	0.0196092307692	0.012746	2020-06-25
Columbia	73.0	3.0	0.0	70.0	0.0031015	0.00012746	1000.0	461.538461538	300.0	0.0424866666667	0.0196092307692	0.012746	2020-06-26
Columbia	74.0	3.0	0.0	71.0	0.00314399	0.00012746	1000.0	461.538461538	300.0	0.0424866666667	0.0196092307692	0.012746	2020-06-27
Columbia	84.0	3.0	0.0	81.0	0.00356885	0.00012746	1000.0	461.538461538	300.0	0.0424866666667	0.0196092307692	0.012746	2020-06-28
Columbia	84.0	3.0	0.0	81.0	0.00356885	0.00012746	1000.0	461.538461538	300.0	0.0424866666667	0.0196092307692	0.012746	2020-06-29
Columbia	83.0	3.0	0.0	80.0	0.00352636	0.00012746	1000.0	461.538461538	300.0	0.0424866666667	0.0196092307692	0.012746	2020-06-30
Columbia	84.0	4.0	0.0	80.0	0.00356885	0.00016995	1333.33333333	615.384615385	400.0	0.05665	0.0261461538462	0.016995	2020-07-01
Columbia	84.0	4.0	0.0	80.0	0.00356885	0.00016995	1333.33333333	615.384615385	400.0	0.05665	0.0261461538462	0.016995	2020-07-02
Columbia	6.055	12.166	96.166	0.13	0.25	4.25	0.00025725	0.00051689	0.00408574	5.52e-06	1.062e-05	0.00018057	2020-07-03
Columbia	5.976	18.142	102.142	0.142	0.392	4.392	0.0002539	0.00077079	0.00433964	6.03e-06	1.665e-05	0.0001866	2020-07-04
Columbia	5.886	24.028	108.028	0.153	0.545	4.545	0.00025007	0.00102086	0.00458971	6.5e-06	2.316e-05	0.0001931	2020-07-05
Columbia	1.253	1.253	7.139	0.594	0.594	24.622	5.324e-05	5.324e-05	0.00030331	2.524e-05	2.524e-05	0.0010461	2020-07-06
Columbia	0.0	1.253	7.139	0.366	0.96	24.988	0.0	5.324e-05	0.00030331	1.555e-05	4.079e-05	0.00106165	2020-07-07
Columbia	0.0	1.253	7.139	0.231	1.191	25.219	0.0	5.324e-05	0.00030331	9.81e-06	5.06e-05	0.00107146	2020-07-08
Columbia	4.812	4.812	6.065	1.352	1.352	2.605	0.00020444	0.00020444	0.00025768	5.744e-05	5.744e-05	0.00011068	2020-07-09
Columbia	4.768	9.58	10.833	1.369	2.721	3.974	0.00020257	0.00040702	0.00046025	5.816e-05	0.00011561	0.00016884	2020-07-10
Columbia	11.377	11.377	16.145	0.333	0.333	9.913	0.00048337	0.00048337	0.00068594	1.415e-05	1.415e-05	0.00042117	2020-07-11
Columbia	14.041	25.418	30.186	0.239	0.572	10.152	0.00059655	0.00107992	0.00128249	1.015e-05	2.43e-05	0.00043132	2020-07-12
Columbia	17.268	42.686	47.454	0.184	0.756	10.336	0.00073365	0.00181357	0.00201614	7.82e-06	3.212e-05	0.00043914	2020-07-13
Columbia	9.205	9.205	26.473	0.569	0.569	43.255	0.00039109	0.00039109	0.00112474	2.417e-05	2.417e-05	0.00183774	2020-07-14
Columbia	9.12	18.325	35.593	0.618	1.187	43.873	0.00038748	0.00077856	0.00151221	2.626e-05	5.043e-05	0.001864	2020-07-15
Columbia	9.002	27.327	44.595	0.672	1.859	44.545	0.00038246	0.00116102	0.00189468	2.855e-05	7.898e-05	0.00189255	2020-07-16
Columbia	8.866	36.193	53.461	0.726	2.585	45.271	0.00037668	0.00153771	0.00227136	3.085e-05	0.00010983	0.0019234	2020-07-17
Columbia	132.0	5.0	0.0	127.0	0.00560819	0.00021243	1666.66666667	769.230769231	500.0	0.07081	0.0326815384615	0.021243	2020-07-18
Columbia	134.0	5.0	0.0	129.0	0.00569316	0.00021243	1666.66666667	769.230769231	500.0	0.07081	0.0326815384615	0.021243	2020-07-19
