Name	Confirmed	Deaths	Recovered	Active	Confirmed_per_capita	Deaths_per_capita	IFR_0.30_expected	IFR_0.65_expected	IFR_1.0_expected	IFR_0.30_expected_per_capita	IFR_0.65_expected_per_capita	IFR_1.0_expected_per_capita	Date
Clay	0.0	0.0	0.0	0.0	0.0	0.0	0.0	0.0	0.0	0.0	0.0	0.0	2020-03-22
Clay	0	0	0	0	0.0	0.0	0	0	0	0.0	0.0	0.0	2020-03-23
Clay	0	0	0	0	0.0	0.0	0	0	0	0.0	0.0	0.0	2020-03-24
Clay	0	0	0	0	0.0	0.0	0	0	0	0.0	0.0	0.0	2020-03-25
Clay	0	0	0	0	0.0	0.0	0	0	0	0.0	0.0	0.0	2020-03-26
Clay	0	0	0	0	0.0	0.0	0	0	0	0.0	0.0	0.0	2020-03-27
Clay	0	0	0	0	0.0	0.0	0	0	0	0.0	0.0	0.0	2020-03-28
Clay	0.0	0.0	0.0	0.0	0.0	0.0	0.0	0.0	0.0	0.0	0.0	0.0	2020-03-29
Clay	0.0	0.0	0.0	0.0	0.0	0.0	0.0	0.0	0.0	0.0	0.0	0.0	2020-03-30
Clay	1.0	0.0	0.0	0.0	0.00012958	0.0	5.0	2.0	1.25	0.0006479	0.00025916	0.000161975	2020-04-01
Clay	1.0	0.0	0.0	0.0	0.00012958	0.0	5.0	2.0	1.25	0.0006479	0.00025916	0.000161975	2020-04-02
Clay	1.0	0.0	0.0	0.0	0.00012958	0.0	5.0	2.0	1.25	0.0006479	0.00025916	0.000161975	2020-04-03
Clay	1.0	0.0	0.0	0.0	0.00012958	0.0	5.0	2.0	1.25	0.0006479	0.00025916	0.000161975	2020-04-04
Clay	1.0	0.0	0.0	0.0	0.00012958	0.0	5.0	2.0	1.25	0.0006479	0.00025916	0.000161975	2020-04-05
Clay	1.0	0.0	0.0	0.0	0.00012958	0.0	5.0	2.0	1.25	0.0006479	0.00025916	0.000161975	2020-04-06
Clay	1.0	0.0	0.0	0.0	0.00012958	0.0	5.0	2.0	1.25	0.0006479	0.00025916	0.000161975	2020-04-07
Clay	2.0	0.0	0.0	0.0	0.00025917	0.0	10.0	4.0	2.5	0.00129585	0.00051834	0.0003239625	2020-04-08
Clay	2.0	0.0	0.0	0.0	0.00025917	0.0	10.0	4.0	2.5	0.00129585	0.00051834	0.0003239625	2020-04-09
Clay	2.0	0.0	0.0	0.0	0.00025917	0.0	10.0	4.0	2.5	0.00129585	0.00051834	0.0003239625	2020-04-10
Clay	2.0	0.0	0.0	0.0	0.00025917	0.0	10.0	4.0	2.5	0.00129585	0.00051834	0.0003239625	2020-04-11
Clay	2.0	0.0	0.0	2.0	0.00025917	0.0	10.0	4.0	2.5	0.00129585	0.00051834	0.0003239625	2020-04-12
Clay	4.0	0.0	0.0	4.0	0.00051834	0.0	20.0	8.0	5.0	0.0025917	0.00103668	0.000647925	2020-04-13
Clay	4.0	0.0	0.0	4.0	0.00051834	0.0	20.0	8.0	5.0	0.0025917	0.00103668	0.000647925	2020-04-14
Clay	4.0	0.0	0.0	4.0	0.00051834	0.0	20.0	8.0	5.0	0.0025917	0.00103668	0.000647925	2020-04-15
Clay	5.0	0.0	0.0	5.0	0.00064792	0.0	25.0	10.0	6.25	0.0032396	0.00129584	0.0008099	2020-04-16
Clay	5.0	0.0	0.0	5.0	0.00064792	0.0	25.0	10.0	6.25	0.0032396	0.00129584	0.0008099	2020-04-17
Clay	5.0	0.0	0.0	5.0	0.00064792	0.0	25.0	10.0	6.25	0.0032396	0.00129584	0.0008099	2020-04-18
Clay	5.0	0.0	0.0	5.0	0.00064792	0.0	25.0	10.0	6.25	0.0032396	0.00129584	0.0008099	2020-04-19
Clay	5.0	0.0	0.0	5.0	0.00064792	0.0	25.0	10.0	6.25	0.0032396	0.00129584	0.0008099	2020-04-20
Clay	5.0	0.0	0.0	5.0	0.00064792	0.0	25.0	10.0	6.25	0.0032396	0.00129584	0.0008099	2020-04-21
Clay	5.0	0.0	0.0	5.0	0.00064792	0.0	25.0	10.0	6.25	0.0032396	0.00129584	0.0008099	2020-04-22
Clay	5.0	0.0	0.0	5.0	0.00064792	0.0	25.0	10.0	6.25	0.0032396	0.00129584	0.0008099	2020-04-23
Clay	5.0	0.0	0.0	5.0	0.00064792	0.0	25.0	10.0	6.25	0.0032396	0.00129584	0.0008099	2020-04-24
Clay	5.0	0.0	0.0	5.0	0.00064792	0.0	25.0	10.0	6.25	0.0032396	0.00129584	0.0008099	2020-04-25
Clay	5.0	0.0	0.0	5.0	0.00064792	0.0	25.0	10.0	6.25	0.0032396	0.00129584	0.0008099	2020-04-26
Clay	5.0	0.0	0.0	5.0	0.00064792	0.0	25.0	10.0	6.25	0.0032396	0.00129584	0.0008099	2020-04-27
Clay	5.0	0.0	0.0	5.0	0.00064792	0.0	25.0	10.0	6.25	0.0032396	0.00129584	0.0008099	2020-04-28
Clay	5.0	0.0	0.0	5.0	0.00064792	0.0	25.0	10.0	6.25	0.0032396	0.00129584	0.0008099	2020-04-29
Clay	5.0	0.0	0.0	5.0	0.00064792	0.0	25.0	10.0	6.25	0.0032396	0.00129584	0.0008099	2020-04-30
Clay	5.0	0.0	0.0	5.0	0.00064792	0.0	25.0	10.0	6.25	0.0032396	0.00129584	0.0008099	2020-05-01
Clay	5.0	0.0	0.0	5.0	0.00064792	0.0	25.0	10.0	6.25	0.0032396	0.00129584	0.0008099	2020-05-02
Clay	5.0	0.0	0.0	5.0	0.00064792	0.0	25.0	10.0	6.25	0.0032396	0.00129584	0.0008099	2020-05-03
Clay	5.0	0.0	0.0	5.0	0.00064792	0.0	25.0	10.0	6.25	0.0032396	0.00129584	0.0008099	2020-05-04
Clay	5.0	0.0	0.0	5.0	0.00064792	0.0	25.0	10.0	6.25	0.0032396	0.00129584	0.0008099	2020-05-05
Clay	6.0	0.0	0.0	6.0	0.0007775	0.0	30.0	12.0	7.5	0.0038875	0.001555	0.000971875	2020-05-06
Clay	6.0	0.0	0.0	6.0	0.0007775	0.0	30.0	12.0	7.5	0.0038875	0.001555	0.000971875	2020-05-07
Clay	6.0	0.0	0.0	6.0	0.0007775	0.0	30.0	12.0	7.5	0.0038875	0.001555	0.000971875	2020-05-08
Clay	6.0	0.0	0.0	6.0	0.0007775	0.0	30.0	12.0	7.5	0.0038875	0.001555	0.000971875	2020-05-09
Clay	6.0	0.0	0.0	6.0	0.0007775	0.0	30.0	12.0	7.5	0.0038875	0.001555	0.000971875	2020-05-10
Clay	6.0	0.0	0.0	6.0	0.0007775	0.0	30.0	12.0	7.5	0.0038875	0.001555	0.000971875	2020-05-11
Clay	6.0	0.0	0.0	6.0	0.0007775	0.0	30.0	12.0	7.5	0.0038875	0.001555	0.000971875	2020-05-12
Clay	6.0	0.0	0.0	6.0	0.0007775	0.0	30.0	12.0	7.5	0.0038875	0.001555	0.000971875	2020-05-13
Clay	6.0	0.0	0.0	6.0	0.0007775	0.0	30.0	12.0	7.5	0.0038875	0.001555	0.000971875	2020-05-14
Clay	6.0	0.0	0.0	6.0	0.0007775	0.0	30.0	12.0	7.5	0.0038875	0.001555	0.000971875	2020-05-15
Clay	6.0	0.0	0.0	6.0	0.0007775	0.0	30.0	12.0	7.5	0.0038875	0.001555	0.000971875	2020-05-16
Clay	6.0	0.0	0.0	6.0	0.0007775	0.0	30.0	12.0	7.5	0.0038875	0.001555	0.000971875	2020-05-17
Clay	6.0	0.0	0.0	6.0	0.0007775	0.0	30.0	12.0	7.5	0.0038875	0.001555	0.000971875	2020-05-18
Clay	6.0	0.0	0.0	6.0	0.0007775	0.0	30.0	12.0	7.5	0.0038875	0.001555	0.000971875	2020-05-19
Clay	6.0	0.0	0.0	6.0	0.0007775	0.0	30.0	12.0	7.5	0.0038875	0.001555	0.000971875	2020-05-20
Clay	6.0	0.0	0.0	6.0	0.0007775	0.0	30.0	12.0	7.5	0.0038875	0.001555	0.000971875	2020-05-21
Clay	6.0	0.0	0.0	6.0	0.0007775	0.0	30.0	12.0	7.5	0.0038875	0.001555	0.000971875	2020-05-22
Clay	6.0	0.0	0.0	6.0	0.0007775	0.0	30.0	12.0	7.5	0.0038875	0.001555	0.000971875	2020-05-23
Clay	7.0	0.0	0.0	7.0	0.00090709	0.0	35.0	14.0	8.75	0.00453545	0.00181418	0.0011338625	2020-05-24
Clay	6.0	0.0	0.0	6.0	0.0007775	0.0	30.0	12.0	7.5	0.0038875	0.001555	0.000971875	2020-05-25
Clay	6.0	0.0	0.0	6.0	0.0007775	0.0	30.0	12.0	7.5	0.0038875	0.001555	0.000971875	2020-05-26
Clay	6.0	0.0	0.0	6.0	0.0007775	0.0	30.0	12.0	7.5	0.0038875	0.001555	0.000971875	2020-05-27
Clay	6.0	0.0	0.0	6.0	0.0007775	0.0	30.0	12.0	7.5	0.0038875	0.001555	0.000971875	2020-05-28
Clay	7.0	0.0	0.0	7.0	0.00090709	0.0	35.0	14.0	8.75	0.00453545	0.00181418	0.0011338625	2020-05-29
Clay	7.0	0.0	0.0	7.0	0.00090709	0.0	35.0	14.0	8.75	0.00453545	0.00181418	0.0011338625	2020-05-30
Clay	7.0	0.0	0.0	7.0	0.00090709	0.0	35.0	14.0	8.75	0.00453545	0.00181418	0.0011338625	2020-05-31
Clay	7.0	0.0	0.0	7.0	0.00090709	0.0	35.0	14.0	8.75	0.00453545	0.00181418	0.0011338625	2020-06-01
Clay	8.0	0.0	0.0	8.0	0.00103667	0.0	40.0	16.0	10.0	0.00518335	0.00207334	0.0012958375	2020-06-02
Clay	8.0	0.0	0.0	8.0	0.00103667	0.0	40.0	16.0	10.0	0.00518335	0.00207334	0.0012958375	2020-06-03
Clay	8.0	0.0	0.0	8.0	0.00103667	0.0	40.0	16.0	10.0	0.00518335	0.00207334	0.0012958375	2020-06-04
Clay	8.0	0.0	0.0	8.0	0.00103667	0.0	40.0	16.0	10.0	0.00518335	0.00207334	0.0012958375	2020-06-05
Clay	8.0	0.0	0.0	8.0	0.00103667	0.0	40.0	16.0	10.0	0.00518335	0.00207334	0.0012958375	2020-06-06
Clay	8.0	0.0	0.0	8.0	0.00103667	0.0	40.0	16.0	10.0	0.00518335	0.00207334	0.0012958375	2020-06-07
Clay	9.0	0.0	0.0	9.0	0.00116626	0.0	45.0	18.0	11.25	0.0058313	0.00233252	0.001457825	2020-06-08
Clay	9.0	0.0	0.0	9.0	0.00116626	0.0	45.0	18.0	11.25	0.0058313	0.00233252	0.001457825	2020-06-09
Clay	9.0	0.0	0.0	9.0	0.00116626	0.0	45.0	18.0	11.25	0.0058313	0.00233252	0.001457825	2020-06-10
Clay	9.0	0.0	0.0	9.0	0.00116626	0.0	45.0	18.0	11.25	0.0058313	0.00233252	0.001457825	2020-06-11
Clay	9.0	0.0	0.0	9.0	0.00116626	0.0	45.0	18.0	11.25	0.0058313	0.00233252	0.001457825	2020-06-12
Clay	10.0	0.0	0.0	10.0	0.00129584	0.0	50.0	20.0	12.5	0.0064792	0.00259168	0.0016198	2020-06-13
Clay	11.0	0.0	0.0	11.0	0.00142542	0.0	55.0	22.0	13.75	0.0071271	0.00285084	0.001781775	2020-06-14
Clay	11.0	0.0	0.0	11.0	0.00142542	0.0	55.0	22.0	13.75	0.0071271	0.00285084	0.001781775	2020-06-15
Clay	11.0	0.0	0.0	11.0	0.00142542	0.0	55.0	22.0	13.75	0.0071271	0.00285084	0.001781775	2020-06-16
Clay	11.0	0.0	0.0	11.0	0.00142542	0.0	55.0	22.0	13.75	0.0071271	0.00285084	0.001781775	2020-06-17
Clay	11.0	0.0	0.0	11.0	0.00142542	0.0	55.0	22.0	13.75	0.0071271	0.00285084	0.001781775	2020-06-18
Clay	13.0	0.0	0.0	13.0	0.00168459	0.0	65.0	26.0	16.25	0.00842295	0.00336918	0.0021057375	2020-06-19
Clay	13.0	0.0	0.0	13.0	0.00168459	0.0	65.0	26.0	16.25	0.00842295	0.00336918	0.0021057375	2020-06-20
Clay	13.0	0.0	0.0	13.0	0.00168459	0.0	65.0	26.0	16.25	0.00842295	0.00336918	0.0021057375	2020-06-21
Clay	13.0	0.0	0.0	13.0	0.00168459	0.0	65.0	26.0	16.25	0.00842295	0.00336918	0.0021057375	2020-06-22
Clay	14.0	0.0	0.0	14.0	0.00181418	0.0	70.0	28.0	17.5	0.0090709	0.00362836	0.002267725	2020-06-23
Clay	12.0	0.0	0.0	12.0	0.00155501	0.0	60.0	24.0	15.0	0.00777505	0.00311002	0.0019437625	2020-06-24
Clay	12.0	0.0	0.0	12.0	0.00155501	0.0	60.0	24.0	15.0	0.00777505	0.00311002	0.0019437625	2020-06-25
Clay	13.0	0.0	0.0	13.0	0.00168459	0.0	65.0	26.0	16.25	0.00842295	0.00336918	0.0021057375	2020-06-26
Clay	13.0	0.0	0.0	13.0	0.00168459	0.0	65.0	26.0	16.25	0.00842295	0.00336918	0.0021057375	2020-06-27
Clay	13.0	0.0	0.0	13.0	0.00168459	0.0	65.0	26.0	16.25	0.00842295	0.00336918	0.0021057375	2020-06-28
Clay	14.0	0.0	0.0	14.0	0.00181418	0.0	70.0	28.0	17.5	0.0090709	0.00362836	0.002267725	2020-06-29
Clay	16.0	0.0	0.0	16.0	0.00207334	0.0	80.0	32.0	20.0	0.0103667	0.00414668	0.002591675	2020-06-30
Clay	16.0	0.0	0.0	16.0	0.00207334	0.0	80.0	32.0	20.0	0.0103667	0.00414668	0.002591675	2020-07-01
Clay	16.0	0.0	0.0	16.0	0.00207334	0.0	80.0	32.0	20.0	0.0103667	0.00414668	0.002591675	2020-07-02
Clay	0.088	0.177	16.177	0.0	0.0	0.0	1.14e-05	2.294e-05	0.00209628	0.0	0.0	0.0	2020-07-03
Clay	0.087	0.264	16.264	0.0	0.0	0.0	1.127e-05	3.421e-05	0.00210755	0.0	0.0	0.0	2020-07-04
Clay	0.086	0.35	16.35	0.0	0.0	0.0	1.114e-05	4.535e-05	0.0021187	0.0	0.0	0.0	2020-07-05
Clay	0.178	0.178	0.264	0.0	0.0	0.35	2.307e-05	2.307e-05	3.421e-05	0.0	0.0	4.535e-05	2020-07-06
Clay	0.177	0.355	0.441	0.0	0.0	0.35	2.294e-05	4.6e-05	5.715e-05	0.0	0.0	4.535e-05	2020-07-07
Clay	0.174	0.529	0.615	0.0	0.0	0.35	2.255e-05	6.855e-05	7.969e-05	0.0	0.0	4.535e-05	2020-07-08
Clay	2.076	2.076	2.25	0.0	0.0	0.529	0.00026902	0.00026902	0.00029156	0.0	0.0	6.855e-05	2020-07-09
Clay	2.562	4.638	4.812	0.0	0.0	0.529	0.00033199	0.00060101	0.00062356	0.0	0.0	6.855e-05	2020-07-10
Clay	2.253	2.253	4.815	0.0	0.0	4.638	0.00029195	0.00029195	0.00062395	0.0	0.0	0.00060101	2020-07-11
Clay	2.233	4.486	7.048	0.0	0.0	4.638	0.00028936	0.00058131	0.00091331	0.0	0.0	0.00060101	2020-07-12
Clay	2.204	6.69	9.252	0.0	0.0	4.638	0.0002856	0.00086692	0.00119891	0.0	0.0	0.00060101	2020-07-13
Clay	0.452	0.452	2.656	0.0	0.0	6.69	5.857e-05	5.857e-05	0.00034418	0.0	0.0	0.00086692	2020-07-14
Clay	0.321	0.773	2.977	0.0	0.0	6.69	4.16e-05	0.00010017	0.00038577	0.0	0.0	0.00086692	2020-07-15
Clay	0.207	0.98	3.184	0.0	0.0	6.69	2.682e-05	0.00012699	0.0004126	0.0	0.0	0.00086692	2020-07-16
Clay	0.127	1.107	3.311	0.0	0.0	6.69	1.646e-05	0.00014345	0.00042905	0.0	0.0	0.00086692	2020-07-17
Clay	33.0	0.0	0.0	33.0	0.00427627	0.0	165.0	66.0	41.25	0.02138135	0.00855254	0.0053453375	2020-07-18
Clay	33.0	0.0	0.0	33.0	0.00427627	0.0	165.0	66.0	41.25	0.02138135	0.00855254	0.0053453375	2020-07-19
