Name	Predicted_New_Cases	Total_Predicted_New_Cases	Total_Predicted_Cases	Predicted_New_Deaths	Total_Predicted_New_Deaths	Total_Predicted_Deaths	Predicted_New_per_capita	Predicted_Total_New_per_capita	Predicted_Total_Cases_per_capita	Predicted_New_Deaths_per_capita	Total_Predicted_New_Deaths_per_capita	Total_Predicted_Deaths_per_capita
Bhutan	17.605	138.118	159.118	0.0	0.0	0.0	2.334e-05	0.00018308	0.00021092	0.0	0.0	0.0
Afghanistan	221.116	5138.653	11540.653	2.742	71.083	239.083	5.95e-06	0.00013824	0.00031046	7e-08	1.91e-06	6.43e-06
Syria	0.241	6.259	57.259	0.0	0.0	3.0	1e-08	3.7e-07	3.39e-06	0.0	0.0	1.8e-07
Kyrgyzstan	18.308	455.876	1572.876	0.165	3.014	17.014	2.9e-06	7.218e-05	0.00024904	3e-08	4.8e-07	2.69e-06
South Korea	42.565	780.528	11830.528	0.368	9.526	271.526	8.2e-07	1.512e-05	0.00022912	1e-08	1.8e-07	5.26e-06
Brunei	0.0	0.954	141.954	0.0	0.0	1.0	0.0	2.22e-06	0.00033092	0.0	0.0	2.33e-06
Yemen	19.033	296.305	418.305	12.635	110.297	128.297	6.7e-07	1.04e-05	1.468e-05	4.4e-07	3.87e-06	4.5e-06
Nepal	285.169	2237.266	2528.266	12.635	110.297	110.297	1.015e-05	7.965e-05	9.001e-05	4.5e-07	3.93e-06	3.93e-06
Kuwait	1038.225	19964.729	33766.729	59.246	517.192	624.192	0.00025094	0.00482553	0.00816152	1.432e-05	0.00012501	0.00015087
Malaysia	28.758	772.786	7644.786	0.343	8.903	121.903	9.1e-07	2.444e-05	0.00024177	1e-08	2.8e-07	3.86e-06
Indonesia	277.734	6915.637	23940.637	9.457	262.828	1351.828	1.04e-06	2.584e-05	8.944e-05	4e-08	9.8e-07	5.05e-06
Iraq	56.83	1352.351	4612.351	1.23	29.967	150.967	1.48e-06	3.519e-05	0.00012001	3e-08	7.8e-07	3.93e-06
East Timor	0.0	0.0	24.0	1.23	29.967	29.967	0.0	0.0	1.893e-05	9.7e-07	2.363e-05	2.363e-05
Uzbekistan	42.827	971.183	3709.183	0.237	3.48	14.48	1.3e-06	2.947e-05	0.00011255	1e-08	1.1e-07	4.4e-07
Myanmar	0.013	10.73	192.73	0.0	0.0	6.0	0.0	2e-07	3.59e-06	0.0	0.0	1.1e-07
Qatar	971.801	22584.298	53556.298	0.804	12.517	27.517	0.00034936	0.00811895	0.01925324	2.9e-07	4.5e-06	9.89e-06
Sri Lanka	4.712	172.947	1132.947	0.007	0.264	9.264	2.2e-07	7.98e-06	5.228e-05	0.0	1e-08	4.3e-07
Laos	0.0	0.0	19.0	0.007	0.264	0.264	0.0	0.0	2.69e-06	0.0	4e-08	4e-08
Bahrain	198.968	4734.757	11481.757	0.519	8.546	20.546	0.00012678	0.00301685	0.00731584	3.3e-07	5.45e-06	1.309e-05
Mongolia	39.779	312.078	447.078	0.519	8.546	8.546	1.255e-05	9.844e-05	0.00014102	1.6e-07	2.7e-06	2.7e-06
Taiwan	0.0	0.458	440.458	0.0	0.843	7.843	0.0	2e-08	1.852e-05	0.0	4e-08	3.3e-07
Oman	278.214	5101.689	10130.689	3.98	39.697	60.697	5.761e-05	0.00105636	0.00209768	8.2e-07	8.22e-06	1.257e-05
Japan	31.145	1135.42	17372.42	9.795	253.949	978.949	2.5e-07	8.97e-06	0.0001373	8e-08	2.01e-06	7.74e-06
United Arab Emirates	492.362	11716.496	34343.496	2.959	93.844	307.844	5.112e-05	0.00121655	0.00356595	3.1e-07	9.74e-06	3.196e-05
China	6.342	147.391	84191.391	0.0	0.0	4638.0	0.0	1.1e-07	6.045e-05	0.0	0.0	3.33e-06
Maldives	28.549	740.211	1818.211	0.266	5.338	9.338	5.536e-05	0.00143536	0.00352574	5.2e-07	1.035e-05	1.811e-05
Singapore	443.608	11501.583	38857.583	0.319	6.409	28.409	7.867e-05	0.00203977	0.00689126	6e-08	1.14e-06	5.04e-06
India	2375.796	59157.818	149805.818	64.431	1670.519	4541.519	1.76e-06	4.374e-05	0.00011075	5e-08	1.24e-06	3.36e-06
Saudi Arabia	1283.203	31261.93	83277.93	5.443	141.128	443.128	3.808e-05	0.00092766	0.00247116	1.6e-07	4.19e-06	1.315e-05
Philippines	136.083	3528.279	15833.279	9.194	238.368	1055.368	1.28e-06	3.308e-05	0.00014846	9e-08	2.24e-06	9.9e-06
Thailand	1.005	44.579	3069.579	0.118	3.06	59.06	1e-08	6.4e-07	4.421e-05	0.0	4e-08	8.5e-07
Iran	1097.381	26734.846	145126.846	19.459	662.303	7599.303	1.342e-05	0.00032683	0.00177416	2.4e-07	8.1e-06	9.29e-05
Vietnam	1.433	37.839	355.839	19.459	662.303	662.303	1e-08	4e-07	3.72e-06	2e-07	6.93e-06	6.93e-06
Kazakhstan	60.873	1888.664	7738.664	0.203	5.445	39.445	3.33e-06	0.00010334	0.00042342	1e-08	3e-07	2.16e-06
Bangladesh	644.936	15347.229	36342.229	21.003	365.601	679.601	4e-06	9.511e-05	0.00022523	1.3e-07	2.27e-06	4.21e-06
Pakistan	1103.737	27483.281	66282.281	18.9	480.472	1314.472	5.2e-06	0.00012951	0.00031234	9e-08	2.26e-06	6.19e-06
Cambodia	0.0	0.0	122.0	18.9	480.472	480.472	0.0	0.0	7.51e-06	1.16e-06	2.957e-05	2.957e-05
Jordan	9.568	238.245	845.245	0.0	0.0	9.0	9.6e-07	2.393e-05	8.49e-05	0.0	0.0	9e-07
Lebanon	10.259	265.98	1167.98	0.16	3.206	29.206	1.5e-06	3.884e-05	0.00017053	2e-08	4.7e-07	4.26e-06
