Name	Predicted_New_Cases	Total_Predicted_New_Cases	Total_Predicted_Cases	Predicted_New_Deaths	Total_Predicted_New_Deaths	Total_Predicted_Deaths	Predicted_New_per_capita	Predicted_Total_New_per_capita	Predicted_Total_Cases_per_capita	Predicted_New_Deaths_per_capita	Total_Predicted_New_Deaths_per_capita	Total_Predicted_Deaths_per_capita
Bhutan	0.0	64.655	123.655	0.0	0.0	0.0	0.0	8.57e-05	0.00016391	0.0	0.0	0.0
Afghanistan	0.202	19324.253	39666.253	0.083	535.543	892.543	1e-08	0.00051986	0.00106709	0.0	1.441e-05	2.401e-05
Syria	0.0	1.183	142.183	0.0	1.806	7.806	0.0	7e-08	8.41e-06	0.0	1.1e-07	4.6e-07
Kyrgyzstan	0.0	879.706	2886.706	0.0	15.204	37.204	0.0	0.00013929	0.00045706	0.0	2.41e-06	5.89e-06
South Korea	0.0	968.06	12782.06	0.0	14.865	287.865	0.0	1.875e-05	0.00024755	0.0	2.9e-07	5.57e-06
Brunei	0.0	0.0	141.0	0.0	0.067	2.067	0.0	0.0	0.0003287	0.0	1.6e-07	4.82e-06
Yemen	0.074	1187.735	1671.735	0.0	148.779	260.779	0.0	4.168e-05	5.866e-05	0.0	5.22e-06	9.15e-06
Nepal	1.151	11865.639	15313.639	0.138	148.217	161.217	4e-08	0.00042245	0.0005452	0.0	5.28e-06	5.74e-06
Kuwait	0.0	20554.393	52402.393	0.0	180.379	444.379	0.0	0.00496806	0.01266582	0.0	4.36e-05	0.00010741
Malaysia	0.0	1674.788	9996.788	0.107	55.598	172.598	0.0	5.297e-05	0.00031615	0.0	1.76e-06	5.46e-06
Indonesia	0.13	16250.33	47436.33	0.0	839.874	2690.874	0.0	6.071e-05	0.00017722	0.0	3.14e-06	1.005e-05
Iraq	12.001	36460.062	48826.062	1.122	1686.634	2032.634	3.1e-07	0.00094865	0.0012704	3e-08	4.388e-05	5.289e-05
East Timor	0.0	0.0	24.0	1.122	1686.634	1686.634	0.0	0.0	1.893e-05	8.8e-07	0.00133018	0.00133018
Uzbekistan	0.028	2071.084	6402.084	0.007	21.686	38.686	0.0	6.285e-05	0.00019427	0.0	6.6e-07	1.17e-06
Myanmar	0.0	96.972	338.972	0.0	0.0	6.0	0.0	1.81e-06	6.31e-06	0.0	0.0	1.1e-07
Qatar	0.0	45774.877	114564.877	0.0	48.043	102.043	0.0	0.01645586	0.04118554	0.0	1.727e-05	3.668e-05
Sri Lanka	0.0	158.411	1993.411	0.0	1.343	12.343	0.0	7.31e-06	9.199e-05	0.0	6e-08	5.7e-07
Laos	0.0	0.0	19.0	0.0	1.344	1.344	0.0	0.0	2.69e-06	0.0	1.9e-07	1.9e-07
Bahrain	0.232	14108.813	28871.813	0.029	70.502	96.502	1.5e-07	0.00898972	0.01839626	2e-08	4.492e-05	6.149e-05
Mongolia	0.0	20.733	213.733	0.029	70.502	70.502	0.0	6.54e-06	6.742e-05	1e-08	2.224e-05	2.224e-05
Taiwan	0.0	6.199	449.199	0.0	0.0	7.0	0.0	2.6e-07	1.889e-05	0.0	0.0	2.9e-07
Oman	0.283	21345.285	38227.285	0.197	392.725	467.725	6e-08	0.00441979	0.0079154	4e-08	8.132e-05	9.685e-05
Japan	0.024	1211.312	18250.312	0.0	16.545	933.545	0.0	9.57e-06	0.00014424	0.0	1.3e-07	7.38e-06
United Arab Emirates	0.0	12351.616	51159.616	0.0	34.268	310.268	0.0	0.00128249	0.005312	0.0	3.56e-06	3.222e-05
China	0.0	210.498	84401.498	0.0	0.0	4638.0	0.0	1.5e-07	6.06e-05	0.0	0.0	3.33e-06
Maldives	0.0	1239.477	3142.477	0.002	17.954	25.954	0.0	0.0024035	0.00609366	0.0	3.482e-05	5.033e-05
Singapore	0.0	12475.203	50385.203	0.001	9.683	34.683	0.0	0.00221243	0.00893564	0.0	1.72e-06	6.15e-06
India	3.289	247686.301	505172.301	0.087	6586.352	13793.352	0.0	0.00018312	0.00037348	0.0	4.87e-06	1.02e-05
Saudi Arabia	0.0	48125.891	150039.891	0.071	1146.332	1858.332	0.0	0.00142807	0.00445223	0.0	3.402e-05	5.514e-05
Philippines	0.0	15873.994	37768.994	0.0	55.299	1058.299	0.0	0.00014884	0.00035413	0.0	5.2e-07	9.92e-06
Thailand	0.0	27.768	3139.768	0.001	8.903	66.903	0.0	4e-07	4.522e-05	0.0	1.3e-07	9.6e-07
Iran	1.408	85626.046	257415.046	0.025	1858.045	10139.045	2e-08	0.00104677	0.00314687	0.0	2.271e-05	0.00012395
Vietnam	0.0	0.102	331.102	0.025	1858.045	1858.045	0.0	0.0	3.47e-06	0.0	1.945e-05	1.945e-05
Kazakhstan	0.0	9126.524	21820.524	1.831	1099.875	1155.875	0.0	0.00049936	0.00119391	1e-07	6.018e-05	6.324e-05
Bangladesh	1.221	74246.785	140015.785	0.02	1006.403	1894.403	1e-08	0.00046014	0.00086774	0.0	6.24e-06	1.174e-05
Pakistan	30.228	195391.192	294334.192	0.046	2300.492	4302.492	1.4e-07	0.00092072	0.00138696	0.0	1.084e-05	2.027e-05
Cambodia	0.0	3.041	129.041	0.046	2300.492	2300.492	0.0	1.9e-07	7.94e-06	0.0	0.00014157	0.00014157
Jordan	0.004	204.186	1012.186	0.0	0.0	9.0	0.0	2.051e-05	0.00010167	0.0	0.0	9e-07
Lebanon	0.009	527.398	1858.398	0.009	20.888	50.888	0.0	7.7e-05	0.00027134	0.0	3.05e-06	7.43e-06
