Name	Predicted_New_Cases	Total_Predicted_New_Cases	Total_Predicted_Cases	Predicted_New_Deaths	Total_Predicted_New_Deaths	Total_Predicted_Deaths	Predicted_New_per_capita	Predicted_Total_New_per_capita	Predicted_Total_Cases_per_capita	Predicted_New_Deaths_per_capita	Total_Predicted_New_Deaths_per_capita	Total_Predicted_Deaths_per_capita
Syria	0.064	425.089	667.089	0.043	41.868	48.868	0.0	2.514e-05	3.946e-05	0.0	2.48e-06	2.89e-06
Kyrgyzstan	1.609	10703.472	14907.472	0.595	576.842	619.842	2.5e-07	0.00169471	0.00236035	9e-08	9.133e-05	9.814e-05
Nepal	0.0	12149.028	23311.028	0.001	32.601	58.601	0.0	0.00043254	0.00082993	0.0	1.16e-06	2.09e-06
Iraq	0.477	48920.49	88059.49	0.022	2235.041	3672.041	1e-08	0.00127286	0.00229121	0.0	5.815e-05	9.554e-05
East Timor	0.0	0.0	24.0	0.022	2235.041	2235.041	0.0	0.0	1.893e-05	2e-08	0.00176269	0.00176269
Uzbekistan	0.0	4686.516	11863.516	0.0	0.0	20.0	0.0	0.00014221	0.00035999	0.0	0.0	6.1e-07
Myanmar	0.0	109.59	402.59	0.0	0.0	6.0	0.0	2.04e-06	7.5e-06	0.0	0.0	1.1e-07
Sri Lanka	0.0	213.792	2223.792	0.0	0.0	11.0	0.0	9.87e-06	0.00010262	0.0	0.0	5.1e-07
Laos	0.0	0.0	19.0	0.0	0.0	0.0	0.0	0.0	2.69e-06	0.0	0.0	0.0
Mongolia	0.044	189.227	408.227	0.0	74.107	74.107	1e-08	5.969e-05	0.00012877	0.0	2.338e-05	2.338e-05
Japan	0.0	1472.057	19527.057	0.002	154.153	1125.153	0.0	1.163e-05	0.00015433	0.0	1.22e-06	8.89e-06
China	0.0	605.132	85306.132	0.291	175.332	4816.332	0.0	4.3e-07	6.125e-05	0.0	1.3e-07	3.46e-06
Maldives	0.0	537.752	2814.752	0.0	0.0	8.0	0.0	0.00104277	0.00545816	0.0	0.0	1.551e-05
Philippines	0.19	19490.521	52559.521	0.0	303.194	1515.194	0.0	0.00018275	0.00049281	0.0	2.84e-06	1.421e-05
Thailand	0.003	109.71	3267.71	0.0	0.0	58.0	0.0	1.58e-06	4.707e-05	0.0	0.0	8.4e-07
Kazakhstan	0.185	14861.492	34611.492	0.0	162.072	302.072	1e-08	0.00081315	0.00189377	0.0	8.87e-06	1.653e-05
Jordan	0.0	235.067	1321.067	0.0	0.0	9.0	0.0	2.361e-05	0.00013269	0.0	0.0	9e-07
Lebanon	0.02	844.662	2506.662	0.002	3.353	36.353	0.0	0.00012333	0.00036599	0.0	4.9e-07	5.31e-06
