Butler	1.0	0.0	0.0	0.0	5.32e-06	0.0	5.0	2.0	1.25	2.66e-05	1.064e-05	6.65e-06	2020-03-22
Butler	5.0	0.0	0.0	0.0	2.661e-05	0.0	25.0	10.0	6.25	0.00013305	5.322e-05	3.32625e-05	2020-03-23
Butler	6.0	0.0	0.0	0.0	3.193e-05	0.0	30.0	12.0	7.5	0.00015965	6.386e-05	3.99125e-05	2020-03-24
Butler	12.0	0.0	0.0	0.0	6.387e-05	0.0	60.0	24.0	15.0	0.00031935	0.00012774	7.98375e-05	2020-03-25
Butler	19.0	1.0	0.0	0.0	0.00010112	5.32e-06	333.333333333	153.846153846	100.0	0.00177333333333	0.000818461538462	0.000532	2020-03-26
Butler	26.0	1.0	0.0	0.0	0.00013838	5.32e-06	333.333333333	153.846153846	100.0	0.00177333333333	0.000818461538462	0.000532	2020-03-27
Butler	41.0	2.0	0.0	0.0	0.00021822	1.064e-05	666.666666667	307.692307692	200.0	0.00354666666667	0.00163692307692	0.001064	2020-03-28
Butler	47.0	2.0	0.0	0.0	0.00025015	1.064e-05	666.666666667	307.692307692	200.0	0.00354666666667	0.00163692307692	0.001064	2020-03-29
Butler	49.0	2.0	0.0	0.0	0.00026079	1.064e-05	666.666666667	307.692307692	200.0	0.00354666666667	0.00163692307692	0.001064	2020-03-30
Butler	60.0	2.0	0.0	0.0	0.00031934	1.064e-05	666.666666667	307.692307692	200.0	0.00354666666667	0.00163692307692	0.001064	2020-03-31
Butler	64.0	2.0	0.0	0.0	0.00034063	1.064e-05	666.666666667	307.692307692	200.0	0.00354666666667	0.00163692307692	0.001064	2020-04-01
Butler	69.0	2.0	0.0	0.0	0.00036724	1.064e-05	666.666666667	307.692307692	200.0	0.00354666666667	0.00163692307692	0.001064	2020-04-02
Butler	75.0	2.0	0.0	0.0	0.00039917	1.064e-05	666.666666667	307.692307692	200.0	0.00354666666667	0.00163692307692	0.001064	2020-04-03
Butler	6	0	0	0	_2020-3-24
Butler	12	0	0	0	_2020-3-25
Butler	19	1	0	0	_2020-3-26
