Name	Predicted_New_Cases	Total_Predicted_New_Cases	Total_Predicted_Cases	Predicted_New_Deaths	Total_Predicted_New_Deaths	Total_Predicted_Deaths	Predicted_New_per_capita	Predicted_Total_New_per_capita	Predicted_Total_Cases_per_capita	Predicted_New_Deaths_per_capita	Total_Predicted_New_Deaths_per_capita	Total_Predicted_Deaths_per_capita
Shasta	0.938	2.04	27.04	0.076	0.174	3.174	5.21e-06	1.133e-05	0.00015019	4.2e-07	9.7e-07	1.763e-05
Yuba	0.801	1.61	16.61	0.0	0.0	1.0	1.026e-05	2.063e-05	0.00021284	0.0	0.0	1.281e-05
Alpine	0.0	0.0	2.0	0.0	0.0	0.0	0.0	0.0	0.00181653	0.0	0.0	0.0
San Mateo	15.056	31.834	778.834	0.91	1.883	22.883	1.956e-05	4.137e-05	0.00101207	1.18e-06	2.45e-06	2.974e-05
Sutter	0.528	1.061	25.061	0.0	0.0	3.0	5.45e-06	1.096e-05	0.00025888	0.0	0.0	3.099e-05
Riverside	111.516	224.067	2185.067	3.083	6.194	56.194	4.55e-05	9.143e-05	0.00089159	1.26e-06	2.53e-06	2.293e-05
Sacramento	37.359	75.621	928.621	1.578	3.071	35.071	2.424e-05	4.907e-05	0.00060262	1.02e-06	1.99e-06	2.276e-05
Butte	0.401	0.832	16.832	1.578	3.071	3.071	1.73e-06	3.6e-06	7.279e-05	6.82e-06	1.328e-05	1.328e-05
Ventura	13.112	26.703	391.703	0.597	1.206	14.206	1.541e-05	3.138e-05	0.0004603	7e-07	1.42e-06	1.669e-05
Kern	25.507	51.063	584.063	0.132	0.265	3.265	2.844e-05	5.694e-05	0.0006513	1.5e-07	3e-07	3.64e-06
San Benito	1.836	3.689	42.689	0.013	0.031	2.031	2.984e-05	5.995e-05	0.00069371	2.1e-07	5e-07	3.3e-05
San Bernardino	68.474	135.398	1112.398	2.349	4.442	35.442	3.153e-05	6.235e-05	0.00051225	1.08e-06	2.05e-06	1.632e-05
Kings	0.859	1.726	14.726	0.0	0.0	1.0	5.67e-06	1.14e-05	9.729e-05	0.0	0.0	6.61e-06
Trinity	0.0	0.0	0.0	0.0	0.0	0.0	0.0	0.0	0.0	0.0	0.0	0.0
Madera	0.594	1.194	34.194	0.0	0.0	2.0	3.77e-06	7.57e-06	0.00021687	0.0	0.0	1.268e-05
Fresno	13.797	27.281	278.281	0.0	0.0	7.0	1.387e-05	2.743e-05	0.00027985	0.0	0.0	7.04e-06
Glenn	0.264	0.531	4.531	0.0	0.0	0.0	9.41e-06	1.893e-05	0.00016155	0.0	0.0	0.0
Tulare	17.039	34.017	386.017	0.879	1.679	16.679	3.658e-05	7.302e-05	0.00082861	1.89e-06	3.6e-06	3.58e-05
Santa Barbara	14.156	28.498	341.498	0.0	0.0	2.0	3.17e-05	6.382e-05	0.00076479	0.0	0.0	4.48e-06
San Joaquin	11.347	22.654	363.654	0.64	1.222	18.222	1.508e-05	3.01e-05	0.00048316	8.5e-07	1.62e-06	2.421e-05
Sierra	0.0	0.0	0.0	0.0	0.0	0.0	0.0	0.0	0.0	0.0	0.0	0.0
Alameda	41.384	84.282	1048.282	1.347	2.72	38.72	2.483e-05	5.057e-05	0.00062894	8.1e-07	1.63e-06	2.323e-05
Placer	3.056	6.394	135.394	0.223	0.463	7.463	7.77e-06	1.626e-05	0.00034438	5.7e-07	1.18e-06	1.898e-05
Siskiyou	0.229	0.46	5.46	0.223	0.463	0.463	5.24e-06	1.052e-05	0.00012487	5.1e-06	1.059e-05	1.059e-05
Solano	7.2	14.467	154.467	0.0	0.0	2.0	1.612e-05	3.239e-05	0.00034587	0.0	0.0	4.48e-06
Contra Costa	21.926	45.468	660.468	0.679	1.395	15.395	1.906e-05	3.953e-05	0.00057421	5.9e-07	1.21e-06	1.338e-05
Del Norte	0.0	0.0	2.0	0.679	1.395	1.395	0.0	0.0	7.187e-05	2.44e-05	5.013e-05	5.013e-05
Humboldt	0.674	1.59	52.59	0.679	1.395	1.395	4.94e-06	1.166e-05	0.00038563	4.98e-06	1.023e-05	1.023e-05
Calaveras	0.601	1.17	10.17	0.679	1.395	1.395	1.318e-05	2.566e-05	0.00022302	1.489e-05	3.059e-05	3.059e-05
Santa Clara	53.342	107.386	1900.386	2.003	3.981	68.981	2.753e-05	5.542e-05	0.00098081	1.03e-06	2.05e-06	3.56e-05
Lake	0.0	0.0	5.0	2.003	3.981	3.981	0.0	0.0	7.766e-05	3.111e-05	6.183e-05	6.183e-05
San Francisco	50.933	99.12	1112.12	0.946	1.773	18.773	5.766e-05	0.00011221	0.00125904	1.07e-06	2.01e-06	2.125e-05
Unassigned	0.0	0.0	8.0	0.0	0.0	2.0	N/A	N/A	N/A	N/A	N/A	N/A
Stanislaus	8.314	16.523	179.523	0.0	0.0	4.0	1.512e-05	3.005e-05	0.00032652	0.0	0.0	7.28e-06
Amador	0.735	1.344	8.344	0.0	0.0	0.0	1.866e-05	3.413e-05	0.00021187	0.0	0.0	0.0
Plumas	0.0	0.0	4.0	0.0	0.0	0.0	0.0	0.0	0.00021272	0.0	0.0	0.0
Los Angeles	449.16	917.364	11434.364	22.615	44.944	449.944	4.445e-05	9.078e-05	0.0011315	2.24e-06	4.45e-06	4.452e-05
Mono	0.388	0.779	23.779	0.0	0.0	1.0	2.723e-05	5.467e-05	0.0016687	0.0	0.0	7.018e-05
Modoc	0.0	0.0	0.0	0.0	0.0	0.0	0.0	0.0	0.0	0.0	0.0	0.0
Monterey	3.135	6.299	106.299	0.165	0.316	3.316	7.2e-06	1.446e-05	0.00024403	3.8e-07	7.3e-07	7.61e-06
Mariposa	0.0	0.0	0.0	0.0	0.0	0.0	0.0	0.0	0.0	0.0	0.0	0.0
Sonoma	5.984	12.024	172.024	0.031	0.062	2.062	1.197e-05	2.405e-05	0.00034409	6e-08	1.2e-07	4.12e-06
Tuolumne	0.0	0.0	2.0	0.031	0.062	0.062	0.0	0.0	3.667e-05	5.7e-07	1.14e-06	1.14e-06
Colusa	0.0	0.0	3.0	0.031	0.062	0.062	0.0	0.0	0.00013872	1.43e-06	2.87e-06	2.87e-06
Santa Cruz	2.515	5.226	101.226	0.132	0.265	2.265	9.17e-06	1.906e-05	0.00036909	4.8e-07	9.7e-07	8.26e-06
San Luis Obispo	2.714	5.394	125.394	0.0	0.0	1.0	9.56e-06	1.899e-05	0.00044151	0.0	0.0	3.52e-06
Marin	2.832	6.161	177.161	0.0	0.0	10.0	1.091e-05	2.373e-05	0.00068226	0.0	0.0	3.851e-05
El Dorado	1.541	3.097	38.097	0.0	0.0	0.0	8.08e-06	1.624e-05	0.0001998	0.0	0.0	0.0
Tehama	0.0	0.0	1.0	0.0	0.0	0.0	0.0	0.0	1.565e-05	0.0	0.0	0.0
Inyo	0.182	0.382	17.382	0.0	0.0	0.0	1.012e-05	2.124e-05	0.00096636	0.0	0.0	0.0
Yolo	7.249	14.107	116.107	0.366	0.686	4.686	3.289e-05	6.4e-05	0.00052678	1.66e-06	3.11e-06	2.126e-05
San Diego	70.423	147.347	2077.347	4.033	8.015	61.015	2.106e-05	4.407e-05	0.00062133	1.21e-06	2.4e-06	1.825e-05
Imperial	3.578	7.32	124.32	0.0	0.0	3.0	1.968e-05	4.026e-05	0.00068373	0.0	0.0	1.65e-05
Merced	6.194	11.896	87.896	0.0	0.0	3.0	2.254e-05	4.33e-05	0.0003199	0.0	0.0	1.092e-05
Nevada	0.334	0.752	34.752	0.0	0.0	1.0	3.35e-06	7.54e-06	0.00034858	0.0	0.0	1.003e-05
Napa	2.093	4.031	42.031	0.0	0.0	2.0	1.501e-05	2.891e-05	0.00030148	0.0	0.0	1.435e-05
Mendocino	0.0	0.0	4.0	0.0	0.0	0.0	0.0	0.0	4.566e-05	0.0	0.0	0.0
Orange	59.986	120.528	1496.528	0.695	1.335	23.335	1.883e-05	3.783e-05	0.00046972	2.2e-07	4.2e-07	7.32e-06
Lassen	0.0	0.0	0.0	0.0	0.0	0.0	0.0	0.0	0.0	0.0	0.0	0.0
