Susquehanna	0.0	0.0	0.0	0.0	0.0	0.0	0.0	0.0	0.0	0.0	0.0	0.0	2020-03-22
Susquehanna	0.0	0.0	0.0	0.0	0.0	0.0	0.0	0.0	0.0	0.0	0.0	0.0	2020-03-23
Susquehanna	0.0	0.0	0.0	0.0	0.0	0.0	0.0	0.0	0.0	0.0	0.0	0.0	2020-03-24
Susquehanna	0.0	0.0	0.0	0.0	0.0	0.0	0.0	0.0	0.0	0.0	0.0	0.0	2020-03-25
Susquehanna	1.0	0.0	0.0	0.0	2.464e-05	0.0	5.0	2.0	1.25	0.0001232	4.928e-05	3.08e-05	2020-03-26
Susquehanna	1.0	0.0	0.0	0.0	2.464e-05	0.0	5.0	2.0	1.25	0.0001232	4.928e-05	3.08e-05	2020-03-27
Susquehanna	1.0	0.0	0.0	0.0	2.464e-05	0.0	5.0	2.0	1.25	0.0001232	4.928e-05	3.08e-05	2020-03-28
Susquehanna	1.0	0.0	0.0	0.0	2.464e-05	0.0	5.0	2.0	1.25	0.0001232	4.928e-05	3.08e-05	2020-03-29
Susquehanna	1.0	0.0	0.0	0.0	2.464e-05	0.0	5.0	2.0	1.25	0.0001232	4.928e-05	3.08e-05	2020-03-30
Susquehanna	1.0	0.0	0.0	0.0	2.464e-05	0.0	5.0	2.0	1.25	0.0001232	4.928e-05	3.08e-05	2020-03-31
Susquehanna	2.0	0.0	0.0	0.0	4.927e-05	0.0	10.0	4.0	2.5	0.00024635	9.854e-05	6.15875e-05	2020-04-01
Susquehanna	3.0	0.0	0.0	0.0	7.391e-05	0.0	15.0	6.0	3.75	0.00036955	0.00014782	9.23875e-05	2020-04-02
Susquehanna	4.0	0.0	0.0	0.0	9.855e-05	0.0	20.0	8.0	5.0	0.00049275	0.0001971	0.0001231875	2020-04-03
Susquehanna	0	0	0	0	_2020-3-24
Susquehanna	0	0	0	0	_2020-3-25
Susquehanna	1	0	0	0	_2020-3-26
