Name	Predicted_New_Cases	Total_Predicted_New_Cases	Total_Predicted_Cases	Predicted_New_Deaths	Total_Predicted_New_Deaths	Total_Predicted_Deaths	Predicted_New_per_capita	Predicted_Total_New_per_capita	Predicted_Total_Cases_per_capita	Predicted_New_Deaths_per_capita	Total_Predicted_New_Deaths_per_capita	Total_Predicted_Deaths_per_capita
Cumberland	1.848	30.802	88.802	4.34	73.245	73.245	3.097e-05	0.00051618	0.00148814	7.273e-05	0.00122744	0.00122744
Out-of-state	0.0	0.0	0.0	0.0	0.0	0.0	N/A	N/A	N/A	N/A	N/A	N/A
Sevier	0.005	1.301	27.301	0.0	0.0	1.0	5e-08	1.329e-05	0.00027889	0.0	0.0	1.022e-05
Wayne	0.0	0.0	2.0	0.0	0.0	0.0	0.0	0.0	0.00012079	0.0	0.0	0.0
Williamson	0.061	14.629	371.629	0.029	1.499	7.499	2.6e-07	6.313e-05	0.00160372	1.3e-07	6.47e-06	3.236e-05
Lewis	0.0	0.0	2.0	0.029	1.499	1.499	0.0	0.0	0.00016548	2.4e-06	0.00012403	0.00012403
Wilson	3.492	58.199	243.199	0.0	0.0	1.0	2.483e-05	0.00041386	0.00172942	0.0	0.0	7.11e-06
Montgomery	0.047	11.323	133.323	0.0	0.0	2.0	2.3e-07	5.498e-05	0.00064736	0.0	0.0	9.71e-06
Overton	0.181	3.02	10.02	0.0	0.0	0.0	8.2e-06	0.00013685	0.00045405	0.0	0.0	0.0
Out of TN	2.26	37.666	310.666	0.0	0.0	1.0	N/A	N/A	N/A	N/A	N/A	N/A
Van Buren	0.0	0.0	1.0	0.0	0.0	0.0	0.0	0.0	0.00017346	0.0	0.0	0.0
Lincoln	0.003	0.822	10.822	0.0	0.0	0.0	9e-08	2.409e-05	0.0003172	0.0	0.0	0.0
Maury	0.0	0.838	34.838	0.0	0.0	0.0	0.0	8.88e-06	0.00036928	0.0	0.0	0.0
Pickett	0.0	0.0	0.0	0.0	0.0	0.0	0.0	0.0	0.0	0.0	0.0	0.0
Henderson	0.198	3.296	7.296	0.0	0.0	0.0	7.11e-06	0.00011836	0.000262	0.0	0.0	0.0
Hamilton	0.0	4.499	122.499	0.003	0.756	12.756	0.0	1.235e-05	0.00033627	1e-08	2.08e-06	3.502e-05
Loudon	0.407	6.634	29.634	0.003	0.756	0.756	7.67e-06	0.00012504	0.00055856	6e-08	1.425e-05	1.425e-05
Washington	0.031	7.125	53.125	0.0	0.0	2.0	2.4e-07	5.54e-05	0.00041308	0.0	0.0	1.555e-05
Bedford	8.588	91.583	167.583	0.0	0.0	2.0	0.00017513	0.00186759	0.00341741	0.0	0.0	4.078e-05
Hardin	2.145	13.316	17.316	0.0	0.0	0.0	8.322e-05	0.0005166	0.00067179	0.0	0.0	0.0
Macon	0.096	9.677	43.677	0.0	0.0	3.0	3.96e-06	0.0003988	0.0018	0.0	0.0	0.00012363
Davidson	35.918	598.571	2273.571	1.386	18.107	37.107	5.186e-05	0.00086425	0.00328272	2e-06	2.614e-05	5.358e-05
Roane	2.185	13.565	21.565	1.386	18.107	18.107	4.112e-05	0.00025527	0.00040581	2.608e-05	0.00034074	0.00034074
Fayette	1.443	24.05	70.05	0.0	0.0	1.0	3.562e-05	0.00059372	0.00172933	0.0	0.0	2.469e-05
Jefferson	0.006	1.357	17.357	0.0	0.0	1.0	1.1e-07	2.512e-05	0.00032135	0.0	0.0	1.851e-05
Decatur	0.148	2.472	6.472	0.0	0.0	0.0	1.264e-05	0.00021117	0.00055288	0.0	0.0	0.0
McMinn	0.204	3.403	9.403	0.0	0.0	0.0	3.83e-06	6.386e-05	0.00017647	0.0	0.0	0.0
Smith	0.34	7.095	21.095	0.0	0.0	1.0	1.705e-05	0.00035578	0.00105782	0.0	0.0	5.015e-05
Monroe	0.039	2.032	13.032	0.0	0.0	1.0	8.4e-07	4.383e-05	0.00028112	0.0	0.0	2.157e-05
Stewart	0.247	4.115	10.115	0.0	0.0	0.0	1.821e-05	0.00030344	0.00074589	0.0	0.0	0.0
Lawrence	0.003	0.68	15.68	0.0	0.0	0.0	7e-08	1.555e-05	0.00035853	0.0	0.0	0.0
Marion	0.062	4.411	32.411	0.0	0.0	1.0	2.17e-06	0.00015437	0.00113424	0.0	0.0	3.5e-05
Benton	0.0	0.0	4.0	0.0	0.0	0.0	0.0	0.0	0.00024716	0.0	0.0	0.0
Cocke	6.894	45.321	56.321	0.0	0.0	0.0	0.00019271	0.00126687	0.00157436	0.0	0.0	0.0
Houston	0.122	2.032	6.032	0.0	0.0	0.0	1.476e-05	0.00024592	0.00073	0.0	0.0	0.0
Henry	0.257	4.281	13.281	0.0	0.0	0.0	7.94e-06	0.0001323	0.00041044	0.0	0.0	0.0
Grainger	0.0	0.0	4.0	0.0	0.0	0.0	0.0	0.0	0.00017282	0.0	0.0	0.0
Carter	1.788	11.099	16.099	0.0	0.0	1.0	3.173e-05	0.00019696	0.00028569	0.0	0.0	1.775e-05
Madison	0.36	25.759	112.759	0.0	0.0	0.0	3.69e-06	0.00026391	0.00115526	0.0	0.0	0.0
Unicoi	0.0	0.0	1.0	0.0	0.0	0.0	0.0	0.0	5.63e-05	0.0	0.0	0.0
Sequatchie	0.0	0.0	3.0	0.0	0.0	0.0	0.0	0.0	0.00020167	0.0	0.0	0.0
McNairy	0.0	0.14	9.14	0.0	0.0	0.0	0.0	5.42e-06	0.00035382	0.0	0.0	0.0
Scott	0.244	5.433	16.433	0.0	0.0	0.0	1.107e-05	0.00024652	0.00074563	0.0	0.0	0.0
Marshall	0.346	5.764	21.764	0.0	0.0	1.0	1.027e-05	0.00017112	0.00064614	0.0	0.0	2.969e-05
Dickson	1.614	23.833	69.833	0.0	0.0	0.0	3.02e-05	0.00044593	0.00130661	0.0	0.0	0.0
Sumner	0.258	58.533	576.533	0.299	9.26	40.26	1.38e-06	0.00031276	0.00308061	1.6e-06	4.948e-05	0.00021512
Lake	0.0	0.0	4.0	0.299	9.26	9.26	0.0	0.0	0.00053974	4.035e-05	0.00124949	0.00124949
Unassigned	17.154	273.298	330.298	0.0	0.0	11.0	N/A	N/A	N/A	N/A	N/A	N/A
Crockett	0.741	12.353	18.353	0.0	0.0	0.0	5.172e-05	0.00086216	0.00128092	0.0	0.0	0.0
Claiborne	0.234	3.899	8.899	0.0	0.0	0.0	7.37e-06	0.00012278	0.00028023	0.0	0.0	0.0
Clay	0.148	2.472	7.472	0.0	0.0	0.0	1.918e-05	0.00032033	0.00096825	0.0	0.0	0.0
De Kalb	0.125	2.75	14.75	0.0	0.0	0.0	6.21e-06	0.00013656	0.00073245	0.0	0.0	0.0
Chester	0.003	0.054	8.054	0.0	0.0	0.0	1.7e-07	3.13e-06	0.0004662	0.0	0.0	0.0
Shelby	48.741	822.546	2661.546	1.874	25.569	60.569	5.209e-05	0.00087901	0.00284425	2e-06	2.732e-05	6.473e-05
Tipton	0.997	18.508	101.508	1.874	25.569	25.569	1.619e-05	0.00030055	0.00164837	3.043e-05	0.00041521	0.00041521
Putnam	0.0	4.973	100.973	0.741	12.353	15.353	0.0	6.307e-05	0.00128068	9.4e-06	0.00015668	0.00019473
Hickman	0.0	0.0	2.0	0.741	12.353	12.353	0.0	0.0	7.98e-05	2.957e-05	0.00049288	0.00049288
Franklin	0.011	2.651	29.651	0.0	0.0	1.0	2.6e-07	6.328e-05	0.00070783	0.0	0.0	2.387e-05
Coffee	0.606	10.102	30.102	0.0	0.0	0.0	1.088e-05	0.00018136	0.00054043	0.0	0.0	0.0
Trousdale	0.043	4.379	25.379	0.0	0.0	1.0	3.9e-06	0.00039766	0.00230467	0.0	0.0	9.081e-05
Humphreys	0.0	0.0	6.0	0.0	0.0	0.0	0.0	0.0	0.00032457	0.0	0.0	0.0
Rutherford	3.48	77.449	405.449	0.0	0.0	7.0	1.071e-05	0.00023839	0.00124796	0.0	0.0	2.155e-05
Hardeman	0.0	0.124	7.124	0.0	0.0	0.0	0.0	4.92e-06	0.00028247	0.0	0.0	0.0
Blount	0.0	0.936	46.936	0.0	0.0	3.0	0.0	7.13e-06	0.00035734	0.0	0.0	2.284e-05
Greene	0.009	2.214	37.214	0.049	0.823	2.823	1.3e-07	3.205e-05	0.00053865	7.1e-07	1.191e-05	4.086e-05
Anderson	0.484	8.07	24.07	0.0	0.0	1.0	6.33e-06	0.00010552	0.00031471	0.0	0.0	1.307e-05
Giles	1.788	11.099	16.099	0.0	0.0	0.0	6.06e-05	0.0003762	0.00054567	0.0	0.0	0.0
Lauderdale	0.593	9.883	25.883	0.0	0.0	0.0	2.296e-05	0.00038269	0.00100225	0.0	0.0	0.0
Campbell	0.007	1.612	14.612	0.0	0.0	1.0	1.8e-07	4.072e-05	0.00036915	0.0	0.0	2.526e-05
Hancock	0.0	0.0	0.0	0.0	0.0	0.0	0.0	0.0	0.0	0.0	0.0	0.0
Union	0.0	0.062	3.062	0.0	0.0	0.0	0.0	3.15e-06	0.00015553	0.0	0.0	0.0
Hawkins	0.013	3.076	30.076	0.0	0.0	2.0	2.3e-07	5.441e-05	0.00053204	0.0	0.0	3.538e-05
Weakley	0.205	3.032	11.032	0.0	0.0	0.0	6.13e-06	9.074e-05	0.00033015	0.0	0.0	0.0
Perry	3.63	21.529	27.529	0.0	0.0	0.0	0.00045015	0.00266977	0.00341381	0.0	0.0	0.0
Haywood	0.0	0.292	13.292	0.0	0.0	1.0	0.0	1.684e-05	0.00076677	0.0	0.0	5.769e-05
Dyer	0.524	11.479	39.479	0.0	0.0	0.0	1.404e-05	0.00030758	0.00105785	0.0	0.0	0.0
Obion	0.008	1.878	10.878	0.0	0.0	1.0	2.6e-07	6.205e-05	0.0003594	0.0	0.0	3.304e-05
Robertson	2.181	37.872	153.872	0.0	0.0	0.0	3.071e-05	0.00053332	0.00216685	0.0	0.0	0.0
Cannon	0.059	0.988	8.988	0.0	0.0	0.0	4.08e-06	6.832e-05	0.00062149	0.0	0.0	0.0
Bledsoe	0.517	8.619	18.619	0.0	0.0	0.0	3.504e-05	0.00058414	0.00126188	0.0	0.0	0.0
Carroll	0.221	4.673	19.673	0.0	0.0	0.0	7.89e-06	0.00016677	0.00070211	0.0	0.0	0.0
Unknown	0.0	0.0	0.0	0.0	0.0	0.0	N/A	N/A	N/A	N/A	N/A	N/A
Morgan	0.001	0.225	5.225	0.0	0.0	0.0	5e-08	1.043e-05	0.00024213	0.0	0.0	0.0
Knox	0.305	21.797	214.797	0.054	1.39	5.39	6.6e-07	4.685e-05	0.00046164	1.2e-07	2.99e-06	1.158e-05
Moore	0.0	0.0	2.0	0.054	1.39	1.39	0.0	0.0	0.00031196	8.42e-06	0.00021681	0.00021681
Meigs	0.0	0.014	3.014	0.054	1.39	1.39	0.0	1.14e-06	0.00024492	4.39e-06	0.00011295	0.00011295
Warren	0.049	0.823	5.823	0.054	1.39	1.39	1.2e-06	2.013e-05	0.00014245	1.32e-06	3.4e-05	3.4e-05
Johnson	0.0	0.0	2.0	0.054	1.39	1.39	0.0	0.0	0.0001125	3.04e-06	7.819e-05	7.819e-05
White	0.091	1.793	5.793	0.054	1.39	1.39	3.36e-06	6.615e-05	0.00021371	1.99e-06	5.128e-05	5.128e-05
Hamblen	0.335	5.414	13.414	0.0	0.0	1.0	5.19e-06	8.385e-05	0.00020775	0.0	0.0	1.549e-05
Rhea	0.0	0.0	2.0	0.0	0.0	0.0	0.0	0.0	6.053e-05	0.0	0.0	0.0
Sullivan	0.031	7.194	52.194	0.0	0.0	1.0	2e-07	4.563e-05	0.00033104	0.0	0.0	6.34e-06
Gibson	0.82	13.671	44.671	0.0	0.0	0.0	1.672e-05	0.00027874	0.00091082	0.0	0.0	0.0
Grundy	0.015	3.596	28.596	0.0	0.0	1.0	1.12e-06	0.00026944	0.00214266	0.0	0.0	7.493e-05
Fentress	0.198	3.296	7.296	0.0	0.0	0.0	1.087e-05	0.00018093	0.00040051	0.0	0.0	0.0
Cheatham	0.026	3.63	25.63	0.0	0.0	0.0	6.4e-07	8.976e-05	0.00063379	0.0	0.0	0.0
Polk	0.0	0.0	5.0	0.0	0.0	0.0	0.0	0.0	0.00029589	0.0	0.0	0.0
Bradley	0.368	7.395	44.395	0.0	0.0	1.0	3.45e-06	6.929e-05	0.00041597	0.0	0.0	9.37e-06
Jackson	0.148	2.472	8.472	0.0	0.0	0.0	1.259e-05	0.00021024	0.00072053	0.0	0.0	0.0
