Name	Predicted_New_Cases	Total_Predicted_New_Cases	Total_Predicted_Cases	Predicted_New_Deaths	Total_Predicted_New_Deaths	Total_Predicted_Deaths	Predicted_New_per_capita	Predicted_Total_New_per_capita	Predicted_Total_Cases_per_capita	Predicted_New_Deaths_per_capita	Total_Predicted_New_Deaths_per_capita	Total_Predicted_Deaths_per_capita
Lewis	0.001	108.869	111.869	0.0	0.0	0.0	8e-08	0.00900786	0.00925608	0.0	0.0	0.0
Montgomery	0.0	90.327	341.327	0.001	108.869	111.869	0.0	0.00043859	0.00165733	0.0	0.00052862	0.00054319
Overton	0.0	18.24	41.24	0.001	108.869	108.869	0.0	0.00082654	0.00186877	5e-08	0.00493334	0.00493334
Lincoln	0.012	1241.898	1266.898	0.0	0.0	0.0	3.5e-07	0.03640115	0.03713392	0.0	0.0	0.0
Roane	0.005	516.118	531.118	0.0	38.179	38.179	9e-08	0.00971242	0.00999469	0.0	0.00071846	0.00071846
Jefferson	0.001	137.09	165.09	0.0	0.0	1.0	2e-08	0.00253814	0.00305654	0.0	0.0	1.851e-05
McMinn	0.008	846.752	981.752	0.0	0.608	14.608	1.5e-07	0.015891	0.01842455	0.0	1.141e-05	0.00027415
Lawrence	0.003	318.537	342.537	0.0	3.827	3.827	7e-08	0.00728351	0.00783228	0.0	8.751e-05	8.751e-05
Tipton	0.0	71.859	498.859	0.0	40.322	43.322	0.0	0.0011669	0.00810086	0.0	0.00065478	0.0007035
Hickman	0.001	129.029	182.029	0.0	0.0	0.0	4e-08	0.00514819	0.00726286	0.0	0.0	0.0
Greene	0.002	165.321	212.321	0.0	0.0	2.0	3e-08	0.00239294	0.00307324	0.0	0.0	2.895e-05
Haywood	0.0	0.014	29.014	0.001	72.582	74.582	0.0	8.1e-07	0.00167372	6e-08	0.00418702	0.00430239
Dyer	0.004	391.124	439.124	0.001	72.582	72.582	1.1e-07	0.01048028	0.01176645	3e-08	0.00194486	0.00194486
Cannon	0.004	387.088	404.088	0.0	0.0	0.0	2.8e-07	0.02676587	0.02794136	0.0	0.0	0.0
Meigs	0.002	217.732	242.732	0.0	0.0	0.0	1.6e-07	0.01769316	0.01972469	0.0	0.0	0.0
Rhea	0.249	25434.691	25631.691	0.0	0.0	0.0	7.54e-06	0.76972192	0.77568366	0.0	0.0	0.0
