Name	Predicted_New_Cases	Total_Predicted_New_Cases	Total_Predicted_Cases	Predicted_New_Deaths	Total_Predicted_New_Deaths	Total_Predicted_Deaths	Predicted_New_per_capita	Predicted_Total_New_per_capita	Predicted_Total_Cases_per_capita	Predicted_New_Deaths_per_capita	Total_Predicted_New_Deaths_per_capita	Total_Predicted_Deaths_per_capita
Overton	0.0	231.32	240.021	0.001	108.869	261.616	0.0	0.01048215	0.01087643	5e-08	0.00493334	0.01185499
Hardin	0.0	159.384	162.365	0.002	221.768	295.637	0.0	0.00618343	0.00629908	8e-08	0.00860366	0.01146947
McMinn	0.0	174.661	181.549	0.002	169.353	295.219	0.0	0.00327786	0.00340713	4e-08	0.00317825	0.00554038
Monroe	0.0	368.359	375.92	0.006	584.659	722.838	0.0	0.00794614	0.00810924	1.3e-07	0.0126121	0.01559286
Stewart	0.0	5.501	6.361	0.006	584.659	584.659	0.0	0.00040565	0.00046907	4.4e-07	0.04311327	0.04311327
Greene	0.0	214.664	226.713	0.005	552.403	772.596	0.0	0.00310715	0.00328156	7e-08	0.00799576	0.01118294
Dyer	0.0	291.612	301.328	0.001	72.582	252.933	0.0	0.00781383	0.00807417	3e-08	0.00194486	0.00677741
Carroll	0.0	351.957	359.863	0.002	221.768	373.023	0.0	0.01256092	0.01284308	7e-08	0.00791463	0.01331274
Rhea	0.0	43.571	48.417	0.001	108.869	193.945	0.0	0.00131858	0.00146523	3e-08	0.00329467	0.0058693
