Name	Confirmed	Deaths	Recovered	Active	Confirmed_per_capita	Deaths_per_capita	IFR_0.30_expected	IFR_0.65_expected	IFR_1.0_expected	IFR_0.30_expected_per_capita	IFR_0.65_expected_per_capita	IFR_1.0_expected_per_capita
Wilson	7.0	0.0	0.0	0.0	4.978e-05	0.0	35.0	14.0	8.75	0.0002489	9.956e-05	6.2225e-05
Blount	3.0	0.0	0.0	0.0	2.284e-05	0.0	15.0	6.0	3.75	0.0001142	4.568e-05	2.855e-05
Shelby	135.0	0.0	0.0	0.0	0.00014427	0.0	675.0	270.0	168.75	0.00072135	0.00028854	0.0001803375
Union	0.0	0.0	0.0	0.0	0.0	0.0	0.0	0.0	0.0	0.0	0.0	0.0
Humphreys	0.0	0.0	0.0	0.0	0.0	0.0	0.0	0.0	0.0	0.0	0.0	0.0
Montgomery	6.0	0.0	0.0	0.0	2.913e-05	0.0	30.0	12.0	7.5	0.00014565	5.826e-05	3.64125e-05
Wayne	0.0	0.0	0.0	0.0	0.0	0.0	0.0	0.0	0.0	0.0	0.0	0.0
Robertson	12.0	0.0	0.0	0.0	0.00016899	0.0	60.0	24.0	15.0	0.00084495	0.00033798	0.0002112375
White	0.0	0.0	0.0	0.0	0.0	0.0	0.0	0.0	0.0	0.0	0.0	0.0
Hamblen	2.0	0.0	0.0	0.0	3.097e-05	0.0	10.0	4.0	2.5	0.00015485	6.194e-05	3.87125e-05
Henderson	0.0	0.0	0.0	0.0	0.0	0.0	0.0	0.0	0.0	0.0	0.0	0.0
Weakley	0.0	0.0	0.0	0.0	0.0	0.0	0.0	0.0	0.0	0.0	0.0	0.0
Dickson	5.0	0.0	0.0	0.0	9.355e-05	0.0	25.0	10.0	6.25	0.00046775	0.0001871	0.0001169375
Bedford	0.0	0.0	0.0	0.0	0.0	0.0	0.0	0.0	0.0	0.0	0.0	0.0
Obion	0.0	0.0	0.0	0.0	0.0	0.0	0.0	0.0	0.0	0.0	0.0	0.0
Smith	0.0	0.0	0.0	0.0	0.0	0.0	0.0	0.0	0.0	0.0	0.0	0.0
Hancock	0.0	0.0	0.0	0.0	0.0	0.0	0.0	0.0	0.0	0.0	0.0	0.0
Henry	0.0	0.0	0.0	0.0	0.0	0.0	0.0	0.0	0.0	0.0	0.0	0.0
Trousdale	0.0	0.0	0.0	0.0	0.0	0.0	0.0	0.0	0.0	0.0	0.0	0.0
Moore	0.0	0.0	0.0	0.0	0.0	0.0	0.0	0.0	0.0	0.0	0.0	0.0
Sullivan	2.0	0.0	0.0	0.0	1.268e-05	0.0	10.0	4.0	2.5	6.34e-05	2.536e-05	1.585e-05
Maury	6.0	0.0	0.0	0.0	6.36e-05	0.0	30.0	12.0	7.5	0.000318	0.0001272	7.95e-05
Washington	7.0	0.0	0.0	0.0	5.443e-05	0.0	35.0	14.0	8.75	0.00027215	0.00010886	6.80375e-05
Bradley	2.0	0.0	0.0	0.0	1.874e-05	0.0	10.0	4.0	2.5	9.37e-05	3.748e-05	2.3425e-05
Marion	1.0	0.0	0.0	0.0	3.5e-05	0.0	5.0	2.0	1.25	0.000175	7e-05	4.375e-05
Hickman	0.0	0.0	0.0	0.0	0.0	0.0	0.0	0.0	0.0	0.0	0.0	0.0
Polk	0.0	0.0	0.0	0.0	0.0	0.0	0.0	0.0	0.0	0.0	0.0	0.0
Warren	0.0	0.0	0.0	0.0	0.0	0.0	0.0	0.0	0.0	0.0	0.0	0.0
Perry	1.0	0.0	0.0	0.0	0.00012401	0.0	5.0	2.0	1.25	0.00062005	0.00024802	0.0001550125
Jackson	0.0	0.0	0.0	0.0	0.0	0.0	0.0	0.0	0.0	0.0	0.0	0.0
Anderson	1.0	0.0	0.0	0.0	1.307e-05	0.0	5.0	2.0	1.25	6.535e-05	2.614e-05	1.63375e-05
Jefferson	4.0	0.0	0.0	0.0	7.406e-05	0.0	20.0	8.0	5.0	0.0003703	0.00014812	9.2575e-05
Rhea	0.0	0.0	0.0	0.0	0.0	0.0	0.0	0.0	0.0	0.0	0.0	0.0
Hardin	1.0	0.0	0.0	0.0	3.88e-05	0.0	5.0	2.0	1.25	0.000194	7.76e-05	4.85e-05
Putnam	8.0	0.0	0.0	0.0	0.00010147	0.0	40.0	16.0	10.0	0.00050735	0.00020294	0.0001268375
Coffee	0.0	0.0	0.0	0.0	0.0	0.0	0.0	0.0	0.0	0.0	0.0	0.0
Sevier	2.0	0.0	0.0	0.0	2.043e-05	0.0	10.0	4.0	2.5	0.00010215	4.086e-05	2.55375e-05
Crockett	0.0	0.0	0.0	0.0	0.0	0.0	0.0	0.0	0.0	0.0	0.0	0.0
Hamilton	8.0	0.0	0.0	0.0	2.196e-05	0.0	40.0	16.0	10.0	0.0001098	4.392e-05	2.745e-05
Lauderdale	0.0	0.0	0.0	0.0	0.0	0.0	0.0	0.0	0.0	0.0	0.0	0.0
Johnson	0.0	0.0	0.0	0.0	0.0	0.0	0.0	0.0	0.0	0.0	0.0	0.0
Rutherford	13.0	0.0	0.0	0.0	4.001e-05	0.0	65.0	26.0	16.25	0.00020005	8.002e-05	5.00125e-05
Greene	5.0	0.0	0.0	0.0	7.237e-05	0.0	25.0	10.0	6.25	0.00036185	0.00014474	9.04625e-05
Chester	1.0	0.0	0.0	0.0	5.788e-05	0.0	5.0	2.0	1.25	0.0002894	0.00011576	7.235e-05
Overton	1.0	0.0	0.0	0.0	4.531e-05	0.0	5.0	2.0	1.25	0.00022655	9.062e-05	5.66375e-05
Clay	0.0	0.0	0.0	0.0	0.0	0.0	0.0	0.0	0.0	0.0	0.0	0.0
McMinn	2.0	0.0	0.0	0.0	3.753e-05	0.0	10.0	4.0	2.5	0.00018765	7.506e-05	4.69125e-05
Gibson	2.0	0.0	0.0	0.0	4.078e-05	0.0	10.0	4.0	2.5	0.0002039	8.156e-05	5.0975e-05
Macon	0.0	0.0	0.0	0.0	0.0	0.0	0.0	0.0	0.0	0.0	0.0	0.0
Madison	1.0	0.0	0.0	0.0	1.025e-05	0.0	5.0	2.0	1.25	5.125e-05	2.05e-05	1.28125e-05
Grainger	0.0	0.0	0.0	0.0	0.0	0.0	0.0	0.0	0.0	0.0	0.0	0.0
Hawkins	0.0	0.0	0.0	0.0	0.0	0.0	0.0	0.0	0.0	0.0	0.0	0.0
Meigs	0.0	0.0	0.0	0.0	0.0	0.0	0.0	0.0	0.0	0.0	0.0	0.0
Davidson	253.0	2.0	0.0	0.0	0.0003653	2.89e-06	666.666666667	307.692307692	200.0	0.000963333333333	0.000444615384615	0.000289
Cheatham	5.0	0.0	0.0	0.0	0.00012364	0.0	25.0	10.0	6.25	0.0006182	0.00024728	0.00015455
Bledsoe	0.0	0.0	0.0	0.0	0.0	0.0	0.0	0.0	0.0	0.0	0.0	0.0
Lawrence	0.0	0.0	0.0	0.0	0.0	0.0	0.0	0.0	0.0	0.0	0.0	0.0
Fayette	2.0	0.0	0.0	0.0	4.937e-05	0.0	10.0	4.0	2.5	0.00024685	9.874e-05	6.17125e-05
Claiborne	1.0	0.0	0.0	0.0	3.149e-05	0.0	5.0	2.0	1.25	0.00015745	6.298e-05	3.93625e-05
Lincoln	1.0	0.0	0.0	0.0	2.931e-05	0.0	5.0	2.0	1.25	0.00014655	5.862e-05	3.66375e-05
Franklin	1.0	0.0	0.0	0.0	2.387e-05	0.0	5.0	2.0	1.25	0.00011935	4.774e-05	2.98375e-05
Dyer	2.0	0.0	0.0	0.0	5.359e-05	0.0	10.0	4.0	2.5	0.00026795	0.00010718	6.69875e-05
Sumner	34.0	0.0	0.0	0.0	0.00018167	0.0	170.0	68.0	42.5	0.00090835	0.00036334	0.0002270875
Marshall	0.0	0.0	0.0	0.0	0.0	0.0	0.0	0.0	0.0	0.0	0.0	0.0
Carroll	3.0	0.0	0.0	0.0	0.00010707	0.0	15.0	6.0	3.75	0.00053535	0.00021414	0.0001338375
Unassigned	38.0	0.0	0.0	0.0	N/A	N/A	190.0	76.0	47.5	N/A	N/A	N/A
Grundy	1.0	0.0	0.0	0.0	7.493e-05	0.0	5.0	2.0	1.25	0.00037465	0.00014986	9.36625e-05
Campbell	2.0	0.0	0.0	0.0	5.053e-05	0.0	10.0	4.0	2.5	0.00025265	0.00010106	6.31625e-05
Hardeman	0.0	0.0	0.0	0.0	0.0	0.0	0.0	0.0	0.0	0.0	0.0	0.0
Sequatchie	0.0	0.0	0.0	0.0	0.0	0.0	0.0	0.0	0.0	0.0	0.0	0.0
Cumberland	3.0	0.0	0.0	0.0	5.027e-05	0.0	15.0	6.0	3.75	0.00025135	0.00010054	6.28375e-05
De Kalb	0.0	0.0	0.0	0.0	0.0	0.0	0.0	0.0	0.0	0.0	0.0	0.0
McNairy	0.0	0.0	0.0	0.0	0.0	0.0	0.0	0.0	0.0	0.0	0.0	0.0
Lake	0.0	0.0	0.0	0.0	0.0	0.0	0.0	0.0	0.0	0.0	0.0	0.0
Roane	1.0	0.0	0.0	0.0	1.882e-05	0.0	5.0	2.0	1.25	9.41e-05	3.764e-05	2.3525e-05
Loudon	2.0	0.0	0.0	0.0	3.77e-05	0.0	10.0	4.0	2.5	0.0001885	7.54e-05	4.7125e-05
Haywood	0.0	0.0	0.0	0.0	0.0	0.0	0.0	0.0	0.0	0.0	0.0	0.0
Williamson	64.0	0.0	0.0	0.0	0.00027618	0.0	320.0	128.0	80.0	0.0013809	0.00055236	0.000345225
Cannon	0.0	0.0	0.0	0.0	0.0	0.0	0.0	0.0	0.0	0.0	0.0	0.0
Van Buren	0.0	0.0	0.0	0.0	0.0	0.0	0.0	0.0	0.0	0.0	0.0	0.0
Giles	0.0	0.0	0.0	0.0	0.0	0.0	0.0	0.0	0.0	0.0	0.0	0.0
Knox	15.0	0.0	0.0	0.0	3.224e-05	0.0	75.0	30.0	18.75	0.0001612	6.448e-05	4.03e-05
Decatur	0.0	0.0	0.0	0.0	0.0	0.0	0.0	0.0	0.0	0.0	0.0	0.0
Tipton	6.0	0.0	0.0	0.0	9.743e-05	0.0	30.0	12.0	7.5	0.00048715	0.00019486	0.0001217875
Benton	0.0	0.0	0.0	0.0	0.0	0.0	0.0	0.0	0.0	0.0	0.0	0.0
Pickett	0.0	0.0	0.0	0.0	0.0	0.0	0.0	0.0	0.0	0.0	0.0	0.0
Morgan	0.0	0.0	0.0	0.0	0.0	0.0	0.0	0.0	0.0	0.0	0.0	0.0
Unicoi	0.0	0.0	0.0	0.0	0.0	0.0	0.0	0.0	0.0	0.0	0.0	0.0
Stewart	0.0	0.0	0.0	0.0	0.0	0.0	0.0	0.0	0.0	0.0	0.0	0.0
Houston	1.0	0.0	0.0	0.0	0.00012102	0.0	5.0	2.0	1.25	0.0006051	0.00024204	0.000151275
Fentress	0.0	0.0	0.0	0.0	0.0	0.0	0.0	0.0	0.0	0.0	0.0	0.0
Carter	0.0	0.0	0.0	0.0	0.0	0.0	0.0	0.0	0.0	0.0	0.0	0.0
Cocke	1.0	0.0	0.0	0.0	2.795e-05	0.0	5.0	2.0	1.25	0.00013975	5.59e-05	3.49375e-05
Lewis	0.0	0.0	0.0	0.0	0.0	0.0	0.0	0.0	0.0	0.0	0.0	0.0
Out of TN	95.0	0.0	0.0	0.0	N/A	N/A	475.0	190.0	118.75	N/A	N/A	N/A
Scott	1.0	0.0	0.0	0.0	4.537e-05	0.0	5.0	2.0	1.25	0.00022685	9.074e-05	5.67125e-05
Monroe	2.0	0.0	0.0	0.0	4.314e-05	0.0	10.0	4.0	2.5	0.0002157	8.628e-05	5.3925e-05
