Name	Predicted_New_Cases	Total_Predicted_New_Cases	Total_Predicted_Cases	Predicted_New_Deaths	Total_Predicted_New_Deaths	Total_Predicted_Deaths	Predicted_New_per_capita	Predicted_Total_New_per_capita	Predicted_Total_Cases_per_capita	Predicted_New_Deaths_per_capita	Total_Predicted_New_Deaths_per_capita	Total_Predicted_Deaths_per_capita
Cumberland	3.488	544.892	918.892	0.0	0.0	6.0	5.845e-05	0.0091313	0.01539879	0.0	0.0	0.00010055
Sevier	6.416	1337.283	3016.283	0.072	9.174	14.174	6.554e-05	0.0136608	0.03081235	7.4e-07	9.372e-05	0.00014479
Wayne	0.221	80.861	292.861	0.0	0.0	1.0	1.335e-05	0.0048835	0.01768698	0.0	0.0	6.039e-05
Williamson	4.315	1153.188	4346.188	0.049	9.546	31.546	1.862e-05	0.00497645	0.01875548	2.1e-07	4.119e-05	0.00013613
Lewis	0.305	65.874	116.874	0.0	0.0	1.0	2.524e-05	0.00545044	0.0096702	0.0	0.0	8.274e-05
Wilson	3.059	782.903	2823.903	0.018	3.248	23.248	2.175e-05	0.00556731	0.02008109	1.3e-07	2.31e-05	0.00016532
Montgomery	4.927	1102.919	2779.919	0.059	8.616	19.616	2.392e-05	0.00535528	0.01349803	2.9e-07	4.184e-05	9.525e-05
Overton	0.383	79.894	213.894	0.0	0.0	1.0	1.736e-05	0.00362036	0.0096925	0.0	0.0	4.531e-05
Out of TN	6.492	1565.84	4294.84	0.053	8.791	20.791	N/A	N/A	N/A	N/A	N/A	N/A
Van Buren	0.196	43.977	75.977	0.053	8.791	8.791	3.4e-05	0.00762827	0.01317901	9.19e-06	0.00152489	0.00152489
Lincoln	1.205	251.244	501.244	0.0	0.0	1.0	3.532e-05	0.00736419	0.01469191	0.0	0.0	2.931e-05
Maury	3.398	819.598	1869.598	0.024	3.954	8.954	3.602e-05	0.0086877	0.01981766	2.5e-07	4.191e-05	9.491e-05
Pickett	0.109	26.186	48.186	0.0	0.0	1.0	2.145e-05	0.0051527	0.0094817	0.0	0.0	0.00019677
Henderson	2.104	507.345	930.345	0.0	0.0	0.0	7.556e-05	0.01821902	0.03340916	0.0	0.0	0.0
Hamilton	11.862	2860.968	8409.968	0.194	32.083	79.083	3.256e-05	0.00785363	0.02308617	5.3e-07	8.807e-05	0.00021709
Loudon	1.729	416.886	1059.886	0.0	0.0	3.0	3.259e-05	0.00785777	0.01997749	0.0	0.0	5.655e-05
Washington	8.175	1596.069	2589.069	0.0	0.0	2.0	6.357e-05	0.01241044	0.02013163	0.0	0.0	1.555e-05
Bedford	1.828	394.268	1245.268	0.0	0.0	10.0	3.728e-05	0.00804005	0.02539394	0.0	0.0	0.00020392
Hardin	1.78	414.138	808.138	0.0	0.0	7.0	6.906e-05	0.01606681	0.03135234	0.0	0.0	0.00027157
Macon	0.843	203.193	1037.193	0.146	24.174	37.174	3.474e-05	0.00837391	0.04274441	6.02e-06	0.00099625	0.001532
Davidson	26.601	6415.596	25591.596	0.284	68.383	266.383	3.841e-05	0.00926323	0.03695073	4.1e-07	9.874e-05	0.00038462
Roane	2.286	493.141	840.141	0.0	0.0	1.0	4.302e-05	0.00928003	0.01580995	0.0	0.0	1.882e-05
Fayette	1.077	259.676	875.676	0.013	2.199	10.199	2.659e-05	0.00641065	0.02161789	3.2e-07	5.429e-05	0.00025178
Jefferson	3.057	616.434	1096.434	0.015	3.678	5.678	5.66e-05	0.01141291	0.02029982	2.8e-07	6.81e-05	0.00010512
Decatur	0.865	186.542	345.542	0.0	0.0	1.0	7.389e-05	0.01593559	0.02951837	0.0	0.0	8.543e-05
McMinn	0.847	204.17	676.17	0.024	3.954	23.954	1.59e-05	0.00383166	0.01268969	4.5e-07	7.42e-05	0.00044954
Smith	0.877	211.418	571.418	0.002	0.433	3.433	4.398e-05	0.01060164	0.028654	1e-07	2.171e-05	0.00017215
Monroe	1.369	306.48	658.48	0.099	14.537	23.537	2.953e-05	0.0066113	0.01420454	2.14e-06	0.00031359	0.00050773
Stewart	0.15	41.01	108.01	0.099	14.537	14.537	1.106e-05	0.00302411	0.00796475	7.3e-06	0.00107197	0.00107197
Lawrence	1.967	396.645	854.645	0.0	0.0	6.0	4.498e-05	0.00906949	0.01954189	0.0	0.0	0.00013719
Marion	0.899	193.85	392.85	0.0	0.0	4.0	3.146e-05	0.0067839	0.01374803	0.0	0.0	0.00013998
Benton	1.855	253.892	344.892	0.0	0.0	1.0	0.00011462	0.01568784	0.02131068	0.0	0.0	6.179e-05
Cocke	3.65	636.89	1021.89	0.0	0.0	1.0	0.00010203	0.01780315	0.02856516	0.0	0.0	2.795e-05
Houston	0.319	64.274	118.274	0.0	0.0	0.0	3.861e-05	0.00777853	0.01431369	0.0	0.0	0.0
Henry	5.59	716.777	921.777	0.0	0.0	1.0	0.00017275	0.02215146	0.02848683	0.0	0.0	3.09e-05
Grainger	1.147	223.938	387.938	0.0	0.0	0.0	4.956e-05	0.00967544	0.0167612	0.0	0.0	0.0
Carter	1.49	370.824	777.824	0.074	12.961	17.961	2.644e-05	0.00658061	0.0138032	1.31e-06	0.00023	0.00031873
Madison	4.033	787.443	1650.443	0.693	78.518	90.518	4.132e-05	0.00806765	0.01690941	7.1e-06	0.00080445	0.00092739
Unicoi	0.954	192.4	328.4	0.693	78.518	78.518	5.371e-05	0.01083272	0.01848995	3.902e-05	0.00442081	0.00442081
Sequatchie	0.471	94.966	188.966	0.693	78.518	78.518	3.166e-05	0.00638384	0.01270274	4.659e-05	0.00527817	0.00527817
McNairy	1.74	362.741	671.741	0.193	24.813	29.813	6.736e-05	0.01404231	0.02600422	7.47e-06	0.00096055	0.00115411
Scott	61.691	3342.081	3440.081	0.193	24.813	24.813	0.00279917	0.15164395	0.15609061	8.76e-06	0.00112587	0.00112587
Marshall	1.661	314.015	575.015	0.0	0.0	2.0	4.931e-05	0.00932266	0.01707137	0.0	0.0	5.938e-05
Dickson	1.899	442.026	1022.026	0.0	0.0	1.0	3.553e-05	0.00827052	0.01912259	0.0	0.0	1.871e-05
Sumner	1.071	831.455	3967.455	0.0	4.96	73.96	5.72e-06	0.00444274	0.02119945	0.0	2.65e-05	0.00039519
Lake	31.248	1805.314	2545.314	0.0	4.96	4.96	0.00421644	0.24359924	0.34345082	0.0	0.00066928	0.00066928
Crockett	1.401	282.408	502.408	0.0	0.0	3.0	9.778e-05	0.01971022	0.03506477	0.0	0.0	0.00020938
Claiborne	1.128	227.361	437.361	0.0	0.0	0.0	3.552e-05	0.00715962	0.01377255	0.0	0.0	0.0
Clay	0.23	49.558	110.558	0.0	0.0	0.0	2.98e-05	0.00642193	0.01432655	0.0	0.0	0.0
De Kalb	2.072	417.837	720.837	0.0	0.0	1.0	0.00010289	0.02074868	0.03579487	0.0	0.0	4.966e-05
Chester	2.483	363.467	553.467	0.0	0.0	1.0	0.00014373	0.02103884	0.03203676	0.0	0.0	5.788e-05
Shelby	92.403	16121.988	37142.988	0.0	15.986	299.986	9.875e-05	0.01722869	0.03969269	0.0	1.708e-05	0.00032058
Tipton	3.319	691.825	1785.825	0.048	6.121	15.121	5.39e-05	0.01123439	0.02899961	7.8e-07	9.94e-05	0.00024555
Putnam	3.458	745.92	2288.92	0.317	43.366	56.366	4.386e-05	0.00946083	0.02903137	4.02e-06	0.00055003	0.00071491
Hickman	0.876	176.715	394.715	0.317	43.366	43.366	3.495e-05	0.00705083	0.01574891	1.265e-05	0.00173028	0.00173028
Franklin	3.769	551.664	822.664	0.141	11.163	15.163	8.997e-05	0.01316935	0.01963867	3.37e-06	0.00026648	0.00036197
Coffee	2.865	559.325	954.325	0.0	0.0	2.0	5.144e-05	0.01004174	0.0171333	0.0	0.0	3.591e-05
Humphreys	16.924	1183.918	1283.918	0.0	0.62	3.62	0.0009155	0.06404403	0.06945353	0.0	3.354e-05	0.00019582
Rutherford	11.947	2881.313	8880.313	0.077	18.61	69.61	3.677e-05	0.00886858	0.02733329	2.4e-07	5.728e-05	0.00021426
Hardeman	2.067	498.58	1285.58	0.118	19.559	30.559	8.196e-05	0.01976923	0.05097462	4.68e-06	0.00077554	0.0012117
Blount	4.919	1101.175	2190.175	0.033	4.848	11.848	3.745e-05	0.00838358	0.01667447	2.5e-07	3.691e-05	9.02e-05
Greene	1.952	381.189	743.189	0.121	13.754	18.754	2.825e-05	0.00551752	0.01075729	1.75e-06	0.00019908	0.00027145
Anderson	3.984	803.332	1386.332	0.17	20.508	25.508	5.209e-05	0.01050354	0.01812625	2.22e-06	0.00026814	0.00033352
Giles	1.423	307.086	641.086	0.262	35.841	44.841	4.823e-05	0.01040864	0.02172952	8.88e-06	0.00121483	0.00151988
Lauderdale	1.989	414.508	834.508	0.048	6.121	12.121	7.702e-05	0.01605065	0.03231396	1.86e-06	0.00023702	0.00046935
Campbell	0.974	210.045	413.045	0.0	0.0	1.0	2.461e-05	0.00530644	0.01043491	0.0	0.0	2.526e-05
Hancock	0.437	105.386	177.386	0.0	0.0	1.0	6.673e-05	0.01609192	0.02708597	0.0	0.0	0.0001527
Union	0.77	160.56	274.56	0.0	0.0	0.0	3.911e-05	0.00815522	0.01394555	0.0	0.0	0.0
Hawkins	4.971	776.579	1080.579	0.248	20.933	24.933	8.794e-05	0.01373747	0.01911514	4.39e-06	0.0003703	0.00044106
Weakley	5.305	726.139	977.139	2.197	119.025	122.025	0.00015876	0.02173093	0.02924253	6.575e-05	0.00356202	0.0036518
Perry	0.151	36.352	109.352	2.197	119.025	119.025	1.873e-05	0.00450794	0.01356052	0.00027245	0.01476004	0.01476004
Haywood	7.017	1027.136	1393.136	0.253	20.09	25.09	0.00040479	0.05925215	0.0803655	1.459e-05	0.00115893	0.00144736
Dyer	1.582	329.73	863.73	0.024	3.056	10.056	4.239e-05	0.00883521	0.02314389	6.4e-07	8.189e-05	0.00026945
Obion	2.546	530.622	949.622	0.048	6.121	10.121	8.412e-05	0.01753137	0.03137483	1.59e-06	0.00020223	0.00033439
Robertson	3.282	684.116	2101.116	0.058	7.476	23.476	4.622e-05	0.00963381	0.02958818	8.2e-07	0.00010528	0.00033059
Cannon	0.385	89.702	204.702	0.058	7.476	7.476	2.662e-05	0.0062026	0.01415447	4.01e-06	0.00051694	0.00051694
Bledsoe	0.198	41.356	702.356	0.0	0.0	1.0	1.342e-05	0.00280285	0.04760122	0.0	0.0	6.777e-05
Carroll	1.652	322.556	538.556	0.004	1.081	4.081	5.896e-05	0.01151163	0.01922041	1.4e-07	3.858e-05	0.00014565
Morgan	0.428	83.55	159.55	0.0	0.0	1.0	1.983e-05	0.00387182	0.00739376	0.0	0.0	4.634e-05
Knox	14.192	3176.933	7024.933	0.451	65.964	96.964	3.05e-05	0.00682787	0.015098	9.7e-07	0.00014177	0.0002084
Moore	0.067	16.228	59.228	0.451	65.964	65.964	1.045e-05	0.00253127	0.0092385	7.035e-05	0.01028919	0.01028919
Meigs	0.584	117.808	213.808	0.451	65.964	65.964	4.746e-05	0.00957322	0.01737429	3.665e-05	0.00536031	0.00536031
Warren	2.024	408.2	801.2	0.096	11.608	15.608	4.951e-05	0.00998581	0.01959978	2.35e-06	0.00028397	0.00038182
Johnson	57.412	3110.298	3251.298	0.096	11.608	11.608	0.00322938	0.17495208	0.18288323	5.4e-06	0.00065294	0.00065294
White	0.549	132.328	320.328	0.0	0.0	3.0	2.025e-05	0.00488169	0.01181717	0.0	0.0	0.00011067
Hamblen	8.453	1650.376	2858.376	0.661	74.975	87.975	0.00013091	0.02555988	0.04426855	1.024e-05	0.00116116	0.0013625
Rhea	0.863	193.265	684.265	0.0	0.0	1.0	2.612e-05	0.00584872	0.02070769	0.0	0.0	3.026e-05
Sullivan	3.193	714.762	1472.762	0.057	8.348	16.348	2.025e-05	0.00453334	0.00934091	3.6e-07	5.295e-05	0.00010369
Gibson	7.459	1165.237	1715.237	0.002	0.433	2.433	0.00015208	0.02375853	0.03497272	4e-08	8.83e-06	4.961e-05
Grundy	0.831	129.795	227.795	0.0	0.0	2.0	6.227e-05	0.00972539	0.01706841	0.0	0.0	0.00014986
Fentress	0.868	135.611	208.611	0.0	0.0	0.0	4.765e-05	0.0074442	0.01145145	0.0	0.0	0.0
Cheatham	1.789	372.759	905.759	0.011	1.361	6.361	4.424e-05	0.00921781	0.02239816	2.7e-07	3.366e-05	0.0001573
Polk	1.109	216.482	373.482	0.0	0.0	1.0	6.563e-05	0.0128111	0.02210214	0.0	0.0	5.918e-05
Bradley	5.328	1110.441	2791.441	0.148	19.03	29.03	4.992e-05	0.0104045	0.02615497	1.39e-06	0.00017831	0.000272
