Name	Predicted_New_Cases	Total_Predicted_New_Cases	Total_Predicted_Cases	Predicted_New_Deaths	Total_Predicted_New_Deaths	Total_Predicted_Deaths	Predicted_New_per_capita	Predicted_Total_New_per_capita	Predicted_Total_Cases_per_capita	Predicted_New_Deaths_per_capita	Total_Predicted_New_Deaths_per_capita	Total_Predicted_Deaths_per_capita
Cumberland	0.014	415.218	982.218	0.005	6.707	13.707	2.3e-07	0.00695822	0.01646001	8e-08	0.0001124	0.0002297
Williamson	0.012	1042.954	4903.954	0.002	7.254	33.254	5e-08	0.00450075	0.02116245	1e-08	3.13e-05	0.0001435
Wilson	0.0	675.229	3159.229	0.0	0.727	24.727	0.0	0.00480163	0.02246563	0.0	5.17e-06	0.00017584
Montgomery	0.0	715.323	2865.323	0.001	10.598	26.598	0.0	0.00347328	0.01391271	0.0	5.146e-05	0.00012915
Overton	0.008	312.785	584.785	0.0	0.0	1.0	3.6e-07	0.01417369	0.02649923	0.0	0.0	4.531e-05
Out of TN	0.008	560.319	3648.319	0.009	27.39	49.39	N/A	N/A	N/A	N/A	N/A	N/A
Van Buren	0.0	17.341	62.341	0.009	27.39	27.39	0.0	0.00300798	0.0108137	1.56e-06	0.00475108	0.00475108
Lincoln	0.003	214.774	558.774	0.0	0.0	1.0	9e-08	0.00629522	0.01637817	0.0	0.0	2.931e-05
Maury	0.009	636.003	2069.003	0.004	11.098	21.098	1e-07	0.0067416	0.02193134	4e-08	0.00011764	0.00022364
Pickett	0.001	40.772	78.772	0.0	0.0	1.0	2e-07	0.00802283	0.0155002	0.0	0.0	0.00019677
Henderson	0.0	289.543	973.543	0.0	0.0	3.0	0.0	0.01039764	0.03496043	0.0	0.0	0.00010773
Hamilton	0.068	2534.985	9335.985	0.0	23.314	82.314	1.9e-07	0.00695878	0.02562817	0.0	6.4e-05	0.00022596
Loudon	0.0	176.355	985.355	0.0	0.0	3.0	0.0	0.00332407	0.01857268	0.0	0.0	5.655e-05
Washington	0.011	772.842	2227.842	0.0	0.0	2.0	9e-08	0.00600933	0.01732287	0.0	0.0	1.555e-05
Davidson	0.068	4567.909	26460.909	0.0	16.361	243.361	1e-07	0.00659543	0.0382059	0.0	2.362e-05	0.00035138
Fayette	0.0	226.294	981.294	0.0	0.0	8.0	0.0	0.00558654	0.02422529	0.0	0.0	0.0001975
Jefferson	0.005	303.188	953.188	0.003	8.267	12.267	9e-08	0.00561335	0.01764771	6e-08	0.00015306	0.00022712
Decatur	0.0	86.952	325.952	0.0	0.0	3.0	0.0	0.00742799	0.02784487	0.0	0.0	0.00025628
McMinn	0.004	244.063	853.063	0.0	0.0	20.0	8e-08	0.00458033	0.01600944	0.0	0.0	0.00037534
Monroe	0.004	267.935	778.935	0.001	4.249	14.249	9e-08	0.00577982	0.01680296	2e-08	9.166e-05	0.00030738
Stewart	0.001	30.905	112.905	0.001	4.249	4.249	7e-08	0.00227896	0.00832571	7e-08	0.00031332	0.00031332
Lawrence	0.003	293.856	932.856	0.001	6.537	13.537	7e-08	0.00671917	0.02133022	2e-08	0.00014947	0.00030953
Marion	0.002	85.689	341.689	0.005	9.929	14.929	7e-08	0.00299874	0.01195762	1.7e-07	0.00034747	0.00052245
Benton	0.0	49.569	232.569	0.0	0.449	2.449	0.0	0.00306284	0.0143703	0.0	2.774e-05	0.00015132
Cocke	0.0	219.619	766.619	0.001	14.807	19.807	0.0	0.00613907	0.0214295	3e-08	0.0004139	0.00055367
Houston	0.001	30.541	96.541	0.001	14.807	14.807	1.2e-07	0.00369612	0.01168353	1.2e-07	0.00179196	0.00179196
Carter	0.006	373.355	1007.355	0.001	4.249	10.249	1.1e-07	0.00662553	0.01787644	2e-08	7.54e-05	0.00018188
Madison	0.014	942.685	2272.685	0.018	53.364	79.364	1.4e-07	0.00965816	0.02328451	1.8e-07	0.00054673	0.00081311
Unicoi	0.001	99.899	283.899	0.018	53.364	53.364	6e-08	0.00562463	0.0159844	1.01e-06	0.00300456	0.00300456
Sequatchie	0.001	60.133	182.133	0.0	0.0	1.0	7e-08	0.00404228	0.01224341	0.0	0.0	6.722e-05
Scott	0.0	47.796	189.796	0.0	0.0	2.0	0.0	0.0021687	0.00861182	0.0	0.0	9.075e-05
Marshall	0.005	184.425	553.425	0.008	13.456	17.456	1.5e-07	0.00547531	0.0164304	2.4e-07	0.00039949	0.00051824
Chester	0.003	133.402	407.402	0.0	0.0	2.0	1.7e-07	0.00772181	0.02358196	0.0	0.0	0.00011577
Shelby	0.0	5535.05	30227.05	0.001	71.745	398.745	0.0	0.00591501	0.032302	0.0	7.667e-05	0.00042612
Putnam	0.0	619.514	2550.514	0.001	16.119	36.119	0.0	0.00785757	0.03234928	1e-08	0.00020444	0.00045811
Franklin	0.003	174.006	554.006	0.0	0.0	4.0	7e-08	0.00415388	0.01322526	0.0	0.0	9.549e-05
Humphreys	0.0	24.331	164.331	0.0	0.0	3.0	0.0	0.00131619	0.00888948	0.0	0.0	0.00016228
Rutherford	0.027	1797.067	8877.067	0.001	14.521	73.521	8e-08	0.00553131	0.0273233	0.0	4.47e-05	0.0002263
Hardeman	0.011	494.785	1550.785	0.016	30.362	48.362	4.4e-07	0.01961875	0.06149029	6.3e-07	0.00120389	0.00191761
Blount	0.0	437.471	1914.471	0.0	19.597	34.597	0.0	0.0033306	0.01457545	0.0	0.0001492	0.0002634
Greene	0.006	426.968	1031.968	0.006	17.704	26.704	9e-08	0.00618015	0.01493722	9e-08	0.00025626	0.00038653
Anderson	0.0	236.515	995.515	0.0	2.609	8.609	0.0	0.00309243	0.01301633	0.0	3.411e-05	0.00011256
Lauderdale	0.0	239.138	804.138	0.001	7.584	16.584	0.0	0.00925994	0.03113797	4e-08	0.00029367	0.00064217
Hancock	0.0	21.966	105.966	0.0	0.0	2.0	0.0	0.0033541	0.01618049	0.0	0.0	0.00030539
Union	0.0	24.432	201.432	0.0	0.0	0.0	0.0	0.00124096	0.01023121	0.0	0.0	0.0
Weakley	0.0	507.349	1110.349	0.0	4.863	9.863	0.0	0.01518327	0.03322906	0.0	0.00014553	0.00029517
Perry	0.001	27.992	117.992	0.0	4.863	4.863	1.2e-07	0.00347123	0.01463194	0.0	0.00060305	0.00060305
Haywood	0.005	397.221	1005.221	0.002	9.387	16.387	2.9e-07	0.02291439	0.05798794	1.2e-07	0.00054151	0.00094531
Dyer	0.004	344.159	1081.159	0.003	11.093	20.093	1.1e-07	0.00922184	0.02896996	8e-08	0.00029724	0.0005384
Obion	0.0	407.471	1072.471	0.0	0.0	4.0	0.0	0.01346255	0.03543367	0.0	0.0	0.00013216
Bledsoe	0.005	175.875	924.875	0.315	134.183	136.183	3.4e-07	0.01191969	0.06268214	2.135e-05	0.00909407	0.00922962
Carroll	0.0	280.187	674.187	0.001	12.509	18.509	0.0	0.00999954	0.02406092	4e-08	0.00044643	0.00066056
Knox	0.026	2230.586	7461.586	0.006	25.811	67.811	6e-08	0.00479398	0.01603645	1e-08	5.547e-05	0.00014574
Moore	0.0	12.114	87.114	0.006	25.811	25.811	0.0	0.00188956	0.01358821	9.4e-07	0.00402605	0.00402605
Meigs	0.002	50.399	171.399	0.006	25.811	25.811	1.6e-07	0.00409548	0.01392808	4.9e-07	0.00209743	0.00209743
Rhea	0.005	174.213	755.213	0.0	3.041	5.041	1.5e-07	0.00527215	0.02285477	0.0	9.203e-05	0.00015255
Sullivan	0.011	758.876	1955.876	0.009	27.39	43.39	7e-08	0.00481313	0.01240503	6e-08	0.00017372	0.0002752
Grundy	0.001	58.309	188.309	0.0	0.0	2.0	7e-08	0.00436902	0.01410977	0.0	0.0	0.00014986
Fentress	0.001	76.7	198.7	0.0	0.0	0.0	5e-08	0.00421035	0.01090739	0.0	0.0	0.0
Cheatham	0.003	186.395	823.395	0.006	17.001	26.001	7e-08	0.00460929	0.02036141	1.5e-07	0.00042041	0.00064297
Polk	0.001	125.459	393.459	0.01	38.399	46.399	6e-08	0.00742449	0.02328435	5.9e-07	0.0022724	0.00274583
Bradley	0.01	814.323	2980.323	0.006	24.957	40.957	9e-08	0.00762996	0.02792473	6e-08	0.00023384	0.00038375
Jackson	0.001	81.427	230.427	0.0	0.0	1.0	9e-08	0.00692524	0.01959747	0.0	0.0	8.505e-05
