Name	Predicted_New_Cases	Total_Predicted_New_Cases	Total_Predicted_Cases	Predicted_New_Deaths	Total_Predicted_New_Deaths	Total_Predicted_Deaths	Predicted_New_per_capita	Predicted_Total_New_per_capita	Predicted_Total_Cases_per_capita	Predicted_New_Deaths_per_capita	Total_Predicted_New_Deaths_per_capita	Total_Predicted_Deaths_per_capita
Cumberland	0.064	0.262	3.262	6.952	28.379	28.379	9.61e-06	3.935e-05	0.00048986	0.001044	0.00426175	0.00426175
Floyd	0.0	0.0	4.0	6.952	28.379	28.379	0.0	0.0	0.00011159	0.00019395	0.00079171	0.00079171
Logan	0.742	2.567	10.567	6.952	28.379	28.379	2.749e-05	9.511e-05	0.00039153	0.00025759	0.0010515	0.0010515
Oldham	1.498	6.116	28.116	6.952	28.379	28.379	2.254e-05	9.201e-05	0.00042299	0.00010459	0.00042694	0.00042694
Pike	0.095	0.718	6.718	0.963	3.932	5.932	1.63e-06	1.229e-05	0.00011503	1.649e-05	6.733e-05	0.00010157
Wayne	0.497	1.515	7.515	0.963	3.932	3.932	2.428e-05	7.402e-05	0.00036716	4.705e-05	0.0001921	0.0001921
Fulton	0.0	0.0	1.0	0.963	3.932	3.932	0.0	0.0	0.0001634	0.00015735	0.00064248	0.00064248
Green	0.0	0.0	1.0	0.963	3.932	3.932	0.0	0.0	9.051e-05	8.716e-05	0.00035587	0.00035587
Powell	0.064	0.262	1.262	0.963	3.932	3.932	5.14e-06	2.106e-05	0.00010143	7.74e-05	0.00031603	0.00031603
Pendleton	0.385	1.572	6.572	0.963	3.932	3.932	2.65e-05	0.0001082	0.00045234	6.628e-05	0.00027063	0.00027063
Lewis	0.0	0.0	3.0	0.963	3.932	3.932	0.0	0.0	0.0002263	7.264e-05	0.0002966	0.0002966
Montgomery	0.193	0.901	9.901	0.963	3.932	3.932	6.84e-06	3.195e-05	0.00035106	3.415e-05	0.00013942	0.00013942
McCreary	0.775	3.163	13.163	0.963	3.932	3.932	4.452e-05	0.0001817	0.00075615	5.532e-05	0.00022587	0.00022587
Webster	0.783	3.197	16.197	0.963	3.932	3.932	5.972e-05	0.00024384	0.00123537	7.345e-05	0.0002999	0.0002999
Todd	0.0	0.0	9.0	0.963	3.932	3.932	0.0	0.0	0.00073105	7.822e-05	0.00031939	0.00031939
Bath	0.031	0.192	3.192	0.963	3.932	3.932	2.5e-06	1.551e-05	0.00025777	7.777e-05	0.00031753	0.00031753
Larue	0.424	1.291	6.291	0.963	3.932	3.932	2.964e-05	9.024e-05	0.00043971	6.731e-05	0.00027483	0.00027483
Russell	1.156	4.719	19.719	0.0	0.0	2.0	6.487e-05	0.0002648	0.0011065	0.0	0.0	0.00011223
Lincoln	0.0	0.0	4.0	0.0	0.0	1.0	0.0	0.0	0.00016231	0.0	0.0	4.058e-05
Woodford	1.049	4.282	22.282	0.0	0.0	1.0	3.954e-05	0.00016138	0.00083978	0.0	0.0	3.769e-05
Henderson	0.23	2.003	35.003	0.0	0.0	0.0	5.04e-06	4.393e-05	0.00076776	0.0	0.0	0.0
Lee	0.0	0.0	0.0	0.0	0.0	0.0	0.0	0.0	0.0	0.0	0.0	0.0
Caldwell	0.193	0.787	11.787	0.0	0.0	0.0	1.518e-05	6.19e-05	0.00092702	0.0	0.0	0.0
Washington	0.008	0.049	3.049	0.0	0.0	0.0	6.6e-07	4.05e-06	0.00025232	0.0	0.0	0.0
Graves	11.516	36.563	99.563	0.0	0.0	3.0	0.0003086	0.00097979	0.00266803	0.0	0.0	8.039e-05
Breckinridge	0.266	1.061	7.061	0.0	0.0	0.0	1.305e-05	5.204e-05	0.00034633	0.0	0.0	0.0
Trimble	0.0	0.0	2.0	0.0	0.0	0.0	0.0	0.0	0.00023488	0.0	0.0	0.0
Metcalfe	0.0	0.0	0.0	0.0	0.0	0.0	0.0	0.0	0.0	0.0	0.0	0.0
Hardin	2.393	9.769	38.769	0.0	0.0	0.0	2.168e-05	8.852e-05	0.00035131	0.0	0.0	0.0
Ballard	0.0	0.0	4.0	0.0	0.0	0.0	0.0	0.0	0.00050132	0.0	0.0	0.0
Martin	0.007	0.039	2.039	0.0	0.0	0.0	6.2e-07	3.44e-06	0.00018008	0.0	0.0	0.0
Fayette	8.955	36.558	255.558	0.21	0.747	7.747	2.766e-05	0.00011291	0.0007893	6.5e-07	2.31e-06	2.393e-05
Magoffin	0.0	0.0	0.0	0.0	0.0	0.0	0.0	0.0	0.0	0.0	0.0	0.0
Trigg	0.0	0.0	4.0	0.21	0.747	0.747	0.0	0.0	0.00027317	1.434e-05	5.101e-05	5.101e-05
Jefferson	36.03	145.128	1012.128	5.038	19.542	86.542	4.676e-05	0.00018835	0.00131357	6.54e-06	2.536e-05	0.00011232
Pulaski	0.395	2.981	37.981	0.064	0.262	2.262	6.11e-06	4.613e-05	0.00058773	9.9e-07	4.05e-06	3.5e-05
Hopkins	5.83	23.927	135.927	1.002	3.598	14.598	0.00012936	0.00053091	0.00301604	2.223e-05	7.983e-05	0.00032391
Ohio	2.81	8.562	25.562	1.002	3.598	3.598	0.00011666	0.00035546	0.00106124	4.16e-05	0.00014938	0.00014938
Lyon	0.873	3.565	16.565	0.0	0.0	2.0	0.000109	0.00044512	0.0020683	0.0	0.0	0.00024972
Monroe	0.0	0.0	3.0	0.0	0.0	0.0	0.0	0.0	0.0002799	0.0	0.0	0.0
Lawrence	0.0	0.0	1.0	0.0	0.0	0.0	0.0	0.0	6.422e-05	0.0	0.0	0.0
Marion	0.385	1.572	14.572	0.0	0.0	0.0	1.984e-05	8.101e-05	0.00075098	0.0	0.0	0.0
Garrard	0.0	0.0	1.0	0.0	0.0	0.0	0.0	0.0	5.695e-05	0.0	0.0	0.0
Grayson	1.489	4.463	20.463	0.0	0.0	0.0	5.657e-05	0.00016956	0.00077744	0.0	0.0	0.0
Harlan	0.0	0.0	0.0	0.0	0.0	0.0	0.0	0.0	0.0	0.0	0.0	0.0
Elliott	0.0	0.0	0.0	0.0	0.0	0.0	0.0	0.0	0.0	0.0	0.0	0.0
Mercer	0.578	2.359	11.359	0.0	0.0	0.0	2.655e-05	0.00010834	0.00052168	0.0	0.0	0.0
McLean	0.166	1.064	9.064	0.0	0.0	1.0	1.794e-05	0.000115	0.00097968	0.0	0.0	0.00010808
Rowan	0.0	0.0	1.0	0.0	0.0	0.0	0.0	0.0	4.068e-05	0.0	0.0	0.0
Laurel	0.997	4.072	17.072	0.0	0.0	2.0	1.643e-05	6.712e-05	0.0002814	0.0	0.0	3.297e-05
Livingston	0.0	0.0	1.0	0.0	0.0	0.0	0.0	0.0	0.0001082	0.0	0.0	0.0
McCracken	1.579	6.412	35.412	0.0	0.0	2.0	2.416e-05	9.812e-05	0.00054192	0.0	0.0	3.061e-05
Simpson	0.753	3.001	24.001	0.193	0.787	2.787	4.064e-05	0.00016196	0.00129532	1.042e-05	4.247e-05	0.00015041
Henry	0.0	0.0	4.0	0.193	0.787	0.787	0.0	0.0	0.00024835	1.198e-05	4.886e-05	4.886e-05
Carlisle	0.0	0.0	0.0	0.0	0.0	0.0	0.0	0.0	0.0	0.0	0.0	0.0
Carter	0.321	1.31	5.31	0.193	0.787	0.787	1.189e-05	4.851e-05	0.00019664	7.15e-06	2.914e-05	2.914e-05
Madison	0.959	3.915	24.915	0.0	0.0	1.0	1.038e-05	4.238e-05	0.00026974	0.0	0.0	1.083e-05
Boone	6.147	25.094	106.094	0.064	0.262	2.262	4.673e-05	0.00019078	0.0008066	4.9e-07	1.99e-06	1.72e-05
Edmonson	0.128	0.523	7.523	0.064	0.262	0.262	1.043e-05	4.261e-05	0.00061292	5.21e-06	2.135e-05	2.135e-05
Scott	0.796	3.25	25.25	0.064	0.262	0.262	1.421e-05	5.8e-05	0.00045064	1.14e-06	4.68e-06	4.68e-06
Bullitt	2.209	9.017	42.017	0.0	0.0	2.0	2.725e-05	0.00011123	0.00051829	0.0	0.0	2.467e-05
Breathitt	0.014	0.087	1.087	0.0	0.0	0.0	1.1e-06	6.84e-06	8.542e-05	0.0	0.0	0.0
Christian	4.208	17.178	96.178	0.0	0.0	3.0	5.871e-05	0.00023968	0.00134194	0.0	0.0	4.186e-05
Marshall	0.059	0.361	14.361	0.0	0.0	0.0	1.89e-06	1.157e-05	0.00046042	0.0	0.0	0.0
Muhlenberg	7.723	24.48	100.48	0.0	0.0	2.0	0.00025096	0.00079548	0.00326509	0.0	0.0	6.499e-05
Unassigned	28.533	113.729	186.729	4.608	16.148	22.148	N/A	N/A	N/A	N/A	N/A	N/A
Mason	0.394	1.608	7.608	4.608	16.148	16.148	2.297e-05	9.376e-05	0.00044362	0.00026869	0.00094157	0.00094157
Fleming	0.0	0.0	2.0	4.608	16.148	16.148	0.0	0.0	0.00013858	0.00031929	0.0011189	0.0011189
Clay	0.0	0.0	1.0	4.608	16.148	16.148	0.0	0.0	4.974e-05	0.0002292	0.00080318	0.00080318
Jessamine	1.657	6.763	38.763	4.608	16.148	16.148	3.073e-05	0.00012543	0.0007189	8.546e-05	0.00029948	0.00029948
Boyle	0.359	1.606	14.606	4.608	16.148	16.148	1.193e-05	5.336e-05	0.00048525	0.00015309	0.00053648	0.00053648
Calloway	1.699	6.936	27.936	0.0	0.0	1.0	4.341e-05	0.00017723	0.00071384	0.0	0.0	2.555e-05
Whitley	0.0	0.0	8.0	0.0	0.0	0.0	0.0	0.0	0.00022074	0.0	0.0	0.0
Shelby	1.353	5.522	27.522	0.0	0.0	2.0	2.789e-05	0.00011381	0.00056725	0.0	0.0	4.122e-05
Owen	0.0	0.0	0.0	0.0	0.0	0.0	0.0	0.0	0.0	0.0	0.0	0.0
Allen	0.003	0.022	4.022	0.0	0.0	0.0	1.4e-07	1.04e-06	0.00019042	0.0	0.0	0.0
Hickman	0.0	0.0	0.0	0.0	0.0	0.0	0.0	0.0	0.0	0.0	0.0	0.0
Franklin	0.323	1.333	14.333	0.0	0.0	0.0	6.36e-06	2.623e-05	0.00028206	0.0	0.0	0.0
Gallatin	0.0	0.0	1.0	0.0	0.0	0.0	0.0	0.0	0.00011322	0.0	0.0	0.0
Estill	0.0	0.0	0.0	0.0	0.0	0.0	0.0	0.0	0.0	0.0	0.0	0.0
Butler	11.28	34.376	106.376	0.0	0.0	2.0	0.00088318	0.00269151	0.00832884	0.0	0.0	0.00015659
Crittenden	0.0	0.0	3.0	0.0	0.0	0.0	0.0	0.0	0.00033651	0.0	0.0	0.0
Letcher	0.0	0.0	1.0	0.0	0.0	0.0	0.0	0.0	4.566e-05	0.0	0.0	0.0
Bourbon	0.513	1.564	8.564	0.0	0.0	1.0	2.542e-05	7.749e-05	0.0004243	0.0	0.0	4.954e-05
Anderson	0.578	1.762	7.762	0.0	0.0	1.0	2.55e-05	7.775e-05	0.0003425	0.0	0.0	4.412e-05
Leslie	0.0	0.0	2.0	0.0	0.0	0.0	0.0	0.0	0.00019718	0.0	0.0	0.0
Bell	0.0	0.0	0.0	0.0	0.0	0.0	0.0	0.0	0.0	0.0	0.0	0.0
Campbell	2.852	12.373	70.373	0.53	2.26	8.26	3.062e-05	0.00013283	0.00075546	5.69e-06	2.426e-05	8.867e-05
Daviess	4.685	19.023	149.023	0.0	0.116	3.116	4.634e-05	0.00018815	0.00147396	0.0	1.15e-06	3.082e-05
Hancock	0.839	2.557	8.557	0.0	0.116	0.116	9.58e-05	0.00029196	0.00097705	0.0	1.325e-05	1.325e-05
Union	0.449	1.834	9.834	0.0	0.116	0.116	3.095e-05	0.00012644	0.00067797	0.0	8e-06	8e-06
Perry	0.064	0.262	4.262	0.0	0.116	0.116	2.45e-06	1.004e-05	0.00016335	0.0	4.45e-06	4.45e-06
Hart	0.963	3.932	5.932	0.0	0.116	0.116	5.094e-05	0.00020798	0.00031376	0.0	6.14e-06	6.14e-06
Clark	0.852	3.477	21.477	0.0	0.116	0.116	2.35e-05	9.592e-05	0.00059249	0.0	3.2e-06	3.2e-06
Meade	0.128	0.523	3.523	0.0	0.0	1.0	4.46e-06	1.821e-05	0.00012269	0.0	0.0	3.483e-05
Greenup	0.835	3.409	13.409	0.0	0.0	0.0	2.368e-05	9.666e-05	0.0003802	0.0	0.0	0.0
Robertson	0.0	0.0	0.0	0.0	0.0	0.0	0.0	0.0	0.0	0.0	0.0	0.0
Bracken	0.651	2.657	9.657	0.0	0.0	0.0	7.901e-05	0.00032249	0.00117211	0.0	0.0	0.0
Carroll	0.0	0.0	2.0	0.0	0.0	0.0	0.0	0.0	0.00018627	0.0	0.0	0.0
Nicholas	0.0	0.0	1.0	0.0	0.0	0.0	0.0	0.0	0.00013955	0.0	0.0	0.0
Wolfe	0.0	0.0	0.0	0.0	0.0	0.0	0.0	0.0	0.0	0.0	0.0	0.0
Morgan	0.0	0.0	1.0	0.0	0.0	0.0	0.0	0.0	7.493e-05	0.0	0.0	0.0
Spencer	0.672	2.743	11.743	0.0	0.0	0.0	3.576e-05	0.00014595	0.00062483	0.0	0.0	0.0
Knox	0.0	0.0	5.0	0.0	0.0	0.0	0.0	0.0	0.00015972	0.0	0.0	0.0
Knott	0.0	0.0	3.0	0.0	0.0	0.0	0.0	0.0	0.00019833	0.0	0.0	0.0
Barren	0.193	0.787	6.787	0.0	0.0	0.0	4.37e-06	1.782e-05	0.00015364	0.0	0.0	0.0
Menifee	0.0	0.0	3.0	0.0	0.0	0.0	0.0	0.0	0.00046504	0.0	0.0	0.0
Kenton	8.917	36.401	192.401	0.306	1.091	12.091	5.37e-05	0.00021922	0.00115869	1.84e-06	6.57e-06	7.281e-05
Warren	8.362	30.024	131.024	0.306	1.091	1.091	6.37e-05	0.00022873	0.00099817	2.33e-06	8.31e-06	8.31e-06
Johnson	0.0	0.0	1.0	0.306	1.091	1.091	0.0	0.0	4.467e-05	1.367e-05	4.874e-05	4.874e-05
Harrison	0.188	0.769	16.769	0.306	1.091	1.091	1.001e-05	4.095e-05	0.00089301	1.63e-05	5.81e-05	5.81e-05
Taylor	0.193	0.787	4.787	0.306	1.091	1.091	7.55e-06	3.08e-05	0.00018737	1.198e-05	4.27e-05	4.27e-05
Clinton	0.064	0.262	2.262	0.306	1.091	1.091	6.27e-06	2.567e-05	0.00022163	2.998e-05	0.0001069	0.0001069
Owsley	0.0	0.0	2.0	0.306	1.091	1.091	0.0	0.0	0.00044723	6.843e-05	0.00024396	0.00024396
Casey	0.0	0.0	1.0	0.306	1.091	1.091	0.0	0.0	6.294e-05	1.926e-05	6.867e-05	6.867e-05
Boyd	0.335	2.144	31.144	0.0	0.0	2.0	7.09e-06	4.539e-05	0.00065927	0.0	0.0	4.234e-05
Grant	1.562	6.377	22.377	0.0	0.0	1.0	6.218e-05	0.00025385	0.00089077	0.0	0.0	3.981e-05
Rockcastle	0.449	1.834	12.834	0.0	0.0	0.0	2.681e-05	0.00010949	0.00076621	0.0	0.0	0.0
Adair	3.452	14.355	68.355	0.0	0.0	4.0	0.00017965	0.00074707	0.00355738	0.0	0.0	0.00020817
Nelson	0.873	3.565	16.565	0.0	0.0	0.0	1.904e-05	7.775e-05	0.00036128	0.0	0.0	0.0
Jackson	0.0	0.0	57.0	0.0	0.0	3.0	0.0	0.0	0.00424044	0.0	0.0	0.00022318
