Name	Predicted_New_Cases	Total_Predicted_New_Cases	Total_Predicted_Cases	Predicted_New_Deaths	Total_Predicted_New_Deaths	Total_Predicted_Deaths	Predicted_New_per_capita	Predicted_Total_New_per_capita	Predicted_Total_Cases_per_capita	Predicted_New_Deaths_per_capita	Total_Predicted_New_Deaths_per_capita	Total_Predicted_Deaths_per_capita
Turner	0.002	51.689	120.892	0.0	0.0	6.0	2.5e-07	0.00653299	0.01527958	0.0	0.0	0.00075834
Floyd	0.0	1.671	133.378	0.0	1.907	11.021	0.0	1.706e-05	0.00136201	0.0	1.947e-05	0.00011254
Gilmer	0.215	101.896	133.697	0.0	1.909	3.023	6.98e-06	0.00330659	0.00433856	0.0	6.195e-05	9.81e-05
Jones	0.01	19.963	46.615	0.0	1.909	3.023	3.5e-07	0.00069762	0.00162898	0.0	6.671e-05	0.00010564
Pike	0.023	43.605	87.397	0.0	0.0	2.0	1.23e-06	0.00234008	0.00469019	0.0	0.0	0.00010733
Wayne	0.005	8.936	20.123	0.0	0.0	0.0	1.7e-07	0.00029979	0.00067509	0.0	0.0	0.0
Fulton	0.0	1159.537	3814.318	0.042	80.155	178.803	0.0	0.0011042	0.00363229	4e-08	7.633e-05	0.00017027
Glynn	0.02	39.033	95.219	0.042	80.155	90.803	2.3e-07	0.00045803	0.00111734	4.9e-07	0.00094058	0.00106553
Cherokee	0.397	424.753	837.44	0.039	19.424	30.246	1.56e-06	0.00167128	0.00329507	1.5e-07	7.643e-05	0.00011901
Gwinnett	1.298	1533.141	3065.278	0.325	173.232	227.502	1.4e-06	0.00165248	0.00330388	3.5e-07	0.00018672	0.00024521
Harris	0.066	78.4	142.663	0.0	0.0	2.0	1.91e-06	0.00227411	0.00413816	0.0	0.0	5.801e-05
Montgomery	0.0	0.0	2.0	0.0	0.0	0.0	0.0	0.0	0.00021756	0.0	0.0	0.0
Early	0.078	149.785	354.682	0.04	26.147	42.876	7.61e-06	0.01461745	0.03461325	3.9e-06	0.00255167	0.00418425
Webster	1.0	241.389	249.941	0.04	26.147	27.876	0.000383	0.09245079	0.09572616	1.532e-05	0.01001417	0.01067637
Berrien	0.002	9.644	23.041	0.04	26.147	27.876	1e-07	0.00050093	0.00119681	2.08e-06	0.00135814	0.00144795
Catoosa	0.018	34.467	84.045	0.04	26.147	27.876	2.7e-07	0.00051123	0.00124659	5.9e-07	0.00038782	0.00041347
Jeff Davis	0.006	11.919	22.502	0.0	0.0	1.0	4e-07	0.00079307	0.00149724	0.0	0.0	6.654e-05
Chattooga	0.0	0.763	12.726	0.0	0.0	1.0	0.0	3.078e-05	0.00051335	0.0	0.0	4.034e-05
Pierce	0.0	3.988	57.173	0.0	0.0	2.0	0.0	0.00020568	0.00294873	0.0	0.0	0.00010315
Lincoln	0.0	0.101	10.262	0.0	0.0	0.0	0.0	1.276e-05	0.00129653	0.0	0.0	0.0
Colquitt	11.232	3057.012	3247.614	0.0	0.008	6.051	0.00024636	0.0670515	0.0712321	0.0	1.8e-07	0.00013272
Habersham	1.188	674.525	859.534	0.0	0.0	3.0	2.617e-05	0.01486131	0.01893747	0.0	0.0	6.61e-05
Meriwether	0.115	103.955	163.146	0.0	0.0	0.0	5.46e-06	0.00493426	0.00774378	0.0	0.0	0.0
Camden	0.01	18.574	49.041	0.0	0.0	0.0	1.9e-07	0.00034603	0.00091363	0.0	0.0	0.0
Quitman	0.0	0.0	3.0	0.0	0.0	1.0	0.0	0.0	0.00131637	0.0	0.0	0.00043879
Mitchell	0.122	233.614	554.647	0.076	49.879	77.176	5.5e-06	0.01052695	0.02499311	3.42e-06	0.00224761	0.00347765
Wilkes	1.739	504.803	532.192	0.076	49.879	53.176	0.00017608	0.05111412	0.0538874	7.7e-06	0.00505053	0.00538437
Lee	0.0	5.051	312.456	0.0	0.625	19.966	0.0	0.0001697	0.01049778	0.0	2.1e-05	0.00067081
Washington	0.006	11.024	40.488	0.0	0.0	1.0	2.9e-07	0.00054076	0.00198607	0.0	0.0	4.905e-05
Richmond	0.505	539.689	935.279	0.138	69.208	86.141	2.51e-06	0.00267764	0.00464034	6.8e-07	0.00034337	0.00042738
Laurens	0.001	25.679	75.755	0.0	0.0	1.0	2e-08	0.00054261	0.00160074	0.0	0.0	2.113e-05
Wilcox	0.0	14.505	86.982	0.0	0.0	6.0	0.0	0.00164605	0.00987086	0.0	0.0	0.00068089
Brantley	0.0	2.936	24.916	0.002	2.978	5.373	0.0	0.00015537	0.00131852	1.1e-07	0.00015759	0.00028433
Sumter	0.003	194.292	573.47	0.005	18.783	42.432	1e-07	0.00653456	0.01928732	1.7e-07	0.00063172	0.0014271
Baldwin	0.109	207.295	395.832	0.015	10.112	14.78	2.43e-06	0.00462475	0.008831	3.3e-07	0.0002256	0.00032974
Macon	0.0	5.578	78.624	0.0	0.0	2.0	0.0	0.00042441	0.0059822	0.0	0.0	0.00015217
Effingham	0.0	4.883	39.525	0.0	0.0	1.0	0.0	7.852e-05	0.00063555	0.0	0.0	1.608e-05
Clayton	0.0	252.668	923.879	0.0	16.256	40.263	0.0	0.00087243	0.00319002	0.0	5.613e-05	0.00013902
Fayette	0.059	112.438	283.374	0.021	14.062	22.991	5.2e-07	0.000991	0.00249759	1.9e-07	0.00012394	0.00020264
Jefferson	0.008	15.294	29.325	0.0	0.0	1.0	5.2e-07	0.00099119	0.00190052	0.0	0.0	6.481e-05
Newton	0.074	140.35	311.993	0.005	3.296	8.514	6.8e-07	0.00128126	0.00284818	5e-08	3.009e-05	7.772e-05
Pulaski	0.022	26.325	49.436	0.0	0.0	1.0	1.99e-06	0.00237826	0.00446617	0.0	0.0	9.034e-05
Twiggs	0.003	5.961	12.753	0.0	0.0	0.0	3.7e-07	0.00072802	0.00155752	0.0	0.0	0.0
Clinch	0.0	0.423	8.069	0.0	0.0	0.0	0.0	6.363e-05	0.00121375	0.0	0.0	0.0
Decatur	0.003	56.76	126.767	0.0	0.0	1.0	1.1e-07	0.00213584	0.00477016	0.0	0.0	3.763e-05
Barrow	0.097	129.009	250.943	0.0	0.0	3.0	1.2e-06	0.00159647	0.00310538	0.0	0.0	3.712e-05
McIntosh	0.002	3.376	7.825	0.0	0.0	0.0	1.4e-07	0.00023543	0.00054568	0.0	0.0	0.0
Bibb	0.355	473.227	765.677	0.009	4.941	10.205	2.32e-06	0.00309107	0.00500132	6e-08	3.227e-05	6.666e-05
Muscogee	0.0	125.724	409.197	0.0	0.0	4.0	0.0	0.00064753	0.00210752	0.0	0.0	2.06e-05
Rockdale	0.177	159.514	326.15	0.076	34.319	41.435	1.95e-06	0.00176076	0.00360013	8.4e-07	0.00037882	0.00045737
Lumpkin	0.24	136.11	171.376	0.076	34.319	35.435	7.28e-06	0.00413018	0.0052003	2.31e-06	0.00104139	0.00107525
Baker	0.0	2.405	22.81	0.0	0.0	2.0	0.0	0.00077781	0.0073771	0.0	0.0	0.00064683
Talbot	0.032	34.153	58.987	0.0	0.0	1.0	5.1e-06	0.00544531	0.00940482	0.0	0.0	0.00015944
Monroe	0.005	8.84	28.015	0.0	0.0	1.0	1.8e-07	0.00032122	0.00101799	0.0	0.0	3.634e-05
Brooks	0.012	22.25	62.206	0.04	26.366	34.108	7.7e-07	0.00143428	0.00400993	2.58e-06	0.00169961	0.00219867
Douglas	0.034	201.292	503.452	0.006	5.076	13.531	2.3e-07	0.00138506	0.00346417	4e-08	3.493e-05	9.31e-05
Stewart	0.04	39.129	60.26	0.006	5.076	5.531	6.45e-06	0.00631215	0.00972092	9.7e-07	0.00081884	0.00089224
Irwin	0.011	12.763	31.271	0.006	5.076	5.531	1.17e-06	0.00135805	0.00332741	6.4e-07	0.00054011	0.00058853
Lamar	0.026	30.201	64.769	0.006	5.076	5.531	1.37e-06	0.00158953	0.00340889	3.2e-07	0.00026716	0.00029111
Marion	0.0	21.514	60.807	0.0	0.0	1.0	0.0	0.00257622	0.0072814	0.0	0.0	0.00011975
Wheeler	0.0	0.106	3.303	0.0	0.0	0.0	0.0	1.345e-05	0.00041922	0.0	0.0	0.0
Oconee	0.019	36.851	95.746	0.377	247.197	269.535	4.8e-07	0.00093835	0.00243802	9.6e-06	0.00629448	0.00686329
Emanuel	0.011	16.447	35.558	0.377	247.197	263.535	4.9e-07	0.00072736	0.00157253	1.667e-05	0.01093212	0.01165465
Houston	0.083	157.929	372.909	0.033	21.31	35.718	5.3e-07	0.00101582	0.00239861	2.1e-07	0.00013707	0.00022974
Dawson	0.017	44.24	100.303	0.002	2.978	4.373	6.8e-07	0.00176374	0.00399884	8e-08	0.00011873	0.00017434
Henry	0.008	228.435	679.652	0.011	17.891	30.187	3e-08	0.00099225	0.00295218	5e-08	7.771e-05	0.00013112
Columbia	0.439	287.847	435.872	0.0	0.0	2.0	2.85e-06	0.00186561	0.002825	0.0	0.0	1.296e-05
Madison	0.007	13.213	33.968	0.0	0.0	1.0	2.4e-07	0.00044563	0.00114563	0.0	0.0	3.373e-05
Grady	0.049	57.434	111.22	0.0	0.0	3.0	1.98e-06	0.00232075	0.0044941	0.0	0.0	0.00012122
Appling	0.045	48.444	102.883	0.012	22.347	28.316	2.43e-06	0.0026176	0.00555914	6.5e-07	0.00120749	0.00153002
Wilkinson	0.017	32.184	63.459	0.0	0.0	2.0	1.88e-06	0.00356175	0.00702291	0.0	0.0	0.00022134
Crisp	0.082	155.746	317.435	0.0	0.0	2.0	3.63e-06	0.00689111	0.01404517	0.0	0.0	8.849e-05
Lanier	0.971	209.103	217.02	0.0	0.0	1.0	9.391e-05	0.02022273	0.02098839	0.0	0.0	9.671e-05
Whitfield	0.061	71.907	139.402	0.01	5.576	9.843	5.9e-07	0.000691	0.00133961	1e-07	5.358e-05	9.459e-05
Bryan	0.007	14.104	58.977	0.0	0.896	3.015	1.8e-07	0.0003701	0.00154759	0.0	2.351e-05	7.912e-05
Troup	0.44	267.249	401.128	0.057	19.117	23.402	6.28e-06	0.00381599	0.00572762	8.1e-07	0.00027297	0.00033415
Liberty	0.024	45.59	86.646	0.057	19.117	19.402	3.9e-07	0.00074134	0.00140895	9.3e-07	0.00031086	0.0003155
Miller	0.017	31.788	62.01	0.057	19.117	19.402	2.99e-06	0.00559057	0.01090573	1.002e-05	0.00336212	0.00341224
Ben Hill	0.314	134.006	158.784	0.057	19.117	19.402	1.87e-05	0.00798272	0.00945875	3.4e-06	0.0011388	0.00115578
Walton	0.0	11.161	99.145	0.0	0.0	3.0	0.0	0.00011937	0.00106034	0.0	0.0	3.208e-05
Calhoun	0.0	1.763	87.667	0.0	0.396	3.449	0.0	0.00027755	0.01380148	0.0	6.234e-05	0.00054298
Dodge	0.0	1.161	24.93	0.0	0.396	0.449	0.0	5.607e-05	0.00120406	0.0	1.913e-05	2.169e-05
Candler	1.236	266.13	274.297	0.0	0.396	0.449	0.00011406	0.0245598	0.02531349	0.0	3.654e-05	4.144e-05
Screven	0.0	2.966	18.589	0.0	0.0	1.0	0.0	0.0002128	0.00133369	0.0	0.0	7.175e-05
Clarke	0.039	74.298	206.167	0.018	11.644	25.414	3.1e-07	0.00058351	0.00161915	1.4e-07	9.145e-05	0.00019959
Dougherty	0.0	135.959	1699.032	0.038	72.712	191.37	0.0	0.00149008	0.01862096	4.2e-07	0.0007969	0.00209737
Echols	0.002	4.475	10.069	0.038	72.712	82.37	5e-07	0.00111875	0.00251725	9.5e-06	0.018178	0.0205925
Seminole	0.09	59.107	90.014	0.0	0.0	2.0	1.082e-05	0.00710848	0.0108255	0.0	0.0	0.00024053
Dade	0.103	62.709	81.436	0.0	0.0	1.0	6.35e-06	0.00386472	0.00501886	0.0	0.0	6.163e-05
Elbert	0.002	4.475	19.069	0.0	0.0	0.0	1e-07	0.00023405	0.00099733	0.0	0.0	0.0
Long	0.0	0.401	2.62	0.0	0.0	0.0	0.0	2.111e-05	0.00013791	0.0	0.0	0.0
Unassigned	0.019	1107.76	1669.322	0.002	3.079	5.489	N/A	N/A	N/A	N/A	N/A	N/A
Randolph	0.0	7.628	166.263	0.0	7.326	28.852	0.0	0.00111635	0.02433236	0.0	0.00107215	0.00422245
Stephens	0.189	123.929	180.12	0.0	0.0	1.0	7.26e-06	0.00476009	0.00691838	0.0	0.0	3.841e-05
Butts	3.915	1305.292	1450.804	6.88	1296.123	1301.883	0.00016182	0.05395329	0.05996792	0.00028438	0.0535743	0.05381238
Charlton	0.005	9.235	17.462	6.88	1296.123	1299.883	3.9e-07	0.00071214	0.00134655	0.00053054	0.09994779	0.10023774
Cook	0.019	22.336	39.974	0.0	0.0	1.0	1.11e-06	0.00130148	0.00232922	0.0	0.0	5.827e-05
Paulding	0.0	71.058	236.237	0.0	5.576	13.722	0.0	0.00043316	0.00144008	0.0	3.399e-05	8.365e-05
Clay	0.008	14.798	36.764	0.0	0.0	2.0	2.77e-06	0.00512574	0.01273433	0.0	0.0	0.00069276
Taliaferro	0.0	0.0	0.0	0.0	0.0	0.0	0.0	0.0	0.0	0.0	0.0	0.0
De Kalb	0.831	1585.956	3485.63	0.143	93.386	133.559	1.1e-06	0.00209628	0.00460722	1.9e-07	0.00012344	0.00017654
Gordon	0.043	82.74	166.73	0.032	20.656	32.022	7.5e-07	0.00143434	0.00289035	5.5e-07	0.00035808	0.00055512
Tattnall	0.0	0.077	6.197	0.032	20.656	22.022	0.0	3.03e-06	0.00024406	1.26e-06	0.00081352	0.00086732
Bulloch	0.023	35.791	73.385	0.0	0.0	2.0	3e-07	0.00046304	0.0009494	0.0	0.0	2.587e-05
Terrell	0.0	34.84	209.441	0.0	9.095	29.549	0.0	0.00404599	0.02432249	0.0	0.00105621	0.00343154
Chatham	0.055	104.786	317.706	0.006	3.955	10.217	1.9e-07	0.00036234	0.00109859	2e-08	1.368e-05	3.533e-05
Schley	0.015	15.501	33.242	0.0	0.0	1.0	2.86e-06	0.00296047	0.00634874	0.0	0.0	0.00019099
Putnam	0.075	68.013	103.68	0.0	0.0	2.0	3.44e-06	0.00311857	0.004754	0.0	0.0	9.171e-05
Franklin	0.012	21.949	40.865	0.0	0.0	0.0	5.2e-07	0.00095335	0.00177496	0.0	0.0	0.0
Coffee	0.035	67.644	167.63	0.015	9.885	14.538	8.1e-07	0.00156972	0.00388996	3.5e-07	0.00022939	0.00033736
Heard	0.009	10.709	20.975	0.0	0.0	1.0	7.6e-07	0.00090151	0.00176572	0.0	0.0	8.418e-05
Chattahoochee	0.005	9.435	18.688	0.0	0.0	0.0	4.7e-07	0.0008831	0.00174916	0.0	0.0	0.0
Greene	0.027	50.76	106.502	0.0	0.0	1.0	1.53e-06	0.00286812	0.00601774	0.0	0.0	5.65e-05
Ware	0.065	101.666	214.717	0.029	17.388	25.422	1.82e-06	0.00284938	0.00601785	8.1e-07	0.00048733	0.0007125
Hancock	0.011	20.858	37.629	0.029	17.388	18.422	1.32e-06	0.00249856	0.00450755	3.47e-06	0.00208289	0.00220676
Union	1.93	494.061	522.836	0.0	0.0	1.0	8.041e-05	0.02058502	0.02178393	0.0	0.0	4.166e-05
Dooly	0.012	72.656	164.181	0.014	11.895	19.963	8.8e-07	0.00530104	0.01197877	1.02e-06	0.00086787	0.00145652
Murray	0.0	2.474	22.829	0.014	11.895	12.963	0.0	6.197e-05	0.00057185	3.5e-07	0.00029796	0.00032472
Hart	0.0	2.351	9.043	0.014	11.895	12.963	0.0	9.008e-05	0.00034649	5.4e-07	0.00045576	0.00049669
Glascock	0.0	0.0	0.0	0.0	0.0	0.0	0.0	0.0	0.0	0.0	0.0	0.0
Bleckley	0.006	10.633	19.045	0.014	11.895	12.963	4.7e-07	0.00082824	0.00148349	1.09e-06	0.00092655	0.00100974
Worth	0.0	77.41	234.017	0.001	7.45	17.556	0.0	0.00381349	0.0115285	5e-08	0.00036701	0.00086487
Forsyth	0.182	243.101	508.127	0.045	25.519	34.881	7.7e-07	0.00102742	0.00214751	1.9e-07	0.00010785	0.00014742
McDuffie	0.0	25.735	69.591	0.0	1.931	6.217	0.0	0.00119525	0.00323213	0.0	8.968e-05	0.00028875
Carroll	0.282	301.097	648.901	0.11	55.086	68.42	2.39e-06	0.00254906	0.00549353	9.3e-07	0.00046635	0.00057924
Towns	0.015	28.31	51.071	0.11	55.086	57.42	1.27e-06	0.00238863	0.00430906	9.28e-06	0.00464782	0.00484475
Upson	0.07	268.839	497.767	0.0	0.0	14.0	2.67e-06	0.01025516	0.01898787	0.0	0.0	0.00053405
Jenkins	0.0	0.716	16.622	0.0	0.0	1.0	0.0	8.246e-05	0.00191432	0.0	0.0	0.00011517
Morgan	0.033	32.715	61.168	0.0	0.0	0.0	1.75e-06	0.00173527	0.00324447	0.0	0.0	0.0
Oglethorpe	0.032	60.389	104.411	0.777	167.281	171.015	2.13e-06	0.00401149	0.00693576	5.161e-05	0.01111206	0.0113601
Lowndes	0.152	148.796	289.501	0.02	9.336	13.684	1.31e-06	0.00127918	0.00248881	1.7e-07	8.026e-05	0.00011764
Thomas	0.079	150.876	328.918	0.03	19.777	37.085	1.78e-06	0.00339444	0.00740006	6.7e-07	0.00044495	0.00083435
Burke	0.873	373.025	443.543	0.0	0.0	3.0	3.893e-05	0.01663582	0.01978072	0.0	0.0	0.00013379
Warren	0.006	10.729	24.154	0.0	0.0	0.0	1.14e-06	0.00204323	0.00459989	0.0	0.0	0.0
Johnson	0.027	52.046	96.959	0.0	0.0	1.0	2.78e-06	0.00536115	0.00998754	0.0	0.0	0.00010301
White	3.046	828.932	872.416	0.0	0.0	0.0	0.00010163	0.02765873	0.02910964	0.0	0.0	0.0
Bartow	0.0	65.08	342.229	0.001	19.884	50.121	0.0	0.00061161	0.0032162	1e-08	0.00018687	0.00047103
Bacon	4.892	921.683	944.356	0.0	0.0	1.0	0.00043737	0.08240349	0.08443058	0.0	0.0	8.941e-05
Rabun	0.002	3.971	13.499	0.0	0.0	0.0	1.2e-07	0.00023543	0.00080032	0.0	0.0	0.0
Hall	5.193	3157.023	4307.609	0.0	0.0	9.0	2.569e-05	0.01561738	0.02130918	0.0	0.0	4.452e-05
Banks	0.028	29.793	50.138	0.0	0.0	0.0	1.47e-06	0.00156904	0.00264051	0.0	0.0	0.0
Taylor	0.007	12.515	28.178	0.0	0.0	2.0	8.7e-07	0.00155679	0.00350516	0.0	0.0	0.00024879
Crawford	0.0	0.0	14.333	0.0	0.0	0.0	0.0	0.0	0.00116358	0.0	0.0	0.0
Spalding	0.098	187.528	352.439	0.036	23.29	32.83	1.48e-06	0.00283703	0.00533191	5.4e-07	0.00035234	0.00049667
Toombs	0.012	23.244	49.331	0.002	4.475	8.069	4.5e-07	0.00086451	0.00183475	7e-08	0.00016644	0.00030011
Coweta	0.0	83.19	278.948	0.0	2.993	7.569	0.0	0.00057033	0.00191238	0.0	2.052e-05	5.189e-05
Jasper	0.034	36.824	59.957	0.0	2.993	3.569	2.42e-06	0.00262279	0.00427044	0.0	0.00021318	0.0002542
Atkinson	0.0	0.332	7.686	0.0	2.993	3.569	0.0	4.001e-05	0.00092636	0.0	0.00036073	0.00043016
Telfair	0.006	15.354	33.458	0.0	2.993	3.569	3.8e-07	0.00096712	0.00210746	0.0	0.00018852	0.0002248
Treutlen	0.002	4.475	7.069	0.0	2.993	3.569	2.9e-07	0.00065722	0.00103818	0.0	0.00043957	0.00052416
Cobb	0.635	1212.182	2699.206	0.031	59.79	133.733	8.4e-07	0.00160158	0.0035663	4e-08	7.9e-05	0.00017669
Walker	0.165	108.327	174.487	0.031	59.79	67.733	2.38e-06	0.00156068	0.00251386	4.5e-07	0.0008614	0.00097584
Polk	0.048	43.67	83.952	0.031	59.79	67.733	1.13e-06	0.00102826	0.00197674	7.3e-07	0.00140782	0.00159484
Evans	0.0	0.0	4.0	0.031	59.79	67.733	0.0	0.0	0.0003731	2.89e-06	0.00557691	0.00631779
Tift	0.041	78.367	186.777	0.0	0.0	3.0	1.01e-06	0.0019316	0.00460371	0.0	0.0	7.394e-05
Peach	0.029	38.93	79.739	0.0	0.0	2.0	1.06e-06	0.00142616	0.00292116	0.0	0.0	7.327e-05
Pickens	0.009	17.679	39.028	0.0	0.0	2.0	2.8e-07	0.00055281	0.00122039	0.0	0.0	6.254e-05
Fannin	0.011	21.656	44.532	0.0	0.0	1.0	4.2e-07	0.00083408	0.00171514	0.0	0.0	3.851e-05
Haralson	0.004	13.85	41.804	0.0	0.0	1.0	1.4e-07	0.00046897	0.0014155	0.0	0.0	3.386e-05
Jackson	0.129	116.696	197.136	0.0	0.0	1.0	1.83e-06	0.0016571	0.00279935	0.0	0.0	1.42e-05
