Name	Predicted_New_Cases	Total_Predicted_New_Cases	Total_Predicted_Cases	Predicted_New_Deaths	Total_Predicted_New_Deaths	Total_Predicted_Deaths	Predicted_New_per_capita	Predicted_Total_New_per_capita	Predicted_Total_Cases_per_capita	Predicted_New_Deaths_per_capita	Total_Predicted_New_Deaths_per_capita	Total_Predicted_Deaths_per_capita
Wayne	0.001	108.871	122.871	0.0	0.0	0.0	3e-08	0.00365241	0.00412208	0.0	0.0	0.0
Webster	0.001	137.092	148.092	0.0	72.583	73.583	3.8e-07	0.05250555	0.0567185	0.0	0.02779893	0.02818192
Catoosa	0.012	2108.83	2179.83	0.0	72.583	72.583	1.8e-07	0.031279	0.0323321	0.0	0.00107658	0.00107658
Camden	0.006	1173.369	1220.369	0.0	0.0	1.0	1.1e-07	0.02185981	0.02273542	0.0	0.0	1.863e-05
Quitman	0.001	177.415	185.415	0.0	0.0	1.0	4.4e-07	0.07784774	0.08135805	0.0	0.0	0.00043879
Brantley	0.006	1012.081	1050.081	0.0	0.0	2.0	3.2e-07	0.05355776	0.05556866	0.0	0.0	0.00010584
Twiggs	0.0	72.583	81.583	0.0	25.338	25.338	0.0	0.00886456	0.00996373	0.0	0.00309453	0.00309453
Wheeler	0.001	209.67	216.67	0.0	25.338	25.338	1.3e-07	0.02661125	0.02749968	0.0	0.00321589	0.00321589
Oconee	0.005	947.56	1026.56	0.0	0.0	2.0	1.3e-07	0.02412813	0.02613974	0.0	0.0	5.093e-05
Miller	0.011	1077.736	1114.736	0.0	0.55	0.55	1.93e-06	0.18954203	0.19604924	0.0	9.673e-05	9.673e-05
Echols	0.004	810.472	825.472	0.004	774.184	774.184	1e-06	0.202618	0.206368	1e-06	0.193546	0.193546
Dade	0.001	258.06	278.06	0.0	0.0	1.0	6e-08	0.0159041	0.01713669	0.0	0.0	6.163e-05
Long	0.0	40.322	46.322	0.0	0.0	0.0	0.0	0.00212243	0.00243826	0.0	0.0	0.0
Unassigned	0.452	82421.88	84456.88	0.0	6.979	7.979	N/A	N/A	N/A	N/A	N/A	N/A
Tattnall	0.001	209.67	220.67	0.0	1.254	1.254	4e-08	0.00825765	0.00869087	0.0	4.939e-05	4.939e-05
Chattahoochee	0.004	657.245	676.245	0.0	0.0	0.0	3.7e-07	0.06151675	0.06329511	0.0	0.0	0.0
Towns	0.001	108.871	129.871	0.0	0.0	1.0	8e-08	0.00918588	0.01095773	0.0	0.0	8.437e-05
Telfair	0.001	108.871	137.871	0.0	0.0	1.0	6e-08	0.00685758	0.00868424	0.0	0.0	6.299e-05
Evans	0.001	108.871	112.871	0.0	70.282	70.282	9e-08	0.01015493	0.01052803	0.0	0.00655555	0.00655555
