Name	Predicted_New_Cases	Total_Predicted_New_Cases	Predicted_New_per_capita	Predicted_Total_per_capita
Turner	0.182	33.382	2.296e-05	0.00421919
Floyd	0.0	1.084	0.0	1.107e-05
Gilmer	0.404	74.183	1.31e-05	0.00240728
Jones	0.0	0.0	0.0	0.0
Pike	0.0	0.0	0.0	0.0
Wayne	0.0	0.0	0.0	0.0
Fulton	3.63	938.906	3.46e-06	0.0008941
Glynn	0.0	0.498	0.0	5.84e-06
Cherokee	0.915	168.148	3.6e-06	0.00066161
Gwinnett	4.078	749.247	4.4e-06	0.00080757
Harris	0.138	26.021	4.01e-06	0.00075478
Early	0.868	159.493	8.471e-05	0.01556486
Webster	0.303	55.637	0.00011598	0.02130875
Berrien	0.0	0.0	0.0	0.0
Catoosa	0.0	0.289	0.0	4.29e-06
Jeff Davis	0.088	16.955	5.86e-06	0.00112818
Chattooga	0.013	2.473	5.4e-07	9.975e-05
Pierce	0.316	58.11	1.631e-05	0.00299705
Lincoln	0.013	2.473	1.7e-06	0.00031242
Colquitt	0.64	120.643	1.404e-05	0.00264614
Habersham	0.759	135.57	1.673e-05	0.0029869
Meriwether	0.138	26.021	6.55e-06	0.00123509
Camden	0.163	30.752	3.04e-06	0.00057291
Quitman	0.0	0.0	0.0	0.0
Mitchell	0.841	158.492	3.79e-05	0.00714183
Wilkes	0.041	7.912	4.16e-06	0.00080118
Lee	1.312	241.094	4.409e-05	0.00810019
Washington	0.087	16.073	4.29e-06	0.00078843
Richmond	0.431	79.128	2.14e-06	0.00039259
Laurens	0.081	14.837	1.71e-06	0.0003135
Wilcox	0.202	37.091	2.291e-05	0.00420919
Brantley	0.0	0.0	0.0	0.0
Sumter	1.359	249.749	4.572e-05	0.00839972
Baldwin	0.256	46.982	5.7e-06	0.00104818
Macon	0.107	20.107	8.12e-06	0.00152987
Effingham	0.162	29.673	2.6e-06	0.00047714
Clayton	0.708	229.126	2.44e-06	0.00079114
Fayette	0.518	95.201	4.57e-06	0.00083908
Jefferson	0.404	74.183	2.617e-05	0.0048077
Newton	0.538	98.91	4.91e-06	0.00090295
Pulaski	0.05	9.462	4.54e-06	0.00085483
Twiggs	0.0	0.0	0.0	0.0
Clinch	0.02	3.709	3.04e-06	0.00055794
Decatur	0.147	28.259	5.52e-06	0.00106336
Barrow	0.229	42.037	2.83e-06	0.0005202
McIntosh	0.303	55.637	2.112e-05	0.00387986
Bibb	0.336	61.819	2.2e-06	0.0004038
Muscogee	0.424	77.892	2.18e-06	0.00040117
Rockdale	0.0	1.535	0.0	1.695e-05
Lumpkin	0.04	7.418	1.23e-06	0.0002251
Baker	0.069	13.01	2.233e-05	0.00420779
Talbot	0.0	0.0	0.0	0.0
Monroe	0.101	18.546	3.67e-06	0.0006739
Brooks	0.0	0.0	0.0	0.0
Douglas	0.902	165.675	6.2e-06	0.00113998
Stewart	0.404	74.183	6.513e-05	0.0119669
Irwin	0.063	11.828	6.68e-06	0.00125854
Lamar	0.141	25.964	7.44e-06	0.00136653
Marion	0.0	0.0	0.0	0.0
Wheeler	0.101	18.546	1.281e-05	0.00235382
Oconee	0.202	37.091	5.14e-06	0.00094447
Emanuel	0.505	92.729	2.232e-05	0.00410085
Houston	0.673	123.638	4.33e-06	0.00079526
Dawson	0.155	28.437	6.17e-06	0.00113371
Henry	1.622	297.968	7.04e-06	0.00129427
Columbia	0.33	60.583	2.14e-06	0.00039265
Madison	0.074	13.6	2.5e-06	0.00045869
Grady	0.0	0.0	0.0	0.0
Appling	0.0	0.0	0.0	0.0
Wilkinson	0.404	74.183	4.468e-05	0.0082097
Crisp	0.458	86.342	2.027e-05	0.00382029
Lanier	0.0	0.0	0.0	0.0
Whitfield	0.108	19.782	1.03e-06	0.0001901
Bryan	0.251	47.311	6.59e-06	0.00124146
Troup	0.417	76.656	5.96e-06	0.00109455
Liberty	0.113	21.29	1.84e-06	0.00034619
Miller	0.108	19.782	1.894e-05	0.00347909
Ben Hill	0.05	9.462	2.99e-06	0.00056366
Walton	0.068	20.602	7.2e-07	0.00022034
Calhoun	68.359	4125.842	0.01076181	0.64953431
Dodge	0.076	14.695	3.69e-06	0.00070971
Candler	0.404	74.183	3.726e-05	0.00684596
Screven	0.404	74.183	2.897e-05	0.00532234
Clarke	0.357	65.528	2.8e-06	0.00051463
Dougherty	6.002	1102.851	6.579e-05	0.01208697
Echols	0.0	0.0	0.0	0.0
Seminole	0.094	18.086	1.13e-05	0.00217507
Dade	0.202	37.091	1.244e-05	0.00228593
Elbert	0.0	0.0	0.0	0.0
Long	0.0	0.0	0.0	0.0
Unassigned	0.202	37.091	N/A	N/A
Randolph	0.727	133.529	0.00010636	0.0195418
Stephens	0.119	22.473	4.58e-06	0.00086317
Butts	0.148	27.2	6.12e-06	0.00112431
Charlton	0.027	4.945	2.08e-06	0.00038136
Cook	0.404	74.183	2.353e-05	0.0043225
Paulding	0.451	82.837	2.75e-06	0.00050497
Clay	0.0	0.0	0.0	0.0
De Kalb	4.515	829.611	5.97e-06	0.00109656
Gordon	0.001	9.369	2e-08	0.00016242
Tattnall	0.007	1.236	2.7e-07	4.869e-05
Bulloch	0.0	0.0	0.0	0.0
Terrell	0.525	96.438	6.095e-05	0.01119936
Chatham	1.332	244.803	4.61e-06	0.0008465
Schley	1.009	185.457	0.00019278	0.03541961
Putnam	0.0	0.0	0.0	0.0
Franklin	-4.261	-289.872	-0.00018508	-0.01259055
Coffee	0.269	49.455	6.25e-06	0.00114764
Heard	0.013	2.473	1.13e-06	0.00020816
Chattahoochee	0.217	38.734	2.031e-05	0.00362544
Greene	0.207	39.031	1.17e-05	0.00220542
Ware	25.458	1943.38	0.00071351	0.05446692
Hancock	0.0	0.0	0.0	0.0
Union	0.0	0.0	0.0	0.0
Dooly	0.0	0.0	0.0	0.0
Murray	0.0	0.0	0.0	0.0
Hart	0.0	0.0	0.0	0.0
Bleckley	0.101	18.546	7.86e-06	0.0014446
Worth	0.31	56.874	1.525e-05	0.00280179
Forsyth	0.673	123.638	2.84e-06	0.00052253
McDuffie	0.0	0.0	0.0	0.0
Carroll	0.781	143.42	6.61e-06	0.00121418
Towns	0.0	0.0	0.0	0.0
Upson	0.408	76.798	1.555e-05	0.00292953
Jenkins	0.759	135.57	8.745e-05	0.01561321
Morgan	0.061	11.127	3.21e-06	0.00059022
Oglethorpe	0.202	37.091	1.341e-05	0.00246389
Lowndes	0.343	63.055	2.95e-06	0.00054208
Thomas	0.382	73.473	8.58e-06	0.00165301
Burke	0.107	20.107	4.76e-06	0.00089672
Warren	0.0	0.0	0.0	0.0
Johnson	0.0	0.0	0.0	0.0
White	0.082	15.825	2.74e-06	0.00052803
Bartow	0.7	128.584	6.58e-06	0.0012084
Bacon	0.0	0.0	0.0	0.0
Rabun	0.505	92.729	2.992e-05	0.00549763
Hall	1.595	293.022	7.89e-06	0.00144954
Banks	0.404	74.183	2.126e-05	0.00390683
Taylor	0.041	7.912	5.11e-06	0.00098426
Crawford	0.0	0.0	0.0	0.0
Spalding	0.471	86.547	7.13e-06	0.00130933
Toombs	0.055	10.792	2.05e-06	0.00040137
Coweta	0.552	101.383	3.78e-06	0.00069505
Jasper	0.05	9.462	3.58e-06	0.00067394
Atkinson	0.0	0.0	0.0	0.0
Telfair	0.0	0.0	0.0	0.0
Treutlen	0.0	0.0	0.0	0.0
Cobb	3.957	726.992	5.23e-06	0.00096053
Walker	0.0	0.0	0.0	0.0
Polk	0.087	16.073	2.06e-06	0.00037845
Tift	0.303	55.637	7.46e-06	0.00137135
Peach	0.155	28.437	5.67e-06	0.00104175
Pickens	0.0	0.0	0.0	0.0
Fannin	0.0	0.06	0.0	2.33e-06
Haralson	0.114	22.64	3.86e-06	0.00076661
Jackson	0.17	32.78	2.42e-06	0.00046548
