Name	Predicted_New_Cases	Total_Predicted_New_Cases	Total_Predicted_Cases	Predicted_New_Deaths	Total_Predicted_New_Deaths	Total_Predicted_Deaths	Predicted_New_per_capita	Predicted_Total_New_per_capita	Predicted_Total_Cases_per_capita	Predicted_New_Deaths_per_capita	Total_Predicted_New_Deaths_per_capita	Total_Predicted_Deaths_per_capita
Turner	0.004	68.466	212.466	0.002	2.356	15.356	5.1e-07	0.00865344	0.02685364	2.5e-07	0.00029778	0.00194085
Floyd	0.559	559.098	908.098	0.0	0.0	15.0	5.71e-06	0.00570933	0.00927321	0.0	0.0	0.00015318
Gilmer	0.0	4.563	170.563	0.0	0.0	1.0	0.0	0.00014807	0.00553488	0.0	0.0	3.245e-05
Jones	0.002	42.792	92.792	0.0	0.0	0.0	7e-08	0.00149539	0.00324266	0.0	0.0	0.0
Pike	1.366	503.651	568.651	0.0	0.62	3.62	7.331e-05	0.0270286	0.03051685	0.0	3.327e-05	0.00019427
Wayne	0.087	71.569	103.569	0.0	0.62	0.62	2.92e-06	0.002401	0.00347454	0.0	2.08e-05	2.08e-05
Fulton	0.0	710.965	5699.965	0.0	47.966	320.966	0.0	0.00067704	0.00542795	0.0	4.568e-05	0.00030565
Glynn	0.011	136.586	302.586	0.0	0.62	2.62	1.3e-07	0.00160276	0.00355069	0.0	7.28e-06	3.074e-05
Cherokee	0.012	224.548	1214.548	0.009	11.301	46.301	5e-08	0.00088353	0.00477888	4e-08	4.447e-05	0.00018218
Gwinnett	0.892	3140.085	7948.085	0.002	30.406	172.406	9.6e-07	0.00338451	0.00856677	0.0	3.277e-05	0.00018583
Harris	0.016	131.672	304.672	0.005	5.238	11.238	4.6e-07	0.00381935	0.00883748	1.5e-07	0.00015194	0.00032598
Montgomery	0.001	13.174	30.174	0.005	5.238	5.238	1.1e-07	0.00143305	0.00328228	5.4e-07	0.00056978	0.00056978
Early	0.002	34.124	287.124	0.003	4.002	35.002	2e-07	0.00333015	0.0280203	2.9e-07	0.00039055	0.00341583
Webster	0.0	1.475	15.475	0.0	0.0	1.0	0.0	0.00056492	0.00592685	0.0	0.0	0.000383
Berrien	0.002	36.6	95.6	0.0	0.0	1.0	1e-07	0.0019011	0.00496572	0.0	0.0	5.194e-05
Catoosa	0.004	82.77	257.77	0.0	0.0	0.0	6e-08	0.00122768	0.00382335	0.0	0.0	0.0
Jeff Davis	3.144	930.463	979.463	0.0	0.0	1.0	0.0002092	0.06191117	0.06517154	0.0	0.0	6.654e-05
Chattooga	0.0	3.945	30.945	0.0	0.0	2.0	0.0	0.00015914	0.00124829	0.0	0.0	8.068e-05
Pierce	0.144	159.475	281.475	0.084	40.367	44.367	7.43e-06	0.00822502	0.01451725	4.33e-06	0.00208195	0.00228826
Lincoln	0.0	0.0	17.0	0.0	0.0	1.0	0.0	0.0	0.00214782	0.0	0.0	0.00012634
Colquitt	0.775	855.309	1458.309	0.032	15.271	31.271	1.7e-05	0.01876007	0.03198607	7e-07	0.00033495	0.00068589
Habersham	0.027	145.174	717.174	0.034	30.407	56.407	5.9e-07	0.00319851	0.01580096	7.5e-07	0.00066993	0.00124277
Meriwether	0.028	99.404	213.404	0.0	0.0	2.0	1.33e-06	0.00471825	0.0101293	0.0	0.0	9.493e-05
Camden	0.001	25.335	95.335	0.0	0.0	1.0	2e-08	0.00047199	0.00177609	0.0	0.0	1.863e-05
Quitman	0.0	7.656	22.656	0.0	0.0	1.0	0.0	0.00335937	0.0099412	0.0	0.0	0.00043879
Mitchell	0.002	27.93	452.93	0.015	17.897	53.897	9e-08	0.00125856	0.02040961	6.8e-07	0.00080646	0.00242867
Wilkes	0.0	3.827	37.827	0.0	0.0	1.0	0.0	0.00038751	0.00383019	0.0	0.0	0.00010126
Lee	1.841	545.038	914.038	0.0	0.0	22.0	6.185e-05	0.01831199	0.03070951	0.0	0.0	0.00073915
Washington	0.0	1.125	76.125	0.0	0.0	1.0	0.0	5.518e-05	0.00373418	0.0	0.0	4.905e-05
Richmond	0.007	136.6	795.6	0.045	54.396	90.396	3e-08	0.00067773	0.00394733	2.2e-07	0.00026988	0.0004485
Laurens	0.001	13.852	129.852	0.0	0.0	1.0	2e-08	0.0002927	0.00274384	0.0	0.0	2.113e-05
Wilcox	0.0	1.839	119.839	0.0	0.167	14.167	0.0	0.00020869	0.01359952	0.0	1.895e-05	0.00160769
Brantley	0.0	14.5	77.5	0.0	0.0	2.0	0.0	0.00076732	0.00410118	0.0	0.0	0.00010584
Sumter	0.0	7.767	506.767	0.0	2.31	50.31	0.0	0.00026122	0.01704392	0.0	7.769e-05	0.00169206
Baldwin	0.084	215.931	622.931	0.031	22.921	52.921	1.87e-06	0.00481742	0.01389757	6.9e-07	0.00051137	0.00118067
Macon	0.001	17.117	123.117	0.002	2.356	9.356	8e-08	0.00130237	0.0093675	1.5e-07	0.00017926	0.00071186
Effingham	0.162	94.825	175.825	0.0	0.0	1.0	2.6e-06	0.00152476	0.00282722	0.0	0.0	1.608e-05
Clayton	0.355	620.882	1998.882	0.0	1.734	59.734	1.23e-06	0.00214382	0.00690186	0.0	5.99e-06	0.00020625
Fayette	0.136	123.251	377.251	0.242	102.233	116.233	1.2e-06	0.0010863	0.003325	2.13e-06	0.00090106	0.00102445
Jefferson	0.0	7.038	59.038	0.0	0.0	1.0	0.0	0.00045612	0.00382618	0.0	0.0	6.481e-05
Newton	0.007	128.039	530.039	0.006	7.065	18.065	6e-08	0.00116887	0.00483873	5e-08	6.45e-05	0.00016492
Pulaski	0.0	6.758	52.758	0.0	0.0	2.0	0.0	0.00061053	0.00476628	0.0	0.0	0.00018068
Twiggs	0.0	0.877	19.877	0.0	0.0	1.0	0.0	0.00010711	0.00242758	0.0	0.0	0.00012213
Clinch	0.524	285.496	357.496	0.0	0.0	2.0	7.882e-05	0.04294465	0.05377497	0.0	0.0	0.00030084
Decatur	0.0	12.093	231.093	0.0	1.704	8.704	0.0	0.00045505	0.00869588	0.0	6.412e-05	0.00032753
Barrow	0.004	66.554	432.554	0.03	36.732	56.732	5e-08	0.0008236	0.00535279	3.7e-07	0.00045455	0.00070205
McIntosh	0.0	3.827	19.827	0.0	0.0	1.0	0.0	0.00026688	0.00138264	0.0	0.0	6.974e-05
Bibb	0.009	175.227	691.227	0.016	19.548	53.548	6e-08	0.00114456	0.00451502	1e-07	0.00012769	0.00034977
Muscogee	2.069	1877.872	2781.872	0.502	212.093	235.093	1.066e-05	0.00967178	0.01432773	2.59e-06	0.00109236	0.00121082
Rockdale	0.032	113.177	438.177	0.0	0.0	8.0	3.5e-07	0.00124928	0.00483671	0.0	0.0	8.831e-05
Lumpkin	0.0	9.059	114.059	0.0	0.0	1.0	0.0	0.00027489	0.00346105	0.0	0.0	3.034e-05
Baker	0.973	288.094	325.094	0.005	7.098	10.098	0.00031468	0.093174	0.10514036	1.62e-06	0.0022956	0.00326585
Talbot	0.003	11.752	55.752	0.0	0.62	2.62	4.8e-07	0.00187372	0.00888903	0.0	9.885e-05	0.00041773
Monroe	0.0	9.939	135.939	0.005	7.237	20.237	0.0	0.00036116	0.00493964	1.8e-07	0.00026297	0.00073536
Brooks	0.178	146.846	233.846	0.018	7.214	17.214	1.147e-05	0.009466	0.0150742	1.16e-06	0.00046503	0.00110965
Douglas	0.417	460.411	1084.411	0.018	8.723	34.723	2.87e-06	0.00316802	0.00746166	1.2e-07	6.002e-05	0.00023892
Stewart	0.001	17.456	76.456	0.0	0.0	1.0	1.6e-07	0.00281594	0.0123336	0.0	0.0	0.00016132
Irwin	0.001	18.689	52.689	0.0	0.0	1.0	1.1e-07	0.00198861	0.00560641	0.0	0.0	0.00010641
Lamar	0.0	8.175	86.175	0.0	2.076	7.076	0.0	0.00043026	0.00453553	0.0	0.00010926	0.00037242
Marion	0.0	0.258	59.258	0.0	0.0	2.0	0.0	3.089e-05	0.00709592	0.0	0.0	0.00023949
Wheeler	0.0	3.041	18.041	0.0	0.0	0.0	0.0	0.00038596	0.00228976	0.0	0.0	0.0
Oconee	0.002	30.861	157.861	0.016	19.548	28.548	5e-08	0.00078583	0.00401968	4.1e-07	0.00049776	0.00072693
Emanuel	1.499	443.82	477.82	0.0	0.0	2.0	6.629e-05	0.01962763	0.02113126	0.0	0.0	8.845e-05
Houston	0.015	125.711	533.711	0.023	22.984	42.984	1e-07	0.00080859	0.00343291	1.5e-07	0.00014784	0.00027648
Dawson	0.041	40.728	156.728	0.0	0.0	2.0	1.63e-06	0.00162373	0.00624838	0.0	0.0	7.974e-05
Henry	0.093	327.519	1114.519	0.011	8.897	32.897	4e-07	0.00142263	0.0048411	5e-08	3.865e-05	0.00014289
Columbia	0.022	114.022	403.022	0.006	5.883	13.883	1.4e-07	0.00073901	0.00261209	4e-08	3.813e-05	8.998e-05
Madison	0.002	41.211	108.211	0.0	0.449	2.449	7e-08	0.00138992	0.00364961	0.0	1.514e-05	8.26e-05
Grady	0.0	15.529	144.529	0.0	0.0	4.0	0.0	0.00062749	0.00584003	0.0	0.0	0.00016163
Appling	0.053	135.389	334.389	0.0	0.0	13.0	2.86e-06	0.00731556	0.01806824	0.0	0.0	0.00070244
Wilkinson	0.0	7.656	78.656	0.007	8.946	15.946	0.0	0.00084728	0.00870474	7.7e-07	0.00099004	0.00176472
Crisp	0.0	2.305	242.305	0.0	1.212	11.212	0.0	0.00010199	0.01072099	0.0	5.363e-05	0.00049608
Lanier	0.016	42.084	78.084	0.0	0.0	2.0	1.55e-06	0.00407002	0.00755164	0.0	0.0	0.00019342
Whitfield	0.053	441.016	961.016	0.006	5.819	14.819	5.1e-07	0.00423801	0.00923503	6e-08	5.592e-05	0.00014241
Bryan	0.001	11.713	91.713	0.0	0.0	5.0	3e-08	0.00030736	0.0024066	0.0	0.0	0.0001312
Troup	1.421	1289.405	1834.405	0.014	6.107	18.107	2.029e-05	0.01841113	0.02619306	2e-07	8.72e-05	0.00025855
Liberty	0.0	5.227	91.227	0.0	0.0	1.0	0.0	8.5e-05	0.00148344	0.0	0.0	1.626e-05
Miller	0.0	0.17	45.17	0.0	0.0	0.0	0.0	2.99e-05	0.00794407	0.0	0.0	0.0
Ben Hill	0.02	71.851	167.851	0.0	0.0	1.0	1.19e-06	0.00428016	0.00999887	0.0	0.0	5.957e-05
Walton	0.008	139.3	448.3	0.025	30.142	51.142	9e-08	0.00148979	0.0047945	2.7e-07	0.00032236	0.00054696
Calhoun	0.001	22.749	161.749	0.002	2.356	8.356	1.6e-07	0.00358139	0.02546426	3.1e-07	0.00037091	0.00131549
Dodge	0.0	4.438	57.438	0.0	0.0	2.0	0.0	0.00021434	0.00277411	0.0	0.0	9.66e-05
Candler	0.0	0.245	17.245	0.0	0.0	0.0	0.0	2.261e-05	0.00159145	0.0	0.0	0.0
Screven	0.0	3.025	63.025	0.0	0.124	3.124	0.0	0.00021703	0.00452181	0.0	8.9e-06	0.00022414
Clarke	0.007	127.815	458.815	0.012	15.069	30.069	5e-08	0.00100381	0.00360335	9e-08	0.00011835	0.00023615
Dougherty	0.006	112.497	1932.497	0.0	0.829	150.829	7e-08	0.00123294	0.02117967	0.0	9.09e-06	0.00165305
Echols	0.014	118.044	267.044	0.0	0.829	0.829	3.5e-06	0.029511	0.066761	0.0	0.00020725	0.00020725
Seminole	0.0	6.306	53.306	0.0	0.0	2.0	0.0	0.00075839	0.00641082	0.0	0.0	0.00024053
Dade	0.002	34.91	77.91	0.0	0.0	1.0	1.2e-07	0.00215149	0.00480155	0.0	0.0	6.163e-05
Elbert	0.054	49.368	131.368	0.0	0.0	0.0	2.82e-06	0.00258201	0.00687071	0.0	0.0	0.0
Long	0.0	1.577	19.577	0.0	0.0	1.0	0.0	8.301e-05	0.00103048	0.0	0.0	5.264e-05
Unassigned	35.107	13884.38	15044.38	0.0	2.93	3.93	N/A	N/A	N/A	N/A	N/A	N/A
Randolph	0.005	19.18	205.18	0.002	1.484	21.484	7.3e-07	0.00280697	0.03002781	2.9e-07	0.00021718	0.00314415
Stephens	0.0	1.204	148.204	0.0	3.827	6.827	0.0	4.625e-05	0.00569249	0.0	0.00014699	0.00026222
Butts	0.005	60.759	314.759	0.006	6.262	32.262	2.1e-07	0.00251143	0.01301033	2.5e-07	0.00025884	0.00133353
Charlton	0.0	0.898	36.898	0.0	0.0	1.0	0.0	6.925e-05	0.00284531	0.0	0.0	7.711e-05
Cook	3.459	1023.901	1082.901	0.0	1.125	2.125	0.00020155	0.05966094	0.06309876	0.0	6.555e-05	0.00012382
Paulding	0.006	103.485	485.485	0.005	6.589	19.589	4e-08	0.00063084	0.00295948	3e-08	4.017e-05	0.00011941
Clay	1.103	436.141	486.141	0.0	0.0	2.0	0.00038206	0.15107066	0.16838968	0.0	0.0	0.00069276
Taliaferro	0.0	0.0	1.0	0.0	0.0	0.0	0.0	0.0	0.00062189	0.0	0.0	0.0
De Kalb	0.056	1041.214	5227.214	0.0	8.766	144.766	7e-08	0.00137625	0.0069092	0.0	1.159e-05	0.00019135
Gordon	0.1	206.677	425.677	0.003	1.963	18.963	1.73e-06	0.00358286	0.00737934	5e-08	3.403e-05	0.00032873
Tattnall	0.0	3.599	38.599	0.003	1.963	1.963	0.0	0.00014174	0.00152018	1.2e-07	7.731e-05	7.731e-05
Bulloch	0.004	74.441	161.441	0.132	38.931	41.931	5e-08	0.00096306	0.00208861	1.71e-06	0.00050366	0.00054247
Terrell	0.001	15.989	232.989	0.0	0.0	26.0	1.2e-07	0.00185681	0.02705714	0.0	0.0	0.00301939
Chatham	0.0	112.765	674.765	0.0	9.908	38.908	0.0	0.00038993	0.00233325	0.0	3.426e-05	0.00013454
Schley	0.064	40.297	58.297	0.0	0.0	1.0	1.222e-05	0.00769614	0.01113388	0.0	0.0	0.00019099
Putnam	0.002	34.683	137.683	0.001	0.944	10.944	9e-08	0.00159031	0.00631313	5e-08	4.328e-05	0.00050181
Franklin	0.013	235.247	369.247	0.0	0.0	1.0	5.6e-07	0.01021791	0.01603818	0.0	0.0	4.343e-05
Coffee	0.006	101.575	411.575	0.005	6.361	20.361	1.4e-07	0.00235711	0.00955086	1.2e-07	0.00014761	0.00047249
Heard	0.0	1.381	40.381	0.005	7.098	10.098	0.0	0.00011626	0.00339936	4.2e-07	0.00059753	0.00085007
Chattahoochee	0.007	298.966	489.966	0.005	7.098	7.098	6.6e-07	0.02798259	0.04585979	4.7e-07	0.00066436	0.00066436
Greene	0.394	230.097	313.097	0.0	0.0	7.0	2.226e-05	0.0130013	0.0176911	0.0	0.0	0.00039552
Ware	0.37	276.788	528.788	0.0	0.0	14.0	1.037e-05	0.00775751	0.01482029	0.0	0.0	0.00039238
Hancock	0.0	2.69	204.69	0.0	3.432	32.432	0.0	0.00032223	0.02451965	0.0	0.00041112	0.003885
Union	0.0	7.376	58.376	0.0	0.0	2.0	0.0	0.00030732	0.00243223	0.0	0.0	8.333e-05
Dooly	0.002	38.623	234.623	0.0	0.0	12.0	1.5e-07	0.00281796	0.01711827	0.0	0.0	0.00087553
Murray	0.003	55.067	175.067	0.0	0.0	1.0	8e-08	0.0013794	0.00438534	0.0	0.0	2.505e-05
Hart	0.002	30.632	69.632	0.0	0.0	0.0	8e-08	0.00117368	0.00266799	0.0	0.0	0.0
Glascock	0.0	0.0	1.0	0.0	0.0	1.0	0.0	0.0	0.00033389	0.0	0.0	0.00033389
Bleckley	0.004	21.316	74.316	0.0	0.0	0.0	3.1e-07	0.00166038	0.00578875	0.0	0.0	0.0
Worth	0.004	75.339	322.339	0.0	0.0	21.0	2e-07	0.00371146	0.01587955	0.0	0.0	0.00103453
Forsyth	0.007	120.043	699.043	0.0	0.0	12.0	3e-08	0.00050734	0.00295439	0.0	0.0	5.072e-05
McDuffie	0.013	27.925	100.925	0.0	0.0	5.0	6e-07	0.00129697	0.00468743	0.0	0.0	0.00023222
Carroll	0.117	300.673	891.673	0.09	67.071	103.071	9.9e-07	0.00254547	0.00754881	7.6e-07	0.00056782	0.00087259
Towns	0.039	47.33	78.33	0.0	0.0	1.0	3.29e-06	0.00399342	0.00660901	0.0	0.0	8.437e-05
Upson	0.002	31.192	322.192	0.007	8.946	44.946	8e-08	0.00118985	0.01229037	2.7e-07	0.00034126	0.00171451
Jenkins	1.626	599.691	639.691	0.0	0.388	5.388	0.00018726	0.06906495	0.07367166	0.0	4.469e-05	0.00062052
Morgan	0.001	7.149	47.149	0.0	0.388	0.388	5e-08	0.0003792	0.00250088	0.0	2.058e-05	2.058e-05
Oglethorpe	0.007	24.578	95.578	0.005	3.712	10.712	4.6e-07	0.00163266	0.00634901	3.3e-07	0.00024658	0.00071157
Lowndes	20.074	7938.825	8443.825	0.0	0.0	4.0	0.00017257	0.06824928	0.07259072	0.0	0.0	3.439e-05
Thomas	0.006	102.704	458.704	0.007	8.946	41.946	1.3e-07	0.00231066	0.01032001	1.6e-07	0.00020127	0.00094371
Burke	0.01	16.829	141.829	0.016	10.216	16.216	4.5e-07	0.00075052	0.00632516	7.1e-07	0.0004556	0.00072319
Warren	0.0	0.0	19.0	0.016	10.216	10.216	0.0	0.0	0.00361836	3.05e-06	0.00194553	0.00194553
Johnson	0.0	1.015	84.015	0.0	0.0	2.0	0.0	0.00010455	0.0086542	0.0	0.0	0.00020602
White	0.023	58.191	175.191	0.0	0.0	3.0	7.7e-07	0.00194164	0.00584555	0.0	0.0	0.0001001
Bartow	0.054	191.378	721.378	0.002	1.484	40.484	5.1e-07	0.00179853	0.00677936	2e-08	1.395e-05	0.00038046
Bacon	0.0	14.37	166.37	0.0	0.0	3.0	0.0	0.00128476	0.01487439	0.0	0.0	0.00026822
Rabun	0.0	7.757	35.757	0.0	0.0	1.0	0.0	0.00045989	0.00211994	0.0	0.0	5.929e-05
Hall	0.114	602.915	3288.915	0.0	0.7	52.7	5.6e-07	0.00298254	0.01626984	0.0	3.46e-06	0.0002607
Banks	0.0	0.252	100.252	0.0	0.0	1.0	0.0	1.327e-05	0.00527976	0.0	0.0	5.266e-05
Taylor	0.0	3.827	27.827	0.0	0.0	2.0	0.0	0.00047605	0.0034615	0.0	0.0	0.00024879
Crawford	0.552	163.514	194.514	0.0	0.0	0.0	4.481e-05	0.0132744	0.01579104	0.0	0.0	0.0
Spalding	0.05	102.711	404.711	0.009	6.364	29.364	7.6e-07	0.00155387	0.00612271	1.4e-07	9.628e-05	0.00044424
Toombs	4.354	1288.637	1371.637	0.0	0.0	4.0	0.00016194	0.04792788	0.05101488	0.0	0.0	0.00014877
Coweta	0.121	251.013	727.013	0.01	6.859	16.859	8.3e-07	0.00172087	0.00498418	7e-08	4.702e-05	0.00011558
Jasper	0.002	42.341	93.341	0.0	0.0	1.0	1.4e-07	0.00301574	0.00664822	0.0	0.0	7.123e-05
Atkinson	0.001	37.672	99.672	0.0	0.0	2.0	1.2e-07	0.00454044	0.01201302	0.0	0.0	0.00024105
Telfair	0.0	4.732	43.732	0.0	0.0	1.0	0.0	0.00029806	0.0027546	0.0	0.0	6.299e-05
Treutlen	0.001	14.98	31.98	0.0	0.0	0.0	1.5e-07	0.00220003	0.00469672	0.0	0.0	0.0
Cobb	0.452	1165.562	4535.562	0.0	17.877	227.877	6e-07	0.00153999	0.00599256	0.0	2.362e-05	0.00030108
Walker	0.0	74.139	280.139	0.0	17.877	17.877	0.0	0.00106813	0.004036	0.0	0.00025756	0.00025756
Polk	0.004	81.758	235.758	0.0	0.0	1.0	9e-08	0.00192508	0.00555117	0.0	0.0	2.355e-05
Evans	0.005	7.098	13.098	0.0	0.0	0.0	4.7e-07	0.00066207	0.00122171	0.0	0.0	0.0
Tift	0.478	478.233	823.233	0.229	103.32	125.32	1.178e-05	0.01178756	0.02029117	5.64e-06	0.00254665	0.00308891
Peach	0.001	17.908	97.908	0.009	11.301	18.301	4e-08	0.00065604	0.00358677	3.3e-07	0.000414	0.00067044
Pickens	0.0	13.317	70.317	0.003	5.723	9.723	0.0	0.00041642	0.00219878	9e-08	0.00017896	0.00030403
Fannin	0.002	29.281	88.281	0.0	0.0	1.0	8e-08	0.00112775	0.00340013	0.0	0.0	3.851e-05
Haralson	0.002	29.844	85.844	0.008	10.364	14.364	7e-08	0.00101053	0.00290671	2.7e-07	0.00035093	0.00048637
Jackson	0.051	178.002	417.002	0.023	19.281	26.281	7.2e-07	0.00252765	0.00592147	3.3e-07	0.00027379	0.00037319
