Name	Predicted_New_Cases	Total_Predicted_New_Cases	Total_Predicted_Cases	Predicted_New_Deaths	Total_Predicted_New_Deaths	Total_Predicted_Deaths	Predicted_New_per_capita	Predicted_Total_New_per_capita	Predicted_Total_Cases_per_capita	Predicted_New_Deaths_per_capita	Total_Predicted_New_Deaths_per_capita	Total_Predicted_Deaths_per_capita
Turner	8.899	3063.117	3290.117	0.0	0.0	18.0	0.00112475	0.38714826	0.41583885	0.0	0.0	0.00227503
Floyd	0.015	810.442	2093.442	0.0	0.0	15.0	1.5e-07	0.00827598	0.02137758	0.0	0.0	0.00015318
Gilmer	0.005	262.528	780.528	0.0	0.014	3.014	1.6e-07	0.00851921	0.02532866	0.0	4.5e-07	9.781e-05
Jones	0.003	136.048	406.048	0.0	8.44	11.44	1e-07	0.00475426	0.01418954	0.0	0.00029494	0.00039978
Pike	0.002	106.767	301.767	0.002	4.248	8.248	1.1e-07	0.00572969	0.01619443	1.1e-07	0.00022797	0.00044263
Wayne	0.005	311.398	941.398	0.0	0.0	4.0	1.7e-07	0.01044679	0.03158206	0.0	0.0	0.00013419
Fulton	0.0	6535.536	24759.536	0.001	87.675	485.675	0.0	0.00622364	0.02357795	0.0	8.349e-05	0.0004625
Cherokee	0.041	1486.276	4371.276	0.0	11.26	67.26	1.6e-07	0.00584805	0.01719966	0.0	4.43e-05	0.00026465
Gwinnett	0.328	9439.659	27366.659	0.002	82.156	322.156	3.5e-07	0.01017445	0.0294969	0.0	8.855e-05	0.00034723
Harris	0.009	261.816	885.816	0.01	14.438	30.438	2.6e-07	0.00759437	0.02569445	2.9e-07	0.0004188	0.0008829
Montgomery	0.002	80.75	218.75	0.0	0.0	1.0	2.2e-07	0.00878386	0.02379528	0.0	0.0	0.00010878
Early	0.001	37.728	383.728	0.0	0.0	31.0	1e-07	0.00368186	0.03744784	0.0	0.0	0.00302528
Webster	0.0	0.62	37.62	0.0	0.0	2.0	0.0	0.00023746	0.01440827	0.0	0.0	0.00076599
Berrien	0.005	148.917	411.917	0.0	0.0	1.0	2.6e-07	0.00773514	0.02139606	0.0	0.0	5.194e-05
Catoosa	0.046	430.475	976.475	0.016	16.725	25.725	6.8e-07	0.00638497	0.01448346	2.4e-07	0.00024807	0.00038156
Jeff Davis	0.006	332.689	736.689	0.004	8.499	14.499	4e-07	0.02213647	0.04901783	2.7e-07	0.00056551	0.00096473
Chattooga	0.0	165.405	363.405	0.0	0.0	2.0	0.0	0.00667225	0.01465934	0.0	0.0	8.068e-05
Lincoln	0.005	110.789	239.789	0.013	16.378	20.378	6.3e-07	0.01399735	0.03029551	1.64e-06	0.00206924	0.00257461
Colquitt	0.002	203.788	1684.788	0.001	3.477	25.477	4e-08	0.00446982	0.03695359	2e-08	7.626e-05	0.0005588
Habersham	0.01	373.542	1421.542	0.011	17.215	65.215	2.2e-07	0.00822997	0.03131978	2.4e-07	0.00037929	0.00143683
Meriwether	0.0	116.903	474.903	0.0	0.135	5.135	0.0	0.00554884	0.02254144	0.0	6.41e-06	0.00024373
Camden	0.021	603.715	1292.715	0.002	3.28	7.28	3.9e-07	0.01124718	0.02408322	4e-08	6.111e-05	0.00013563
Quitman	1.207	480.356	509.356	0.0	0.0	1.0	0.00052962	0.2107749	0.22349978	0.0	0.0	0.00043879
Mitchell	0.029	270.823	887.823	0.0	0.0	41.0	1.31e-06	0.01220363	0.04000644	0.0	0.0	0.00184751
Wilkes	0.0	38.975	217.975	0.0	0.0	3.0	0.0	0.00394644	0.02207118	0.0	0.0	0.00030377
Lee	0.0	93.485	613.485	0.0	0.0	22.0	0.0	0.00314087	0.02061164	0.0	0.0	0.00073915
Washington	0.003	333.146	760.146	0.178	70.876	72.876	1.5e-07	0.0163419	0.03728765	8.73e-06	0.0034767	0.00357481
Richmond	0.275	3993.894	7779.894	0.0	21.962	104.962	1.36e-06	0.0198155	0.03859955	0.0	0.00010896	0.00052076
Laurens	0.028	587.875	1349.875	0.023	29.408	33.408	5.9e-07	0.01242208	0.02852351	4.9e-07	0.00062141	0.00070593
Wilcox	3.225	1283.568	1450.568	0.0	0.312	18.312	0.00036598	0.14566137	0.1646128	0.0	3.541e-05	0.00207808
Brantley	0.002	108.341	336.341	0.004	8.029	12.029	1.1e-07	0.00573324	0.01779865	2.1e-07	0.00042488	0.00063656
Sumter	0.002	109.586	841.586	0.0	4.053	60.053	7e-08	0.00368567	0.02830478	0.0	0.00013631	0.00201974
Baldwin	0.013	457.043	1429.043	0.006	10.499	48.499	2.9e-07	0.01019662	0.03188191	1.3e-07	0.00023423	0.00108201
Macon	0.003	66.474	241.474	0.0	0.0	10.0	2.3e-07	0.00505775	0.01837282	0.0	0.0	0.00076086
Clayton	0.0	1788.026	6345.026	0.0	25.897	126.897	0.0	0.0061738	0.02190849	0.0	8.942e-05	0.00043816
Fayette	0.011	575.624	1555.624	0.007	15.105	40.105	1e-07	0.00507341	0.01371089	6e-08	0.00013313	0.00035348
Newton	0.018	780.592	2398.592	0.038	72.756	107.756	1.6e-07	0.00712603	0.02189675	3.5e-07	0.00066419	0.0009837
Pulaski	0.001	31.669	119.669	0.0	1.125	3.125	9e-08	0.00286105	0.01081118	0.0	0.00010164	0.00028232
Twiggs	0.378	395.986	489.986	0.0	6.199	9.199	4.617e-05	0.04836175	0.05984196	0.0	0.00075708	0.00112347
Decatur	0.01	509.516	1186.516	0.0	0.0	8.0	3.8e-07	0.01917276	0.04464783	0.0	0.0	0.00030103
Barrow	0.02	722.261	1849.261	0.002	3.209	35.209	2.5e-07	0.00893788	0.02288434	2e-08	3.971e-05	0.00043571
McIntosh	0.003	101.389	258.389	0.0	0.124	2.124	2.1e-07	0.00707036	0.01801876	0.0	8.65e-06	0.00014812
Bibb	0.032	1675.29	4889.29	0.0	25.26	86.26	2.1e-07	0.01094281	0.03193631	0.0	0.000165	0.00056344
Muscogee	0.042	1828.665	6196.665	0.001	27.82	109.82	2.2e-07	0.00941834	0.03191525	1e-08	0.00014328	0.00056562
Rockdale	0.15	897.331	2073.331	0.064	60.472	76.472	1.66e-06	0.00990497	0.02288596	7.1e-07	0.00066751	0.00084412
Lumpkin	0.01	221.318	523.318	0.011	13.768	19.768	3e-07	0.00671576	0.01587978	3.3e-07	0.00041778	0.00059985
Baker	0.001	26.356	84.356	0.0	0.0	3.0	3.2e-07	0.00852393	0.02728202	0.0	0.0	0.00097025
Talbot	0.0	7.629	135.629	0.0	0.0	3.0	0.0	0.00121636	0.02162452	0.0	0.0	0.00047832
Monroe	0.0	199.109	627.109	0.001	8.281	31.281	0.0	0.00723507	0.02278739	4e-08	0.00030091	0.00113666
Brooks	0.008	241.258	615.258	0.018	25.916	40.916	5.2e-07	0.01555199	0.0396608	1.16e-06	0.0016706	0.00263753
Stewart	0.034	77.65	327.65	0.024	16.703	21.703	5.48e-06	0.01252621	0.0528553	3.87e-06	0.00269447	0.00350105
Irwin	0.128	243.381	400.381	0.0	0.0	1.0	1.362e-05	0.02589711	0.04260279	0.0	0.0	0.00010641
Lamar	0.002	124.335	361.335	0.003	6.605	15.605	1.1e-07	0.00654395	0.01901763	1.6e-07	0.00034763	0.00082132
Marion	0.002	66.704	211.704	0.0	0.288	4.288	2.4e-07	0.00798755	0.02535074	0.0	3.449e-05	0.00051347
Wheeler	0.0	17.677	101.677	0.0	0.0	1.0	0.0	0.00224356	0.01290481	0.0	0.0	0.00012692
Oconee	0.003	178.509	574.509	0.0	0.0	15.0	8e-08	0.00454545	0.01462897	0.0	0.0	0.00038195
Emanuel	0.008	366.69	792.69	0.011	20.148	27.148	3.5e-07	0.01621661	0.03505616	4.9e-07	0.00089103	0.0012006
Houston	0.019	986.931	2788.931	0.028	62.545	111.545	1.2e-07	0.00634809	0.01793882	1.8e-07	0.0004023	0.00071747
Dawson	0.135	384.524	685.524	0.0	0.0	3.0	5.38e-06	0.01533006	0.02733022	0.0	0.0	0.0001196
Henry	0.017	1429.148	4448.148	0.004	16.129	58.129	7e-08	0.00620775	0.01932129	2e-08	7.006e-05	0.00025249
Columbia	0.081	1725.67	3694.67	0.013	17.123	36.123	5.2e-07	0.01118451	0.02394611	8e-08	0.00011098	0.00023412
Madison	0.004	194.278	535.278	0.0	0.0	4.0	1.3e-07	0.00655238	0.01805322	0.0	0.0	0.00013491
Appling	0.012	357.732	959.732	0.0	0.327	16.327	6.5e-07	0.01932955	0.05185778	0.0	1.767e-05	0.00088221
Wilkinson	0.001	69.943	254.943	0.0	0.235	10.235	1.1e-07	0.00774048	0.02821414	0.0	2.601e-05	0.00113269
Crisp	0.001	40.096	403.096	0.001	2.361	16.361	4e-08	0.00177408	0.01783532	4e-08	0.00010446	0.00072391
Lanier	0.001	70.164	285.164	0.001	2.361	6.361	1e-07	0.00678569	0.02757872	1e-07	0.00022834	0.00061518
Whitfield	0.106	2267.876	5499.876	0.024	31.64	58.64	1.02e-06	0.02179351	0.05285192	2.3e-07	0.00030405	0.00056351
Troup	0.0	72.964	2247.964	0.0	24.101	87.101	0.0	0.00104184	0.03209818	0.0	0.00034413	0.0012437
Liberty	0.008	426.507	1050.507	0.0	0.0	2.0	1.3e-07	0.00693541	0.01708225	0.0	0.0	3.252e-05
Miller	0.003	131.659	260.659	0.0	0.0	0.0	5.3e-07	0.02315494	0.04584224	0.0	0.0	0.0
Ben Hill	0.009	185.383	536.383	0.603	240.178	243.178	5.4e-07	0.01104325	0.03195228	3.592e-05	0.01430738	0.01448609
Walton	0.811	1538.024	2507.024	0.061	39.552	73.552	8.67e-06	0.01644893	0.02681223	6.5e-07	0.000423	0.00078663
Calhoun	0.229	195.363	389.363	0.0	0.0	6.0	3.605e-05	0.03075614	0.0612977	0.0	0.0	0.00094458
Dodge	0.0	3.309	192.309	0.099	39.373	42.373	0.0	0.00015982	0.00928805	4.78e-06	0.00190162	0.00204651
Candler	0.004	191.684	420.684	0.0	0.0	4.0	3.7e-07	0.01768955	0.03882281	0.0	0.0	0.00036914
Screven	0.002	84.808	259.808	0.001	2.361	11.361	1.4e-07	0.00608466	0.01864026	7e-08	0.00016939	0.00081511
Clarke	0.027	981.517	2722.517	0.009	15.173	32.173	2.1e-07	0.00770845	0.02138158	7e-08	0.00011916	0.00025267
Dougherty	0.01	518.98	3139.98	0.001	28.162	197.162	1.1e-07	0.00568789	0.03441338	1e-08	0.00030865	0.00216085
Echols	0.0	1.533	219.533	0.0	0.0	2.0	0.0	0.00038325	0.05488325	0.0	0.0	0.0005
Seminole	0.75	785.086	930.086	0.0	0.0	2.0	9.02e-05	0.09441804	0.1118564	0.0	0.0	0.00024053
Dade	0.003	63.912	174.912	0.0	0.0	1.0	1.8e-07	0.00393886	0.01077974	0.0	0.0	6.163e-05
Long	0.158	228.637	352.637	0.0	0.0	1.0	8.32e-06	0.01203479	0.0185618	0.0	0.0	5.264e-05
Randolph	0.115	187.893	448.893	0.0	0.0	26.0	1.683e-05	0.02749788	0.06569486	0.0	0.0	0.00380506
Stephens	0.005	276.269	837.269	0.015	33.517	43.517	1.9e-07	0.01061145	0.03215936	5.8e-07	0.00128738	0.00167148
Butts	0.02	289.973	755.973	0.007	8.099	45.099	8.3e-07	0.01198582	0.03124759	2.9e-07	0.00033477	0.00186413
Charlton	0.06	563.443	952.443	0.0	0.124	3.124	4.63e-06	0.04344872	0.07344564	0.0	9.56e-06	0.0002409
Cook	0.013	279.012	684.012	0.01	12.653	18.653	7.6e-07	0.01625755	0.03985619	5.8e-07	0.00073727	0.00108688
Paulding	0.014	711.116	2163.116	0.002	4.485	23.485	9e-08	0.00433491	0.01318619	1e-08	2.734e-05	0.00014316
Clay	0.0	14.639	94.639	0.0	0.0	2.0	0.0	0.00507066	0.03278109	0.0	0.0	0.00069276
Taliaferro	0.001	22.7	35.7	0.0	0.0	0.0	6.2e-07	0.01411692	0.02220149	0.0	0.0	0.0
De Kalb	0.0	4312.62	16916.62	0.001	59.69	284.69	0.0	0.00570032	0.02235998	0.0	7.89e-05	0.0003763
Gordon	0.029	847.912	1873.912	0.019	27.549	50.549	5e-07	0.014699	0.03248526	3.3e-07	0.00047758	0.00087629
Tattnall	0.018	379.806	804.806	0.0	0.0	1.0	7.1e-07	0.01495829	0.03169651	0.0	0.0	3.938e-05
Bulloch	0.036	774.196	1886.196	0.022	27.911	39.911	4.7e-07	0.01001599	0.02440225	2.8e-07	0.00036109	0.00051634
Terrell	0.002	70.497	362.497	0.004	5.903	35.903	2.3e-07	0.00818685	0.04209697	4.6e-07	0.00068552	0.00416943
Chatham	0.0	1947.443	6998.443	0.151	218.458	285.458	0.0	0.00673401	0.02419974	5.2e-07	0.0007554	0.00098708
Schley	0.001	41.273	96.273	0.0	0.0	1.0	1.9e-07	0.00788254	0.01838675	0.0	0.0	0.00019099
Putnam	0.038	357.198	741.198	0.002	1.972	18.972	1.74e-06	0.01637847	0.03398588	9e-08	9.042e-05	0.00086992
Franklin	0.002	120.961	495.961	0.004	8.029	12.029	9e-08	0.00525392	0.02154198	1.7e-07	0.00034874	0.00052248
Coffee	0.0	476.618	1823.618	0.001	12.485	37.485	0.0	0.01106022	0.0423182	2e-08	0.00028972	0.00086986
Heard	0.0	13.69	144.69	0.0	0.0	3.0	0.0	0.00115245	0.01218032	0.0	0.0	0.00025255
Chattahoochee	31.825	12666.366	13331.366	0.0	0.0	1.0	0.00297875	1.1855453	1.24778791	0.0	0.0	9.36e-05
Greene	0.002	135.827	389.827	0.0	0.209	11.209	1.1e-07	0.00767471	0.02202661	0.0	1.181e-05	0.00063335
Hancock	0.002	103.049	386.049	0.001	2.361	36.361	2.4e-07	0.01234415	0.04624449	1.2e-07	0.00028282	0.00435565
Union	0.003	139.99	366.99	0.003	6.605	12.605	1.2e-07	0.00583267	0.01529061	1.2e-07	0.0002752	0.00052519
Dooly	0.005	51.168	293.168	0.0	0.0	14.0	3.6e-07	0.00373326	0.02138976	0.0	0.0	0.00102145
Murray	0.0	240.629	778.629	0.0	0.0	2.0	0.0	0.00602763	0.01950425	0.0	0.0	5.01e-05
Hart	0.013	268.464	537.464	0.0	0.0	2.0	5e-07	0.01028637	0.02059328	0.0	0.0	7.663e-05
Glascock	0.001	14.458	37.458	0.0	0.0	1.0	3.3e-07	0.00482738	0.01250684	0.0	0.0	0.00033389
Bleckley	0.001	53.831	186.831	0.0	1.243	4.243	8e-08	0.0041931	0.01455297	0.0	9.682e-05	0.0003305
Worth	0.002	88.859	515.859	0.0	0.235	23.235	1e-07	0.00437751	0.02541303	0.0	1.158e-05	0.00114464
Forsyth	0.032	1152.647	3094.647	0.018	29.759	49.759	1.4e-07	0.00487146	0.01307899	8e-08	0.00012577	0.0002103
McDuffie	0.031	287.724	583.724	0.008	8.855	17.855	1.44e-06	0.01336324	0.02711086	3.7e-07	0.00041127	0.00082927
Carroll	0.015	769.113	2525.113	0.009	21.48	68.48	1.3e-07	0.00651123	0.02137734	8e-08	0.00018185	0.00057974
Upson	0.003	125.735	613.735	0.002	2.919	48.919	1.1e-07	0.0047963	0.0234116	8e-08	0.00011135	0.00186607
Jenkins	0.001	70.504	300.504	0.01	23.604	45.604	1.2e-07	0.00811977	0.03460832	1.15e-06	0.00271842	0.0052521
Morgan	0.009	246.492	472.492	0.01	23.604	23.604	4.8e-07	0.01307442	0.0250619	5.3e-07	0.001252	0.001252
Oglethorpe	0.002	83.23	272.23	0.0	0.235	7.235	1.3e-07	0.00552876	0.01808357	0.0	1.561e-05	0.0004806
Lowndes	0.0	886.401	3871.401	0.0	20.484	52.484	0.0	0.0076203	0.03328205	0.0	0.0001761	0.0004512
Thomas	0.01	510.193	1509.193	0.005	11.804	50.804	2.2e-07	0.01147842	0.03395413	1.1e-07	0.00026557	0.001143
Burke	0.006	314.113	729.113	0.0	0.0	7.0	2.7e-07	0.01400852	0.0325163	0.0	0.0	0.00031218
Warren	2.315	921.335	976.335	0.0	0.0	0.0	0.00044087	0.17545896	0.18593316	0.0	0.0	0.0
White	0.007	188.127	490.127	0.0	0.0	5.0	2.3e-07	0.00627718	0.01635392	0.0	0.0	0.00016683
Bartow	0.036	1024.289	2642.289	0.0	21.513	81.513	3.4e-07	0.00962605	0.02483168	0.0	0.00020217	0.00076604
Rabun	0.003	138.528	331.528	0.0	0.0	3.0	1.8e-07	0.00821296	0.01965542	0.0	0.0	0.00017786
Hall	0.122	2605.121	8152.121	0.0	19.486	98.486	6e-07	0.0128872	0.04032749	0.0	9.639e-05	0.0004872
Banks	0.187	306.355	550.355	0.0	0.0	3.0	9.85e-06	0.01613414	0.02898436	0.0	0.0	0.00015799
Taylor	0.002	55.302	126.302	0.0	0.0	2.0	2.5e-07	0.00687921	0.01571116	0.0	0.0	0.00024879
Crawford	0.0	8.758	97.758	0.0	0.0	0.0	0.0	0.00071099	0.00793619	0.0	0.0	0.0
Spalding	0.008	447.004	1315.004	0.011	25.965	64.965	1.2e-07	0.00676254	0.01989416	1.7e-07	0.00039281	0.00098283
Toombs	0.013	466.659	1115.659	0.002	2.919	8.919	4.8e-07	0.01735631	0.04149437	7e-08	0.00010857	0.00033172
Jasper	0.002	70.113	196.113	0.0	0.0	1.0	1.4e-07	0.0049938	0.01396816	0.0	0.0	7.123e-05
Atkinson	0.0	26.397	322.397	0.0	0.0	2.0	0.0	0.00318151	0.03885706	0.0	0.0	0.00024105
Telfair	0.001	52.594	306.594	0.005	10.39	17.39	6e-08	0.0033128	0.01931179	3.1e-07	0.00065445	0.00109536
Treutlen	0.001	57.664	157.664	0.336	133.868	136.868	1.5e-07	0.00846879	0.02315524	4.935e-05	0.01966045	0.02010104
Walker	0.03	442.59	998.59	0.007	8.523	24.523	4.3e-07	0.00637646	0.01438683	1e-07	0.00012279	0.00035331
Polk	0.049	710.346	1392.346	0.028	31.969	40.969	1.15e-06	0.01672583	0.03278422	6.6e-07	0.00075274	0.00096466
Tift	0.01	365.391	1614.391	0.006	9.63	44.63	2.5e-07	0.00900621	0.03979175	1.5e-07	0.00023736	0.00110005
Peach	0.015	317.382	651.382	0.024	30.895	42.895	5.5e-07	0.01162699	0.02386277	8.8e-07	0.00113181	0.00157142
Pickens	0.01	278.041	573.041	0.0	0.0	5.0	3.1e-07	0.00869422	0.01791873	0.0	0.0	0.00015635
Fannin	0.003	156.665	440.665	0.0	0.0	2.0	1.2e-07	0.00603393	0.01697215	0.0	0.0	7.703e-05
Haralson	0.001	108.192	304.192	0.0	0.0	6.0	3e-08	0.00366343	0.01030007	0.0	0.0	0.00020316
Jackson	0.015	660.232	1618.232	0.0	0.0	13.0	2.1e-07	0.00937537	0.02297907	0.0	0.0	0.0001846
