Name	Predicted_New_Cases	Total_Predicted_New_Cases	Total_Predicted_Cases	Predicted_New_Deaths	Total_Predicted_New_Deaths	Total_Predicted_Deaths	Predicted_New_per_capita	Predicted_Total_New_per_capita	Predicted_Total_Cases_per_capita	Predicted_New_Deaths_per_capita	Total_Predicted_New_Deaths_per_capita	Total_Predicted_Deaths_per_capita
Turner	0.248	65.009	199.009	0.023	4.42	17.42	3.134e-05	0.00821651	0.02515281	2.91e-06	0.00055865	0.00220172
Floyd	0.419	109.645	401.645	0.016	2.945	17.945	4.28e-06	0.00111966	0.00410147	1.6e-07	3.007e-05	0.00018325
Gilmer	0.0	18.076	176.076	0.0	0.0	1.0	0.0	0.00058658	0.00571379	0.0	0.0	3.245e-05
Jones	0.569	68.485	116.485	0.0	0.0	0.0	1.988e-05	0.00239324	0.00407062	0.0	0.0	0.0
Pike	0.0	1.888	58.888	1.041	56.381	59.381	0.0	0.00010132	0.00316024	5.587e-05	0.00302571	0.0031867
Wayne	0.049	11.899	33.899	1.041	56.381	56.381	1.64e-06	0.00039919	0.00113725	3.492e-05	0.00189147	0.00189147
Fulton	6.784	1636.28	6360.28	0.52	125.403	375.403	6.46e-06	0.00155819	0.00605675	5e-07	0.00011942	0.00035749
Glynn	0.479	115.559	254.559	1.041	56.381	58.381	5.62e-06	0.00135602	0.00298712	1.222e-05	0.0006616	0.00068507
Cherokee	0.119	178.882	1112.882	0.024	8.624	41.624	4.7e-07	0.00070385	0.00437886	9e-08	3.393e-05	0.00016378
Gwinnett	9.559	2305.482	6572.482	0.109	26.186	161.186	1.03e-05	0.00248494	0.00708409	1.2e-07	2.822e-05	0.00017373
Harris	0.292	60.759	180.759	0.119	15.293	21.293	8.47e-06	0.00176241	0.00524319	3.45e-06	0.0004436	0.00061764
Montgomery	0.017	4.004	17.004	0.119	15.293	15.293	1.85e-06	0.00043555	0.00184967	1.294e-05	0.00166355	0.00166355
Early	0.315	46.036	293.036	0.83	65.854	97.854	3.074e-05	0.00449263	0.02859725	8.1e-05	0.00642666	0.00954953
Webster	2.211	136.185	149.185	0.0	0.0	1.0	0.0008468	0.05215818	0.05713711	0.0	0.0	0.000383
Berrien	0.17	40.899	91.899	0.0	0.0	0.0	8.83e-06	0.0021244	0.00477348	0.0	0.0	0.0
Catoosa	0.453	112.708	258.708	0.0	0.0	0.0	6.72e-06	0.00167173	0.00383726	0.0	0.0	0.0
Jeff Davis	0.0	2.579	40.579	0.0	0.0	1.0	0.0	0.0001716	0.00270005	0.0	0.0	6.654e-05
Chattooga	0.004	1.081	26.081	0.0	0.0	2.0	1.6e-07	4.361e-05	0.00105208	0.0	0.0	8.068e-05
Pierce	0.152	36.572	145.572	0.0	0.0	4.0	7.84e-06	0.00188622	0.00750797	0.0	0.0	0.0002063
Lincoln	0.0	0.338	16.338	0.0	0.0	1.0	0.0	4.27e-05	0.00206418	0.0	0.0	0.00012634
Colquitt	0.6	304.378	827.378	0.009	2.589	17.589	1.316e-05	0.00667613	0.01814744	2e-07	5.679e-05	0.00038579
Habersham	0.0	26.823	571.823	0.0	6.771	30.771	0.0	0.00059097	0.01259855	0.0	0.00014918	0.00067795
Meriwether	0.44	68.657	167.657	0.0	0.0	2.0	2.088e-05	0.00325883	0.0079579	0.0	0.0	9.493e-05
Camden	0.123	29.756	97.756	0.0	0.0	1.0	2.29e-06	0.00055435	0.00182119	0.0	0.0	1.863e-05
Quitman	0.0	0.429	14.429	0.0	0.0	1.0	0.0	0.00018824	0.00633129	0.0	0.0	0.00043879
Mitchell	0.157	37.872	453.872	0.0	0.0	32.0	7.07e-06	0.00170656	0.02045205	0.0	0.0	0.00144196
Wilkes	0.0	0.098	34.098	0.0	0.0	1.0	0.0	9.92e-06	0.00345261	0.0	0.0	0.00010126
Lee	0.0	3.374	364.374	0.0	0.0	22.0	0.0	0.00011336	0.0122421	0.0	0.0	0.00073915
Washington	0.0	0.349	74.349	0.0	0.0	1.0	0.0	1.712e-05	0.00364706	0.0	0.0	4.905e-05
Richmond	0.865	208.715	817.715	0.211	34.938	59.938	4.29e-06	0.00103553	0.00405705	1.05e-06	0.00017334	0.00029738
Laurens	0.0	4.657	112.657	0.0	0.0	1.0	0.0	9.84e-05	0.0023805	0.0	0.0	2.113e-05
Wilcox	0.211	49.163	166.163	0.0	0.0	13.0	2.394e-05	0.0055791	0.01885645	0.0	0.0	0.00147526
Brantley	0.513	70.174	131.174	0.0	0.0	2.0	2.715e-05	0.0037135	0.00694153	0.0	0.0	0.00010584
Sumter	0.492	118.588	608.588	0.143	23.733	67.733	1.655e-05	0.00398843	0.02046844	4.81e-06	0.0007982	0.00227804
Baldwin	0.0	16.581	396.581	0.0	2.271	29.271	0.0	0.00036992	0.00884771	0.0	5.067e-05	0.00065304
Macon	0.08	19.259	123.259	0.0	0.0	6.0	6.09e-06	0.00146534	0.0093783	0.0	0.0	0.00045652
Effingham	0.0	2.76	79.76	0.0	0.0	1.0	0.0	4.438e-05	0.00128252	0.0	0.0	1.608e-05
Clayton	0.0	66.132	1348.132	0.333	48.731	99.731	0.0	0.00022834	0.00465491	1.15e-06	0.00016826	0.00034436
Fayette	0.0	8.575	249.575	0.0	0.838	13.838	0.0	7.558e-05	0.00219969	0.0	7.39e-06	0.00012196
Jefferson	0.334	67.3	114.3	0.0	0.0	1.0	2.165e-05	0.00436163	0.00740765	0.0	0.0	6.481e-05
Newton	0.0	43.733	425.733	0.0	0.82	11.82	0.0	0.00039924	0.00388652	0.0	7.49e-06	0.0001079
Pulaski	0.064	13.759	56.759	0.0	0.0	2.0	5.78e-06	0.00124302	0.00512774	0.0	0.0	0.00018068
Twiggs	0.022	8.862	26.862	0.0	0.0	1.0	2.69e-06	0.00108232	0.00328065	0.0	0.0	0.00012213
Clinch	0.0	2.486	67.486	0.0	0.0	2.0	0.0	0.00037395	0.01015132	0.0	0.0	0.00030084
Decatur	0.618	148.991	354.991	0.036	5.933	11.933	2.325e-05	0.00560643	0.01335808	1.35e-06	0.00022325	0.00044903
Barrow	0.202	83.26	416.26	0.056	14.846	33.846	2.5e-06	0.00103033	0.00515116	6.9e-07	0.00018372	0.00041884
McIntosh	0.063	15.147	31.147	0.0	0.0	1.0	4.39e-06	0.00105628	0.00217204	0.0	0.0	6.974e-05
Bibb	0.5	111.932	605.932	0.274	40.115	69.115	3.27e-06	0.00073113	0.00395788	1.79e-06	0.00026203	0.00045145
Muscogee	0.463	179.605	876.605	0.007	1.798	22.798	2.38e-06	0.00092504	0.00451486	4e-08	9.26e-06	0.00011742
Rockdale	0.271	69.235	371.235	0.034	6.128	14.128	2.99e-06	0.00076423	0.00409779	3.8e-07	6.764e-05	0.00015595
Lumpkin	0.132	31.814	132.814	0.0	0.0	1.0	4.01e-06	0.00096538	0.00403016	0.0	0.0	3.034e-05
Baker	0.0	0.272	35.272	0.0	0.013	3.013	0.0	8.797e-05	0.0114075	0.0	4.2e-06	0.00097445
Talbot	0.0	1.499	41.499	1.041	56.381	58.381	0.0	0.000239	0.00661655	0.00016598	0.00898932	0.0093082
Monroe	0.012	7.963	131.963	0.023	7.203	18.203	4.4e-07	0.00028935	0.00479517	8.4e-07	0.00026174	0.00066145
Brooks	0.0	2.206	78.206	0.0	1.712	9.712	0.0	0.0001422	0.00504132	0.0	0.00011036	0.00062606
Douglas	0.0	40.758	611.758	0.0	3.717	28.717	0.0	0.00028045	0.00420941	0.0	2.558e-05	0.0001976
Stewart	0.118	28.349	82.349	0.0	0.0	1.0	1.904e-05	0.00457316	0.01328424	0.0	0.0	0.00016132
Irwin	0.303	47.309	80.309	0.0	0.0	1.0	3.224e-05	0.00503394	0.00854533	0.0	0.0	0.00010641
Lamar	0.223	53.88	128.88	1.966	106.494	108.494	1.174e-05	0.00283579	0.00678316	0.00010347	0.00560495	0.00571021
Marion	0.127	30.731	89.731	0.0	0.0	2.0	1.521e-05	0.00367992	0.01074494	0.0	0.0	0.00023949
Wheeler	0.061	14.715	27.715	0.0	0.0	0.0	7.74e-06	0.00186762	0.00351758	0.0	0.0	0.0
Oconee	0.035	26.875	146.875	0.018	5.73	14.73	8.9e-07	0.00068433	0.00373994	4.6e-07	0.00014591	0.00037508
Emanuel	0.0	1.785	29.785	0.0	0.0	2.0	0.0	7.894e-05	0.00131722	0.0	0.0	8.845e-05
Houston	0.0	22.294	412.294	0.0	1.877	20.877	0.0	0.0001434	0.00265194	0.0	1.207e-05	0.00013428
Dawson	0.0	4.633	114.633	0.0	0.0	1.0	0.0	0.00018471	0.00457015	0.0	0.0	3.987e-05
Henry	0.727	175.281	917.281	0.13	21.532	44.532	3.16e-06	0.00076136	0.00398437	5.6e-07	9.353e-05	0.00019343
Columbia	0.367	88.616	354.616	0.048	7.911	15.911	2.38e-06	0.00057434	0.00229836	3.1e-07	5.127e-05	0.00010312
Madison	0.238	57.454	118.454	0.0	0.0	1.0	8.03e-06	0.00193774	0.00399508	0.0	0.0	3.373e-05
Grady	29.487	1597.434	1716.434	0.0	0.0	4.0	0.00119149	0.064548	0.06935647	0.0	0.0	0.00016163
Appling	0.395	95.32	267.32	0.0	0.0	13.0	2.134e-05	0.00515048	0.01444426	0.0	0.0	0.00070244
Wilkinson	0.0	1.768	71.768	0.0	1.258	8.258	0.0	0.00019566	0.00794245	0.0	0.00013922	0.0009139
Crisp	0.0	9.091	247.091	0.0	0.0	8.0	0.0	0.00040224	0.01093275	0.0	0.0	0.00035397
Lanier	0.122	29.431	56.431	0.0	0.0	2.0	1.18e-05	0.00284632	0.00545754	0.0	0.0	0.00019342
Whitfield	1.371	330.544	757.544	0.0	0.0	7.0	1.317e-05	0.00317641	0.00727974	0.0	0.0	6.727e-05
Bryan	0.0	4.005	82.005	0.0	0.0	5.0	0.0	0.00010509	0.00215185	0.0	0.0	0.0001312
Troup	1.127	243.04	606.04	0.114	15.663	26.663	1.609e-05	0.00347031	0.00865351	1.63e-06	0.00022365	0.00038072
Liberty	0.24	57.991	142.991	0.0	0.0	1.0	3.9e-06	0.00094299	0.00232517	0.0	0.0	1.626e-05
Miller	0.044	10.495	52.495	0.0	0.0	0.0	7.74e-06	0.00184576	0.00923233	0.0	0.0	0.0
Ben Hill	0.032	32.9	116.9	0.0	0.0	1.0	1.91e-06	0.00195985	0.00696372	0.0	0.0	5.957e-05
Walton	0.905	218.342	506.342	0.064	10.546	25.546	9.68e-06	0.00233513	0.00541525	6.8e-07	0.00011279	0.00027321
Calhoun	0.0	5.098	141.098	0.0	1.5	8.5	0.0	0.00080258	0.02221316	0.0	0.00023615	0.00133816
Dodge	0.012	6.639	58.639	0.0	0.0	2.0	5.8e-07	0.00032065	0.00283212	0.0	0.0	9.66e-05
Candler	0.005	1.193	15.193	0.0	0.0	0.0	4.6e-07	0.0001101	0.00140209	0.0	0.0	0.0
Screven	0.314	75.741	131.741	0.012	2.922	5.922	2.253e-05	0.00543414	0.00945193	8.6e-07	0.00020964	0.00042488
Clarke	0.769	185.451	484.451	0.013	2.199	17.199	6.04e-06	0.00145646	0.00380469	1e-07	1.727e-05	0.00013507
Dougherty	0.0	14.168	1808.168	0.105	25.319	174.319	0.0	0.00015528	0.01981706	1.15e-06	0.00027749	0.00191049
Echols	0.331	114.405	244.405	0.105	25.319	25.319	8.275e-05	0.02860125	0.06110125	2.625e-05	0.00632975	0.00632975
Seminole	0.028	6.705	51.705	0.0	0.0	2.0	3.37e-06	0.00080637	0.00621828	0.0	0.0	0.00024053
Dade	0.088	21.314	61.314	0.0	0.0	1.0	5.42e-06	0.00131357	0.00377875	0.0	0.0	6.163e-05
Elbert	0.022	8.695	84.695	0.0	0.0	0.0	1.15e-06	0.00045476	0.00442965	0.0	0.0	0.0
Long	0.013	8.561	24.561	0.0	0.0	1.0	6.8e-07	0.00045063	0.00129282	0.0	0.0	5.264e-05
Unassigned	4.275	1760.165	2956.165	0.196	22.181	23.181	N/A	N/A	N/A	N/A	N/A	N/A
Randolph	0.074	19.273	200.273	0.0	0.0	19.0	1.083e-05	0.00282058	0.02930967	0.0	0.0	0.00278062
Stephens	0.258	62.109	209.109	0.002	0.433	3.433	9.91e-06	0.0023856	0.00803184	8e-08	1.663e-05	0.00013186
Butts	0.277	66.866	306.866	0.131	21.755	45.755	1.145e-05	0.00276386	0.01268408	5.41e-06	0.00089923	0.00189125
Charlton	0.006	6.088	39.088	0.0	0.0	1.0	4.6e-07	0.00046946	0.00301419	0.0	0.0	7.711e-05
Cook	0.0	0.632	47.632	0.0	0.0	2.0	0.0	3.683e-05	0.00277543	0.0	0.0	0.00011654
Paulding	0.6	144.767	484.767	0.0	0.0	11.0	3.66e-06	0.00088249	0.0029551	0.0	0.0	6.706e-05
Clay	0.042	12.445	54.445	0.0	0.0	2.0	1.455e-05	0.0043107	0.01885868	0.0	0.0	0.00069276
Taliaferro	0.0	0.0	1.0	0.0	0.0	0.0	0.0	0.0	0.00062189	0.0	0.0	0.0
De Kalb	2.578	1128.036	5067.036	0.205	49.339	171.339	3.41e-06	0.00149101	0.00669749	2.7e-07	6.522e-05	0.00022647
Gordon	1.153	190.957	371.957	0.308	27.584	43.584	1.999e-05	0.00331034	0.00644807	5.34e-06	0.00047818	0.00075555
Tattnall	0.176	39.327	68.327	0.308	27.584	27.584	6.93e-06	0.00154886	0.00269099	1.213e-05	0.00108637	0.00108637
Bulloch	0.307	59.976	136.976	0.0	0.0	2.0	3.97e-06	0.00077593	0.0017721	0.0	0.0	2.587e-05
Terrell	0.0	0.754	217.754	0.0	0.0	26.0	0.0	8.756e-05	0.02528789	0.0	0.0	0.00301939
Chatham	0.0	95.521	620.521	0.0	5.945	32.945	0.0	0.0003303	0.00214568	0.0	2.056e-05	0.00011392
Schley	0.0	0.0	17.0	0.0	0.0	1.0	0.0	0.0	0.00324675	0.0	0.0	0.00019099
Putnam	0.068	16.339	113.339	0.036	5.933	14.933	3.12e-06	0.00074919	0.00519689	1.65e-06	0.00027204	0.00068472
Franklin	74.584	4040.57	4163.57	0.0	0.0	1.0	0.00323954	0.17550146	0.18084394	0.0	0.0	4.343e-05
Coffee	0.0	17.369	306.369	0.0	2.59	17.59	0.0	0.00040306	0.00710948	0.0	6.01e-05	0.00040819
Heard	0.096	23.046	60.046	0.0	0.0	3.0	8.08e-06	0.00194006	0.0050548	0.0	0.0	0.00025255
Chattahoochee	135.87	7360.723	7526.723	0.0	0.0	0.0	0.01271715	0.68894824	0.70448549	0.0	0.0	0.0
Greene	0.028	10.726	83.726	0.0	0.0	7.0	1.58e-06	0.00060606	0.00473082	0.0	0.0	0.00039552
Ware	0.0	6.3	244.3	0.0	0.328	14.328	0.0	0.00017657	0.00684697	0.0	9.19e-06	0.00040157
Hancock	0.0	0.933	197.933	0.0	1.361	26.361	0.0	0.00011176	0.02371023	0.0	0.00016303	0.00315776
Union	0.083	20.121	68.121	0.0	0.0	1.0	3.46e-06	0.00083834	0.00283826	0.0	0.0	4.166e-05
Dooly	0.0	15.966	201.966	0.0	0.0	12.0	0.0	0.00116489	0.01473559	0.0	0.0	0.00087553
Murray	0.211	50.962	150.962	0.0	0.0	1.0	5.29e-06	0.00127657	0.00378152	0.0	0.0	2.505e-05
Hart	6.701	412.81	448.81	0.0	0.0	0.0	0.00025675	0.01581708	0.01719644	0.0	0.0	0.0
Glascock	0.0	0.0	1.0	0.0	0.0	1.0	0.0	0.0	0.00033389	0.0	0.0	0.00033389
Bleckley	0.037	16.351	64.351	0.0	0.0	0.0	2.88e-06	0.00127364	0.00501254	0.0	0.0	0.0
Worth	0.127	30.731	258.731	0.068	11.206	32.206	6.26e-06	0.00151392	0.012746	3.35e-06	0.00055205	0.00158658
Forsyth	0.0	47.971	582.971	0.0	0.789	12.789	0.0	0.00020274	0.00246383	0.0	3.33e-06	5.405e-05
McDuffie	0.0	2.785	72.785	0.0	0.0	5.0	0.0	0.00012935	0.00338047	0.0	0.0	0.00023222
Carroll	0.0	82.093	650.093	0.0	0.059	28.059	0.0	0.00069499	0.00550362	0.0	5e-07	0.00023754
Towns	0.041	8.769	35.769	0.0	0.0	1.0	3.46e-06	0.00073988	0.00301797	0.0	0.0	8.437e-05
Upson	0.0	7.626	297.626	0.0	1.36	35.36	0.0	0.0002909	0.01135327	0.0	5.188e-05	0.00134885
Jenkins	0.025	5.954	27.954	0.0	0.0	1.0	2.88e-06	0.00068571	0.00321939	0.0	0.0	0.00011517
Morgan	0.0	0.603	38.603	0.0	0.0	0.0	0.0	3.198e-05	0.00204758	0.0	0.0	0.0
Oglethorpe	3.536	232.186	295.186	0.0	0.776	7.776	0.00023489	0.01542354	0.01960848	0.0	5.155e-05	0.00051654
Lowndes	0.901	217.259	573.259	0.001	0.22	4.22	7.75e-06	0.00186775	0.00492825	1e-08	1.89e-06	3.628e-05
Thomas	0.0	14.941	363.941	0.0	1.749	33.749	0.0	0.00033615	0.00818802	0.0	3.935e-05	0.00075929
Burke	0.01	2.38	125.38	0.048	7.911	13.911	4.5e-07	0.00010614	0.00559158	2.14e-06	0.00035281	0.00062039
Warren	0.0	0.044	18.044	0.048	7.911	7.911	0.0	8.38e-06	0.0034363	9.14e-06	0.00150657	0.00150657
Johnson	0.0	1.895	84.895	0.0	0.0	2.0	0.0	0.0001952	0.00874485	0.0	0.0	0.00020602
White	0.115	27.7	137.7	0.0	0.0	3.0	3.84e-06	0.00092426	0.00459459	0.0	0.0	0.0001001
Bartow	0.499	124.273	628.273	0.08	13.951	52.951	4.69e-06	0.00116789	0.00590438	7.5e-07	0.00013111	0.00049762
Bacon	11.275	1071.086	1208.086	0.015	3.678	6.678	0.00100805	0.09576093	0.10800948	1.34e-06	0.00032883	0.00059705
Rabun	0.167	32.527	57.527	0.0	0.0	1.0	9.9e-06	0.00192844	0.00341062	0.0	0.0	5.929e-05
Hall	0.777	363.384	2929.384	0.139	29.95	79.95	3.84e-06	0.00179761	0.01449128	6.9e-07	0.00014816	0.0003955
Banks	0.0	8.173	95.173	0.0	0.0	1.0	0.0	0.00043043	0.00501227	0.0	0.0	5.266e-05
Taylor	0.017	4.111	27.111	0.0	0.0	2.0	2.11e-06	0.00051138	0.00337243	0.0	0.0	0.00024879
Crawford	0.0	0.589	28.589	0.0	0.0	0.0	0.0	4.782e-05	0.00232091	0.0	0.0	0.0
Spalding	0.277	66.754	347.754	0.204	33.838	55.838	4.19e-06	0.00100989	0.00526103	3.09e-06	0.00051192	0.00084475
Toombs	0.036	13.269	73.269	0.0	0.0	4.0	1.34e-06	0.00049351	0.00272507	0.0	0.0	0.00014877
Coweta	0.0	38.272	478.272	0.0	1.064	10.064	0.0	0.00026238	0.00327889	0.0	7.29e-06	6.9e-05
Jasper	0.169	32.975	77.975	0.0	0.0	1.0	1.204e-05	0.00234865	0.00555377	0.0	0.0	7.123e-05
Atkinson	0.267	64.378	118.378	0.0	0.0	2.0	3.218e-05	0.00775919	0.01426757	0.0	0.0	0.00024105
Telfair	0.06	14.392	52.392	0.0	0.0	1.0	3.78e-06	0.00090653	0.00330008	0.0	0.0	6.299e-05
Treutlen	5.088	275.638	288.638	0.0	0.0	0.0	0.00074725	0.04048142	0.04239066	0.0	0.0	0.0
Cobb	1.253	635.813	3800.813	0.471	113.718	303.718	1.66e-06	0.00084006	0.00502178	6.2e-07	0.00015025	0.00040128
Walker	2.993	467.501	645.501	0.471	113.718	113.718	4.312e-05	0.00673536	0.00929983	6.79e-06	0.00163835	0.00163835
Polk	0.353	85.154	223.154	0.0	0.0	1.0	8.31e-06	0.00200504	0.00525439	0.0	0.0	2.355e-05
Evans	0.0	0.0	6.0	0.0	0.0	0.0	0.0	0.0	0.00055965	0.0	0.0	0.0
Tift	0.361	108.155	385.155	0.047	10.589	28.589	8.9e-06	0.00266582	0.00949336	1.16e-06	0.000261	0.00070467
Peach	6.36	344.543	420.543	0.0	0.443	4.443	0.00023299	0.01262201	0.0154062	0.0	1.623e-05	0.00016277
Pickens	0.11	22.99	72.99	0.0	0.0	4.0	3.44e-06	0.00071889	0.00228236	0.0	0.0	0.00012508
Fannin	18.667	888.895	938.895	0.0	0.0	1.0	0.00071896	0.03423567	0.03616142	0.0	0.0	3.851e-05
Haralson	0.108	26.074	76.074	0.041	6.813	10.813	3.66e-06	0.00088288	0.0025759	1.39e-06	0.00023069	0.00036613
Jackson	0.578	139.468	349.468	0.048	7.911	13.911	8.21e-06	0.00198046	0.00496248	6.8e-07	0.00011234	0.00019754
