Name	Confirmed	Deaths	Recovered	Active	Confirmed_per_capita	Deaths_per_capita	IFR_0.30_expected	IFR_0.65_expected	IFR_1.0_expected	IFR_0.30_expected_per_capita	IFR_0.65_expected_per_capita	IFR_1.0_expected_per_capita	Confirmed_daily	Deaths_daily	Confirmed_change	Deaths_change
Union	0	0	0	0	0.0	0.0	0	0	0	0.0	0.0	0.0	0	0	0	0
Paulding	24	0	0	0	0.0001463	0.0	120	48	30	0.0007315	0.0002926	0.000182875	1	0	0	0
Montgomery	0	0	0	0	0.0	0.0	0	0	0	0.0	0.0	0.0	0	0	0	0
Wayne	0	0	0	0	0.0	0.0	0	0	0	0.0	0.0	0.0	0	0	0	0
Screven	0	0	0	0	0.0	0.0	0	0	0	0.0	0.0	0.0	0	0	0	0
Pickens	6	1	0	0	0.00018762	3.127e-05	333.333333333	153.846153846	100	0.0104233333333	0.00481076923077	0.003127	1	0	0	0
Wilkinson	0	0	0	0	0.0	0.0	0	0	0	0.0	0.0	0.0	0	0	0	0
Ben Hill	2	0	0	0	0.00011914	0.0	10	4	2.5	0.0005957	0.00023828	0.000148925	0	0	0	0
Worth	11	1	0	0	0.0005419	4.926e-05	333.333333333	153.846153846	100	0.01642	0.00757846153846	0.004926	1	0	0	0
Appling	0	0	0	0	0.0	0.0	0	0	0	0.0	0.0	0.0	0	0	0	0
McDuffie	1	0	0	0	4.644e-05	0.0	5	2	1.25	0.0002322	9.288e-05	5.805e-05	0	0	0	0
Dodge	1	0	0	0	4.83e-05	0.0	5	2	1.25	0.0002415	9.66e-05	6.0375e-05	0	0	0	0
Meriwether	6	0	0	0	0.00028479	0.0	30	12	7.5	0.00142395	0.00056958	0.0003559875	1	0	0	0
Columbia	12	0	0	0	7.778e-05	0.0	60	24	15	0.0003889	0.00015556	9.7225e-05	0	0	0	0
Bibb	15	0	0	0	9.798e-05	0.0	75	30	18.75	0.0004899	0.00019596	0.000122475	2	0	0	0
Brooks	1	0	0	0	6.446e-05	0.0	5	2	1.25	0.0003223	0.00012892	8.0575e-05	0	0	0	0
Elbert	0	0	0	0	0.0	0.0	0	0	0	0.0	0.0	0.0	0	0	0	0
Harris	4	0	0	0	0.00011603	0.0	20	8	5	0.00058015	0.00023206	0.0001450375	2	0	0	0
Coweta	28	2	0	0	0.00019196	1.371e-05	666.666666667	307.692307692	200	0.00457	0.00210923076923	0.001371	6	0	0	0
Dougherty	267	17	0	0	0.00292625	0.00018632	5666.66666667	2615.38461538	1700	0.0621066666667	0.0286646153846	0.018632	28	0	0	0
Crisp	6	0	0	0	0.00026547	0.0	30	12	7.5	0.00132735	0.00053094	0.0003318375	0	0	0	0
Hancock	0	0	0	0	0.0	0.0	0	0	0	0.0	0.0	0.0	0	0	0	0
Toombs	2	0	0	0	7.439e-05	0.0	10	4	2.5	0.00037195	0.00014878	9.29875e-05	1	0	0	0
Gordon	15	1	0	0	0.00026003	1.734e-05	333.333333333	153.846153846	100	0.00578	0.00266769230769	0.001734	1	0	0	0
Henry	58	2	0	0	0.00025193	8.69e-06	666.666666667	307.692307692	200	0.00289666666667	0.00133692307692	0.000869	3	1	0	0
Webster	0	0	0	0	0.0	0.0	0	0	0	0.0	0.0	0.0	0	0	0	0
Wilkes	1	0	0	0	0.00010126	0.0	5	2	1.25	0.0005063	0.00020252	0.000126575	0	0	0	0
Thomas	7	0	0	0	0.00015749	0.0	35	14	8.75	0.00078745	0.00031498	0.0001968625	0	0	0	0
Ware	5	0	0	0	0.00014013	0.0	25	10	6.25	0.00070065	0.00028026	0.0001751625	0	0	0	0
Stephens	3	0	0	0	0.00011523	0.0	15	6	3.75	0.00057615	0.00023046	0.0001440375	0	0	0	0
Newton	18	0	0	0	0.00016432	0.0	90	36	22.5	0.0008216	0.00032864	0.0002054	1	0	0	0
Bacon	1	0	0	0	8.941e-05	0.0	5	2	1.25	0.00044705	0.00017882	0.0001117625	0	0	0	0
Hall	34	0	0	0	0.00016819	0.0	170	68	42.5	0.00084095	0.00033638	0.0002102375	2	0	0	0
Heard	1	1	0	0	8.418e-05	8.418e-05	333.333333333	153.846153846	100	0.02806	0.0129507692308	0.008418	0	0	0	0
Camden	3	0	0	0	5.589e-05	0.0	15	6	3.75	0.00027945	0.00011178	6.98625e-05	1	0	0	0
Jasper	2	0	0	0	0.00014245	0.0	10	4	2.5	0.00071225	0.0002849	0.0001780625	0	0	0	0
Effingham	4	0	0	0	6.432e-05	0.0	20	8	5	0.0003216	0.00012864	8.04e-05	0	0	0	0
Lowndes	20	1	0	0	0.00017194	8.6e-06	333.333333333	153.846153846	100	0.00286666666667	0.00132307692308	0.00086	0	0	0	0
Polk	12	0	0	0	0.00028255	0.0	60	24	15	0.00141275	0.0005651	0.0003531875	2	0	0	0
Warren	1	0	0	0	0.00019044	0.0	5	2	1.25	0.0009522	0.00038088	0.00023805	1	0	0	0
Jackson	2	0	0	0	2.84e-05	0.0	10	4	2.5	0.000142	5.68e-05	3.55e-05	0	0	0	0
McIntosh	0	0	0	0	0.0	0.0	0	0	0	0.0	0.0	0.0	0	0	0	0
Washington	2	0	0	0	9.811e-05	0.0	10	4	2.5	0.00049055	0.00019622	0.0001226375	0	0	0	0
Liberty	4	0	0	0	6.504e-05	0.0	20	8	5	0.0003252	0.00013008	8.13e-05	1	0	0	0
Jefferson	0	0	0	0	0.0	0.0	0	0	0	0.0	0.0	0.0	0	0	0	0
Murray	3	0	0	0	7.515e-05	0.0	15	6	3.75	0.00037575	0.0001503	9.39375e-05	0	0	0	0
Seminole	5	0	0	0	0.00060132	0.0	25	10	6.25	0.0030066	0.00120264	0.00075165	2	0	0	0
Jenkins	1	0	0	0	0.00011517	0.0	5	2	1.25	0.00057585	0.00023034	0.0001439625	0	0	0	0
White	1	0	0	0	3.337e-05	0.0	5	2	1.25	0.00016685	6.674e-05	4.17125e-05	0	0	0	0
Burke	4	0	0	0	0.00017839	0.0	20	8	5	0.00089195	0.00035678	0.0002229875	0	0	0	0
Putnam	0	0	0	0	0.0	0.0	0	0	0	0.0	0.0	0.0	0	0	0	0
Coffee	10	0	0	0	0.00023206	0.0	50	20	12.5	0.0011603	0.00046412	0.000290075	2	0	0	0
Glynn	10	0	0	0	0.00011734	0.0	50	20	12.5	0.0005867	0.00023468	0.000146675	2	0	0	0
Berrien	1	0	0	0	5.194e-05	0.0	5	2	1.25	0.0002597	0.00010388	6.4925e-05	1	0	0	0
Catoosa	3	0	0	0	4.45e-05	0.0	15	6	3.75	0.0002225	8.9e-05	5.5625e-05	0	0	0	0
Butts	5	0	0	0	0.00020667	0.0	25	10	6.25	0.00103335	0.00041334	0.0002583375	0	0	0	0
Oconee	11	0	0	0	0.0002801	0.0	55	22	13.75	0.0014005	0.0005602	0.000350125	0	0	0	0
Jeff Davis	0	0	0	0	0.0	0.0	0	0	0	0.0	0.0	0.0	0	0	0	0
Cook	1	0	0	0	5.827e-05	0.0	5	2	1.25	0.00029135	0.00011654	7.28375e-05	1	0	0	0
Marion	0	0	0	0	0.0	0.0	0	0	0	0.0	0.0	0.0	0	0	0	0
Chatham	16	0	0	0	5.533e-05	0.0	80	32	20	0.00027665	0.00011066	6.91625e-05	1	0	0	0
Colquitt	6	0	0	0	0.0001316	0.0	30	12	7.5	0.000658	0.0002632	0.0001645	0	0	0	0
Barrow	7	1	0	0	8.662e-05	1.237e-05	333.333333333	153.846153846	100	0.00412333333333	0.00190307692308	0.001237	0	0	0	0
Upson	5	0	0	0	0.00019073	0.0	25	10	6.25	0.00095365	0.00038146	0.0002384125	0	0	0	0
Schley	1	0	0	0	0.00019099	0.0	5	2	1.25	0.00095495	0.00038198	0.0002387375	1	0	0	0
Johnson	0	0	0	0	0.0	0.0	0	0	0	0.0	0.0	0.0	0	0	0	0
Candler	1	0	0	0	9.228e-05	0.0	5	2	1.25	0.0004614	0.00018456	0.00011535	0	0	0	0
Baker	1	1	0	0	0.00032342	0.00032342	333.333333333	153.846153846	100	0.107806666667	0.0497569230769	0.032342	0	0	0	0
Oglethorpe	0	0	0	0	0.0	0.0	0	0	0	0.0	0.0	0.0	0	0	0	0
Irwin	3	0	0	0	0.00031922	0.0	15	6	3.75	0.0015961	0.00063844	0.000399025	0	0	0	0
Greene	3	0	0	0	0.00016951	0.0	15	6	3.75	0.00084755	0.00033902	0.0002118875	2	0	0	0
Bartow	121	1	0	0	0.00113713	9.4e-06	333.333333333	153.846153846	100	0.00313333333333	0.00144615384615	0.00094	2	0	0	0
Forsyth	33	1	0	0	0.00013947	4.23e-06	333.333333333	153.846153846	100	0.00141	0.000650769230769	0.000423	8	0	0	0
Clay	0	0	0	0	0.0	0.0	0	0	0	0.0	0.0	0.0	0	0	0	0
Fulton	463	14	0	0	0.0004409	1.333e-05	4666.66666667	2153.84615385	1400	0.00444333333333	0.00205076923077	0.001333	56	1	0	0
Macon	1	0	0	0	7.609e-05	0.0	5	2	1.25	0.00038045	0.00015218	9.51125e-05	0	0	0	0
Madison	3	0	0	0	0.00010118	0.0	15	6	3.75	0.0005059	0.00020236	0.000126475	0	0	0	0
Taylor	1	0	0	0	0.00012439	0.0	5	2	1.25	0.00062195	0.00024878	0.0001554875	0	0	0	0
Evans	0	0	0	0	0.0	0.0	0	0	0	0.0	0.0	0.0	0	0	0	0
Clinch	1	0	0	0	0.00015042	0.0	5	2	1.25	0.0007521	0.00030084	0.000188025	0	0	0	0
Charlton	1	0	0	0	7.711e-05	0.0	5	2	1.25	0.00038555	0.00015422	9.63875e-05	0	0	0	0
Echols	0	0	0	0	0.0	0.0	0	0	0	0.0	0.0	0.0	0	0	0	0
Grady	0	0	0	0	0.0	0.0	0	0	0	0.0	0.0	0.0	0	0	0	0
Dawson	5	0	0	0	0.00019934	0.0	25	10	6.25	0.0009967	0.00039868	0.000249175	3	0	0	0
Hart	2	0	0	0	7.663e-05	0.0	10	4	2.5	0.00038315	0.00015326	9.57875e-05	1	0	0	0
Baldwin	3	0	0	0	6.693e-05	0.0	15	6	3.75	0.00033465	0.00013386	8.36625e-05	1	0	0	0
Lumpkin	4	0	0	0	0.00012138	0.0	20	8	5	0.0006069	0.00024276	0.000151725	0	0	0	0
Lanier	0	0	0	0	0.0	0.0	0	0	0	0.0	0.0	0.0	0	0	0	0
Haralson	3	0	0	0	0.00010158	0.0	15	6	3.75	0.0005079	0.00020316	0.000126975	1	0	0	0
Rockdale	18	1	0	0	0.00019869	1.104e-05	333.333333333	153.846153846	100	0.00368	0.00169846153846	0.001104	0	0	0	0
Cherokee	61	1	0	0	0.00024002	3.93e-06	333.333333333	153.846153846	100	0.00131	0.000604615384615	0.000393	5	0	0	0
Clarke	41	5	0	0	0.000322	3.927e-05	1666.66666667	769.230769231	500	0.01309	0.00604153846154	0.003927	6	3	0	0
Taliaferro	0	0	0	0	0.0	0.0	0	0	0	0.0	0.0	0.0	0	0	0	0
Richmond	13	0	0	0	6.45e-05	0.0	65	26	16.25	0.0003225	0.000129	8.0625e-05	1	0	0	0
Cobb	245	9	0	0	0.0003237	1.189e-05	3000	1384.61538462	900	0.00396333333333	0.00182923076923	0.001189	23	0	0	0
Telfair	0	0	0	0	0.0	0.0	0	0	0	0.0	0.0	0.0	0	0	0	0
Glascock	0	0	0	0	0.0	0.0	0	0	0	0.0	0.0	0.0	0	0	0	0
Treutlen	0	0	0	0	0.0	0.0	0	0	0	0.0	0.0	0.0	0	0	0	0
Peach	7	1	0	0	0.00025644	3.663e-05	333.333333333	153.846153846	100	0.01221	0.00563538461538	0.003663	1	1	0	0
Walton	4	0	0	0	4.278e-05	0.0	20	8	5	0.0002139	8.556e-05	5.3475e-05	-1	0	0	0
Muscogee	12	0	0	0	6.18e-05	0.0	60	24	15	0.000309	0.0001236	7.725e-05	4	0	0	0
Wheeler	1	0	0	0	0.00012692	0.0	5	2	1.25	0.0006346	0.00025384	0.00015865	0	0	0	0
Fayette	32	3	0	0	0.00028204	2.644e-05	1000	461.538461538	300	0.00881333333333	0.00406769230769	0.002644	6	0	0	0
Terrell	12	2	0	0	0.00139357	0.00023226	666.666666667	307.692307692	200	0.07742	0.0357323076923	0.023226	2	0	0	0
Early	16	1	0	0	0.00156143	9.759e-05	333.333333333	153.846153846	100	0.03253	0.0150138461538	0.009759	0	0	0	0
Floyd	28	2	0	0	0.00028593	2.042e-05	666.666666667	307.692307692	200	0.00680666666667	0.00314153846154	0.002042	1	0	0	0
Chattahoochee	1	0	0	0	9.36e-05	0.0	5	2	1.25	0.000468	0.0001872	0.000117	0	0	0	0
Towns	0	0	0	0	0.0	0.0	0	0	0	0.0	0.0	0.0	0	0	0	0
Stewart	0	0	0	0	0.0	0.0	0	0	0	0.0	0.0	0.0	0	0	0	0
Bryan	7	0	0	0	0.00018368	0.0	35	14	8.75	0.0009184	0.00036736	0.0002296	0	0	0	0
Lincoln	3	0	0	0	0.00037903	0.0	15	6	3.75	0.00189515	0.00075806	0.0004737875	0	0	0	0
Dade	0	0	0	0	0.0	0.0	0	0	0	0.0	0.0	0.0	0	0	0	0
Franklin	3	0	0	0	0.0001303	0.0	15	6	3.75	0.0006515	0.0002606	0.000162875	1	0	0	0
Walker	0	0	0	0	0.0	0.0	0	0	0	0.0	0.0	0.0	0	0	0	0
Chattooga	1	0	0	0	4.034e-05	0.0	5	2	1.25	0.0002017	8.068e-05	5.0425e-05	0	0	0	0
Carroll	81	0	0	0	0.00068574	0.0	405	162	101.25	0.0034287	0.00137148	0.000857175	17	0	0	0
Long	1	0	0	0	5.264e-05	0.0	5	2	1.25	0.0002632	0.00010528	6.58e-05	0	0	0	0
Talbot	0	0	0	0	0.0	0.0	0	0	0	0.0	0.0	0.0	0	0	0	0
Unassigned	164	1	0	0	N/A	N/A	333.333333333	153.846153846	100	N/A	N/A	N/A	-98	-1	0	0
Tift	19	0	0	0	0.00046831	0.0	95	38	23.75	0.00234155	0.00093662	0.0005853875	6	0	0	0
De Kalb	281	3	0	0	0.00037142	3.97e-06	1000	461.538461538	300	0.00132333333333	0.000610769230769	0.000397	9	0	0	0
Pike	2	0	0	0	0.00010733	0.0	10	4	2.5	0.00053665	0.00021466	0.0001341625	0	0	0	0
Sumter	16	1	0	0	0.00053812	3.363e-05	333.333333333	153.846153846	100	0.01121	0.00517384615385	0.003363	1	0	0	0
Calhoun	5	0	0	0	0.00078715	0.0	25	10	6.25	0.00393575	0.0015743	0.0009839375	2	0	0	0
Douglas	39	1	0	0	0.00026835	6.88e-06	333.333333333	153.846153846	100	0.00229333333333	0.00105846153846	0.000688	2	0	0	0
Pulaski	3	0	0	0	0.00027103	0.0	15	6	3.75	0.00135515	0.00054206	0.0003387875	0	0	0	0
Atkinson	0	0	0	0	0.0	0.0	0	0	0	0.0	0.0	0.0	0	0	0	0
Wilcox	0	0	0	0	0.0	0.0	0	0	0	0.0	0.0	0.0	0	0	0	0
Troup	11	1	0	0	0.00015707	1.428e-05	333.333333333	153.846153846	100	0.00476	0.00219692307692	0.001428	2	0	0	0
Crawford	0	0	0	0	0.0	0.0	0	0	0	0.0	0.0	0.0	0	0	0	0
Gilmer	1	0	0	0	3.245e-05	0.0	5	2	1.25	0.00016225	6.49e-05	4.05625e-05	1	0	0	0
Bleckley	0	0	0	0	0.0	0.0	0	0	0	0.0	0.0	0.0	0	0	0	0
Gwinnett	158	1	0	0	0.0001703	1.08e-06	333.333333333	153.846153846	100	0.00036	0.000166153846154	0.000108	15	0	0	0
Clayton	61	1	0	0	0.00021062	3.45e-06	333.333333333	153.846153846	100	0.00115	0.000530769230769	0.000345	2	0	0	0
Brantley	0	0	0	0	0.0	0.0	0	0	0	0.0	0.0	0.0	0	0	0	0
Quitman	0	0	0	0	0.0	0.0	0	0	0	0.0	0.0	0.0	0	0	0	0
Decatur	5	0	0	0	0.00018815	0.0	25	10	6.25	0.00094075	0.0003763	0.0002351875	1	0	0	0
Jones	2	0	0	0	6.989e-05	0.0	10	4	2.5	0.00034945	0.00013978	8.73625e-05	0	0	0	0
Pierce	2	0	0	0	0.00010315	0.0	10	4	2.5	0.00051575	0.0002063	0.0001289375	0	0	0	0
Laurens	12	0	0	0	0.00025357	0.0	60	24	15	0.00126785	0.00050714	0.0003169625	3	0	0	0
Dooly	1	0	0	0	7.296e-05	0.0	5	2	1.25	0.0003648	0.00014592	9.12e-05	1	0	0	0
Lamar	4	0	0	0	0.00021053	0.0	20	8	5	0.00105265	0.00042106	0.0002631625	2	0	0	0
Emanuel	0	0	0	0	0.0	0.0	0	0	0	0.0	0.0	0.0	0	0	0	0
Morgan	1	0	0	0	5.304e-05	0.0	5	2	1.25	0.0002652	0.00010608	6.63e-05	0	0	0	0
Banks	1	0	0	0	5.266e-05	0.0	5	2	1.25	0.0002633	0.00010532	6.5825e-05	1	0	0	0
Mitchell	15	0	0	0	0.00067592	0.0	75	30	18.75	0.0033796	0.00135184	0.0008449	0	0	0	0
Lee	44	6	0	0	0.0014783	0.00020159	2000	923.076923077	600	0.0671966666667	0.0310138461538	0.020159	1	0	0	0
Houston	16	1	0	0	0.00010291	6.43e-06	333.333333333	153.846153846	100	0.00214333333333	0.000989230769231	0.000643	1	0	0	0
Whitfield	7	2	0	0	6.727e-05	1.922e-05	666.666666667	307.692307692	200	0.00640666666667	0.00295692307692	0.001922	-1	2	0	0
Spalding	12	0	0	0	0.00018154	0.0	60	24	15	0.0009077	0.00036308	0.000226925	0	0	0	0
Miller	4	0	0	0	0.00070348	0.0	20	8	5	0.0035174	0.00140696	0.00087935	0	0	0	0
Habersham	0	0	0	0	0.0	0.0	0	0	0	0.0	0.0	0.0	0	0	0	0
Rabun	0	0	0	0	0.0	0.0	0	0	0	0.0	0.0	0.0	0	0	0	0
Bulloch	1	0	0	0	1.294e-05	0.0	5	2	1.25	6.47e-05	2.588e-05	1.6175e-05	0	0	0	0
Fannin	3	0	0	0	0.00011554	0.0	15	6	3.75	0.0005777	0.00023108	0.000144425	0	0	0	0
Tattnall	2	0	0	0	7.877e-05	0.0	10	4	2.5	0.00039385	0.00015754	9.84625e-05	0	0	0	0
Turner	3	0	0	0	0.00037917	0.0	15	6	3.75	0.00189585	0.00075834	0.0004739625	1	0	0	0
Twiggs	2	0	0	0	0.00024426	0.0	10	4	2.5	0.0012213	0.00048852	0.000305325	0	0	0	0
Randolph	3	0	0	0	0.00043905	0.0	15	6	3.75	0.00219525	0.0008781	0.0005488125	0	0	0	0
Monroe	3	0	0	0	0.00010901	0.0	15	6	3.75	0.00054505	0.00021802	0.0001362625	0	0	0	0
