Name	Predicted_New_Cases	Total_Predicted_New_Cases	Predicted_New_per_capita	Predicted_Total_per_capita
Turner	0.854	22.456	0.00010791	0.00283821
Floyd	0.0	1.084	0.0	1.107e-05
Gilmer	1.897	49.902	6.157e-05	0.00161936
Jones	0.0	0.0	0.0	0.0
Pike	0.0	0.0	0.0	0.0
Wayne	0.0	0.0	0.0	0.0
Fulton	22.172	679.418	2.111e-05	0.00064699
Glynn	0.0	0.498	0.0	5.84e-06
Cherokee	4.301	113.111	1.692e-05	0.00044506
Gwinnett	19.163	504.011	2.065e-05	0.00054324
Harris	0.661	17.641	1.917e-05	0.0005117
Early	4.079	107.29	0.00039809	0.01047034
Webster	1.423	37.427	0.000545	0.01433421
Berrien	0.0	0.0	0.0	0.0
Catoosa	0.0	0.289	0.0	4.29e-06
Jeff Davis	0.427	11.581	2.844e-05	0.00077058
Chattooga	0.063	1.663	2.55e-06	6.71e-05
Pierce	1.486	39.09	7.665e-05	0.00201609
Lincoln	0.063	1.663	7.99e-06	0.00021016
Colquitt	3.064	81.789	6.72e-05	0.00179394
Habersham	3.493	90.465	7.695e-05	0.00199314
Meriwether	0.661	17.641	3.137e-05	0.00083733
Camden	0.781	20.848	1.455e-05	0.0003884
Quitman	0.0	0.0	0.0	0.0
Mitchell	4.025	107.449	0.00018138	0.00484178
Wilkes	0.199	5.404	2.02e-05	0.00054723
Lee	6.166	162.182	0.00020717	0.00544893
Washington	0.411	10.812	2.016e-05	0.00053037
Richmond	2.024	53.229	1.004e-05	0.00026409
Laurens	0.379	9.98	8.02e-06	0.00021089
Wilcox	0.949	24.951	0.00010766	0.00283149
Brantley	0.0	0.0	0.0	0.0
Sumter	6.388	168.004	0.00021483	0.00565042
Baldwin	1.202	31.605	2.681e-05	0.0007051
Macon	0.511	13.632	3.885e-05	0.00103717
Effingham	0.759	19.961	1.22e-05	0.00032097
Clayton	5.146	168.291	1.777e-05	0.00058109
Fayette	2.435	64.041	2.146e-05	0.00056444
Jefferson	1.897	49.902	0.00012296	0.0032341
Newton	2.53	66.536	2.309e-05	0.00060741
Pulaski	0.24	6.415	2.171e-05	0.00057953
Twiggs	0.0	0.0	0.0	0.0
Clinch	0.095	2.495	1.427e-05	0.00037532
Decatur	0.712	19.302	2.681e-05	0.00072631
Barrow	1.075	28.278	1.33e-05	0.00034993
McIntosh	1.423	37.427	9.923e-05	0.00260994
Bibb	1.581	41.585	1.033e-05	0.00027163
Muscogee	1.992	52.397	1.026e-05	0.00026987
Rockdale	0.0	1.535	0.0	1.695e-05
Lumpkin	0.19	4.99	5.76e-06	0.00015143
Baker	0.33	8.82	0.00010686	0.00285266
Talbot	0.0	0.0	0.0	0.0
Monroe	0.474	12.476	1.724e-05	0.00045333
Brooks	0.0	0.0	0.0	0.0
Douglas	4.237	111.448	2.916e-05	0.00076686
Stewart	1.897	49.902	0.00030607	0.00805003
Irwin	0.3	8.019	3.196e-05	0.00085322
Lamar	0.664	17.466	3.495e-05	0.00091925
Marion	0.0	0.0	0.0	0.0
Wheeler	0.474	12.476	6.02e-05	0.00158339
Oconee	0.949	24.951	2.416e-05	0.00063534
Emanuel	2.372	62.378	0.00010488	0.00275861
Houston	3.162	83.17	2.034e-05	0.00053496
Dawson	0.727	19.129	2.9e-05	0.00076263
Henry	7.621	200.44	3.31e-05	0.00087065
Columbia	1.549	40.753	1.004e-05	0.00026413
Madison	0.348	9.149	1.173e-05	0.00030856
Grady	0.0	0.0	0.0	0.0
Appling	0.0	0.0	0.0	0.0
Wilkinson	1.897	49.902	0.00020997	0.00552259
Crisp	2.193	58.535	9.702e-05	0.00258995
Lanier	0.0	0.0	0.0	0.0
Whitfield	0.506	13.307	4.86e-06	0.00012788
Bryan	1.202	32.074	3.153e-05	0.00084164
Troup	1.961	51.566	2.799e-05	0.00073629
Liberty	0.541	14.433	8.79e-06	0.0002347
Miller	0.506	13.307	8.898e-05	0.00234035
Ben Hill	0.24	6.415	1.432e-05	0.00038213
Walton	0.465	15.08	4.98e-06	0.00016128
Calhoun	135.036	1413.239	0.02125884	0.22248723
Dodge	0.37	10.037	1.789e-05	0.00048476
Candler	1.897	49.902	0.00017509	0.00460522
Screven	1.897	49.902	0.00013612	0.00358029
Clarke	1.676	44.08	1.316e-05	0.00034619
Dougherty	28.207	741.878	0.00030914	0.0081308
Echols	0.0	0.0	0.0	0.0
Seminole	0.456	12.353	5.484e-05	0.00148564
Dade	0.949	24.951	5.847e-05	0.00153772
Elbert	0.0	0.0	0.0	0.0
Long	0.0	0.0	0.0	0.0
Unassigned	0.949	24.951	N/A	N/A
Randolph	3.415	89.824	0.00049981	0.01314559
Stephens	0.571	15.235	2.192e-05	0.00058518
Butts	0.696	18.297	2.876e-05	0.00075631
Charlton	0.126	3.327	9.75e-06	0.00025654
Cook	1.897	49.902	0.00011055	0.00290771
Paulding	2.119	55.724	1.292e-05	0.00033969
Clay	0.0	0.0	0.0	0.0
De Kalb	21.218	558.072	2.805e-05	0.00073765
Gordon	0.225	7.475	3.9e-06	0.00012959
Tattnall	0.032	0.832	1.25e-06	3.276e-05
Bulloch	0.0	0.0	0.0	0.0
Terrell	2.467	64.873	0.00028644	0.00753371
Chatham	6.261	164.677	2.165e-05	0.00056943
Schley	4.743	124.755	0.0009059	0.02382646
Putnam	0.0	0.0	0.0	0.0
Franklin	-9.475	-112.79	-0.00041154	-0.00489901
Coffee	1.265	33.268	2.935e-05	0.00077201
Heard	0.063	1.663	5.32e-06	0.00014003
Chattahoochee	0.998	25.847	9.341e-05	0.00241923
Greene	0.991	26.461	5.601e-05	0.00149515
Ware	62.212	840.359	0.00174361	0.02355267
Hancock	0.0	0.0	0.0	0.0
Union	0.0	0.0	0.0	0.0
Dooly	0.0	0.0	0.0	0.0
Murray	0.0	0.0	0.0	0.0
Hart	0.0	0.0	0.0	0.0
Bleckley	0.474	12.476	3.695e-05	0.00097177
Worth	1.455	38.258	7.166e-05	0.00188474
Forsyth	3.162	83.17	1.336e-05	0.0003515
McDuffie	0.0	0.0	0.0	0.0
Carroll	3.668	96.477	3.105e-05	0.00081677
Towns	0.0	0.0	0.0	0.0
Upson	1.95	52.065	7.44e-05	0.00198606
Jenkins	3.493	90.465	0.00040226	0.01041858
Morgan	0.285	7.485	1.51e-05	0.00039704
Oglethorpe	0.949	24.951	6.302e-05	0.00165744
Lowndes	1.613	42.417	1.386e-05	0.00036465
Thomas	1.852	50.184	4.168e-05	0.00112906
Burke	0.511	13.632	2.277e-05	0.00060793
Warren	0.0	0.0	0.0	0.0
Johnson	0.0	0.0	0.0	0.0
White	0.399	10.809	1.331e-05	0.00036066
Bartow	3.289	86.497	3.091e-05	0.00081288
Bacon	0.0	0.0	0.0	0.0
Rabun	2.372	62.378	0.00014061	0.00369821
Hall	7.494	197.113	3.707e-05	0.00097509
Banks	1.897	49.902	9.992e-05	0.00262809
Taylor	0.199	5.404	2.482e-05	0.00067228
Crawford	0.0	0.0	0.0	0.0
Spalding	2.214	58.219	3.349e-05	0.00088077
Toombs	0.27	7.424	1.005e-05	0.00027612
Coweta	2.593	68.2	1.778e-05	0.00046756
Jasper	0.24	6.415	1.712e-05	0.0004569
Atkinson	0.0	0.0	0.0	0.0
Telfair	0.0	0.0	0.0	0.0
Treutlen	0.0	0.0	0.0	0.0
Cobb	18.594	489.041	2.457e-05	0.00064614
Walker	0.0	0.0	0.0	0.0
Polk	0.411	10.812	9.68e-06	0.00025458
Tift	1.423	37.427	3.507e-05	0.0009225
Peach	0.727	19.129	2.664e-05	0.00070078
Pickens	0.0	0.0	0.0	0.0
Fannin	0.0	0.06	0.0	2.33e-06
Haralson	0.564	15.682	1.909e-05	0.00053098
Jackson	0.826	22.39	1.174e-05	0.00031794
