Name	Confirmed	Deaths	Recovered	Active	Confirmed_per_capita	Deaths_per_capita	IFR_0.30_expected	IFR_0.65_expected	IFR_1.0_expected	IFR_0.30_expected_per_capita	IFR_0.65_expected_per_capita	IFR_1.0_expected_per_capita	Date
South Dakota	0.0	0.0	0.0	N/A	0.0	0.0	0.0	0.0	0.0	0.0	0.0	0.0	2020-03-10
South Dakota	8.0	1.0	0.0	N/A	9.04e-06	1.13e-06	333.333333333	153.846153846	100.0	0.000376666666667	0.000173846153846	0.000113	2020-03-11
South Dakota	8.0	1.0	0.0	N/A	9.04e-06	1.13e-06	333.333333333	153.846153846	100.0	0.000376666666667	0.000173846153846	0.000113	2020-03-12
South Dakota	8.0	1.0	0.0	N/A	9.04e-06	1.13e-06	333.333333333	153.846153846	100.0	0.000376666666667	0.000173846153846	0.000113	2020-03-13
South Dakota	9.0	1.0	0.0	N/A	1.017e-05	1.13e-06	333.333333333	153.846153846	100.0	0.000376666666667	0.000173846153846	0.000113	2020-03-14
South Dakota	9	1	0	N/A	1.017e-05	1.13e-06	333.333333333	153.846153846	100	0.000376666666667	0.000173846153846	0.000113	2020-03-15
South Dakota	10	1	0	N/A	1.13e-05	1.13e-06	333.333333333	153.846153846	100	0.000376666666667	0.000173846153846	0.000113	2020-03-16
South Dakota	11	1	0	N/A	1.243e-05	1.13e-06	333.333333333	153.846153846	100	0.000376666666667	0.000173846153846	0.000113	2020-03-17
South Dakota	11	1	0	N/A	1.243e-05	1.13e-06	333.333333333	153.846153846	100	0.000376666666667	0.000173846153846	0.000113	2020-03-18
South Dakota	11	1	0	N/A	1.243e-05	1.13e-06	333.333333333	153.846153846	100	0.000376666666667	0.000173846153846	0.000113	2020-03-19
South Dakota	14	1	0	N/A	1.583e-05	1.13e-06	333.333333333	153.846153846	100	0.000376666666667	0.000173846153846	0.000113	2020-03-20
South Dakota	14	1	0	N/A	1.583e-05	1.13e-06	333.333333333	153.846153846	100	0.000376666666667	0.000173846153846	0.000113	2020-03-21
South Dakota	21	1	0	0	2.374e-05	1.13e-06	333.333333333	153.846153846	100	0.000376666666667	0.000173846153846	0.000113	2020-03-22
South Dakota	28	1	0	0	3.165e-05	1.13e-06	333.333333333	153.846153846	100	0.000376666666667	0.000173846153846	0.000113	2020-03-23
South Dakota	30	1	0	0	3.391e-05	1.13e-06	333.333333333	153.846153846	100	0.000376666666667	0.000173846153846	0.000113	2020-03-24
South Dakota	41	1	0	0	4.635e-05	1.13e-06	333.333333333	153.846153846	100	0.000376666666667	0.000173846153846	0.000113	2020-03-25
South Dakota	46	1	0	0	5.2e-05	1.13e-06	333.333333333	153.846153846	100	0.000376666666667	0.000173846153846	0.000113	2020-03-26
South Dakota	58	1	0	0	6.556e-05	1.13e-06	333.333333333	153.846153846	100	0.000376666666667	0.000173846153846	0.000113	2020-03-27
South Dakota	68	1	0	0	7.687e-05	1.13e-06	333.333333333	153.846153846	100	0.000376666666667	0.000173846153846	0.000113	2020-03-28
South Dakota	90	1	0	0	0.00010173	1.13e-06	333.333333333	153.846153846	100.0	0.000376666666667	0.000173846153846	0.000113	2020-03-29
South Dakota	101	1	0	0	0.00011417	1.13e-06	333.333333333	153.846153846	100.0	0.000376666666667	0.000173846153846	0.000113	2020-03-30
South Dakota	108	1	0	0	0.00012208	1.13e-06	333.333333333	153.846153846	100.0	0.000376666666667	0.000173846153846	0.000113	2020-03-31
South Dakota	129	2	0	0	0.00014582	2.26e-06	666.666666667	307.692307692	200.0	0.000753333333333	0.000347692307692	0.000226	2020-04-01
South Dakota	165	2	0	0	0.00018651	2.26e-06	666.666666667	307.692307692	200.0	0.000753333333333	0.000347692307692	0.000226	2020-04-02
South Dakota	187	2	0	0	0.00021138	2.26e-06	666.666666667	307.692307692	200.0	0.000753333333333	0.000347692307692	0.000226	2020-04-03
South Dakota	212	2	0	0	0.00023964	2.26e-06	666.666666667	307.692307692	200.0	0.000753333333333	0.000347692307692	0.000226	2020-04-04
South Dakota	240	2	0	0	0.00027129	2.26e-06	666.666666667	307.692307692	200.0	0.000753333333333	0.000347692307692	0.000226	2020-04-05
South Dakota	288	4	0	0	0.00032555	4.52e-06	1333.33333333	615.384615385	400.0	0.00150666666667	0.000695384615385	0.000452	2020-04-06
South Dakota	320	6	0	0	0.00036172	6.78e-06	2000.0	923.076923077	600.0	0.00226	0.00104307692308	0.000678	2020-04-07
South Dakota	393	6	0	0	0.00044424	6.78e-06	2000.0	923.076923077	600.0	0.00226	0.00104307692308	0.000678	2020-04-08
South Dakota	447	6	0	0	0.00050528	6.78e-06	2000.0	923.076923077	600.0	0.00226	0.00104307692308	0.000678	2020-04-09
South Dakota	536	6	0	0	0.00060588	6.78e-06	2000.0	923.076923077	600.0	0.00226	0.00104307692308	0.000678	2020-04-10
South Dakota	626	6	0	0	0.00070762	6.78e-06	2000.0	923.076923077	600.0	0.00226	0.00104307692308	0.000678	2020-04-11
South Dakota	730	6	0	724	0.00082518	6.78e-06	2000.0	923.076923077	600.0	0.00226	0.00104307692308	0.000678	2020-04-12
South Dakota	868	6	0	862	0.00098117	6.78e-06	2000.0	923.076923077	600.0	0.00226	0.00104307692308	0.000678	2020-04-13
South Dakota	988	6	0	982	0.00111681	6.78e-06	2000.0	923.076923077	600.0	0.00226	0.00104307692308	0.000678	2020-04-14
South Dakota	1168	6	0	1162	0.00132028	6.78e-06	2000.0	923.076923077	600.0	0.00226	0.00104307692308	0.000678	2020-04-15
South Dakota	1311	7	0	1304	0.00148193	7.91e-06	2333.33333333	1076.92307692	700.0	0.00263666666667	0.00121692307692	0.000791	2020-04-16
South Dakota	1411	7	0	1404	0.00159496	7.91e-06	2333.33333333	1076.92307692	700.0	0.00263666666667	0.00121692307692	0.000791	2020-04-17
South Dakota	1542	7	0	1535	0.00174304	7.91e-06	2333.33333333	1076.92307692	700.0	0.00263666666667	0.00121692307692	0.000791	2020-04-18
South Dakota	1635	7	0	1628	0.00184817	7.91e-06	2333.33333333	1076.92307692	700.0	0.00263666666667	0.00121692307692	0.000791	2020-04-19
South Dakota	1685	7	0	1678	0.00190469	7.91e-06	2333.33333333	1076.92307692	700.0	0.00263666666667	0.00121692307692	0.000791	2020-04-20
South Dakota	1755	8	0	1747	0.00198382	9.04e-06	2666.66666667	1230.76923077	800.0	0.00301333333333	0.00139076923077	0.000904	2020-04-21
South Dakota	1858	9	0	1849	0.00210024	1.017e-05	3000.0	1384.61538462	900.0	0.00339	0.00156461538462	0.001017	2020-04-22
South Dakota	1956	9	0	1947	0.00221102	1.017e-05	3000.0	1384.61538462	900.0	0.00339	0.00156461538462	0.001017	2020-04-23
South Dakota	2040	10	0	2030	0.00230597	1.13e-05	3333.33333333	1538.46153846	1000.0	0.00376666666667	0.00173846153846	0.00113	2020-04-24
South Dakota	2147	10	0	2137	0.00242692	1.13e-05	3333.33333333	1538.46153846	1000.0	0.00376666666667	0.00173846153846	0.00113	2020-04-25
South Dakota	2212	11	0	2201	0.0025004	1.243e-05	3666.66666667	1692.30769231	1100.0	0.00414333333333	0.00191230769231	0.001243	2020-04-26
South Dakota	2244	11	0	2233	0.00253657	1.243e-05	3666.66666667	1692.30769231	1100.0	0.00414333333333	0.00191230769231	0.001243	2020-04-27
South Dakota	2313	11	0	2302	0.00261457	1.243e-05	3666.66666667	1692.30769231	1100.0	0.00414333333333	0.00191230769231	0.001243	2020-04-28
South Dakota	2373	13	0	2360	0.00268239	1.469e-05	4333.33333333	2000.0	1300.0	0.00489666666667	0.00226	0.001469	2020-04-29
South Dakota	2449	17	0	2432	0.0027683	1.922e-05	5666.66666667	2615.38461538	1700.0	0.00640666666667	0.00295692307692	0.001922	2020-04-30
South Dakota	2525	21	0	2504	0.00285421	2.374e-05	7000.0	3230.76923077	2100.0	0.00791333333333	0.00365230769231	0.002374	2020-05-01
South Dakota	2588	21	0	2567	0.00292542	2.374e-05	7000.0	3230.76923077	2100.0	0.00791333333333	0.00365230769231	0.002374	2020-05-02
South Dakota	2631	21	0	2610	0.00297403	2.374e-05	7000.0	3230.76923077	2100.0	0.00791333333333	0.00365230769231	0.002374	2020-05-03
South Dakota	2668	21	0	2647	0.00301585	2.374e-05	7000.0	3230.76923077	2100.0	0.00791333333333	0.00365230769231	0.002374	2020-05-04
South Dakota	2721	24	0	2697	0.00307576	2.713e-05	8000.0	3692.30769231	2400.0	0.00904333333333	0.00417384615385	0.002713	2020-05-05
South Dakota	2780	29	0	2751	0.00314245	3.278e-05	9666.66666667	4461.53846154	2900.0	0.0109266666667	0.00504307692308	0.003278	2020-05-06
South Dakota	2906	31	0	2875	0.00328488	3.504e-05	10333.3333333	4769.23076923	3100.0	0.01168	0.00539076923077	0.003504	2020-05-07
South Dakota	3145	31	0	3114	0.00355504	3.504e-05	10333.3333333	4769.23076923	3100.0	0.01168	0.00539076923077	0.003504	2020-05-08
South Dakota	3393	34	0	3359	0.00383538	3.843e-05	11333.3333333	5230.76923077	3400.0	0.01281	0.00591230769231	0.003843	2020-05-09
South Dakota	3517	34	0	3483	0.00397554	3.843e-05	11333.3333333	5230.76923077	3400.0	0.01281	0.00591230769231	0.003843	2020-05-10
South Dakota	3614	34	0	3580	0.00408519	3.843e-05	11333.3333333	5230.76923077	3400.0	0.01281	0.00591230769231	0.003843	2020-05-11
South Dakota	3663	39	0	3624	0.00414058	4.408e-05	13000.0	6000.0	3900.0	0.0146933333333	0.00678153846154	0.004408	2020-05-12
South Dakota	3732	39	0	3693	0.00421857	4.408e-05	13000.0	6000.0	3900.0	0.0146933333333	0.00678153846154	0.004408	2020-05-13
South Dakota	3792	43	0	3749	0.0042864	4.861e-05	14333.3333333	6615.38461538	4300.0	0.0162033333333	0.00747846153846	0.004861	2020-05-14
South Dakota	3887	44	0	3843	0.00439378	4.974e-05	14666.6666667	6769.23076923	4400.0	0.01658	0.00765230769231	0.004974	2020-05-15
South Dakota	3959	44	0	3915	0.00447517	4.974e-05	14666.6666667	6769.23076923	4400.0	0.01658	0.00765230769231	0.004974	2020-05-16
