Name	Predicted_New_Cases	Total_Predicted_New_Cases	Total_Predicted_Cases	Predicted_New_Deaths	Total_Predicted_New_Deaths	Total_Predicted_Deaths	Predicted_New_per_capita	Predicted_Total_New_per_capita	Predicted_Total_Cases_per_capita	Predicted_New_Deaths_per_capita	Total_Predicted_New_Deaths_per_capita	Total_Predicted_Deaths_per_capita
Potter	0.0	0.0	0.0	0.0	0.0	0.0	0.0	0.0	0.0	0.0	0.0	0.0
Turner	0.003	2.643	27.643	0.165	31.705	31.705	3.6e-07	0.00031375	0.00328146	1.959e-05	0.00376365	0.00376365
Jones	0.0	0.0	0.0	0.0	0.0	0.0	0.0	0.0	0.0	0.0	0.0	0.0
Brown	0.343	72.695	367.695	0.0	0.0	1.0	8.72e-06	0.00184899	0.0093523	0.0	0.0	2.543e-05
Jerauld	0.0	4.245	43.245	0.0	0.0	1.0	0.0	0.00207783	0.0211674	0.0	0.0	0.00048948
Haakon	0.0	0.0	0.0	0.0	0.0	0.0	0.0	0.0	0.0	0.0	0.0	0.0
Hand	0.022	4.267	9.267	0.0	0.0	0.0	6.74e-06	0.00130809	0.0028409	0.0	0.0	0.0
Minnehaha	0.0	73.874	3470.874	0.064	13.613	63.613	0.0	0.00038301	0.01799536	3.3e-07	7.058e-05	0.00032981
Todd	0.131	25.944	61.944	0.0	0.0	1.0	1.274e-05	0.002523	0.00602392	0.0	0.0	9.725e-05
Bon Homme	0.0	0.0	8.0	0.0	0.0	0.0	0.0	0.0	0.00114613	0.0	0.0	0.0
Butte	0.0	0.0	0.0	0.0	0.0	0.0	0.0	0.0	0.0	0.0	0.0	0.0
Brule	0.0	0.0	2.0	0.0	0.0	0.0	0.0	0.0	0.00038248	0.0	0.0	0.0
Lincoln	0.04	14.545	264.545	0.0	0.0	0.0	6.8e-07	0.00024733	0.00449853	0.0	0.0	0.0
Beadle	2.405	461.472	822.472	0.157	20.47	25.47	0.00012736	0.02443849	0.04355621	8.31e-06	0.00108404	0.00134883
Hyde	0.0	0.0	1.0	0.157	20.47	20.47	0.0	0.0	0.00078003	0.00012246	0.01596724	0.01596724
Sully	0.0	0.0	1.0	0.157	20.47	20.47	0.0	0.0	0.00071839	0.00011279	0.01470546	0.01470546
Fall River	2.985	132.769	138.769	0.157	20.47	20.47	0.0004417	0.0196462	0.02053403	2.323e-05	0.003029	0.003029
Stanley	0.0	0.124	10.124	0.157	20.47	20.47	0.0	4.103e-05	0.0033501	5.195e-05	0.00677366	0.00677366
Sanborn	0.0	0.896	13.896	0.157	20.47	20.47	0.0	0.00036888	0.00572087	6.464e-05	0.00842734	0.00842734
Spink	0.015	2.883	7.883	0.157	20.47	20.47	2.31e-06	0.00044388	0.0012137	2.417e-05	0.00315166	0.00315166
Hanson	0.0	0.0	2.0	0.157	20.47	20.47	0.0	0.0	0.00059242	4.65e-05	0.00606339	0.00606339
Deuel	0.0	0.0	1.0	0.157	20.47	20.47	0.0	0.0	0.00023057	3.62e-05	0.00471985	0.00471985
Hamlin	0.006	1.067	6.067	0.157	20.47	20.47	9.8e-07	0.0001746	0.0009928	2.569e-05	0.0033497	0.0033497
Custer	0.0	0.0	1.0	0.157	20.47	20.47	0.0	0.0	0.0001146	1.799e-05	0.00234586	0.00234586
Douglas	0.0	0.014	3.014	0.157	20.47	20.47	0.0	4.77e-06	0.00102692	5.349e-05	0.00697445	0.00697445
Faulk	0.0	0.0	1.0	0.157	20.47	20.47	0.0	0.0	0.00042918	6.738e-05	0.00878541	0.00878541
Walworth	0.0	0.0	5.0	0.157	20.47	20.47	0.0	0.0	0.00089493	2.81e-05	0.00366386	0.00366386
Pennington	1.465	281.174	578.174	0.073	9.482	14.482	1.311e-05	0.00251657	0.00517479	6.5e-07	8.487e-05	0.00012962
Perkins	0.0	0.0	0.0	0.0	0.0	0.0	0.0	0.0	0.0	0.0	0.0	0.0
Lyman	0.02	5.341	27.341	0.073	9.482	9.482	5.23e-06	0.0013978	0.00715546	1.91e-05	0.00248155	0.00248155
Lawrence	0.032	6.191	18.191	0.073	9.482	9.482	1.24e-06	0.00024051	0.00070669	2.84e-06	0.00036836	0.00036836
Tripp	0.0	0.0	6.0	0.073	9.482	9.482	0.0	0.0	0.00109529	1.333e-05	0.00173092	0.00173092
Aurora	0.078	15.052	44.052	0.073	9.482	9.482	2.785e-05	0.0053738	0.01572724	2.606e-05	0.00338522	0.00338522
Bennett	0.0	0.0	0.0	0.0	0.0	0.0	0.0	0.0	0.0	0.0	0.0	0.0
Hughes	0.0	0.0	19.0	0.073	9.482	9.482	0.0	0.0	0.00107649	4.14e-06	0.00053722	0.00053722
Hutchinson	0.036	6.938	12.938	0.073	9.482	9.482	4.88e-06	0.00094011	0.00175312	9.89e-06	0.00128482	0.00128482
Marshall	0.0	0.0	4.0	0.073	9.482	9.482	0.0	0.0	0.00078247	1.428e-05	0.00185485	0.00185485
Yankton	0.0	0.067	53.067	0.073	9.482	9.482	0.0	2.93e-06	0.00232048	3.19e-06	0.00041462	0.00041462
Moody	0.0	0.62	19.62	0.073	9.482	9.482	0.0	9.424e-05	0.00298222	1.11e-05	0.00144125	0.00144125
Lake	0.082	13.686	26.686	0.073	9.482	9.482	6.28e-06	0.00104817	0.00204381	5.59e-06	0.0007262	0.0007262
Unassigned	0.0	0.0	1.0	0.0	0.0	5.0	N/A	N/A	N/A	N/A	N/A	N/A
Buffalo	0.217	40.532	64.532	0.0	0.0	0.0	0.00010658	0.01990766	0.03169548	0.0	0.0	0.0
Clay	2.255	100.312	127.312	0.0	0.0	0.0	0.0001606	0.00714422	0.00906716	0.0	0.0	0.0
Kingsbury	0.0	0.0	4.0	0.0	0.0	0.0	0.0	0.0	0.00081317	0.0	0.0	0.0
Oglala Lakota	0.317	54.766	89.766	0.0	0.0	0.0	2.215e-05	0.00382738	0.00627339	0.0	0.0	0.0
Campbell	0.0	0.0	0.0	0.0	0.0	0.0	0.0	0.0	0.0	0.0	0.0	0.0
Union	0.0	2.805	100.805	0.0	0.0	0.0	0.0	0.00017959	0.006454	0.0	0.0	0.0
Gregory	0.0	0.0	1.0	0.0	0.0	0.0	0.0	0.0	0.00023742	0.0	0.0	0.0
Charles Mix	0.0	4.878	24.878	0.0	0.0	0.0	0.0	0.00052238	0.00266417	0.0	0.0	0.0
Codington	0.0	4.299	45.299	0.0	0.0	0.0	0.0	0.00015345	0.00161696	0.0	0.0	0.0
Clark	0.0	0.0	4.0	0.0	0.0	0.0	0.0	0.0	0.0010698	0.0	0.0	0.0
Meade	0.224	43.023	67.023	0.0	0.0	0.0	7.92e-06	0.00152057	0.00236881	0.0	0.0	0.0
Dewey	0.0	0.0	1.0	0.0	0.0	0.0	0.0	0.0	0.00016938	0.0	0.0	0.0
Roberts	0.017	3.31	41.31	0.0	0.0	0.0	1.63e-06	0.00031684	0.00395425	0.0	0.0	0.0
Corson	0.0	0.0	4.0	0.0	0.0	0.0	0.0	0.0	0.00096038	0.0	0.0	0.0
Davison	0.149	27.064	54.064	0.0	0.0	0.0	7.53e-06	0.00136756	0.00273188	0.0	0.0	0.0
Day	0.0	0.355	13.355	0.0	0.0	0.0	0.0	6.449e-05	0.00242598	0.0	0.0	0.0
Ziebach	0.663	29.504	31.504	0.0	0.0	0.0	0.00024179	0.01076003	0.01148942	0.0	0.0	0.0
Edmunds	0.0	0.0	3.0	0.0	0.0	0.0	0.0	0.0	0.00077419	0.0	0.0	0.0
Brookings	7.164	318.646	340.646	0.0	0.0	0.0	0.00020334	0.00904422	0.00966865	0.0	0.0	0.0
McCook	0.019	3.629	9.629	0.0	0.0	1.0	3.43e-06	0.00065435	0.00173621	0.0	0.0	0.00018031
Mellette	0.0	0.0	0.0	0.0	0.0	0.0	0.0	0.0	0.0	0.0	0.0	0.0
Harding	0.0	0.0	0.0	0.0	0.0	0.0	0.0	0.0	0.0	0.0	0.0	0.0
McPherson	0.125	24.017	26.017	0.0	0.0	0.0	5.193e-05	0.00997798	0.01080889	0.0	0.0	0.0
Grant	0.028	6.176	19.176	0.0	0.0	0.0	3.92e-06	0.00086414	0.00268308	0.0	0.0	0.0
Miner	2.255	100.312	102.312	0.0	0.0	0.0	0.00101898	0.04532851	0.04623226	0.0	0.0	0.0
Jackson	0.0	0.0	4.0	0.0	0.0	0.0	0.0	0.0	0.00120956	0.0	0.0	0.0
