Name	Predicted_New_Cases	Total_Predicted_New_Cases	Total_Predicted_Cases	Predicted_New_Deaths	Total_Predicted_New_Deaths	Total_Predicted_Deaths	Predicted_New_per_capita	Predicted_Total_New_per_capita	Predicted_Total_Cases_per_capita	Predicted_New_Deaths_per_capita	Total_Predicted_New_Deaths_per_capita	Total_Predicted_Deaths_per_capita
Potter	0.0	0.0	0.0	0.0	0.0	0.0	0.0	0.0	0.0	0.0	0.0	0.0
Turner	0.0	0.669	18.669	0.522	451.087	451.087	0.0	7.942e-05	0.00221617	6.197e-05	0.05354784	0.05354784
Jones	0.0	0.0	0.0	0.0	0.0	0.0	0.0	0.0	0.0	0.0	0.0	0.0
Brown	0.003	237.46	391.46	0.522	451.087	451.087	8e-08	0.00603978	0.00995676	1.328e-05	0.01147337	0.01147337
Jerauld	0.0	0.0	6.0	0.0	0.0	1.0	0.0	0.0	0.00293686	0.0	0.0	0.00048948
Haakon	0.0	0.0	0.0	0.0	0.0	0.0	0.0	0.0	0.0	0.0	0.0	0.0
Hand	0.0	0.0	1.0	0.0	0.0	0.0	0.0	0.0	0.00030656	0.0	0.0	0.0
Minnehaha	3.501	8308.768	11358.768	0.858	608.849	646.849	1.815e-05	0.04307829	0.05889156	4.45e-06	0.00315669	0.0033537
Todd	0.0	21.849	34.849	0.858	608.849	608.849	0.0	0.00212477	0.00338899	8.344e-05	0.05920928	0.05920928
Bon Homme	0.0	0.0	4.0	0.858	608.849	608.849	0.0	0.0	0.00057307	0.00012292	0.08722765	0.08722765
Butte	0.0	0.0	0.0	0.0	0.0	0.0	0.0	0.0	0.0	0.0	0.0	0.0
Brule	0.0	0.0	1.0	0.858	608.849	608.849	0.0	0.0	0.00019124	0.00016408	0.11643699	0.11643699
Lincoln	0.001	104.702	299.702	0.858	608.849	608.849	2e-08	0.00178043	0.00509637	1.459e-05	0.01035334	0.01035334
Beadle	0.082	39.635	61.635	0.0	0.0	2.0	4.34e-06	0.00209898	0.00326405	0.0	0.0	0.00010592
Hyde	0.0	0.0	1.0	0.0	0.0	0.0	0.0	0.0	0.00078003	0.0	0.0	0.0
Sully	0.0	0.0	1.0	0.0	0.0	0.0	0.0	0.0	0.00071839	0.0	0.0	0.0
Fall River	0.0	0.067	2.067	0.0	0.0	0.0	0.0	9.91e-06	0.00030586	0.0	0.0	0.0
Stanley	0.0	0.0	8.0	0.0	0.0	0.0	0.0	0.0	0.00264725	0.0	0.0	0.0
Sanborn	0.0	0.0	3.0	0.0	0.0	0.0	0.0	0.0	0.00123508	0.0	0.0	0.0
Spink	0.277	134.755	138.755	0.0	0.0	0.0	4.265e-05	0.0207475	0.02136336	0.0	0.0	0.0
Hanson	0.0	0.0	0.0	0.0	0.0	0.0	0.0	0.0	0.0	0.0	0.0	0.0
Deuel	0.0	0.0	1.0	0.0	0.0	0.0	0.0	0.0	0.00023057	0.0	0.0	0.0
Hamlin	0.0	0.0	2.0	0.0	0.0	0.0	0.0	0.0	0.00032728	0.0	0.0	0.0
Custer	0.0	0.0	0.0	0.0	0.0	0.0	0.0	0.0	0.0	0.0	0.0	0.0
Douglas	0.0	0.0	1.0	0.0	0.0	0.0	0.0	0.0	0.00034072	0.0	0.0	0.0
Faulk	0.0	0.0	1.0	0.0	0.0	0.0	0.0	0.0	0.00042918	0.0	0.0	0.0
Walworth	0.0	0.0	5.0	0.0	0.0	0.0	0.0	0.0	0.00089493	0.0	0.0	0.0
Pennington	3.411	1656.704	1696.704	0.0	0.0	1.0	3.053e-05	0.01482788	0.01518589	0.0	0.0	8.95e-06
Perkins	0.0	0.0	0.0	0.0	0.0	0.0	0.0	0.0	0.0	0.0	0.0	0.0
Lyman	0.0	0.0	4.0	0.0	0.0	0.0	0.0	0.0	0.00104685	0.0	0.0	0.0
Lawrence	0.0	0.0	9.0	0.0	0.0	0.0	0.0	0.0	0.00034964	0.0	0.0	0.0
Tripp	0.0	0.0	0.0	0.0	0.0	0.0	0.0	0.0	0.0	0.0	0.0	0.0
Aurora	0.22	107.011	109.011	0.0	0.0	0.0	7.854e-05	0.03820457	0.0389186	0.0	0.0	0.0
Bennett	0.0	0.0	0.0	0.0	0.0	0.0	0.0	0.0	0.0	0.0	0.0	0.0
Hughes	0.0	1.262	16.262	0.0	0.0	0.0	0.0	7.15e-05	0.00092136	0.0	0.0	0.0
Hutchinson	0.0	0.0	3.0	0.0	0.0	0.0	0.0	0.0	0.0004065	0.0	0.0	0.0
Marshall	0.0	0.0	1.0	0.0	0.0	0.0	0.0	0.0	0.00019562	0.0	0.0	0.0
Yankton	0.0	8.557	42.557	0.0	0.0	0.0	0.0	0.00037417	0.0018609	0.0	0.0	0.0
Moody	0.0	33.338	50.338	0.0	0.0	0.0	0.0	0.00506734	0.00765131	0.0	0.0	0.0
Lake	0.0	7.112	12.112	0.0	0.0	0.0	0.0	0.00054469	0.00092763	0.0	0.0	0.0
Unassigned	0.0	0.0	5.0	0.0	0.0	0.0	N/A	N/A	N/A	N/A	N/A	N/A
Buffalo	0.0	0.0	1.0	0.0	0.0	0.0	0.0	0.0	0.00049116	0.0	0.0	0.0
Clay	0.009	26.873	37.873	0.0	0.0	0.0	6.4e-07	0.0019139	0.00269732	0.0	0.0	0.0
Kingsbury	0.0	0.0	0.0	0.0	0.0	0.0	0.0	0.0	0.0	0.0	0.0	0.0
Oglala Lakota	0.0	0.898	3.898	0.0	0.0	0.0	0.0	6.276e-05	0.00027242	0.0	0.0	0.0
Campbell	0.0	0.0	0.0	0.0	0.0	0.0	0.0	0.0	0.0	0.0	0.0	0.0
Union	0.0	13.828	70.828	0.0	0.0	0.0	0.0	0.00088533	0.00453473	0.0	0.0	0.0
Gregory	0.0	0.0	0.0	0.0	0.0	0.0	0.0	0.0	0.0	0.0	0.0	0.0
Charles Mix	0.0	0.449	7.449	0.0	0.0	0.0	0.0	4.808e-05	0.00079771	0.0	0.0	0.0
Codington	0.0	0.175	16.175	0.0	0.0	0.0	0.0	6.25e-06	0.00057737	0.0	0.0	0.0
Clark	0.384	186.284	190.284	0.0	0.0	0.0	0.0001027	0.04982188	0.05089168	0.0	0.0	0.0
Meade	0.0	12.164	17.164	0.0	0.0	0.0	0.0	0.00042991	0.00060663	0.0	0.0	0.0
Dewey	0.0	0.0	1.0	0.0	0.0	0.0	0.0	0.0	0.00016938	0.0	0.0	0.0
Roberts	0.0	14.305	31.305	0.0	0.0	0.0	0.0	0.00136929	0.00299655	0.0	0.0	0.0
Corson	0.082	39.635	41.635	0.0	0.0	0.0	1.969e-05	0.00951621	0.0099964	0.0	0.0	0.0
Davison	0.0	0.437	9.437	0.0	0.0	0.0	0.0	2.208e-05	0.00047686	0.0	0.0	0.0
Day	0.0	0.0	10.0	0.0	0.0	0.0	0.0	0.0	0.00181653	0.0	0.0	0.0
Ziebach	0.0	0.0	1.0	0.0	0.0	0.0	0.0	0.0	0.0003647	0.0	0.0	0.0
Edmunds	0.0	0.0	0.0	0.0	0.0	0.0	0.0	0.0	0.0	0.0	0.0	0.0
Brookings	0.0	3.041	17.041	0.0	0.0	0.0	0.0	8.631e-05	0.00048368	0.0	0.0	0.0
McCook	0.082	39.635	44.635	0.0	0.0	1.0	1.479e-05	0.00714659	0.00804814	0.0	0.0	0.00018031
Mellette	0.0	0.0	0.0	0.0	0.0	0.0	0.0	0.0	0.0	0.0	0.0	0.0
Harding	0.0	0.0	0.0	0.0	0.0	0.0	0.0	0.0	0.0	0.0	0.0	0.0
McPherson	0.0	0.0	1.0	0.0	0.0	0.0	0.0	0.0	0.00041545	0.0	0.0	0.0
Grant	0.0	0.0	5.0	0.0	0.0	0.0	0.0	0.0	0.00069959	0.0	0.0	0.0
Miner	0.0	0.0	1.0	0.0	0.0	0.0	0.0	0.0	0.00045188	0.0	0.0	0.0
Jackson	0.0	0.0	0.0	0.0	0.0	0.0	0.0	0.0	0.0	0.0	0.0	0.0
