Name	Predicted_New_Cases	Total_Predicted_New_Cases	Total_Predicted_Cases	Predicted_New_Deaths	Total_Predicted_New_Deaths	Total_Predicted_Deaths	Predicted_New_per_capita	Predicted_Total_New_per_capita	Predicted_Total_Cases_per_capita	Predicted_New_Deaths_per_capita	Total_Predicted_New_Deaths_per_capita	Total_Predicted_Deaths_per_capita
Potter	0.0	0.0	0.0	0.0	0.0	0.0	0.0	0.0	0.0	0.0	0.0	0.0
Turner	0.031	0.568	6.612	0.273	3.731	3.882	3.68e-06	6.743e-05	0.0007849	3.241e-05	0.0004429	0.00046083
Jones	0.0	0.0	0.0	0.0	0.0	0.0	0.0	0.0	0.0	0.0	0.0	0.0
Brown	6.572	43.915	64.493	0.273	3.731	3.882	0.00016716	0.00111698	0.00164038	6.94e-06	9.49e-05	9.874e-05
Jerauld	0.0	0.0	4.0	0.273	3.731	3.882	0.0	0.0	0.00195791	0.00013363	0.00182624	0.00190015
Haakon	0.0	0.0	0.0	0.0	0.0	0.0	0.0	0.0	0.0	0.0	0.0	0.0
Hand	0.0	0.0	0.0	0.0	0.0	0.0	0.0	0.0	0.0	0.0	0.0	0.0
Minnehaha	87.057	1568.448	3154.688	0.241	3.289	7.422	0.00045136	0.0081319	0.01635604	1.25e-06	1.705e-05	3.848e-05
Todd	0.0	0.0	1.0	0.241	3.289	3.422	0.0	0.0	9.725e-05	2.344e-05	0.00031985	0.00033278
Bon Homme	0.0	0.144	4.224	0.241	3.289	3.422	0.0	2.063e-05	0.00060516	3.453e-05	0.0004712	0.00049026
Butte	0.0	0.0	0.0	0.0	0.0	0.0	0.0	0.0	0.0	0.0	0.0	0.0
Brule	0.0	0.0	1.0	0.241	3.289	3.422	0.0	0.0	0.00019124	4.609e-05	0.00062899	0.00065443
Lincoln	5.416	93.857	199.053	0.241	3.289	3.422	9.21e-05	0.00159602	0.00338485	4.1e-06	5.593e-05	5.819e-05
Beadle	0.0	0.0	21.0	0.0	0.0	2.0	0.0	0.0	0.00111211	0.0	0.0	0.00010592
Hyde	0.0	0.0	1.0	0.0	0.0	0.0	0.0	0.0	0.00078003	0.0	0.0	0.0
Sully	0.0	0.0	1.0	0.0	0.0	0.0	0.0	0.0	0.00071839	0.0	0.0	0.0
Fall River	0.0	0.0	1.0	0.0	0.0	0.0	0.0	0.0	0.00014797	0.0	0.0	0.0
Stanley	0.0	0.0	0.0	0.0	0.0	0.0	0.0	0.0	0.0	0.0	0.0	0.0
Sanborn	0.0	0.0	3.0	0.0	0.0	0.0	0.0	0.0	0.00123508	0.0	0.0	0.0
Spink	0.0	0.0	3.0	0.0	0.0	0.0	0.0	0.0	0.00046189	0.0	0.0	0.0
Hanson	0.0	0.0	0.0	0.0	0.0	0.0	0.0	0.0	0.0	0.0	0.0	0.0
Deuel	0.0	0.0	1.0	0.0	0.0	0.0	0.0	0.0	0.00023057	0.0	0.0	0.0
Hamlin	1.719	11.484	13.635	0.0	0.0	0.0	0.0002813	0.00187923	0.00223122	0.0	0.0	0.0
Custer	0.0	0.0	0.0	0.0	0.0	0.0	0.0	0.0	0.0	0.0	0.0	0.0
Douglas	0.0	0.0	0.0	0.0	0.0	0.0	0.0	0.0	0.0	0.0	0.0	0.0
Faulk	0.0	0.0	1.0	0.0	0.0	0.0	0.0	0.0	0.00042918	0.0	0.0	0.0
Walworth	0.0	0.0	5.0	0.0	0.0	0.0	0.0	0.0	0.00089493	0.0	0.0	0.0
Pennington	0.081	2.684	13.995	0.0	0.0	1.0	7.2e-07	2.402e-05	0.00012526	0.0	0.0	8.95e-06
Perkins	0.0	0.0	0.0	0.0	0.0	0.0	0.0	0.0	0.0	0.0	0.0	0.0
Lyman	0.0	0.0	2.0	0.0	0.0	0.0	0.0	0.0	0.00052342	0.0	0.0	0.0
Lawrence	0.0	0.0	9.0	0.0	0.0	0.0	0.0	0.0	0.00034964	0.0	0.0	0.0
Tripp	0.0	0.0	0.0	0.0	0.0	0.0	0.0	0.0	0.0	0.0	0.0	0.0
Aurora	0.0	0.0	1.0	0.0	0.0	0.0	0.0	0.0	0.00035702	0.0	0.0	0.0
Bennett	0.0	0.0	0.0	0.0	0.0	0.0	0.0	0.0	0.0	0.0	0.0	0.0
Hughes	0.0	0.188	5.272	0.0	0.0	0.0	0.0	1.065e-05	0.0002987	0.0	0.0	0.0
Hutchinson	0.0	0.0	2.0	0.0	0.0	0.0	0.0	0.0	0.000271	0.0	0.0	0.0
Marshall	0.0	0.0	1.0	0.0	0.0	0.0	0.0	0.0	0.00019562	0.0	0.0	0.0
Yankton	0.009	2.429	25.887	0.0	0.0	0.0	3.9e-07	0.00010621	0.00113197	0.0	0.0	0.0
Moody	0.687	12.755	15.755	0.0	0.0	0.0	0.00010442	0.00193874	0.00239474	0.0	0.0	0.0
Lake	0.092	1.7	4.833	0.0	0.0	0.0	7.05e-06	0.0001302	0.00037015	0.0	0.0	0.0
Unassigned	0.0	0.0	0.0	0.0	0.0	0.0	N/A	N/A	N/A	N/A	N/A	N/A
Buffalo	0.0	0.0	0.0	0.0	0.0	0.0	0.0	0.0	0.0	0.0	0.0	0.0
Clay	0.082	1.531	6.651	0.0	0.0	0.0	5.84e-06	0.00010904	0.00047368	0.0	0.0	0.0
Kingsbury	0.0	0.0	0.0	0.0	0.0	0.0	0.0	0.0	0.0	0.0	0.0	0.0
Oglala Lakota	0.0	0.0	1.0	0.0	0.0	0.0	0.0	0.0	6.989e-05	0.0	0.0	0.0
Campbell	0.0	0.0	0.0	0.0	0.0	0.0	0.0	0.0	0.0	0.0	0.0	0.0
Union	0.07	1.527	8.669	0.0	0.0	0.0	4.48e-06	9.777e-05	0.00055503	0.0	0.0	0.0
Gregory	0.0	0.0	0.0	0.0	0.0	0.0	0.0	0.0	0.0	0.0	0.0	0.0
Charles Mix	0.0	0.233	4.331	0.0	0.0	0.0	0.0	2.495e-05	0.0004638	0.0	0.0	0.0
Codington	0.104	1.929	15.08	0.0	0.0	0.0	3.71e-06	6.886e-05	0.00053828	0.0	0.0	0.0
Clark	0.0	0.0	1.0	0.0	0.0	0.0	0.0	0.0	0.00026745	0.0	0.0	0.0
Meade	0.0	0.0	1.0	0.0	0.0	0.0	0.0	0.0	3.534e-05	0.0	0.0	0.0
Dewey	0.0	0.0	0.0	0.0	0.0	0.0	0.0	0.0	0.0	0.0	0.0	0.0
Roberts	0.0	0.0	4.0	0.0	0.0	0.0	0.0	0.0	0.00038289	0.0	0.0	0.0
Corson	0.0	0.0	1.0	0.0	0.0	0.0	0.0	0.0	0.0002401	0.0	0.0	0.0
Davison	0.0	0.0	4.0	0.0	0.0	0.0	0.0	0.0	0.00020212	0.0	0.0	0.0
Day	0.0	0.0	0.0	0.0	0.0	0.0	0.0	0.0	0.0	0.0	0.0	0.0
Ziebach	0.0	0.0	0.0	0.0	0.0	0.0	0.0	0.0	0.0	0.0	0.0	0.0
Edmunds	0.0	0.0	0.0	0.0	0.0	0.0	0.0	0.0	0.0	0.0	0.0	0.0
Brookings	0.002	0.789	10.033	0.0	0.0	0.0	6e-08	2.239e-05	0.00028477	0.0	0.0	0.0
McCook	0.19	3.079	6.243	0.0	0.0	1.0	3.426e-05	0.00055517	0.00112568	0.0	0.0	0.00018031
Mellette	0.0	0.0	0.0	0.0	0.0	0.0	0.0	0.0	0.0	0.0	0.0	0.0
Harding	0.0	0.0	0.0	0.0	0.0	0.0	0.0	0.0	0.0	0.0	0.0	0.0
McPherson	0.0	0.0	0.0	0.0	0.0	0.0	0.0	0.0	0.0	0.0	0.0	0.0
Grant	0.0	0.0	0.0	0.0	0.0	0.0	0.0	0.0	0.0	0.0	0.0	0.0
Miner	0.0	0.0	1.0	0.0	0.0	0.0	0.0	0.0	0.00045188	0.0	0.0	0.0
Jackson	0.0	0.0	0.0	0.0	0.0	0.0	0.0	0.0	0.0	0.0	0.0	0.0
