Name	Predicted_New_Cases	Total_Predicted_New_Cases	Total_Predicted_Cases	Predicted_New_Deaths	Total_Predicted_New_Deaths	Total_Predicted_Deaths	Predicted_New_per_capita	Predicted_Total_New_per_capita	Predicted_Total_Cases_per_capita	Predicted_New_Deaths_per_capita	Total_Predicted_New_Deaths_per_capita	Total_Predicted_Deaths_per_capita
Potter	0.0	0.0	0.0	0.0	0.0	0.0	0.0	0.0	0.0	0.0	0.0	0.0
Turner	0.023	4.035	29.035	0.0	2.592	2.592	2.73e-06	0.00047899	0.0034467	0.0	0.00030769	0.00030769
Jones	0.0	0.0	0.0	0.0	0.0	0.0	0.0	0.0	0.0	0.0	0.0	0.0
Brown	0.463	82.83	381.83	0.0	0.0	1.0	1.178e-05	0.00210678	0.00971182	0.0	0.0	2.543e-05
Jerauld	0.056	14.675	54.675	0.0	0.0	1.0	2.741e-05	0.00718306	0.02676211	0.0	0.0	0.00048948
Haakon	0.0	0.0	0.0	0.0	0.0	0.0	0.0	0.0	0.0	0.0	0.0	0.0
Hand	0.074	10.541	15.541	0.0	0.0	0.0	2.269e-05	0.00323145	0.00476426	0.0	0.0	0.0
Minnehaha	0.0	100.379	3509.379	0.0	0.939	50.939	0.0	0.00052043	0.018195	0.0	4.87e-06	0.0002641
Todd	0.163	29.204	67.204	0.0	0.0	1.0	1.585e-05	0.00284003	0.00653545	0.0	0.0	9.725e-05
Bon Homme	0.0	0.0	8.0	0.0	0.0	0.0	0.0	0.0	0.00114613	0.0	0.0	0.0
Butte	0.0	0.0	0.0	0.0	0.0	0.0	0.0	0.0	0.0	0.0	0.0	0.0
Brule	0.0	0.0	2.0	0.0	0.0	0.0	0.0	0.0	0.00038248	0.0	0.0	0.0
Lincoln	0.179	32.072	286.072	0.0	0.0	0.0	3.04e-06	0.00054538	0.00486459	0.0	0.0	0.0
Beadle	1.28	322.394	707.394	0.023	4.519	9.519	6.779e-05	0.01707324	0.03746195	1.22e-06	0.00023932	0.0005041
Hyde	0.134	23.892	25.892	0.023	4.519	4.519	0.00010452	0.01863651	0.02019657	1.794e-05	0.00352496	0.00352496
Sully	0.0	0.0	1.0	0.023	4.519	4.519	0.0	0.0	0.00071839	1.652e-05	0.00324641	0.00324641
Fall River	0.423	34.791	40.791	0.023	4.519	4.519	6.259e-05	0.00514812	0.00603596	3.4e-06	0.00066869	0.00066869
Stanley	0.0	0.014	10.014	0.023	4.519	4.519	0.0	4.63e-06	0.0033137	7.61e-06	0.00149537	0.00149537
Sanborn	0.0	0.35	13.35	0.023	4.519	4.519	0.0	0.00014409	0.00549609	9.47e-06	0.00186044	0.00186044
Spink	0.0	0.124	5.124	0.023	4.519	4.519	0.0	1.909e-05	0.00078891	3.54e-06	0.00069577	0.00069577
Hanson	0.0	0.0	3.0	0.023	4.519	4.519	0.0	0.0	0.00088863	6.81e-06	0.00133857	0.00133857
Deuel	0.0	0.0	1.0	0.023	4.519	4.519	0.0	0.0	0.00023057	5.3e-06	0.00104196	0.00104196
Hamlin	2.147	89.405	96.405	0.023	4.519	4.519	0.00035133	0.01463018	0.01577565	3.76e-06	0.00073949	0.00073949
Custer	0.0	0.0	1.0	0.023	4.519	4.519	0.0	0.0	0.0001146	2.64e-06	0.00051788	0.00051788
Douglas	0.002	0.425	4.425	0.023	4.519	4.519	6.8e-07	0.0001448	0.00150767	7.84e-06	0.00153969	0.00153969
Faulk	0.002	0.425	2.425	0.023	4.519	4.519	8.6e-07	0.0001824	0.00104077	9.87e-06	0.00193948	0.00193948
Walworth	0.0	0.0	5.0	0.023	4.519	4.519	0.0	0.0	0.00089493	4.12e-06	0.00080884	0.00080884
Pennington	1.551	277.481	591.481	0.08	9.616	14.616	1.388e-05	0.00248352	0.00529389	7.2e-07	8.607e-05	0.00013082
Perkins	0.0	0.0	0.0	0.0	0.0	0.0	0.0	0.0	0.0	0.0	0.0	0.0
Lyman	0.12	18.851	42.851	0.08	9.616	9.616	3.141e-05	0.00493353	0.0112146	2.094e-05	0.00251662	0.00251662
Lawrence	0.0	0.641	12.641	0.08	9.616	9.616	0.0	2.49e-05	0.00049108	3.11e-06	0.00037357	0.00037357
Tripp	0.0	0.0	6.0	0.08	9.616	9.616	0.0	0.0	0.00109529	1.46e-05	0.00175539	0.00175539
Aurora	0.064	12.178	41.178	0.08	9.616	9.616	2.285e-05	0.00434773	0.01470118	2.856e-05	0.00343306	0.00343306
Bennett	0.0	0.0	0.0	0.0	0.0	0.0	0.0	0.0	0.0	0.0	0.0	0.0
Hughes	0.002	0.425	20.425	0.08	9.616	9.616	1.1e-07	2.408e-05	0.00115722	4.53e-06	0.00054482	0.00054482
Hutchinson	0.033	5.842	11.842	0.08	9.616	9.616	4.47e-06	0.0007916	0.00160461	1.084e-05	0.00130298	0.00130298
Marshall	0.0	0.0	4.0	0.08	9.616	9.616	0.0	0.0	0.00078247	1.565e-05	0.00188106	0.00188106
Yankton	0.021	3.823	61.823	0.08	9.616	9.616	9.2e-07	0.00016717	0.00270335	3.5e-06	0.00042048	0.00042048
Moody	0.0	0.067	19.067	0.08	9.616	9.616	0.0	1.018e-05	0.00289816	1.216e-05	0.00146162	0.00146162
Lake	0.494	47.912	60.912	0.08	9.616	9.616	3.783e-05	0.00366945	0.00466508	6.13e-06	0.00073646	0.00073646
Unassigned	0.0	0.0	1.0	0.0	0.0	5.0	N/A	N/A	N/A	N/A	N/A	N/A
Buffalo	0.184	32.921	57.921	0.0	0.0	0.0	9.037e-05	0.01616945	0.02844843	0.0	0.0	0.0
Clay	13.785	573.928	608.928	0.0	0.0	0.0	0.00098177	0.04087515	0.04336785	0.0	0.0	0.0
Kingsbury	0.0	0.0	5.0	0.0	0.0	0.0	0.0	0.0	0.00101647	0.0	0.0	0.0
Oglala Lakota	0.236	42.265	81.265	0.0	0.0	0.0	1.649e-05	0.00295374	0.00567929	0.0	0.0	0.0
Campbell	0.0	0.0	0.0	0.0	0.0	0.0	0.0	0.0	0.0	0.0	0.0	0.0
Union	0.125	22.3	122.3	0.0	0.0	0.0	8e-06	0.00142775	0.00783021	0.0	0.0	0.0
Gregory	0.0	0.0	1.0	0.0	0.0	0.0	0.0	0.0	0.00023742	0.0	0.0	0.0
Charles Mix	0.0	2.502	22.502	0.0	0.0	0.0	0.0	0.00026794	0.00240972	0.0	0.0	0.0
Codington	0.078	13.913	56.913	0.0	0.0	0.0	2.78e-06	0.00049663	0.00203152	0.0	0.0	0.0
Clark	0.0	0.0	4.0	0.0	0.0	0.0	0.0	0.0	0.0010698	0.0	0.0	0.0
Meade	0.182	32.499	58.499	0.0	0.0	1.0	6.43e-06	0.00114862	0.00206754	0.0	0.0	3.534e-05
Dewey	0.0	0.0	1.0	0.0	0.0	0.0	0.0	0.0	0.00016938	0.0	0.0	0.0
Roberts	0.0	0.155	38.155	0.0	0.0	0.0	0.0	1.484e-05	0.00365224	0.0	0.0	0.0
Corson	0.0	0.0	4.0	0.0	0.0	0.0	0.0	0.0	0.00096038	0.0	0.0	0.0
Davison	0.234	37.977	67.977	0.0	0.0	0.0	1.182e-05	0.001919	0.00343492	0.0	0.0	0.0
Day	0.011	1.91	14.91	0.0	0.0	0.0	2e-06	0.00034696	0.00270845	0.0	0.0	0.0
Ziebach	1.87	77.869	79.869	0.0	0.0	0.0	0.00068198	0.02839861	0.02912801	0.0	0.0	0.0
Edmunds	0.0	0.0	4.0	0.0	0.0	0.0	0.0	0.0	0.00103226	0.0	0.0	0.0
Brookings	19.824	725.225	748.225	0.0	0.0	0.0	0.00056267	0.02058427	0.02123709	0.0	0.0	0.0
McCook	0.0	0.62	6.62	0.0	0.0	1.0	0.0	0.00011179	0.00119365	0.0	0.0	0.00018031
Mellette	0.0	0.0	0.0	0.0	0.0	0.0	0.0	0.0	0.0	0.0	0.0	0.0
Harding	0.0	0.0	0.0	0.0	0.0	0.0	0.0	0.0	0.0	0.0	0.0	0.0
McPherson	0.693	28.841	30.841	0.0	0.0	0.0	0.00028791	0.01198214	0.01281305	0.0	0.0	0.0
Grant	0.0	0.093	13.093	0.0	0.0	0.0	0.0	1.301e-05	0.00183196	0.0	0.0	0.0
Miner	0.023	4.035	7.035	0.0	0.0	0.0	1.039e-05	0.00182332	0.00317894	0.0	0.0	0.0
Jackson	0.0	0.0	4.0	0.0	0.0	0.0	0.0	0.0	0.00120956	0.0	0.0	0.0
