Name	Confirmed	Deaths	Recovered	Active	Confirmed_per_capita	Deaths_per_capita	IFR_0.30_expected	IFR_0.65_expected	IFR_1.0_expected	IFR_0.30_expected_per_capita	IFR_0.65_expected_per_capita	IFR_1.0_expected_per_capita	Date
Marshall	0.0	0.0	0.0	0.0	0.0	0.0	0.0	0.0	0.0	0.0	0.0	0.0	2020-03-22
Marshall	0	0	0	0	0	0	0	0	0	0	0	0	2020-03-23
Marshall	0	0	0	0	0	0	0	0	0	0	0	0	2020-03-24
Marshall	0	0	0	0	0	0	0	0	0	0	0	0	2020-03-25
Marshall	0	0	0	0	0	0	0	0	0	0	0	0	2020-03-26
Marshall	0	0	0	0	0	0	0	0	0	0	0	0	2020-03-27
Marshall	0	0	0	0	0	0	0	0	0	0	0	0	2020-03-28
Marshall	0.0	0.0	0.0	0.0	0.0	0.0	0.0	0.0	0.0	0.0	0.0	0.0	2020-03-29
Marshall	0.0	0.0	0.0	0.0	0.0	0.0	0.0	0.0	0.0	0.0	0.0	0.0	2020-03-30
Marshall	1.0	0.0	0.0	0.0	5.95e-05	0.0	5.0	2.0	1.25	0.0002975	0.000119	7.4375e-05	2020-04-07
Marshall	1.0	0.0	0.0	0.0	5.95e-05	0.0	5.0	2.0	1.25	0.0002975	0.000119	7.4375e-05	2020-04-08
Marshall	1.0	0.0	0.0	0.0	5.95e-05	0.0	5.0	2.0	1.25	0.0002975	0.000119	7.4375e-05	2020-04-09
Marshall	1.0	0.0	0.0	0.0	5.95e-05	0.0	5.0	2.0	1.25	0.0002975	0.000119	7.4375e-05	2020-04-10
Marshall	1.0	0.0	0.0	0.0	5.95e-05	0.0	5.0	2.0	1.25	0.0002975	0.000119	7.4375e-05	2020-04-11
Marshall	1.0	0.0	0.0	1.0	5.95e-05	0.0	5.0	2.0	1.25	0.0002975	0.000119	7.4375e-05	2020-04-12
Marshall	1.0	0.0	0.0	1.0	5.95e-05	0.0	5.0	2.0	1.25	0.0002975	0.000119	7.4375e-05	2020-04-13
Marshall	1.0	0.0	0.0	1.0	5.95e-05	0.0	5.0	2.0	1.25	0.0002975	0.000119	7.4375e-05	2020-04-14
Marshall	1.0	0.0	0.0	1.0	5.95e-05	0.0	5.0	2.0	1.25	0.0002975	0.000119	7.4375e-05	2020-04-15
Marshall	1.0	0.0	0.0	1.0	5.95e-05	0.0	5.0	2.0	1.25	0.0002975	0.000119	7.4375e-05	2020-04-16
Marshall	1.0	0.0	0.0	1.0	5.95e-05	0.0	5.0	2.0	1.25	0.0002975	0.000119	7.4375e-05	2020-04-17
Marshall	1.0	0.0	0.0	1.0	5.95e-05	0.0	5.0	2.0	1.25	0.0002975	0.000119	7.4375e-05	2020-04-18
Marshall	2.0	0.0	0.0	2.0	0.00011901	0.0	10.0	4.0	2.5	0.00059505	0.00023802	0.0001487625	2020-04-19
Marshall	2.0	0.0	0.0	2.0	0.00011901	0.0	10.0	4.0	2.5	0.00059505	0.00023802	0.0001487625	2020-04-20
Marshall	2.0	0.0	0.0	2.0	0.00011901	0.0	10.0	4.0	2.5	0.00059505	0.00023802	0.0001487625	2020-04-21
Marshall	2.0	0.0	0.0	2.0	0.00011901	0.0	10.0	4.0	2.5	0.00059505	0.00023802	0.0001487625	2020-04-22
Marshall	2.0	0.0	0.0	2.0	0.00011901	0.0	10.0	4.0	2.5	0.00059505	0.00023802	0.0001487625	2020-04-23
Marshall	2.0	0.0	0.0	2.0	0.00011901	0.0	10.0	4.0	2.5	0.00059505	0.00023802	0.0001487625	2020-04-24
Marshall	2.0	0.0	0.0	2.0	0.00011901	0.0	10.0	4.0	2.5	0.00059505	0.00023802	0.0001487625	2020-04-25
Marshall	2.0	0.0	0.0	2.0	0.00011901	0.0	10.0	4.0	2.5	0.00059505	0.00023802	0.0001487625	2020-04-26
Marshall	2.0	0.0	0.0	2.0	0.00011901	0.0	10.0	4.0	2.5	0.00059505	0.00023802	0.0001487625	2020-04-27
Marshall	2.0	0.0	0.0	2.0	0.00011901	0.0	10.0	4.0	2.5	0.00059505	0.00023802	0.0001487625	2020-04-28
Marshall	2.0	0.0	0.0	2.0	0.00011901	0.0	10.0	4.0	2.5	0.00059505	0.00023802	0.0001487625	2020-04-29
Marshall	2.0	0.0	0.0	2.0	0.00011901	0.0	10.0	4.0	2.5	0.00059505	0.00023802	0.0001487625	2020-04-30
Marshall	2.0	0.0	0.0	2.0	0.00011901	0.0	10.0	4.0	2.5	0.00059505	0.00023802	0.0001487625	2020-05-01
Marshall	2.0	0.0	0.0	2.0	0.00011901	0.0	10.0	4.0	2.5	0.00059505	0.00023802	0.0001487625	2020-05-02
Marshall	2.0	0.0	0.0	2.0	0.00011901	0.0	10.0	4.0	2.5	0.00059505	0.00023802	0.0001487625	2020-05-03
Marshall	2.0	0.0	0.0	2.0	0.00011901	0.0	10.0	4.0	2.5	0.00059505	0.00023802	0.0001487625	2020-05-04
Marshall	2.0	0.0	0.0	2.0	0.00011901	0.0	10.0	4.0	2.5	0.00059505	0.00023802	0.0001487625	2020-05-05
Marshall	2.0	0.0	0.0	2.0	0.00011901	0.0	10.0	4.0	2.5	0.00059505	0.00023802	0.0001487625	2020-05-06
Marshall	2.0	0.0	0.0	2.0	0.00011901	0.0	10.0	4.0	2.5	0.00059505	0.00023802	0.0001487625	2020-05-07
Marshall	2.0	0.0	0.0	2.0	0.00011901	0.0	10.0	4.0	2.5	0.00059505	0.00023802	0.0001487625	2020-05-08
Marshall	2.0	0.0	0.0	2.0	0.00011901	0.0	10.0	4.0	2.5	0.00059505	0.00023802	0.0001487625	2020-05-09
Marshall	2.0	0.0	0.0	2.0	0.00011901	0.0	10.0	4.0	2.5	0.00059505	0.00023802	0.0001487625	2020-05-10
Marshall	2.0	0.0	0.0	2.0	0.00011901	0.0	10.0	4.0	2.5	0.00059505	0.00023802	0.0001487625	2020-05-11
Marshall	2.0	0.0	0.0	2.0	0.00011901	0.0	10.0	4.0	2.5	0.00059505	0.00023802	0.0001487625	2020-05-12
Marshall	2.0	0.0	0.0	2.0	0.00011901	0.0	10.0	4.0	2.5	0.00059505	0.00023802	0.0001487625	2020-05-13
Marshall	2.0	0.0	0.0	2.0	0.00011901	0.0	10.0	4.0	2.5	0.00059505	0.00023802	0.0001487625	2020-05-14
Marshall	4.0	0.0	0.0	4.0	0.00023801	0.0	20.0	8.0	5.0	0.00119005	0.00047602	0.0002975125	2020-05-15
Marshall	4.0	0.0	0.0	4.0	0.00023801	0.0	20.0	8.0	5.0	0.00119005	0.00047602	0.0002975125	2020-05-16
Marshall	4.0	0.0	0.0	4.0	0.00023801	0.0	20.0	8.0	5.0	0.00119005	0.00047602	0.0002975125	2020-05-17
Marshall	6.0	0.0	0.0	6.0	0.00035702	0.0	30.0	12.0	7.5	0.0017851	0.00071404	0.000446275	2020-05-18
Marshall	6.0	0.0	0.0	6.0	0.00035702	0.0	30.0	12.0	7.5	0.0017851	0.00071404	0.000446275	2020-05-19
Marshall	6.0	0.0	0.0	6.0	0.00035702	0.0	30.0	12.0	7.5	0.0017851	0.00071404	0.000446275	2020-05-20
Marshall	7.0	0.0	0.0	7.0	0.00041652	0.0	35.0	14.0	8.75	0.0020826	0.00083304	0.00052065	2020-05-21
Marshall	7.0	0.0	0.0	7.0	0.00041652	0.0	35.0	14.0	8.75	0.0020826	0.00083304	0.00052065	2020-05-22
Marshall	7.0	0.0	0.0	7.0	0.00041652	0.0	35.0	14.0	8.75	0.0020826	0.00083304	0.00052065	2020-05-23
Marshall	7.0	0.0	0.0	7.0	0.00041652	0.0	35.0	14.0	8.75	0.0020826	0.00083304	0.00052065	2020-05-24
Marshall	8.0	0.0	0.0	8.0	0.00047602	0.0	40.0	16.0	10.0	0.0023801	0.00095204	0.000595025	2020-05-25
Marshall	8.0	0.0	0.0	8.0	0.00047602	0.0	40.0	16.0	10.0	0.0023801	0.00095204	0.000595025	2020-05-26
Marshall	8.0	0.0	0.0	8.0	0.00047602	0.0	40.0	16.0	10.0	0.0023801	0.00095204	0.000595025	2020-05-27
Marshall	8.0	0.0	0.0	8.0	0.00047602	0.0	40.0	16.0	10.0	0.0023801	0.00095204	0.000595025	2020-05-28
Marshall	8.0	0.0	0.0	8.0	0.00047602	0.0	40.0	16.0	10.0	0.0023801	0.00095204	0.000595025	2020-05-29
Marshall	8.0	0.0	0.0	8.0	0.00047602	0.0	40.0	16.0	10.0	0.0023801	0.00095204	0.000595025	2020-05-30
Marshall	8.0	0.0	0.0	8.0	0.00047602	0.0	40.0	16.0	10.0	0.0023801	0.00095204	0.000595025	2020-05-31
Marshall	8.0	0.0	0.0	8.0	0.00047602	0.0	40.0	16.0	10.0	0.0023801	0.00095204	0.000595025	2020-06-01
Marshall	8.0	0.0	0.0	8.0	0.00047602	0.0	40.0	16.0	10.0	0.0023801	0.00095204	0.000595025	2020-06-02
Marshall	8.0	0.0	0.0	8.0	0.00047602	0.0	40.0	16.0	10.0	0.0023801	0.00095204	0.000595025	2020-06-03
Marshall	10.0	0.0	0.0	10.0	0.00059503	0.0	50.0	20.0	12.5	0.00297515	0.00119006	0.0007437875	2020-06-04
Marshall	10.0	0.0	0.0	10.0	0.00059503	0.0	50.0	20.0	12.5	0.00297515	0.00119006	0.0007437875	2020-06-05
Marshall	9.0	0.0	0.0	9.0	0.00053552	0.0	45.0	18.0	11.25	0.0026776	0.00107104	0.0006694	2020-06-06
Marshall	11.0	0.0	0.0	11.0	0.00065453	0.0	55.0	22.0	13.75	0.00327265	0.00130906	0.0008181625	2020-06-07
Marshall	11.0	0.0	0.0	11.0	0.00065453	0.0	55.0	22.0	13.75	0.00327265	0.00130906	0.0008181625	2020-06-08
Marshall	11.0	0.0	0.0	11.0	0.00065453	0.0	55.0	22.0	13.75	0.00327265	0.00130906	0.0008181625	2020-06-09
Marshall	12.0	0.0	0.0	12.0	0.00071403	0.0	60.0	24.0	15.0	0.00357015	0.00142806	0.0008925375	2020-06-10
Marshall	13.0	0.0	0.0	13.0	0.00077353	0.0	65.0	26.0	16.25	0.00386765	0.00154706	0.0009669125	2020-06-11
Marshall	13.0	0.0	0.0	13.0	0.00077353	0.0	65.0	26.0	16.25	0.00386765	0.00154706	0.0009669125	2020-06-12
Marshall	15.0	0.0	0.0	15.0	0.00089254	0.0	75.0	30.0	18.75	0.0044627	0.00178508	0.001115675	2020-06-13
Marshall	15.0	0.0	0.0	15.0	0.00089254	0.0	75.0	30.0	18.75	0.0044627	0.00178508	0.001115675	2020-06-14
Marshall	16.0	0.0	0.0	16.0	0.00095204	0.0	80.0	32.0	20.0	0.0047602	0.00190408	0.00119005	2020-06-15
Marshall	20.0	0.0	0.0	20.0	0.00119005	0.0	100.0	40.0	25.0	0.00595025	0.0023801	0.0014875625	2020-06-16
Marshall	20.0	0.0	0.0	20.0	0.00119005	0.0	100.0	40.0	25.0	0.00595025	0.0023801	0.0014875625	2020-06-17
Marshall	21.0	0.0	0.0	21.0	0.00124955	0.0	105.0	42.0	26.25	0.00624775	0.0024991	0.0015619375	2020-06-18
Marshall	21.0	0.0	0.0	21.0	0.00124955	0.0	105.0	42.0	26.25	0.00624775	0.0024991	0.0015619375	2020-06-19
Marshall	22.0	0.0	0.0	22.0	0.00130906	0.0	110.0	44.0	27.5	0.0065453	0.00261812	0.001636325	2020-06-20
Marshall	22.0	0.0	0.0	22.0	0.00130906	0.0	110.0	44.0	27.5	0.0065453	0.00261812	0.001636325	2020-06-21
Marshall	23.0	0.0	0.0	23.0	0.00136856	0.0	115.0	46.0	28.75	0.0068428	0.00273712	0.0017107	2020-06-22
Marshall	25.0	0.0	0.0	25.0	0.00148756	0.0	125.0	50.0	31.25	0.0074378	0.00297512	0.00185945	2020-06-23
Marshall	25.0	0.0	0.0	25.0	0.00148756	0.0	125.0	50.0	31.25	0.0074378	0.00297512	0.00185945	2020-06-24
Marshall	25.0	0.0	0.0	25.0	0.00148756	0.0	125.0	50.0	31.25	0.0074378	0.00297512	0.00185945	2020-06-25
Marshall	25.0	0.0	0.0	25.0	0.00148756	0.0	125.0	50.0	31.25	0.0074378	0.00297512	0.00185945	2020-06-26
Marshall	25.0	0.0	0.0	25.0	0.00148756	0.0	125.0	50.0	31.25	0.0074378	0.00297512	0.00185945	2020-06-27
Marshall	25.0	0.0	0.0	25.0	0.00148756	0.0	125.0	50.0	31.25	0.0074378	0.00297512	0.00185945	2020-06-28
Marshall	26.0	0.0	0.0	26.0	0.00154707	0.0	130.0	52.0	32.5	0.00773535	0.00309414	0.0019338375	2020-06-29
Marshall	32.0	0.0	0.0	32.0	0.00190408	0.0	160.0	64.0	40.0	0.0095204	0.00380816	0.0023801	2020-06-30
Marshall	32.0	0.0	0.0	32.0	0.00190408	0.0	160.0	64.0	40.0	0.0095204	0.00380816	0.0023801	2020-07-01
Marshall	33.0	0.0	0.0	33.0	0.00196358	0.0	165.0	66.0	41.25	0.0098179	0.00392716	0.002454475	2020-07-02
Marshall	33.0	0.0	0.0	33.0	0.00196358	0.0	165.0	66.0	41.25	0.0098179	0.00392716	0.002454475	2020-07-03
Marshall	36.0	0.0	0.0	36.0	0.00214209	0.0	180.0	72.0	45.0	0.01071045	0.00428418	0.0026776125	2020-07-04
Marshall	37.0	0.0	0.0	37.0	0.00220159	0.0	185.0	74.0	46.25	0.01100795	0.00440318	0.0027519875	2020-07-05
Marshall	37.0	0.0	0.0	37.0	0.00220159	0.0	185.0	74.0	46.25	0.01100795	0.00440318	0.0027519875	2020-07-06
Marshall	41.0	0.0	0.0	41.0	0.0024396	0.0	205.0	82.0	51.25	0.012198	0.0048792	0.0030495	2020-07-07
Marshall	43.0	0.0	0.0	43.0	0.00255861	0.0	215.0	86.0	53.75	0.01279305	0.00511722	0.0031982625	2020-07-08
Marshall	43.0	0.0	0.0	43.0	0.00255861	0.0	215.0	86.0	53.75	0.01279305	0.00511722	0.0031982625	2020-07-09
Marshall	43.0	0.0	0.0	43.0	0.00255861	0.0	215.0	86.0	53.75	0.01279305	0.00511722	0.0031982625	2020-07-10
Marshall	43.0	0.0	0.0	43.0	0.00255861	0.0	215.0	86.0	53.75	0.01279305	0.00511722	0.0031982625	2020-07-11
Marshall	43.0	0.0	0.0	43.0	0.00255861	0.0	215.0	86.0	53.75	0.01279305	0.00511722	0.0031982625	2020-07-12
Marshall	43.0	0.0	0.0	43.0	0.00255861	0.0	215.0	86.0	53.75	0.01279305	0.00511722	0.0031982625	2020-07-13
Marshall	47.0	0.0	0.0	47.0	0.00279662	0.0	235.0	94.0	58.75	0.0139831	0.00559324	0.003495775	2020-07-14
Marshall	49.0	0.0	0.0	49.0	0.00291563	0.0	245.0	98.0	61.25	0.01457815	0.00583126	0.0036445375	2020-07-15
Marshall	49.0	0.0	0.0	49.0	0.00291563	0.0	245.0	98.0	61.25	0.01457815	0.00583126	0.0036445375	2020-07-16
Marshall	49.0	0.0	0.0	49.0	0.00291563	0.0	245.0	98.0	61.25	0.01457815	0.00583126	0.0036445375	2020-07-17
Marshall	50.0	0.0	0.0	50.0	0.00297513	0.0	250.0	100.0	62.5	0.01487565	0.00595026	0.0037189125	2020-07-18
Marshall	50.0	0.0	0.0	50.0	0.00297513	0.0	250.0	100.0	62.5	0.01487565	0.00595026	0.0037189125	2020-07-19
