Name	Predicted_New_Cases	Total_Predicted_New_Cases	Predicted_New_per_capita	Predicted_Total_per_capita
Czech Republic	56.279	7611.002	5.3e-06	0.00071628
West Bank And Gaza	20.006	1927.928	4e-06	0.00038559
Poland	278.017	22710.372	7.32e-06	0.00059798
Belarus	1937.64	54213.122	0.00020428	0.00571544
Sweden	210.957	20329.706	2.072e-05	0.0019964
Russia	842.352	57686.748	5.83e-06	0.00039928
Norway	42.177	5942.618	7.94e-06	0.00111822
Luxembourg	25.554	3600.506	4.205e-05	0.00592454
Cyprus	15.154	1460.35	1.295e-05	0.00124816
Ukraine	69.7	6334.474	1.56e-06	0.00014196
France	2175.731	215321.13	3.248e-05	0.00321436
Moldova	192.396	11958.626	5.426e-05	0.00337254
San Marino	5.256	429.382	0.00015557	0.01270925
Georgia	13.172	945.29	3.53e-06	0.00025336
Bosnia and Herzegovina	16.969	1760.464	5.11e-06	0.00052963
Belgium	575.1	56914.796	5.035e-05	0.00498288
Turkey	1786.706	157101.004	2.17e-05	0.00190842
Netherlands	351.621	38021.742	2.041e-05	0.00220659
Estonia	58.398	4579.066	4.421e-05	0.00346667
Spain	1827.66	234021.65	3.912e-05	0.00500862
Montenegro	43.365	2568.796	6.968e-05	0.00412761
Croatia	10.522	1613.952	2.57e-06	0.00039467
Azerbaijan	75.579	5175.87	7.6e-06	0.00052059
Latvia	0.0	282.25	0.0	0.00014651
Germany	1778.765	196199.86	2.145e-05	0.00236591
Albania	24.065	1806.98	8.4e-06	0.00063041
Slovakia	9.329	967.81	1.71e-06	0.00017768
Republic of Serbia	276.986	18968.784	3.967e-05	0.00271678
Portugal	264.85	28638.94	2.576e-05	0.00278541
Ireland	166.369	16032.792	3.428e-05	0.00330334
Macedonia	49.257	3534.998	2.365e-05	0.0016971
Switzerland	9.278	17828.206	1.09e-06	0.00209336
Vatican	0.0	0.0	0.0	0.0
Liechtenstein	0.0	6.748	0.0	0.000178
Lithuania	16.327	1729.882	5.85e-06	0.00062013
Kosovo	3.05	301.804	1.65e-06	0.00016355
United Kingdom	2333.234	212048.764	3.509e-05	0.00318923
Slovenia	7.759	1100.97	3.75e-06	0.00053255
Hungary	23.001	2216.566	2.35e-06	0.0002269
Monaco	1.484	146.884	3.836e-05	0.00379722
Bulgaria	11.565	1144.532	1.65e-06	0.00016294
Romania	115.28	11691.348	5.92e-06	0.00060036
Italy	905.52	126670.048	1.498e-05	0.0020961
Denmark	167.729	15243.508	2.893e-05	0.00262935
Andorra	0.514	490.392	6.67e-06	0.00636823
Austria	0.0	3133.316	0.0	0.00035417
Finland	38.107	3771.238	6.91e-06	0.00068344
Malta	11.889	892.708	2.459e-05	0.00184623
Greece	1.807	1725.492	1.7e-07	0.00016085
Armenia	17.064	1807.968	5.78e-06	0.0006125
Israel	202.316	21877.02	2.277e-05	0.00246257
Iceland	23.519	2439.88	6.652e-05	0.00690062
Honduras	10.126	1026.984	1.06e-06	0.00010712
Haiti	25.744	720.292	2.31e-06	6.476e-05
Saint Vincent and the Grenadines	24.794	599.248	0.00022497	0.00543733
Guatemala	5.433	389.932	3.1e-07	2.261e-05
Dominican Republic	20.598	2993.882	1.94e-06	0.00028172
Dominica	0.0	0.0	0.0	0.0
The Bahamas	0.819	84.924	2.12e-06	0.00022022
Jamaica	2.413	212.14	8.2e-07	7.228e-05
Nicaragua	0.0	0.0	0.0	0.0
Mexico	7.301	1278.994	6e-08	1.014e-05
El Salvador	2.796	269.432	4.4e-07	4.196e-05
Saint Lucia	0.0	0.0	0.0	0.0
Panama	67.235	6479.426	1.61e-05	0.00155126
Costa Rica	5.905	678.152	1.18e-06	0.00013565
United States of America	14830.806	1389727.73	4.533e-05	0.00424776
Cuba	13.668	1280.748	1.21e-06	0.00011296
Saint Kitts and Nevis	0.0	0.0	0.0	0.0
Trinidad and Tobago	0.729	102.274	5.2e-07	7.359e-05
Antigua and Barbuda	0.0	0.0	0.0	0.0
Canada	481.298	47631.678	1.299e-05	0.0012853
Paraguay	3.94	346.442	5.7e-07	4.98e-05
Guyana	0.683	75.308	8.8e-07	9.667e-05
Brazil	102.812	15844.604	4.9e-07	7.564e-05
Ecuador	41.177	5842.884	2.41e-06	0.000342
Uruguay	0.0	113.658	0.0	3.295e-05
Venezuela	0.0	29.602	0.0	1.03e-06
Argentina	34.055	3608.216	7.7e-07	8.109e-05
Belize	0.556	36.258	1.45e-06	9.465e-05
Bolivia	1.828	259.432	1.6e-07	2.285e-05
Colombia	1.555	449.418	3e-08	9.05e-06
Suriname	0.0	0.0	0.0	0.0
Peru	225.976	16217.63	7.06e-06	0.00050697
Grenada	0.0	0.0	0.0	0.0
Barbados	1.391	130.32	4.85e-06	0.00045465
Chile	141.421	13995.738	7.55e-06	0.00074727
Aruba	0.0	0.0	0.0	0.0
Fiji	0.405	34.326	4.6e-07	3.885e-05
New Zealand	28.319	2937.944	5.8e-06	0.00060136
Australia	0.0	1550.314	0.0	6.203e-05
Papua New Guinea	0.0	0.0	0.0	0.0
Kenya	22.792	1486.736	4.4e-07	2.893e-05
Botswana	0.0	0.0	0.0	0.0
Benin	88.778	2145.704	7.73e-06	0.00018683
Tunisia	10.649	1174.552	9.2e-07	0.00010156
Mauritius	7.702	742.198	6.09e-06	0.00058658
Namibia	0.0	0.0	0.0	0.0
Zambia	0.0	0.962	0.0	6e-08
Republic of the Congo	0.0	0.0	0.0	0.0
Ghana	0.0	31.88	0.0	1.07e-06
Gabon	0.0	4.22	0.0	1.99e-06
Malawi	0.121	12.86	1e-08	7.1e-07
Libya	0.0	2.744	0.0	4.1e-07
Morocco	37.333	3597.788	1.04e-06	9.986e-05
Seychelles	0.0	0.0	0.0	0.0
Guinea-Bissau	0.364	38.608	1.9e-07	2.06e-05
Liberia	27.32	764.396	5.67e-06	0.00015862
Zimbabwe	0.0	0.0	0.0	0.0
Swaziland	0.0	0.0	0.0	0.0
Sudan	0.488	47.07	1e-08	1.13e-06
Democratic Republic of the Congo	2.256	323.406	3e-08	3.85e-06
Mali	0.85	90.092	4e-08	4.72e-06
Nigeria	1.587	346.786	1e-08	1.77e-06
Somalia	0.0	0.0	0.0	0.0
Algeria	57.555	5393.242	1.36e-06	0.00012772
United Republic of Tanzania	0.0	0.104	0.0	0.0
Burkina Faso	2.792	430.25	1.4e-07	2.178e-05
Mozambique	0.0	0.0	0.0	0.0
Angola	1.076	80.828	3e-08	2.62e-06
Senegal	1.903	281.212	1.2e-07	1.774e-05
Ethiopia	1.397	138.298	1e-08	1.27e-06
Togo	2.799	210.158	3.5e-07	2.664e-05
Uganda	0.0	3.214	0.0	8e-08
Chad	0.0	2.108	0.0	1.4e-07
Niger	344.253	11153.396	1.534e-05	0.00049697
Equatorial Guinea	0.0	0.0	0.0	0.0
Gambia	0.0	0.0	0.0	0.0
Guinea	203.246	7059.578	1.637e-05	0.00056866
South Africa	24.624	2436.902	4.3e-07	4.218e-05
Ivory Coast	5.138	791.782	2e-07	3.158e-05
Cameroon	108.1	6719.1	4.29e-06	0.00026646
Central African Republic	0.0	0.0	0.0	0.0
Madagascar	0.0	21.914	0.0	8.3e-07
Sierra Leone	0.0	0.0	0.0	0.0
Mauritania	0.0	0.0	0.0	0.0
Cape Verde	0.0	0.0	0.0	0.0
Rwanda	0.0	27.316	0.0	2.22e-06
Egypt	149.464	9749.584	1.52e-06	9.906e-05
Eritrea	0.196	29.648	4e-08	6.63e-06
Djibouti	26.662	1362.97	2.78e-05	0.00142136
Burundi	0.0	0.0	0.0	0.0
Bhutan	0.0	0.0	0.0	0.0
Afghanistan	14.272	1297.076	3.8e-07	3.489e-05
Syria	0.0	0.0	0.0	0.0
Kyrgyzstan	4.665	461.638	7.4e-07	7.309e-05
South Korea	15.852	2304.068	3.1e-07	4.462e-05
Brunei	0.0	0.0	0.0	0.0
Nepal	0.0	0.0	0.0	0.0
Kuwait	546.603	20345.694	0.00013212	0.00491762
Malaysia	63.158	6552.184	2e-06	0.00020722
Indonesia	71.622	6902.104	2.7e-07	2.579e-05
Iraq	23.593	2334.852	6.1e-07	6.075e-05
East Timor	0.0	0.0	0.0	0.0
Uzbekistan	57.777	3768.814	1.75e-06	0.00011436
Myanmar	0.0	0.0	0.0	0.0
Qatar	5523.445	133497.378	0.00198565	0.04799169
Sri Lanka	4.14	364.02	1.9e-07	1.68e-05
Laos	0.19	17.28	3e-08	2.45e-06
Bahrain	12.551	1176.07	8e-06	0.00074936
Mongolia	0.0	0.0	0.0	0.0
Taiwan	0.0	92.124	0.0	3.87e-06
Oman	11.902	1081.664	2.46e-06	0.00022397
Japan	240.484	18057.206	1.9e-06	0.00014271
United Arab Emirates	2241.966	83450.544	0.00023279	0.00866482
China	7.76	1696.14	1e-08	1.22e-06
Maldives	0.0	0.386	0.0	7.5e-07
Singapore	33.48	3137.244	5.94e-06	0.00055638
India	1766.231	90291.058	1.31e-06	6.675e-05
Saudi Arabia	93.301	8479.368	2.77e-06	0.00025161
Philippines	70.879	8326.48	6.6e-07	7.807e-05
Thailand	18.459	2767.884	2.7e-07	3.987e-05
Iran	736.715	91393.294	9.01e-06	0.00111727
Vietnam	0.0	25.514	0.0	2.7e-07
Kazakhstan	22.273	2146.448	1.22e-06	0.00011744
Bangladesh	178.633	4997.954	1.11e-06	3.097e-05
Pakistan	357.262	24466.384	1.68e-06	0.00011529
Cambodia	0.0	2.7	0.0	1.7e-07
Jordan	4.102	425.524	4.1e-07	4.274e-05
Lebanon	0.0	107.038	0.0	1.563e-05
