Name	Predicted_New_Cases	Total_Predicted_New_Cases	Total_Predicted_Cases	Predicted_New_Deaths	Total_Predicted_New_Deaths	Total_Predicted_Deaths	Predicted_New_per_capita	Predicted_Total_New_per_capita	Predicted_Total_Cases_per_capita	Predicted_New_Deaths_per_capita	Total_Predicted_New_Deaths_per_capita	Total_Predicted_Deaths_per_capita
Czech Republic	6.726	5317.982	9806.747	0.0	201.806	309.33	6.3e-07	0.00050048	0.00092293	0.0	1.899e-05	2.911e-05
West Bank And Gaza	3.46	1864.472	1418.823	0.065	20.38	14.252	6.9e-07	0.00037289	0.00028376	1e-08	4.08e-06	2.85e-06
Poland	22.082	16754.222	18583.755	1.253	950.744	896.27	5.8e-07	0.00044115	0.00048932	3e-08	2.503e-05	2.36e-05
Belarus	28.149	19930.702	17074.524	0.201	152.262	134.318	2.97e-06	0.0021012	0.00180009	2e-08	1.605e-05	1.416e-05
Sweden	33.033	25063.062	28378.069	15.077	8124.074	5916.739	3.24e-06	0.00246122	0.00278676	1.48e-06	0.00079779	0.00058103
Russia	1034.203	459204.326	285673.087	10.78	4575.92	2773.053	7.16e-06	0.00317837	0.00197728	7e-08	3.167e-05	1.919e-05
Norway	4.367	3822.862	9189.609	0.124	226.87	301.777	8.2e-07	0.00071935	0.00172921	2e-08	4.269e-05	5.679e-05
Luxembourg	2.52	1912.096	4614.066	0.0	7.648	83.424	4.15e-06	0.0031463	0.00759232	0.0	1.258e-05	0.00013727
Cyprus	0.013	611.64	1110.647	0.002	7.004	15.706	1e-08	0.00052277	0.00094927	0.0	5.99e-06	1.342e-05
Ukraine	34.402	22251.26	17611.901	0.561	410.146	374.349	7.7e-07	0.00049866	0.00039469	1e-08	9.19e-06	8.39e-06
France	197.346	149730.882	237296.117	50.478	38298.672	40779.878	2.95e-06	0.00223521	0.00354241	7.5e-07	0.00057173	0.00060877
Jersey	0.0	0.0	2.0	0.099	50.76	25.887	0.0	0.0	2.049e-05	1.01e-06	0.00052015	0.00026527
Moldova	7.489	5681.926	5573.879	1.166	541.766	347.265	2.11e-06	0.0016024	0.00157193	3.3e-07	0.00015279	9.793e-05
San Marino	0.984	719.864	850.456	0.141	68.576	74.906	2.913e-05	0.02130721	0.02517259	4.17e-06	0.00202978	0.00221714
Georgia	1.691	1129.984	992.716	0.074	31.454	19.927	4.5e-07	0.00030286	0.00026607	2e-08	8.43e-06	5.34e-06
Bosnia and Herzegovina	1.958	1821.394	2295.248	0.085	64.348	84.521	5.9e-07	0.00054796	0.00069052	3e-08	1.936e-05	2.543e-05
Belgium	84.302	63962.076	74275.682	16.415	13605.834	13102.859	7.38e-06	0.00559987	0.00650282	1.44e-06	0.00119119	0.00114715
Turkey	253.977	200807.634	200328.004	9.647	6445.622	5594.322	3.09e-06	0.00243936	0.00243354	1.2e-07	7.83e-05	6.796e-05
Netherlands	46.586	43343.388	57001.276	10.813	7431.318	7781.895	2.7e-06	0.00251543	0.00330806	6.3e-07	0.00043128	0.00045162
Estonia	1.893	1436.198	2300.157	0.398	203.498	146.78	1.43e-06	0.0010873	0.00174138	3e-07	0.00015406	0.00011112
Spain	279.971	212419.636	314833.489	5.89	17369.062	30473.238	5.99e-06	0.00454629	0.00673819	1.3e-07	0.00037174	0.0006522
Montenegro	0.395	299.644	469.093	0.069	35.176	22.939	6.3e-07	0.00048148	0.00075375	1.1e-07	5.652e-05	3.686e-05
Guernsey	0.0	0.0	1.0	0.069	35.176	17.939	0.0	0.0	1.491e-05	1.03e-06	0.00052461	0.00026754
Croatia	0.0	1066.864	2484.205	0.0	73.914	87.633	0.0	0.00026089	0.00060747	0.0	1.807e-05	2.143e-05
Azerbaijan	0.0	912.754	1982.586	0.0	23.062	32.455	0.0	9.18e-05	0.00019941	0.0	2.32e-06	3.26e-06
Latvia	0.492	457.348	987.358	0.0	0.0	9.0	2.6e-07	0.00023739	0.0005125	0.0	0.0	4.67e-06
Germany	77.945	101528.68	201683.882	20.358	13601.622	12071.233	9.4e-07	0.0012243	0.00243204	2.5e-07	0.00016402	0.00014556
Albania	1.431	956.342	1103.864	0.175	74.102	63.522	5e-07	0.00033364	0.00038511	6e-08	2.585e-05	2.216e-05
Slovakia	23.257	9409.764	5956.211	5.486	1134.888	582.746	4.27e-06	0.00172751	0.00109348	1.01e-06	0.00020835	0.00010698
Republic of Serbia	29.434	20229.264	17118.21	0.455	312.386	286.962	4.22e-06	0.00289731	0.00245173	7e-08	4.474e-05	4.11e-05
Portugal	0.348	16138.418	29997.729	1.924	1459.77	1522.436	3e-08	0.00156962	0.00291757	1.9e-07	0.00014198	0.00014807
Ireland	52.318	39694.728	36718.124	4.015	2500.37	2017.496	1.078e-05	0.00817857	0.00756528	8.3e-07	0.00051517	0.00041568
Macedonia	4.192	2967.742	2772.373	0.147	111.484	113.075	2.01e-06	0.00142477	0.00133098	7e-08	5.352e-05	5.429e-05
Switzerland	0.332	10387.424	33600.392	1.91	1893.88	2470.113	4e-08	0.00121968	0.00394531	2.2e-07	0.00022238	0.00029004
Vatican	0.001	0.848	9.442	1.91	1893.88	992.113	1.25e-06	0.00105868	0.01178777	0.00238452	2.36439451	1.23859301
Liechtenstein	0.007	5.092	83.653	0.0	0.0	1.0	1.8e-07	0.00013432	0.00220662	0.0	0.0	2.638e-05
Lithuania	1.795	1362.088	2059.551	0.341	174.552	127.018	6.4e-07	0.00048829	0.00073831	1.2e-07	6.257e-05	4.553e-05
Kosovo	2.131	1617.124	1352.406	0.149	76.152	50.836	1.15e-06	0.00087635	0.00073289	8e-08	4.127e-05	2.755e-05
United Kingdom	254.76	223010.786	246763.002	42.928	35581.196	35958.22	3.83e-06	0.0033541	0.00371134	6.5e-07	0.00053514	0.00054081
Slovenia	1.038	860.36	1793.273	0.181	137.398	148.575	5e-07	0.00041616	0.00086742	9e-08	6.646e-05	7.187e-05
Hungary	0.0	2099.624	3225.079	0.941	646.916	548.405	0.0	0.00021493	0.00033014	1e-07	6.622e-05	5.614e-05
Monaco	0.0	1.554	95.186	0.047	26.822	16.74	0.0	4.017e-05	0.00246073	1.22e-06	0.0006934	0.00043276
Bulgaria	8.281	3848.936	2930.601	4.127	1036.462	565.164	1.18e-06	0.00054795	0.00041721	5.9e-07	0.00014756	8.046e-05
Romania	22.086	16756.772	17971.084	0.904	840.686	937.983	1.13e-06	0.00086047	0.00092283	5e-08	4.317e-05	4.817e-05
Italy	38.793	114387.462	244487.749	31.825	25162.772	37772.368	6.4e-07	0.00189285	0.00404572	5.3e-07	0.00041639	0.00062505
Denmark	9.58	7940.554	12037.495	0.51	505.342	634.724	1.65e-06	0.00136966	0.00207634	9e-08	8.717e-05	0.00010948
Andorra	0.0	318.326	888.625	0.001	35.754	56.077	0.0	0.00413378	0.01153969	1e-08	0.0004643	0.00072822
Austria	0.0	975.264	15493.143	0.118	511.748	762.065	0.0	0.00011024	0.00175122	1e-08	5.784e-05	8.614e-05
Finland	6.846	5194.358	6719.89	0.457	305.542	299.104	1.24e-06	0.00094134	0.0012178	8e-08	5.537e-05	5.42e-05
Malta	0.0	63.264	483.228	0.0	0.0	3.0	0.0	0.00013084	0.00099938	0.0	0.0	6.2e-06
Greece	0.0	131.406	2490.245	0.045	82.202	164.399	0.0	1.225e-05	0.00023213	0.0	7.66e-06	1.532e-05
Armenia	3.702	2394.684	2637.222	0.47	190.214	120.165	1.25e-06	0.00081127	0.00089344	1.6e-07	6.444e-05	4.071e-05
Israel	17.883	15653.954	22125.955	0.693	476.036	430.809	2.01e-06	0.00176208	0.0024906	8e-08	5.358e-05	4.849e-05
Iceland	0.0	127.206	1852.136	0.0	3.952	12.176	0.0	0.00035977	0.00523833	0.0	1.118e-05	3.444e-05
Honduras	0.557	462.022	735.264	0.406	230.556	164.105	6e-08	4.819e-05	7.669e-05	4e-08	2.405e-05	1.712e-05
Haiti	0.095	79.114	98.313	0.0	0.0	3.0	1e-08	7.11e-06	8.84e-06	0.0	0.0	2.7e-07
Saint Vincent and the Grenadines	0.0	0.076	12.056	0.0	0.0	0.0	0.0	6.9e-07	0.00010939	0.0	0.0	0.0
Guatemala	0.897	680.41	648.445	0.078	40.08	27.44	5e-08	3.945e-05	3.76e-05	0.0	2.32e-06	1.59e-06
Dominican Republic	17.928	12321.432	11432.258	0.0	175.024	341.97	1.69e-06	0.00115943	0.00107576	0.0	1.647e-05	3.218e-05
Dominica	0.0	0.072	16.054	0.0	174.978	96.947	0.0	1.01e-06	0.00022414	0.0	0.00244297	0.00135354
The Bahamas	0.095	72.418	102.725	0.039	20.028	19.214	2.5e-07	0.00018779	0.00026638	1e-07	5.193e-05	4.982e-05
Jamaica	63.591	13153.792	6814.989	0.0	0.734	6.531	2.167e-05	0.00448192	0.00232209	0.0	2.5e-07	2.23e-06
Nicaragua	0.0	0.776	10.561	0.727	124.578	64.369	0.0	1.2e-07	1.63e-06	1.1e-07	1.927e-05	9.96e-06
Mexico	37.14	24814.69	21612.496	9.162	4689.25	3103.429	2.9e-07	0.00019664	0.00017127	7e-08	3.716e-05	2.459e-05
El Salvador	0.725	513.118	491.501	0.033	15.39	14.819	1.1e-07	7.992e-05	7.655e-05	1e-08	2.4e-06	2.31e-06
Saint Lucia	0.0	0.098	15.067	0.033	15.39	7.819	0.0	5.4e-07	8.284e-05	1.8e-07	8.461e-05	4.299e-05
Panama	1.904	5614.03	7628.793	0.364	276.284	279.924	4.6e-07	0.00134407	0.00182644	9e-08	6.615e-05	6.702e-05
Costa Rica	0.0	71.25	715.669	0.0	3.242	7.848	0.0	1.425e-05	0.00014315	0.0	6.5e-07	1.57e-06
United States of America	1829.813	1388318.082	1540697.761	281.393	175221.754	135026.575	5.59e-06	0.00424345	0.0047092	8.6e-07	0.00053557	0.00041271
Cuba	3.214	2438.332	2407.197	0.432	221.308	150.863	2.8e-07	0.00021506	0.00021231	4e-08	1.952e-05	1.331e-05
Saint Kitts and Nevis	0.021	16.136	23.406	0.432	221.308	112.863	4e-07	0.0003077	0.00044633	8.24e-06	0.00422013	0.00215219
Trinidad and Tobago	0.0	1.848	116.311	0.0	0.0	8.0	0.0	1.33e-06	8.369e-05	0.0	0.0	5.76e-06
Antigua and Barbuda	0.0	2.12	24.389	0.0	0.0	3.0	0.0	2.202e-05	0.0002533	0.0	0.0	3.116e-05
Canada	135.286	90389.448	86161.511	14.536	8667.104	6360.076	3.65e-06	0.00243908	0.00232499	3.9e-07	0.00023387	0.00017162
Paraguay	1.174	699.776	567.377	0.222	79.866	48.266	1.7e-07	0.0001006	8.157e-05	3e-08	1.148e-05	6.94e-06
Guyana	0.288	186.144	162.094	0.02	7.994	11.041	3.7e-07	0.00023895	0.00020808	3e-08	1.026e-05	1.417e-05
Brazil	272.439	162446.796	126505.149	18.173	11316.46	8568.097	1.3e-06	0.00077552	0.00060393	9e-08	5.402e-05	4.09e-05
Ecuador	0.0	5012.296	13186.912	1.216	922.71	1000.666	0.0	0.00029339	0.00077187	7e-08	5.401e-05	5.857e-05
Uruguay	0.317	250.242	665.521	0.053	28.576	25.604	9e-08	7.255e-05	0.00019294	2e-08	8.28e-06	7.42e-06
Venezuela	4.749	1710.066	1147.171	0.0	0.0	10.0	1.6e-07	5.923e-05	3.974e-05	0.0	0.0	3.5e-07
Argentina	7.741	5480.836	5877.614	0.36	284.85	295.572	1.7e-07	0.00012318	0.0001321	1e-08	6.4e-06	6.64e-06
Belize	0.0	5.924	21.678	0.0	0.0	2.0	0.0	1.546e-05	5.659e-05	0.0	0.0	5.22e-06
Bolivia	2.921	1889.088	1573.215	0.604	244.556	157.638	2.6e-07	0.00016639	0.00013857	5e-08	2.154e-05	1.388e-05
Colombia	8.383	6360.428	7462.33	0.403	399.682	405.374	1.7e-07	0.00012811	0.0001503	1e-08	8.05e-06	8.16e-06
Suriname	0.0	0.0	10.0	0.0	0.0	1.0	0.0	0.0	1.736e-05	0.0	0.0	1.74e-06
Peru	67.272	51040.332	44425.375	2.289	1480.392	1248.232	2.1e-06	0.00159555	0.00138876	7e-08	4.628e-05	3.902e-05
Grenada	0.0	0.19	14.131	2.289	1480.392	764.232	0.0	1.7e-06	0.00012679	2.054e-05	0.01328254	0.00685693
Barbados	0.0	7.472	79.638	0.0	1.07	5.602	0.0	2.607e-05	0.00027783	0.0	3.73e-06	1.954e-05
Curacao	0.0	0.0	1.0	0.0	1.07	0.602	0.0	0.0	6.26e-06	0.0	6.69e-06	3.77e-06
Chile	25.444	19304.674	20888.359	0.538	380.766	344.761	1.36e-06	0.00103073	0.00111529	3e-08	2.033e-05	1.841e-05
Aruba	0.0	0.0	4.0	0.538	380.766	197.761	0.0	0.0	3.779e-05	5.08e-06	0.00359739	0.0018684
Fiji	0.012	8.922	22.648	0.538	380.766	197.761	1e-08	1.01e-05	2.563e-05	6.1e-07	0.00043098	0.00022384
New Zealand	0.0	107.118	1515.163	0.0	15.964	22.098	0.0	2.193e-05	0.00031013	0.0	3.27e-06	4.52e-06
Australia	0.0	244.082	6706.877	0.0	7.294	71.954	0.0	9.77e-06	0.00026836	0.0	2.9e-07	2.88e-06
Papua New Guinea	6.868	1176.542	596.027	0.0	0.0	0.0	8e-07	0.00013671	6.925e-05	0.0	0.0	0.0
Kenya	2.123	1034.516	822.578	1.164	313.336	171.357	4e-08	2.013e-05	1.601e-05	2e-08	6.1e-06	3.33e-06
Botswana	0.035	26.538	33.825	0.0	0.0	1.0	2e-08	1.177e-05	1.501e-05	0.0	0.0	4.4e-07
Benin	0.031	23.778	66.387	0.0	0.0	1.0	0.0	2.07e-06	5.78e-06	0.0	0.0	9e-08
Tunisia	2.046	1406.21	1613.074	0.39	173.368	125.933	1.8e-07	0.00012159	0.00013948	3e-08	1.499e-05	1.089e-05
Mauritius	0.0	3.952	330.887	0.0	0.35	9.211	0.0	3.12e-06	0.00026151	0.0	2.8e-07	7.28e-06
Namibia	0.0	0.0	16.0	0.0	0.35	0.211	0.0	0.0	6.54e-06	0.0	1.4e-07	9e-08
Sao Tome and Principe	0.0	0.0	4.0	0.0	0.35	0.211	0.0	0.0	1.895e-05	0.0	1.66e-06	1e-06
Zambia	7.123	1569.56	856.9	0.004	3.186	4.66	4.1e-07	9.046e-05	4.938e-05	0.0	1.8e-07	2.7e-07
Republic of the Congo	8.558	3081.526	1718.625	1.396	254.744	133.572	1.63e-06	0.00058759	0.00032771	2.7e-07	4.857e-05	2.547e-05
Ghana	3.166	2402.436	2293.498	0.033	16.916	17.627	1.1e-07	8.071e-05	7.705e-05	0.0	5.7e-07	5.9e-07
Gabon	3.229	1370.816	850.124	0.0	0.0	1.0	1.52e-06	0.00064683	0.00040114	0.0	0.0	4.7e-07
Malawi	0.013	9.564	22.982	0.0	0.0	2.0	0.0	5.3e-07	1.27e-06	0.0	0.0	1.1e-07
Libya	0.268	195.824	152.863	0.0	0.0	1.0	4e-08	2.932e-05	2.289e-05	0.0	0.0	1.5e-07
Morocco	43.177	20068.332	13405.495	0.0	25.646	161.307	1.2e-06	0.000557	0.00037207	0.0	7.1e-07	4.48e-06
Seychelles	0.0	0.0	11.0	0.0	25.646	16.307	0.0	0.0	0.00011368	0.0	0.00026504	0.00016853
Guinea-Bissau	0.085	64.138	83.411	0.0	25.646	16.307	5e-08	3.422e-05	4.45e-05	0.0	1.368e-05	8.7e-06
South Sudan	0.0	0.0	4.0	0.0	25.646	16.307	0.0	0.0	3.6e-07	0.0	2.34e-06	1.49e-06
Liberia	0.295	223.826	217.597	0.078	40.08	28.44	6e-08	4.645e-05	4.515e-05	2e-08	8.32e-06	5.9e-06
Zimbabwe	0.102	77.716	68.485	0.0	0.0	3.0	1e-08	5.38e-06	4.74e-06	0.0	0.0	2.1e-07
Swaziland	0.102	63.436	63.665	0.0	0.0	1.0	9e-08	5.583e-05	5.603e-05	0.0	0.0	8.8e-07
Sudan	14.136	3322.044	1773.293	0.0	2.286	14.01	3.4e-07	7.947e-05	4.242e-05	0.0	5e-08	3.4e-07
Democratic Republic of the Congo	0.753	571.674	647.801	0.124	63.232	57.247	1e-08	6.8e-06	7.71e-06	0.0	7.5e-07	6.8e-07
Mali	1.481	957.82	752.461	0.346	139.86	84.708	8e-08	5.021e-05	3.944e-05	2e-08	7.33e-06	4.44e-06
Nigeria	141.731	29317.16	15357.22	0.0	6.038	26.37	7.2e-07	0.00014967	7.84e-05	0.0	3e-08	1.3e-07
Somalia	55.089	12138.55	6371.671	0.0	0.0	8.0	3.67e-06	0.0008088	0.00042455	0.0	0.0	5.3e-07
Algeria	8.377	5597.232	5707.318	0.0	179.752	495.165	2e-07	0.00013255	0.00013515	0.0	4.26e-06	1.173e-05
United Republic of Tanzania	166.399	28506.856	14525.735	0.0	2.492	11.708	2.95e-06	0.00050617	0.00025792	0.0	4e-08	2.1e-07
Burkina Faso	0.0	167.616	696.928	0.0	28.244	53.518	0.0	8.49e-06	3.528e-05	0.0	1.43e-06	2.71e-06
Mozambique	0.195	130.362	106.457	0.0	28.25	15.521	1e-08	4.42e-06	3.61e-06	0.0	9.6e-07	5.3e-07
Angola	0.025	19.106	33.953	0.0	0.0	2.0	0.0	6.2e-07	1.1e-06	0.0	0.0	6e-08
Senegal	0.996	665.31	756.268	0.049	20.97	15.618	6e-08	4.196e-05	4.77e-05	0.0	1.32e-06	9.9e-07
Ethiopia	0.429	286.954	262.486	0.0	0.0	3.0	0.0	2.63e-06	2.4e-06	0.0	0.0	3e-08
Togo	0.073	55.642	114.985	0.063	32.062	22.351	1e-08	7.05e-06	1.458e-05	1e-08	4.06e-06	2.83e-06
Uganda	0.008	9.844	66.171	0.063	32.062	16.351	0.0	2.3e-07	1.55e-06	0.0	7.5e-07	3.8e-07
Chad	0.142	107.458	88.978	0.063	32.062	16.351	1e-08	6.94e-06	5.75e-06	0.0	2.07e-06	1.06e-06
Niger	0.0	136.852	746.639	0.0	14.12	28.047	0.0	6.1e-06	3.327e-05	0.0	6.3e-07	1.25e-06
Equatorial Guinea	2.199	1021.99	602.262	0.0	14.126	8.05	1.68e-06	0.00078076	0.0004601	0.0	1.079e-05	6.15e-06
Gambia	0.0	1.194	10.864	0.0	0.0	1.0	0.0	5.2e-07	4.76e-06	0.0	0.0	4.4e-07
Guinea	3.463	2313.708	1885.241	0.0	0.0	6.0	2.8e-07	0.00018637	0.00015186	0.0	0.0	4.8e-07
South Africa	24.904	12746.16	9965.302	1.563	663.392	393.914	4.3e-07	0.0002206	0.00017247	3e-08	1.148e-05	6.82e-06
Ivory Coast	1.802	1493.224	1695.75	0.064	36.602	31.75	7e-08	5.956e-05	6.764e-05	0.0	1.46e-06	1.27e-06
Cameroon	2.784	1860.232	2125.587	0.917	389.366	240.159	1.1e-07	7.377e-05	8.429e-05	4e-08	1.544e-05	9.52e-06
Central African Republic	0.033	25.062	27.055	0.917	389.366	197.159	1e-08	5.37e-06	5.8e-06	2e-07	8.344e-05	4.225e-05
Madagascar	0.02	84.444	165.729	0.917	389.366	197.159	0.0	3.22e-06	6.31e-06	3e-08	1.483e-05	7.51e-06
Sierra Leone	26.945	4616.184	2361.056	0.917	389.366	197.159	3.52e-06	0.00060341	0.00030863	1.2e-07	5.09e-05	2.577e-05
Mauritania	0.0	0.02	7.014	0.0	0.0	1.0	0.0	0.0	1.59e-06	0.0	0.0	2.3e-07
Cape Verde	1.876	914.146	533.309	0.0	0.0	1.0	3.45e-06	0.00168114	0.00098077	0.0	0.0	1.84e-06
Rwanda	0.167	146.172	226.419	0.0	0.0	0.0	1e-08	1.188e-05	1.841e-05	0.0	0.0	0.0
Egypt	13.1	8752.702	8019.133	0.684	519.006	534.365	1.3e-07	8.893e-05	8.148e-05	1e-08	5.27e-06	5.43e-06
Eritrea	0.032	23.994	51.499	0.684	519.006	270.365	1e-08	5.36e-06	1.151e-05	1.5e-07	0.00011598	6.042e-05
Djibouti	21.644	10059.99	6056.368	0.0	0.0	2.0	2.257e-05	0.01049096	0.00631582	0.0	0.0	2.09e-06
Burundi	0.0	0.322	5.25	0.0	0.0	1.0	0.0	3e-08	4.7e-07	0.0	0.0	9e-08
Bhutan	0.0	0.0	6.0	0.0	0.0	0.0	0.0	0.0	7.95e-06	0.0	0.0	0.0
Afghanistan	4.275	2938.064	2615.29	0.648	287.506	181.824	1.2e-07	7.904e-05	7.036e-05	2e-08	7.73e-06	4.89e-06
Syria	0.147	107.712	98.029	0.404	69.206	37.647	1e-08	6.37e-06	5.8e-06	2e-08	4.09e-06	2.23e-06
Kyrgyzstan	0.188	812.71	1020.479	0.0	0.0	7.0	3e-08	0.00012868	0.00016158	0.0	0.0	1.11e-06
South Korea	0.0	475.206	10944.661	0.0	72.658	276.409	0.0	9.2e-06	0.00021196	0.0	1.41e-06	5.35e-06
Brunei	0.009	6.794	141.539	0.0	0.0	1.0	2e-08	1.584e-05	0.00032996	0.0	0.0	2.33e-06
Yemen	0.0	0.0	1.0	0.0	0.0	0.0	0.0	0.0	4e-08	0.0	0.0	0.0
Nepal	2.667	832.68	461.882	0.0	0.0	0.0	9e-08	2.965e-05	1.644e-05	0.0	0.0	0.0
Kuwait	5.664	4297.554	4318.719	0.209	106.868	65.501	1.37e-06	0.00103873	0.00104385	5e-08	2.583e-05	1.583e-05
Malaysia	0.256	3606.102	7397.393	0.074	83.516	135.829	1e-08	0.00011404	0.00023395	0.0	2.64e-06	4.3e-06
Indonesia	22.454	16426.524	15679.698	1.856	1408.382	1349.667	8e-08	6.137e-05	5.858e-05	1e-08	5.26e-06	5.04e-06
Iraq	0.43	952.128	2105.286	0.0	15.102	91.733	1e-08	2.477e-05	5.478e-05	0.0	3.9e-07	2.39e-06
East Timor	0.926	392.862	221.929	0.0	15.102	8.733	7.3e-07	0.00030983	0.00017503	0.0	1.191e-05	6.89e-06
Uzbekistan	6.543	4963.928	4263.853	0.024	12.464	12.356	2e-07	0.00015063	0.00012938	0.0	3.8e-07	3.7e-07
Myanmar	0.643	455.55	357.602	0.043	19.776	15.048	1e-08	8.48e-06	6.66e-06	0.0	3.7e-07	2.8e-07
Qatar	101.001	44846.094	29279.1	0.477	112.044	65.2	3.631e-05	0.01612196	0.0105257	1.7e-07	4.028e-05	2.344e-05
Sri Lanka	0.708	473.336	554.93	0.0	0.0	7.0	3e-08	2.184e-05	2.561e-05	0.0	0.0	3.2e-07
Laos	0.0	0.0	19.173	0.0	0.0	0.0	0.0	0.0	2.72e-06	0.0	0.0	0.0
Bahrain	6.712	5092.842	4626.008	0.033	16.916	15.627	4.28e-06	0.00324501	0.00294756	2e-08	1.078e-05	9.96e-06
Mongolia	0.145	109.788	91.192	0.033	16.916	8.627	5e-08	3.463e-05	2.877e-05	1e-08	5.34e-06	2.72e-06
Taiwan	0.163	124.016	489.604	0.003	1.786	6.911	1e-08	5.22e-06	2.059e-05	0.0	8e-08	2.9e-07
Oman	7.69	5137.91	4166.639	0.137	58.024	37.381	1.59e-06	0.00106386	0.00086275	3e-08	1.201e-05	7.74e-06
Japan	38.651	28276.194	25843.621	5.776	2451.538	1504.356	3.1e-07	0.00022348	0.00020425	5e-08	1.938e-05	1.189e-05
United Arab Emirates	24.776	18798.198	17547.521	0.543	277.848	187.697	2.57e-06	0.00195185	0.00182199	6e-08	2.885e-05	1.949e-05
China	8.495	5675.916	86790.034	1412.19	241931.07	125756.899	1e-08	4.08e-06	6.232e-05	1.01e-06	0.00017371	9.03e-05
Maldives	25.814	4422.412	2297.046	0.0	0.0	0.0	5.006e-05	0.00857562	0.00445426	0.0	0.0	0.0
Singapore	868.779	233876.782	126577.582	0.0	0.0	11.453	0.00015407	0.04147725	0.0224481	0.0	0.0	2.03e-06
India	89.952	60100.24	51179.196	2.047	1553.426	1454.224	7e-08	4.443e-05	3.784e-05	0.0	1.15e-06	1.08e-06
Saudi Arabia	157.296	73109.508	48777.123	0.351	266.508	247.832	4.67e-06	0.00216943	0.00144739	1e-08	7.91e-06	7.35e-06
Philippines	14.624	11095.86	12379.152	0.521	741.072	827.225	1.4e-07	0.00010404	0.00011607	0.0	6.95e-06	7.76e-06
Thailand	0.0	682.656	3183.812	0.0	41.7	70.499	0.0	9.83e-06	4.586e-05	0.0	6e-07	1.02e-06
Iran	24.519	54290.844	113499.653	0.32	3165.374	6976.785	3e-07	0.0006637	0.00138752	0.0	3.87e-05	8.529e-05
Vietnam	0.0	8.03	273.259	0.32	3165.374	1679.785	0.0	8e-08	2.86e-06	0.0	3.313e-05	1.758e-05
Kazakhstan	8.139	5593.816	4895.21	0.343	152.394	96.295	4.5e-07	0.00030607	0.00026784	2e-08	8.34e-06	5.27e-06
Bangladesh	104.817	42409.48	24822.584	2.742	1163.894	699.347	6.5e-07	0.00026283	0.00015384	2e-08	7.21e-06	4.33e-06
Pakistan	47.62	28394.322	24147.183	1.916	980.514	701.044	2.2e-07	0.0001338	0.00011379	1e-08	4.62e-06	3.3e-06
Cambodia	0.0	0.0	122.213	1.916	980.514	500.044	0.0	0.0	7.52e-06	1.2e-07	6.034e-05	3.077e-05
Jordan	0.0	107.882	486.399	0.0	0.114	7.061	0.0	1.084e-05	4.885e-05	0.0	1e-08	7.1e-07
Lebanon	0.0	66.356	718.196	0.0	2.698	22.518	0.0	9.69e-06	0.00010486	0.0	3.9e-07	3.29e-06
