Name	Predicted_New_Cases	Total_Predicted_New_Cases	Total_Predicted_Cases	Predicted_New_Deaths	Total_Predicted_New_Deaths	Total_Predicted_Deaths	Predicted_New_per_capita	Predicted_Total_New_per_capita	Predicted_Total_Cases_per_capita	Predicted_New_Deaths_per_capita	Total_Predicted_New_Deaths_per_capita	Total_Predicted_Deaths_per_capita
Czech Republic	4.485	1164.258	9750.258	0.0	32.034	329.034	4.2e-07	0.00010957	0.00091761	0.0	3.01e-06	3.097e-05
West Bank And Gaza	0.0	2.23	390.23	0.0	0.0	2.0	0.0	4.5e-07	7.805e-05	0.0	0.0	4e-07
Poland	40.491	9795.855	28680.855	2.204	511.904	1447.904	1.07e-06	0.00025793	0.00075519	6e-08	1.348e-05	3.812e-05
Belarus	88.683	23020.151	53592.151	0.465	120.78	291.78	9.35e-06	0.00242691	0.00564997	5e-08	1.273e-05	3.076e-05
Sweden	52.022	13503.837	43880.837	6.364	1651.84	5349.84	5.11e-06	0.00132609	0.00430915	6.2e-07	0.00016221	0.00052536
Russia	998.351	259149.928	549827.928	10.719	2593.316	5315.316	6.91e-06	0.0017937	0.00380562	7e-08	1.795e-05	3.679e-05
Norway	0.0	230.648	8487.648	0.225	54.449	287.449	0.0	4.34e-05	0.00159712	4e-08	1.025e-05	5.409e-05
Luxembourg	0.718	186.273	4133.273	0.054	14.011	121.011	1.18e-06	0.00030651	0.00680119	9e-08	2.305e-05	0.00019912
Cyprus	0.0	36.623	953.623	0.0	3.89	20.89	0.0	3.13e-05	0.00081506	0.0	3.32e-06	1.785e-05
Ukraine	34.138	9770.764	28386.764	1.8	435.57	970.57	7.7e-07	0.00021896	0.00063615	4e-08	9.76e-06	2.175e-05
France	0.0	1882.181	181933.181	18.851	4893.384	33135.384	0.0	2.81e-05	0.00271594	2.8e-07	7.305e-05	0.00049465
Jersey	0.0	0.0	2.0	0.0	0.0	0.0	0.0	0.0	2.049e-05	0.0	0.0	0.0
Moldova	18.805	4201.487	10339.487	0.626	162.599	379.599	5.3e-06	0.00118489	0.00291591	1.8e-07	4.586e-05	0.00010705
San Marino	0.01	64.364	718.364	0.0	0.0	41.0	3e-07	0.00190511	0.02126281	0.0	0.0	0.00121356
Georgia	0.844	196.031	897.031	0.145	21.528	33.528	2.3e-07	5.254e-05	0.00024043	4e-08	5.77e-06	8.99e-06
Bosnia and Herzegovina	0.901	446.891	2750.891	0.311	91.527	224.527	2.7e-07	0.00013445	0.0008276	9e-08	2.754e-05	6.755e-05
Belgium	3.775	6037.889	61596.889	0.0	456.331	9536.331	3.3e-07	0.00052862	0.0053928	0.0	3.995e-05	0.0008349
Turkey	131.85	36103.445	186696.445	4.887	1268.53	5439.53	1.6e-06	0.00043858	0.00226794	6e-08	1.541e-05	6.608e-05
Netherlands	0.0	2226.542	46567.542	0.0	412.474	6125.474	0.0	0.00012922	0.00270254	0.0	2.394e-05	0.00035549
Estonia	0.501	130.123	1914.123	0.029	12.627	76.627	3.8e-07	9.851e-05	0.00144912	2e-08	9.56e-06	5.801e-05
Spain	101.441	26331.758	257937.758	5.848	2899.613	30608.613	2.17e-06	0.00056356	0.00552049	1.3e-07	6.206e-05	0.0006551
Montenegro	0.0	0.0	324.0	0.0	0.716	9.716	0.0	0.0	0.00052061	0.0	1.15e-06	1.561e-05
Guernsey	0.0	0.0	1.0	0.0	0.716	0.716	0.0	0.0	1.491e-05	0.0	1.068e-05	1.068e-05
Croatia	0.0	126.579	2354.579	0.045	20.722	115.722	0.0	3.095e-05	0.00057578	1e-08	5.07e-06	2.83e-05
Azerbaijan	11.563	2686.083	6073.083	0.445	66.101	106.101	1.16e-06	0.00027017	0.00061083	4e-08	6.65e-06	1.067e-05
Latvia	0.705	182.91	1191.91	0.047	8.395	27.395	3.7e-07	9.494e-05	0.00061868	2e-08	4.36e-06	1.422e-05
Germany	0.0	7795.52	184346.52	0.0	459.585	8462.585	0.0	9.4e-05	0.00222297	0.0	5.54e-06	0.00010205
Albania	0.844	218.972	1166.972	0.0	0.0	31.0	2.9e-07	7.639e-05	0.00040712	0.0	0.0	1.082e-05
Slovakia	0.444	115.354	1610.354	0.063	11.269	39.269	8e-08	2.118e-05	0.00029564	1e-08	2.07e-06	7.21e-06
Republic of Serbia	5.601	1603.015	12302.015	0.0	17.492	248.492	8e-07	0.00022959	0.00176194	0.0	2.51e-06	3.559e-05
Portugal	0.0	1647.934	30856.934	1.021	272.912	1503.912	0.0	0.00016028	0.00300113	1e-07	2.654e-05	0.00014627
Ireland	17.481	4537.772	28737.772	0.0	91.651	1638.651	3.6e-06	0.00093495	0.00592103	0.0	1.888e-05	0.00033762
Macedonia	1.967	510.502	2327.502	0.097	25.094	129.094	9.4e-07	0.00024509	0.0011174	5e-08	1.205e-05	6.198e-05
Switzerland	0.196	710.601	31307.601	0.67	187.502	2073.502	2e-08	8.344e-05	0.00367609	8e-08	2.202e-05	0.00024347
Vatican	0.0	0.014	12.014	0.67	187.502	187.502	0.0	1.748e-05	0.01499875	0.00083645	0.23408489	0.23408489
Liechtenstein	0.0	0.0	82.0	0.0	0.0	1.0	0.0	0.0	0.00216302	0.0	0.0	2.638e-05
Lithuania	1.072	278.275	1825.275	0.15	30.077	89.077	3.8e-07	9.976e-05	0.00065433	5e-08	1.078e-05	3.193e-05
Kosovo	3.406	606.375	1561.375	0.506	48.37	77.37	1.85e-06	0.00032861	0.00084614	2.7e-07	2.621e-05	4.193e-05
United Kingdom	11.186	57534.184	305243.184	36.99	9883.419	44759.419	1.7e-07	0.00086532	0.00459088	5.6e-07	0.00014865	0.00067319
Slovenia	0.047	32.179	1498.179	0.0	1.955	105.955	2e-08	1.557e-05	0.00072468	0.0	9.5e-07	5.125e-05
Hungary	3.19	828.092	4363.092	0.0	52.512	514.512	3.3e-07	8.477e-05	0.00044664	0.0	5.38e-06	5.267e-05
Monaco	0.0	0.62	97.62	0.0	0.0	4.0	0.0	1.603e-05	0.00252365	0.0	0.0	0.00010341
Bulgaria	0.383	612.607	2847.607	0.199	51.702	161.702	5e-08	8.721e-05	0.0004054	3e-08	7.36e-06	2.302e-05
Romania	0.0	3262.683	20298.683	1.798	502.886	1622.886	0.0	0.00016754	0.00104235	9e-08	2.582e-05	8.334e-05
Italy	35.158	17433.284	243319.284	15.223	4357.082	36364.082	5.8e-07	0.00028848	0.00402638	2.5e-07	7.21e-05	0.00060174
Denmark	0.0	615.731	11781.731	0.0	11.27	559.27	0.0	0.00010621	0.00203223	0.0	1.94e-06	9.647e-05
Andorra	0.114	29.654	790.654	0.032	8.253	59.253	1.48e-06	0.00038509	0.01026743	4.2e-07	0.00010717	0.00076946
Austria	5.677	1318.771	17587.771	0.0	26.616	655.616	6.4e-07	0.00014906	0.00198798	0.0	3.01e-06	7.411e-05
Finland	0.0	481.005	6861.005	0.433	112.419	412.419	0.0	8.717e-05	0.00124337	8e-08	2.037e-05	7.474e-05
Malta	28.202	2107.693	2665.693	0.0	0.425	6.425	5.833e-05	0.00435897	0.00551298	0.0	8.8e-07	1.329e-05
Greece	1.644	397.829	3233.829	0.196	42.173	207.173	1.5e-07	3.708e-05	0.00030145	2e-08	3.93e-06	1.931e-05
Armenia	17.307	4020.267	8843.267	0.125	32.476	93.476	5.86e-06	0.00136198	0.00299591	4e-08	1.1e-05	3.167e-05
Israel	0.0	164.648	16807.648	0.302	78.31	354.31	0.0	1.853e-05	0.00189194	3e-08	8.81e-06	3.988e-05
Iceland	0.0	1.042	1803.042	0.0	0.0	10.0	0.0	2.95e-06	0.00509948	0.0	0.0	2.828e-05
Honduras	3.826	1772.531	4570.531	0.392	101.771	247.771	4e-07	0.00018488	0.00047672	4e-08	1.061e-05	2.584e-05
Haiti	11.425	1697.407	2230.407	4.038	321.29	342.29	1.03e-06	0.0001526	0.00020052	3.6e-07	2.888e-05	3.077e-05
Saint Vincent and the Grenadines	0.0	0.0	17.0	4.038	321.29	321.29	0.0	0.0	0.00015425	3.664e-05	0.00291525	0.00291525
Guatemala	38.673	6141.969	8053.969	3.03	256.406	291.406	2.24e-06	0.0003561	0.00046696	1.8e-07	1.487e-05	1.69e-05
Dominican Republic	28.055	7496.253	20221.253	0.611	158.686	592.686	2.64e-06	0.00070539	0.00190279	6e-08	1.493e-05	5.577e-05
Dominica	0.0	0.0	16.0	0.611	158.686	158.686	0.0	0.0	0.00022339	8.53e-06	0.00221551	0.00221551
The Bahamas	0.052	13.574	109.574	0.0	0.0	11.0	1.3e-07	3.52e-05	0.00028414	0.0	0.0	2.852e-05
Jamaica	0.0	43.889	563.889	0.0	0.0	9.0	0.0	1.495e-05	0.00019214	0.0	0.0	3.07e-06
Nicaragua	0.358	66.739	91.739	0.765	77.571	85.571	6e-08	1.032e-05	1.419e-05	1.2e-07	1.2e-05	1.323e-05
Mexico	224.031	52040.396	103673.396	29.977	6697.633	12029.633	1.78e-06	0.00041239	0.00082156	2.4e-07	5.308e-05	9.533e-05
El Salvador	6.828	1651.843	3064.843	0.478	75.865	105.865	1.06e-06	0.00025727	0.00047733	7e-08	1.182e-05	1.649e-05
Saint Lucia	0.0	0.0	18.0	0.478	75.865	75.865	0.0	0.0	9.896e-05	2.63e-06	0.0004171	0.0004171
Panama	9.907	3414.167	13140.167	0.0	53.38	332.38	2.37e-06	0.0008174	0.00314593	0.0	1.278e-05	7.958e-05
Costa Rica	1.363	293.404	1159.404	0.268	34.704	44.704	2.7e-07	5.869e-05	0.00023191	5e-08	6.94e-06	8.94e-06
United States of America	1998.516	533991.461	2042147.461	137.834	35778.552	126122.552	6.11e-06	0.00163217	0.0062419	4.2e-07	0.00010936	0.0003855
Cuba	1.197	334.622	2215.622	0.0	5.844	84.844	1.1e-07	2.951e-05	0.00019541	0.0	5.2e-07	7.48e-06
Saint Kitts and Nevis	0.0	0.0	15.0	0.0	5.844	5.844	0.0	0.0	0.00028604	0.0	0.00011144	0.00011144
Trinidad and Tobago	0.0	0.0	116.0	0.0	0.0	8.0	0.0	0.0	8.346e-05	0.0	0.0	5.76e-06
Antigua and Barbuda	0.0	0.0	25.0	0.0	0.0	3.0	0.0	0.0	0.00025964	0.0	0.0	3.116e-05
Canada	64.251	23423.234	102820.234	10.048	3046.218	9005.218	1.73e-06	0.00063205	0.00277451	2.7e-07	8.22e-05	0.000243
Paraguay	0.0	140.507	928.507	0.0	1.425	12.425	0.0	2.02e-05	0.00013348	0.0	2e-07	1.79e-06
Guyana	0.277	71.905	195.905	0.0	0.0	10.0	3.6e-07	9.23e-05	0.00025148	0.0	0.0	1.284e-05
Brazil	1202.672	279370.003	534738.003	82.385	19137.32	35990.32	5.74e-06	0.0013337	0.00255282	3.9e-07	9.136e-05	0.00017182
Ecuador	25.717	6675.561	40257.561	10.64	2762.003	5561.003	1.51e-06	0.00039074	0.0023564	6.2e-07	0.00016167	0.0003255
Uruguay	0.0	37.595	774.595	0.0	2.027	22.027	0.0	1.09e-05	0.00022457	0.0	5.9e-07	6.39e-06
Venezuela	1.324	307.559	925.559	0.0	0.0	10.0	5e-08	1.065e-05	3.206e-05	0.0	0.0	3.5e-07
Argentina	38.634	8319.398	16690.398	1.084	251.791	633.791	8.7e-07	0.00018698	0.00037511	2e-08	5.66e-06	1.424e-05
Belize	0.0	0.0	18.0	0.0	0.0	2.0	0.0	0.0	4.699e-05	0.0	0.0	5.22e-06
Bolivia	24.721	5523.363	9786.363	0.974	217.666	391.666	2.18e-06	0.00048651	0.000862	9e-08	1.917e-05	3.45e-05
Colombia	78.598	17561.137	33856.137	1.455	388.887	980.887	1.58e-06	0.00035371	0.00068191	3e-08	7.83e-06	1.976e-05
Suriname	0.0	0.0	11.0	0.0	0.0	1.0	0.0	0.0	1.91e-05	0.0	0.0	1.74e-06
Peru	304.508	79043.489	173976.489	10.467	2532.324	5321.324	9.52e-06	0.00247094	0.00543859	3.3e-07	7.916e-05	0.00016635
Grenada	0.992	57.373	79.373	10.467	2532.324	2532.324	8.9e-06	0.00051477	0.00071216	9.391e-05	0.0227208	0.0227208
Barbados	0.031	8.531	96.531	0.0	0.0	7.0	1.1e-07	2.976e-05	0.00033677	0.0	0.0	2.442e-05
Curacao	0.0	0.0	1.0	0.0	0.0	0.0	0.0	0.0	6.26e-06	0.0	0.0	0.0
Chile	348.59	69950.922	116009.922	9.464	1227.465	1705.465	1.861e-05	0.00373487	0.00619408	5.1e-07	6.554e-05	9.106e-05
Aruba	0.0	0.0	4.0	9.464	1227.465	1227.465	0.0	0.0	3.779e-05	8.941e-05	0.01159682	0.01159682
Fiji	0.0	0.0	18.0	9.464	1227.465	1227.465	0.0	0.0	2.037e-05	1.071e-05	0.00138935	0.00138935
New Zealand	0.0	5.599	1504.599	0.0	0.0	21.0	0.0	1.15e-06	0.00030797	0.0	0.0	4.3e-06
Australia	1.43	371.254	7439.254	0.017	4.453	103.453	6e-08	1.485e-05	0.00029766	0.0	1.8e-07	4.14e-06
Papua New Guinea	0.0	0.0	8.0	0.0	0.0	0.0	0.0	0.0	9.3e-07	0.0	0.0	0.0
Kenya	2.245	582.833	1494.833	1.072	159.187	209.187	4e-08	1.134e-05	2.909e-05	2e-08	3.1e-06	4.07e-06
Botswana	0.016	4.127	29.127	0.0	0.0	1.0	1e-08	1.83e-06	1.292e-05	0.0	0.0	4.4e-07
Benin	0.0	66.051	405.051	0.0	0.0	2.0	0.0	5.75e-06	3.527e-05	0.0	0.0	1.7e-07
Tunisia	0.0	2.366	1045.366	0.0	0.461	46.461	0.0	2e-07	9.039e-05	0.0	4e-08	4.02e-06
Mauritius	0.0	0.0	332.0	0.0	0.0	10.0	0.0	0.0	0.00026239	0.0	0.0	7.9e-06
Namibia	0.0	0.0	16.0	0.0	0.0	0.0	0.0	0.0	6.54e-06	0.0	0.0	0.0
Sao Tome and Principe	0.0	18.113	264.113	0.0	2.585	9.585	0.0	8.583e-05	0.00125155	0.0	1.225e-05	4.542e-05
Zambia	36.735	5094.268	5855.268	1.138	85.05	92.05	2.12e-06	0.00029359	0.00033744	7e-08	4.9e-06	5.3e-06
Republic of the Congo	2.376	511.597	923.597	0.427	55.365	70.365	4.5e-07	9.755e-05	0.00017611	8e-08	1.056e-05	1.342e-05
Ghana	20.721	5930.603	11665.603	0.16	33.28	62.28	7e-07	0.00019923	0.0003919	1e-08	1.12e-06	2.09e-06
Gabon	12.759	2747.557	4179.557	0.237	30.802	41.802	6.02e-06	0.00129646	0.00197216	1.1e-07	1.453e-05	1.972e-05
Malawi	0.203	54.245	124.245	0.0	0.0	3.0	1e-08	2.99e-06	6.85e-06	0.0	0.0	1.7e-07
Libya	0.005	1.198	66.198	0.0	0.0	3.0	0.0	1.8e-07	9.91e-06	0.0	0.0	4.5e-07
Morocco	5.275	2444.068	9396.068	0.0	5.007	197.007	1.5e-07	6.784e-05	0.00026079	0.0	1.4e-07	5.47e-06
Seychelles	0.0	0.0	11.0	0.0	5.007	5.007	0.0	0.0	0.00011368	0.0	5.175e-05	5.175e-05
Guinea-Bissau	1.813	839.944	1871.944	0.01	2.842	6.842	9.7e-07	0.00044814	0.00099874	1e-08	1.52e-06	3.65e-06
South Sudan	1.915	480.789	770.789	0.0	0.0	4.0	1.7e-07	4.38e-05	7.023e-05	0.0	0.0	3.6e-07
Liberia	0.0	15.136	244.136	0.0	0.144	22.144	0.0	3.14e-06	5.066e-05	0.0	3e-08	4.6e-06
Zimbabwe	9.751	564.156	610.156	0.0	0.0	4.0	6.8e-07	3.907e-05	4.226e-05	0.0	0.0	2.8e-07
Swaziland	0.0	25.254	230.254	0.0	0.014	2.014	0.0	2.223e-05	0.00020265	0.0	1e-08	1.77e-06
Sudan	12.663	3286.949	5877.949	0.466	120.997	225.997	3e-07	7.863e-05	0.00014062	1e-08	2.89e-06	5.41e-06
Democratic Republic of the Congo	7.732	1727.533	3265.533	1.89	229.905	290.905	9e-08	2.055e-05	3.884e-05	2e-08	2.73e-06	3.46e-06
Mali	1.826	474.002	1348.002	0.225	50.319	102.319	1e-07	2.485e-05	7.066e-05	1e-08	2.64e-06	5.36e-06
Nigeria	2.261	3616.033	9791.033	0.707	183.453	374.453	1e-08	1.846e-05	4.999e-05	0.0	9.4e-07	1.91e-06
Somalia	5.618	1359.164	2814.164	0.0	4.362	61.362	3.7e-07	9.056e-05	0.00018751	0.0	2.9e-07	4.09e-06
Algeria	16.886	4383.212	11584.212	0.73	176.54	731.54	4e-07	0.0001038	0.00027432	2e-08	4.18e-06	1.732e-05
United Republic of Tanzania	0.0	3.623	512.623	0.0	0.75	21.75	0.0	6e-08	9.1e-06	0.0	1e-08	3.9e-07
Burkina Faso	0.0	31.472	827.472	0.041	10.643	61.643	0.0	1.59e-06	4.189e-05	0.0	5.4e-07	3.12e-06
Mozambique	1.669	281.635	426.635	0.041	10.643	10.643	6e-08	9.55e-06	1.446e-05	0.0	3.6e-07	3.6e-07
Angola	0.0	6.412	56.412	0.094	24.437	27.437	0.0	2.1e-07	1.83e-06	0.0	7.9e-07	8.9e-07
Senegal	12.677	2944.731	5488.731	0.59	87.63	113.63	8e-07	0.00018574	0.0003462	4e-08	5.53e-06	7.17e-06
Ethiopia	0.489	226.408	578.408	0.006	1.763	6.763	0.0	2.07e-06	5.3e-06	0.0	2e-08	6e-08
Togo	7.65	1136.457	1466.457	0.615	48.921	60.921	9.7e-07	0.00014405	0.00018588	8e-08	6.2e-06	7.72e-06
Uganda	144.78	8376.264	8624.264	0.615	48.921	48.921	3.39e-06	0.00019606	0.00020186	1e-08	1.15e-06	1.15e-06
Chad	1.684	495.125	1014.125	0.27	70.055	123.055	1.1e-07	3.199e-05	6.552e-05	2e-08	4.53e-06	7.95e-06
Niger	1.171	304.017	1213.017	0.0	13.817	68.817	5e-08	1.355e-05	5.405e-05	0.0	6.2e-07	3.07e-06
Equatorial Guinea	2.522	585.891	1304.891	0.196	29.109	36.109	1.93e-06	0.0004476	0.00099688	1.5e-07	2.224e-05	2.759e-05
Gambia	0.05	13.298	37.298	0.0	0.0	1.0	2e-08	5.83e-06	1.636e-05	0.0	0.0	4.4e-07
Guinea	9.098	2113.409	4909.409	0.286	42.449	58.449	7.3e-07	0.00017024	0.00039546	2e-08	3.42e-06	4.71e-06
South Africa	97.094	20908.008	37341.008	1.084	262.181	548.181	1.68e-06	0.00036186	0.00064627	2e-08	4.54e-06	9.49e-06
Ivory Coast	6.994	1624.616	3743.616	0.298	44.271	72.271	2.8e-07	6.481e-05	0.00014933	1e-08	1.77e-06	2.88e-06
Cameroon	11.069	2677.906	6206.906	0.0	34.574	174.574	4.4e-07	0.0001062	0.00024615	0.0	1.37e-06	6.92e-06
Central African Republic	1.897	440.608	767.608	0.0	34.574	34.574	4.1e-07	9.442e-05	0.0001645	0.0	7.41e-06	7.41e-06
Madagascar	0.819	212.563	534.563	0.0	0.0	1.0	3e-08	8.09e-06	2.035e-05	0.0	0.0	4e-08
Sierra Leone	3.271	730.935	1249.935	0.891	123.585	156.585	4.3e-07	9.555e-05	0.00016339	1.2e-07	1.615e-05	2.047e-05
Mauritania	40.547	2345.862	2426.862	0.0	1.018	5.018	9.21e-06	0.00053275	0.00055114	0.0	2.3e-07	1.14e-06
Cape Verde	1.587	368.58	696.58	0.551	31.873	34.873	2.92e-06	0.00067783	0.00128103	1.01e-06	5.862e-05	6.413e-05
Rwanda	0.0	8.528	305.528	0.551	31.873	31.873	0.0	6.9e-07	2.484e-05	4e-08	2.59e-06	2.59e-06
Egypt	31.693	8862.931	21626.931	1.22	316.725	961.725	3.2e-07	9.005e-05	0.00021973	1e-08	3.22e-06	9.77e-06
Eritrea	0.0	0.0	39.0	1.22	316.725	316.725	0.0	0.0	8.72e-06	2.7e-07	7.078e-05	7.078e-05
Djibouti	2.434	588.858	2106.858	0.032	5.146	12.146	2.54e-06	0.00061408	0.00219712	3e-08	5.37e-06	1.267e-05
Burundi	0.013	3.474	45.474	0.0	0.0	1.0	0.0	3.1e-07	4.07e-06	0.0	0.0	9e-08
Bhutan	8.794	657.202	678.202	0.0	0.0	0.0	1.166e-05	0.00087117	0.000899	0.0	0.0	0.0
Afghanistan	40.158	8972.498	16044.498	0.619	149.668	322.668	1.08e-06	0.00024138	0.00043162	2e-08	4.03e-06	8.68e-06
Syria	0.054	14.011	72.011	0.0	0.0	3.0	0.0	8.3e-07	4.26e-06	0.0	0.0	1.8e-07
Kyrgyzstan	2.42	628.235	1844.235	0.046	8.178	22.178	3.8e-07	9.947e-05	0.000292	1e-08	1.29e-06	3.51e-06
South Korea	2.475	642.574	11720.574	0.367	54.58	317.58	5e-08	1.244e-05	0.00022699	1e-08	1.06e-06	6.15e-06
Brunei	0.0	0.12	141.12	0.0	0.0	1.0	0.0	2.8e-07	0.00032898	0.0	0.0	2.33e-06
Yemen	5.411	750.393	880.393	6.518	487.102	507.102	1.9e-07	2.633e-05	3.089e-05	2.3e-07	1.709e-05	1.779e-05
Nepal	9.798	1556.017	1931.017	0.0	0.0	2.0	3.5e-07	5.54e-05	6.875e-05	0.0	0.0	7e-08
Kuwait	116.783	25147.904	40838.904	1.987	353.793	471.793	2.823e-05	0.00607832	0.00987089	4.8e-07	8.551e-05	0.00011403
Malaysia	2.744	899.801	7840.801	0.196	34.915	147.915	9e-08	2.846e-05	0.00024797	1e-08	1.1e-06	4.68e-06
Indonesia	61.086	13648.414	31658.414	1.775	460.752	1651.752	2.3e-07	5.099e-05	0.00011828	1e-08	1.72e-06	6.17e-06
Iraq	11.02	2462.213	6016.213	0.222	51.604	178.604	2.9e-07	6.406e-05	0.00015654	1e-08	1.34e-06	4.65e-06
East Timor	0.0	0.0	24.0	0.222	51.604	51.604	0.0	0.0	1.893e-05	1.8e-07	4.07e-05	4.07e-05
Uzbekistan	5.677	1373.419	4164.419	0.065	10.297	23.297	1.7e-07	4.168e-05	0.00012637	0.0	3.1e-07	7.1e-07
Myanmar	0.0	0.898	191.898	0.0	0.0	6.0	0.0	2e-08	3.57e-06	0.0	0.0	1.1e-07
Qatar	173.72	38813.976	72782.976	0.136	18.829	33.829	6.245e-05	0.01395344	0.02616514	5e-08	6.77e-06	1.216e-05
Sri Lanka	1.466	380.591	1372.591	0.0	0.0	9.0	7e-08	1.756e-05	6.334e-05	0.0	0.0	4.2e-07
Laos	0.0	0.0	19.0	0.0	0.0	0.0	0.0	0.0	2.69e-06	0.0	0.0	0.0
Bahrain	33.971	7891.094	15075.094	0.218	32.445	44.445	2.165e-05	0.00502797	0.0096054	1.4e-07	2.067e-05	2.832e-05
Mongolia	104.453	6043.151	6183.151	0.218	32.445	32.445	3.295e-05	0.00190623	0.00195039	7e-08	1.023e-05	1.023e-05
Taiwan	0.0	0.07	440.07	0.0	0.903	7.903	0.0	0.0	1.851e-05	0.0	4e-08	3.3e-07
Oman	120.139	16660.36	22039.36	2.338	174.739	199.739	2.488e-05	0.00344972	0.0045635	4.8e-07	3.618e-05	4.136e-05
Japan	0.0	1169.8	17474.8	1.876	453.797	1202.797	0.0	9.25e-06	0.00013811	1e-08	3.59e-06	9.51e-06
United Arab Emirates	84.4	19605.442	43795.442	0.0	23.172	247.172	8.76e-06	0.00203567	0.00454736	0.0	2.41e-06	2.566e-05
China	0.719	186.604	84249.604	0.551	31.873	4669.873	0.0	1.3e-07	6.049e-05	0.0	2e-08	3.35e-06
Maldives	2.934	889.551	1995.551	0.017	3.869	7.869	5.69e-06	0.00172495	0.00386963	3e-08	7.5e-06	1.526e-05
Singapore	67.569	17539.478	45882.478	0.057	10.17	32.17	1.198e-05	0.00311057	0.0081371	1e-08	1.8e-06	5.71e-06
India	446.669	103757.216	204085.216	11.085	2783.531	5939.531	3.3e-07	7.671e-05	0.00015088	1e-08	2.06e-06	4.39e-06
Saudi Arabia	235.012	54591.112	111936.112	0.852	221.03	541.03	6.97e-06	0.00161992	0.00332155	3e-08	6.56e-06	1.605e-05
Philippines	23.779	5971.163	18689.163	1.602	402.197	1233.197	2.2e-07	5.599e-05	0.00017524	2e-08	3.77e-06	1.156e-05
Thailand	0.0	33.86	3064.86	0.0	0.272	56.272	0.0	4.9e-07	4.414e-05	0.0	0.0	8.1e-07
Iran	199.04	46235.199	168727.199	4.115	1150.687	8207.687	2.43e-06	0.00056522	0.00206267	5e-08	1.407e-05	0.00010034
Vietnam	0.335	86.897	410.897	4.115	1150.687	1150.687	0.0	9.1e-07	4.3e-06	4e-08	1.204e-05	1.204e-05
Kazakhstan	8.708	2736.895	9487.895	0.043	9.907	44.907	4.8e-07	0.00014975	0.00051913	0.0	5.4e-07	2.46e-06
Bangladesh	141.746	30523.412	54393.412	2.12	440.452	789.452	8.8e-07	0.00018917	0.0003371	1e-08	2.73e-06	4.89e-06
Pakistan	148.611	38576.075	80701.075	2.792	724.798	1627.798	7e-07	0.00018178	0.00038028	1e-08	3.42e-06	7.67e-06
Cambodia	0.0	0.0	122.0	2.792	724.798	724.798	0.0	0.0	7.51e-06	1.7e-07	4.46e-05	4.46e-05
Jordan	1.195	310.208	939.208	0.0	0.0	9.0	1.2e-07	3.116e-05	9.434e-05	0.0	0.0	9e-07
Lebanon	1.054	301.629	1232.629	0.007	1.502	27.502	1.5e-07	4.404e-05	0.00017997	0.0	2.2e-07	4.02e-06
