Name	Predicted_New_Cases	Total_Predicted_New_Cases	Total_Predicted_Cases	Predicted_New_Deaths	Total_Predicted_New_Deaths	Total_Predicted_Deaths	Predicted_New_per_capita	Predicted_Total_New_per_capita	Predicted_Total_Cases_per_capita	Predicted_New_Deaths_per_capita	Total_Predicted_New_Deaths_per_capita	Total_Predicted_Deaths_per_capita
Czech Republic	191.205	1874.959	20949.959	0.056	3.567	394.567	1.799e-05	0.00017646	0.00197163	1e-08	3.4e-07	3.713e-05
West Bank And Gaza	247.843	2399.687	17583.687	2.753	22.909	127.909	4.957e-05	0.00047994	0.00351674	5.5e-07	4.58e-06	2.558e-05
Poland	648.734	6178.997	59854.997	11.209	104.726	1934.726	1.708e-05	0.0001627	0.00157602	3e-07	2.76e-06	5.094e-05
Belarus	92.871	926.866	70028.866	1.166	17.647	612.647	9.79e-06	9.772e-05	0.00738282	1.2e-07	1.86e-06	6.459e-05
Sweden	237.068	2347.633	85802.633	2.242	24.167	5798.167	2.328e-05	0.00023054	0.00842592	2.2e-07	2.37e-06	0.00056939
Russia	4332.21	43140.555	943885.555	96.679	957.393	16188.393	2.999e-05	0.0002986	0.00653307	6.7e-07	6.63e-06	0.00011205
Norway	57.17	509.626	10292.626	0.034	0.496	256.496	1.076e-05	9.59e-05	0.00193677	1e-08	9e-08	4.826e-05
Luxembourg	34.877	391.571	7691.571	0.278	3.519	125.519	5.739e-05	0.00064432	0.01265627	4.6e-07	5.79e-06	0.00020654
Cyprus	11.581	116.179	1407.179	0.02	0.177	20.177	9.9e-06	9.93e-05	0.00120272	2e-08	1.5e-07	1.725e-05
Ukraine	1200.317	11432.656	97936.656	26.897	245.91	2244.91	2.69e-05	0.00025621	0.00219478	6e-07	5.51e-06	5.031e-05
France	1992.586	17206.053	261294.053	6.939	69.095	30444.095	2.975e-05	0.00025686	0.00390065	1e-07	1.03e-06	0.00045448
Jersey	0.0	0.0	2.0	0.0	0.535	0.535	0.0	0.0	2.049e-05	0.0	5.48e-06	5.48e-06
Moldova	304.734	2950.519	31647.519	6.266	62.395	925.395	8.594e-05	0.0008321	0.00892514	1.77e-06	1.76e-05	0.00026098
San Marino	0.0	0.0	699.0	0.0	0.0	42.0	0.0	0.0	0.02068966	0.0	0.0	0.00124316
Georgia	11.712	93.691	1371.691	0.0	0.0	17.0	3.14e-06	2.511e-05	0.00036765	0.0	0.0	4.56e-06
Bosnia and Herzegovina	179.632	1935.993	16896.993	6.596	65.317	518.317	5.404e-05	0.00058244	0.00508344	1.98e-06	1.965e-05	0.00015594
Belgium	568.97	5419.269	81066.269	4.079	37.29	9937.29	4.981e-05	0.00047446	0.00709734	3.6e-07	3.26e-06	0.00087001
Turkey	1058.692	10083.72	254475.72	13.509	134.824	6025.824	1.286e-05	0.00012249	0.00309131	1.6e-07	1.64e-06	7.32e-05
Netherlands	640.752	5711.827	67429.827	1.32	12.337	6194.337	3.719e-05	0.00033149	0.00391328	8e-08	7.2e-07	0.00035949
Estonia	9.818	95.057	2269.057	0.0	0.749	63.749	7.43e-06	7.196e-05	0.00171783	0.0	5.7e-07	4.826e-05
Spain	3091.078	30610.241	360394.241	7.956	78.791	28657.791	6.616e-05	0.00065513	0.0077133	1.7e-07	1.69e-06	0.00061335
Montenegro	45.858	460.05	4273.05	2.13	19.469	92.469	7.369e-05	0.00073922	0.00686605	3.42e-06	3.128e-05	0.00014858
Guernsey	0.0	0.0	1.0	2.13	19.469	19.469	0.0	0.0	1.491e-05	3.177e-05	0.00029036	0.00029036
Croatia	42.088	416.786	6286.786	0.094	4.951	164.951	1.029e-05	0.00010192	0.00153734	2e-08	1.21e-06	4.034e-05
Azerbaijan	19.276	792.537	34616.537	1.62	24.52	521.52	1.94e-06	7.971e-05	0.00348173	1.6e-07	2.47e-06	5.245e-05
Latvia	6.379	61.759	1364.759	0.008	0.056	32.056	3.31e-06	3.206e-05	0.0007084	0.0	3e-08	1.664e-05
Germany	833.706	7940.793	228799.793	6.311	61.1	9274.1	1.005e-05	9.576e-05	0.00275902	8e-08	7.4e-07	0.00011183
Albania	114.926	1112.741	7929.741	3.746	37.093	245.093	4.009e-05	0.0003882	0.00276647	1.31e-06	1.294e-05	8.551e-05
Slovakia	37.448	342.369	3032.369	0.662	4.311	35.311	6.87e-06	6.285e-05	0.0005567	1.2e-07	7.9e-07	6.48e-06
Republic of Serbia	195.942	2111.773	30862.773	5.68	57.289	715.289	2.806e-05	0.00030246	0.00442028	8.1e-07	8.21e-06	0.00010245
Portugal	152.957	1514.694	54737.694	2.094	20.738	1784.738	1.488e-05	0.00014732	0.00532377	2e-07	2.02e-06	0.00017358
Ireland	136.229	959.997	27797.997	3.743	22.897	1796.897	2.807e-05	0.00019779	0.00572741	7.7e-07	4.72e-06	0.00037023
Macedonia	100.04	990.669	13207.669	3.221	33.797	563.797	4.803e-05	0.00047561	0.00634082	1.55e-06	1.623e-05	0.00027067
Switzerland	131.465	1301.865	38470.865	0.974	8.681	1999.681	1.544e-05	0.00015286	0.00451719	1.1e-07	1.02e-06	0.0002348
Vatican	0.0	0.0	12.0	0.974	8.681	8.681	0.0	0.0	0.01498127	0.00121598	0.0108377	0.0108377
Liechtenstein	0.0	0.167	90.167	0.0	0.0	1.0	0.0	4.41e-06	0.00237845	0.0	0.0	2.638e-05
Lithuania	22.273	198.545	2507.545	0.129	1.274	82.274	7.98e-06	7.117e-05	0.00089891	5e-08	4.6e-07	2.949e-05
Kosovo	142.135	1531.864	11950.864	5.703	68.473	409.473	7.703e-05	0.00083014	0.00647638	3.09e-06	3.711e-05	0.0002219
United Kingdom	727.302	7202.311	322783.311	42.254	421.707	47212.707	1.094e-05	0.00010832	0.00485469	6.4e-07	6.34e-06	0.00071008
Slovenia	9.206	91.671	2394.671	0.775	7.674	136.674	4.45e-06	4.434e-05	0.00115832	3.7e-07	3.71e-06	6.611e-05
Hungary	37.791	277.607	5045.607	1.604	11.305	616.305	3.87e-06	2.842e-05	0.0005165	1.6e-07	1.16e-06	6.309e-05
Monaco	3.852	24.619	165.619	0.0	0.0	4.0	9.958e-05	0.00063645	0.00428155	0.0	0.0	0.00010341
Bulgaria	178.005	1762.744	15655.744	7.061	69.92	551.92	2.534e-05	0.00025095	0.00222882	1.01e-06	9.95e-06	7.857e-05
Romania	1069.878	10491.256	75668.256	38.464	366.357	3173.357	5.494e-05	0.00053873	0.00388562	1.98e-06	1.881e-05	0.00016295
Italy	372.828	3408.582	255121.582	5.953	58.952	35283.952	6.17e-06	5.64e-05	0.00422168	1e-07	9.8e-07	0.00058387
Denmark	119.066	1088.564	16511.564	0.336	3.332	624.332	2.054e-05	0.00018777	0.00284808	6e-08	5.7e-07	0.00010769
Andorra	3.537	34.685	1011.685	0.0	0.0	53.0	4.593e-05	0.00045042	0.01313774	0.0	0.0	0.00068826
Austria	88.897	880.325	23319.325	0.408	4.042	728.042	1.005e-05	9.951e-05	0.00263583	5e-08	4.6e-07	8.229e-05
Finland	17.65	168.106	7810.106	0.28	2.771	335.771	3.2e-06	3.046e-05	0.00141537	5e-08	5e-07	6.085e-05
Malta	32.203	294.415	1484.415	0.0	0.0	9.0	6.66e-05	0.00060889	0.00306995	0.0	0.0	1.861e-05
Greece	192.977	1543.786	7720.786	0.252	3.697	219.697	1.799e-05	0.00014391	0.00071971	2e-08	3.4e-07	2.048e-05
Armenia	149.727	1571.196	42365.196	3.383	37.489	843.489	5.072e-05	0.00053229	0.01435244	1.15e-06	1.27e-05	0.00028576
Israel	1245.299	12331.916	100482.916	6.456	70.472	709.472	0.00014018	0.00138814	0.0113108	7.3e-07	7.93e-06	7.986e-05
Iceland	5.605	60.813	2032.813	0.0	0.0	10.0	1.585e-05	0.000172	0.00574933	0.0	0.0	2.828e-05
Honduras	515.434	5104.226	53761.226	13.908	139.522	1672.522	5.376e-05	0.00053238	0.00560742	1.45e-06	1.455e-05	0.00017445
Haiti	17.692	176.888	7919.888	3.3	27.461	214.461	1.59e-06	1.59e-05	0.00071202	3e-07	2.47e-06	1.928e-05
Saint Vincent and the Grenadines	0.018	1.153	58.153	3.3	27.461	27.461	1.6e-07	1.046e-05	0.00052766	2.994e-05	0.00024917	0.00024917
Guatemala	668.111	6616.152	65705.152	27.178	270.643	2537.643	3.874e-05	0.00038359	0.00380948	1.58e-06	1.569e-05	0.00014713
Dominican Republic	734.429	8060.23	90284.23	20.38	181.671	1552.671	6.911e-05	0.00075846	0.00849561	1.92e-06	1.709e-05	0.0001461
Dominica	0.0	0.0	18.0	20.38	181.671	181.671	0.0	0.0	0.00025131	0.00028454	0.00253642	0.00253642
The Bahamas	31.856	315.463	1351.463	0.125	0.958	15.958	8.261e-05	0.00081802	0.00350447	3.2e-07	2.48e-06	4.138e-05
Jamaica	21.858	188.746	1253.746	0.775	4.865	18.865	7.45e-06	6.431e-05	0.00042719	2.6e-07	1.66e-06	6.43e-06
Nicaragua	26.693	264.334	4379.334	0.79	7.822	135.822	4.13e-06	4.088e-05	0.00067734	1.2e-07	1.21e-06	2.101e-05
Mexico	4960.733	49598.563	547978.563	643.565	6129.762	60795.762	3.931e-05	0.00039304	0.00434246	5.1e-06	4.858e-05	0.00048178
El Salvador	369.013	3618.557	25262.557	11.291	105.496	682.496	5.747e-05	0.00056357	0.00393452	1.76e-06	1.643e-05	0.0001063
Saint Lucia	0.0	0.0	25.0	11.291	105.496	105.496	0.0	0.0	0.00013745	6.208e-05	0.00058	0.00058
Panama	863.843	8554.445	85931.445	19.281	192.429	1895.429	0.00020682	0.00204805	0.02057315	4.62e-06	4.607e-05	0.00045379
Costa Rica	628.18	5869.227	30926.227	10.254	95.808	358.808	0.00012565	0.00117398	0.00618594	2.05e-06	1.916e-05	7.177e-05
United States of America	46022.714	455752.451	5652718.451	1003.17	9934.164	175957.164	0.00014067	0.00139303	0.01727775	3.07e-06	3.036e-05	0.00053782
Cuba	113.905	696.768	3824.768	0.102	1.011	89.011	1.005e-05	6.145e-05	0.00033734	1e-08	9e-08	7.85e-06
Saint Kitts and Nevis	0.0	0.0	17.0	0.102	1.011	1.011	0.0	0.0	0.00032417	1.95e-06	1.928e-05	1.928e-05
Trinidad and Tobago	42.944	240.35	566.35	0.0	0.0	8.0	3.09e-05	0.00017293	0.00040749	0.0	0.0	5.76e-06
Antigua and Barbuda	0.005	0.223	92.223	0.0	0.0	3.0	5e-08	2.32e-06	0.0009578	0.0	0.0	3.116e-05
Canada	342.668	3360.208	126050.208	3.632	39.862	9090.862	9.25e-06	9.067e-05	0.00340135	1e-07	1.08e-06	0.00024531
Paraguay	190.959	1784.177	9802.177	4.058	35.038	128.038	2.745e-05	0.00025649	0.00140915	5.8e-07	5.04e-06	1.841e-05
Guyana	12.792	127.384	750.384	0.237	1.896	23.896	1.642e-05	0.00016352	0.00096326	3e-07	2.43e-06	3.068e-05
Brazil	38762.159	380103.011	3544888.011	870.863	8623.953	112824.953	0.00018505	0.0018146	0.01692318	4.16e-06	4.117e-05	0.00053862
Ecuador	1158.677	10593.214	107703.214	19.112	202.629	6186.629	6.782e-05	0.00062005	0.0063042	1.12e-06	1.186e-05	0.00036212
Uruguay	8.145	80.662	1473.662	0.257	1.968	38.968	2.36e-06	2.339e-05	0.00042724	7e-08	5.7e-07	1.13e-05
Venezuela	777.708	7407.437	36495.437	6.392	60.881	307.881	2.694e-05	0.00025658	0.00126412	2.2e-07	2.11e-06	1.066e-05
Argentina	5911.037	57232.36	325806.36	126.704	1206.813	6419.813	0.00013285	0.00128628	0.0073224	2.85e-06	2.712e-05	0.00014428
Belize	33.481	213.983	423.983	0.0	0.0	2.0	8.74e-05	0.0005586	0.0011068	0.0	0.0	5.22e-06
Bolivia	1157.274	11672.739	106743.739	49.312	538.26	4365.26	0.00010193	0.00102815	0.00940213	4.34e-06	4.741e-05	0.0003845
Colombia	8615.276	85315.114	507834.114	262.514	2599.614	16436.614	0.00017352	0.00171838	0.01022855	5.29e-06	5.236e-05	0.00033106
Suriname	77.562	724.682	3377.682	1.179	7.83	46.83	0.00013466	0.00125815	0.00586412	2.05e-06	1.359e-05	8.13e-05
Peru	6240.516	61798.408	560353.408	181.214	1794.524	23507.524	0.00019508	0.00193185	0.01751693	5.66e-06	5.61e-05	0.00073486
Grenada	0.0	0.0	24.0	181.214	1794.524	1794.524	0.0	0.0	0.00021534	0.00162591	0.01610103	0.01610103
Barbados	0.103	6.927	150.927	0.0	0.0	7.0	3.6e-07	2.417e-05	0.00052654	0.0	0.0	2.442e-05
Curacao	0.0	0.0	1.0	0.0	0.0	0.0	0.0	0.0	6.26e-06	0.0	0.0	0.0
Chile	1623.41	16076.261	394244.261	51.946	533.586	10738.586	8.668e-05	0.00085835	0.02104976	2.77e-06	2.849e-05	0.00057336
Aruba	0.0	0.0	4.0	51.946	533.586	533.586	0.0	0.0	3.779e-05	0.00049077	0.0050412	0.0050412
Fiji	0.0	0.0	27.0	0.0	0.0	1.0	0.0	0.0	3.056e-05	0.0	0.0	1.13e-06
New Zealand	0.023	1.283	1590.283	0.0	0.0	22.0	0.0	2.6e-07	0.00032551	0.0	0.0	4.5e-06
Australia	314.341	3387.818	25745.818	13.426	122.743	483.743	1.258e-05	0.00013555	0.00103015	5.4e-07	4.91e-06	1.936e-05
Papua New Guinea	12.806	126.814	413.814	0.057	0.561	3.561	1.49e-06	1.473e-05	4.808e-05	1e-08	7e-08	4.1e-07
Kenya	522.747	5205.561	33309.561	3.021	45.711	501.711	1.017e-05	0.00010129	0.00064813	6e-08	8.9e-07	9.76e-06
Botswana	49.201	246.281	1312.281	0.0	0.0	2.0	2.183e-05	0.00010926	0.00058217	0.0	0.0	8.9e-07
Benin	14.934	147.887	2161.887	0.375	2.873	40.873	1.3e-06	1.288e-05	0.00018823	3e-08	2.5e-07	3.56e-06
Tunisia	21.087	192.791	1972.791	0.0	0.036	52.036	1.82e-06	1.667e-05	0.00017058	0.0	0.0	4.5e-06
Mauritius	0.0	0.0	344.0	0.0	0.0	10.0	0.0	0.0	0.00027187	0.0	0.0	7.9e-06
Namibia	88.177	839.86	4245.86	1.888	12.875	34.875	3.602e-05	0.00034304	0.00173424	7.7e-07	5.26e-06	1.424e-05
Sao Tome and Principe	0.058	3.061	885.061	0.0	0.0	15.0	2.7e-07	1.451e-05	0.00419405	0.0	0.0	7.108e-05
Zambia	198.953	1970.183	10471.183	16.094	109.766	355.766	1.147e-05	0.00011354	0.00060346	9.3e-07	6.33e-06	2.05e-05
Republic of the Congo	38.558	383.961	4128.961	0.15	2.207	62.207	7.35e-06	7.321e-05	0.00078731	3e-08	4.2e-07	1.186e-05
Ghana	465.881	4613.515	46185.515	3.179	31.479	254.479	1.565e-05	0.00015499	0.00155156	1.1e-07	1.06e-06	8.55e-06
Gabon	46.949	470.999	8547.999	0.005	0.319	51.319	2.215e-05	0.00022225	0.00403345	0.0	1.5e-07	2.422e-05
Malawi	24.985	378.062	5130.062	2.285	25.081	177.081	1.38e-06	2.084e-05	0.00028275	1.3e-07	1.38e-06	9.76e-06
Libya	273.081	2434.309	9045.309	4.075	40.351	172.351	4.089e-05	0.0003645	0.00135438	6.1e-07	6.04e-06	2.581e-05
Morocco	1112.419	10170.301	46864.301	14.001	137.293	693.293	3.088e-05	0.00028228	0.00130073	3.9e-07	3.81e-06	1.924e-05
Seychelles	1.557	15.422	142.422	14.001	137.293	137.293	1.609e-05	0.00015938	0.00147188	0.0001447	0.00141887	0.00141887
Guinea-Bissau	10.537	98.452	2186.452	0.526	3.494	32.494	5.62e-06	5.253e-05	0.00116654	2.8e-07	1.86e-06	1.734e-05
South Sudan	0.498	33.535	2510.535	0.051	0.745	47.745	5e-08	3.06e-06	0.00022873	0.0	7e-08	4.35e-06
Liberia	2.334	32.105	1284.105	0.017	1.086	83.086	4.8e-07	6.66e-06	0.00026647	0.0	2.3e-07	1.724e-05
Zimbabwe	7.273	459.197	5352.197	3.595	36.064	158.064	5e-07	3.18e-05	0.00037068	2.5e-07	2.5e-06	1.095e-05
Swaziland	54.701	541.693	4066.693	1.78	17.628	80.628	4.814e-05	0.00047676	0.00357923	1.57e-06	1.551e-05	7.096e-05
Sudan	26.3	260.441	12293.441	2.659	28.855	814.855	6.3e-07	6.23e-06	0.00029409	6e-08	6.9e-07	1.949e-05
Democratic Republic of the Congo	45.962	437.776	9975.776	0.991	9.059	234.059	5.5e-07	5.21e-06	0.00011866	1e-08	1.1e-07	2.78e-06
Mali	3.988	37.986	2619.986	0.638	3.194	128.194	2.1e-07	1.99e-06	0.00013733	3e-08	1.7e-07	6.72e-06
Nigeria	336.741	3302.096	51045.096	6.698	66.327	1022.327	1.72e-06	1.686e-05	0.0002606	3e-08	3.4e-07	5.22e-06
Somalia	0.827	9.954	3236.954	0.0	0.0	93.0	6e-08	6.6e-07	0.00021568	0.0	0.0	6.2e-06
Algeria	452.418	4480.188	41179.188	8.769	86.837	1419.837	1.071e-05	0.00010609	0.00097515	2.1e-07	2.06e-06	3.362e-05
United Republic of Tanzania	0.0	0.0	509.0	0.0	0.0	21.0	0.0	0.0	9.04e-06	0.0	0.0	3.7e-07
Burkina Faso	4.978	49.296	1262.296	0.102	1.011	55.011	2.5e-07	2.5e-06	6.391e-05	1e-08	5e-08	2.79e-06
Mozambique	52.099	486.77	3045.77	0.816	5.42	24.42	1.77e-06	1.65e-05	0.00010326	3e-08	1.8e-07	8.3e-07
Angola	54.032	523.15	2285.15	2.916	25.997	105.997	1.75e-06	1.698e-05	7.417e-05	9e-08	8.4e-07	3.44e-06
Senegal	185.973	1425.572	13012.572	3.393	31.024	273.024	1.173e-05	8.992e-05	0.00082076	2.1e-07	1.96e-06	1.722e-05
Ethiopia	503.981	4990.812	30108.812	9.553	103.652	566.652	4.61e-06	4.569e-05	0.00027566	9e-08	9.5e-07	5.19e-06
Togo	10.919	108.731	1200.731	1.006	8.052	34.052	1.38e-06	1.378e-05	0.0001522	1.3e-07	1.02e-06	4.32e-06
Uganda	15.958	142.255	1474.255	1.067	6.82	15.82	3.7e-07	3.33e-06	3.451e-05	2e-08	1.6e-07	3.7e-07
Chad	0.945	9.358	958.358	0.218	1.811	77.811	6e-08	6e-07	6.192e-05	1e-08	1.2e-07	5.03e-06
Niger	0.106	6.682	1167.682	0.0	0.0	69.0	0.0	3e-07	5.203e-05	0.0	0.0	3.07e-06
Equatorial Guinea	0.673	24.153	4845.153	0.012	0.441	83.441	5.1e-07	1.845e-05	0.00370149	1e-08	3.4e-07	6.375e-05
Gambia	97.94	915.073	2392.073	3.754	24.934	57.934	4.295e-05	0.00040133	0.00104911	1.65e-06	1.094e-05	2.541e-05
Guinea	80.29	750.168	8866.168	0.461	4.565	54.565	6.47e-06	6.043e-05	0.00071419	4e-08	3.7e-07	4.4e-06
South Africa	5023.033	54135.904	623054.904	253.852	2489.283	13499.283	8.693e-05	0.00093694	0.0107833	4.39e-06	4.308e-05	0.00023363
Ivory Coast	64.929	642.979	17489.979	0.306	3.032	108.032	2.59e-06	2.565e-05	0.00069767	1e-08	1.2e-07	4.31e-06
Cameroon	87.712	849.25	19112.25	2.253	11.279	412.279	3.48e-06	3.368e-05	0.00075793	9e-08	4.5e-07	1.635e-05
Central African Republic	7.531	53.069	4705.069	0.413	2.068	63.068	1.61e-06	1.137e-05	0.00100829	9e-08	4.4e-07	1.352e-05
Madagascar	181.358	1862.891	15259.891	4.006	39.285	195.285	6.91e-06	7.093e-05	0.00058106	1.5e-07	1.5e-06	7.44e-06
Sierra Leone	9.511	90.589	2027.589	0.826	4.136	73.136	1.24e-06	1.184e-05	0.00026504	1.1e-07	5.4e-07	9.56e-06
Mauritania	22.282	220.652	6842.652	0.0	0.0	157.0	5.06e-06	5.011e-05	0.00155398	0.0	0.0	3.565e-05
Cape Verde	38.784	384.072	3384.072	1.637	12.552	45.552	7.132e-05	0.00070632	0.00622339	3.01e-06	2.308e-05	8.377e-05
Rwanda	0.716	45.21	2234.21	0.088	1.266	9.266	6e-08	3.68e-06	0.00018161	1e-08	1e-07	7.5e-07
Egypt	106.471	1139.072	97102.072	14.18	158.76	5243.76	1.08e-06	1.157e-05	0.00098657	1.4e-07	1.61e-06	5.328e-05
Eritrea	0.059	3.102	288.102	14.18	158.76	158.76	1e-08	6.9e-07	6.438e-05	3.17e-06	3.548e-05	3.548e-05
Djibouti	20.218	202.833	5560.833	0.0	0.124	59.124	2.108e-05	0.00021152	0.00579906	0.0	1.3e-07	6.166e-05
Burundi	1.535	15.198	424.198	0.0	0.0	1.0	1.4e-07	1.36e-06	3.796e-05	0.0	0.0	9e-08
Bhutan	0.94	9.099	122.099	0.0	0.0	0.0	1.25e-06	1.206e-05	0.00016185	0.0	0.0	0.0
Afghanistan	47.504	470.425	37815.425	6.173	53.302	1407.302	1.28e-06	1.266e-05	0.0010173	1.7e-07	1.43e-06	3.786e-05
Syria	89.82	659.807	1986.807	0.78	7.771	60.771	5.31e-06	3.903e-05	0.00011752	5e-08	4.6e-07	3.59e-06
Kyrgyzstan	372.563	3724.969	44483.969	2.902	49.493	1533.493	5.899e-05	0.00058979	0.00704328	4.6e-07	7.84e-06	0.0002428
South Korea	30.313	293.499	15063.499	0.934	6.861	311.861	5.9e-07	5.68e-06	0.00029173	2e-08	1.3e-07	6.04e-06
Brunei	0.638	3.194	145.194	0.0	0.0	3.0	1.49e-06	7.45e-06	0.00033848	0.0	0.0	6.99e-06
Yemen	13.042	112.614	1953.614	1.801	19.545	547.545	4.6e-07	3.95e-06	6.855e-05	6e-08	6.9e-07	1.921e-05
Nepal	363.838	3399.418	27831.418	7.336	44.877	135.877	1.295e-05	0.00012103	0.00099087	2.6e-07	1.6e-06	4.84e-06
Kuwait	526.622	5015.915	78800.915	1.976	21.99	510.99	0.00012729	0.00121236	0.01904642	4.8e-07	5.32e-06	0.00012351
Malaysia	14.602	130.163	9244.163	0.0	0.014	125.014	4.6e-07	4.12e-06	0.00029235	0.0	0.0	3.95e-06
Indonesia	1830.695	17436.814	148154.814	56.769	562.165	6465.165	6.84e-06	6.514e-05	0.00055351	2.1e-07	2.1e-06	2.415e-05
Iraq	2811.431	26778.035	187214.035	63.97	627.294	6215.294	7.315e-05	0.00069674	0.0048711	1.66e-06	1.632e-05	0.00016172
East Timor	0.102	1.011	26.011	63.97	627.294	627.294	8e-08	8e-07	2.051e-05	5.045e-05	0.00049472	0.00049472
Uzbekistan	608.205	6022.919	38676.919	4.963	49.147	260.147	1.846e-05	0.00018276	0.00117361	1.5e-07	1.49e-06	7.89e-06
Myanmar	0.692	6.849	367.849	0.0	0.0	6.0	1e-08	1.3e-07	6.85e-06	0.0	0.0	1.1e-07
Qatar	247.83	2360.509	116298.509	1.002	9.92	199.92	8.909e-05	0.00084859	0.04180878	3.6e-07	3.57e-06	7.187e-05
Sri Lanka	3.466	34.324	2915.324	0.0	0.0	11.0	1.6e-07	1.58e-06	0.00013453	0.0	0.0	5.1e-07
Laos	0.0	0.0	20.0	0.0	0.0	0.0	0.0	0.0	2.83e-06	0.0	0.0	0.0
Bahrain	332.917	3170.937	48434.937	1.961	18.323	184.323	0.00021212	0.00202043	0.03086131	1.25e-06	1.167e-05	0.00011745
Mongolia	0.003	0.103	297.103	1.961	18.323	18.323	0.0	3e-08	9.372e-05	6.2e-07	5.78e-06	5.78e-06
Taiwan	0.0	1.524	482.524	0.0	0.0	7.0	0.0	6e-08	2.029e-05	0.0	0.0	2.9e-07
Oman	437.699	3779.547	86078.547	12.617	122.163	661.163	9.063e-05	0.0007826	0.01782355	2.61e-06	2.53e-05	0.0001369
Japan	1187.242	11642.13	62930.13	4.491	42.779	1108.779	9.38e-06	9.201e-05	0.00049736	4e-08	3.4e-07	8.76e-06
United Arab Emirates	188.642	1868.074	65080.074	1.063	9.18	367.18	1.959e-05	0.00019397	0.00675738	1.1e-07	9.5e-07	3.812e-05
China	77.042	867.586	89912.586	1.512	17.087	4714.087	6e-08	6.2e-07	6.456e-05	0.0	1e-08	3.38e-06
Maldives	94.896	995.816	6361.816	0.175	1.712	22.712	0.00018402	0.00193101	0.01233637	3.4e-07	3.32e-06	4.404e-05
Singapore	286.742	2839.541	58234.541	0.0	0.0	27.0	5.085e-05	0.00050358	0.0103277	0.0	0.0	4.79e-06
India	52468.238	508012.558	2904649.558	792.485	7673.07	54706.07	3.879e-05	0.00037558	0.00214743	5.9e-07	5.67e-06	4.044e-05
Saudi Arabia	1196.975	11853.37	304890.37	32.692	311.378	3580.378	3.552e-05	0.00035173	0.00904721	9.7e-07	9.24e-06	0.00010624
Philippines	3343.053	33290.442	177039.442	22.537	221.002	2625.002	3.135e-05	0.00031214	0.00165997	2.1e-07	2.07e-06	2.461e-05
Thailand	4.583	43.651	3399.651	0.0	0.0	58.0	7e-08	6.3e-07	4.897e-05	0.0	0.0	8.4e-07
Iran	2072.45	20637.648	354336.648	123.703	1350.256	20338.256	2.534e-05	0.00025229	0.00433173	1.51e-06	1.651e-05	0.00024863
Vietnam	25.236	252.319	1135.319	0.0	0.0	18.0	2.6e-07	2.64e-06	1.188e-05	0.0	0.0	1.9e-07
Kazakhstan	693.886	7574.004	108946.004	30.235	299.405	1568.405	3.797e-05	0.00041441	0.00596099	1.65e-06	1.638e-05	8.582e-05
Bangladesh	2397.976	22404.835	288902.835	29.875	292.959	3805.959	1.486e-05	0.00013885	0.00179047	1.9e-07	1.82e-06	2.359e-05
Pakistan	554.328	5489.386	292163.386	13.04	129.134	6268.134	2.61e-06	2.587e-05	0.00137673	6e-08	6.1e-07	2.954e-05
Cambodia	1.391	13.774	285.774	13.04	129.134	129.134	9e-08	8.5e-07	1.759e-05	8e-07	7.95e-06	7.95e-06
Jordan	5.216	51.653	1354.653	0.0	0.0	11.0	5.2e-07	5.19e-06	0.00013606	0.0	0.0	1.1e-06
Lebanon	288.512	2491.307	9904.307	2.352	21.502	110.502	4.213e-05	0.00036375	0.00144611	3.4e-07	3.14e-06	1.613e-05
