Name	Predicted_New_Cases	Total_Predicted_New_Cases	Total_Predicted_Cases	Predicted_New_Deaths	Total_Predicted_New_Deaths	Total_Predicted_Deaths	Predicted_New_per_capita	Predicted_Total_New_per_capita	Predicted_Total_Cases_per_capita	Predicted_New_Deaths_per_capita	Total_Predicted_New_Deaths_per_capita	Total_Predicted_Deaths_per_capita
Georgia	0.0	389.924	1667.924	0.0	0.0	17.0	0.0	0.00010451	0.00044704	0.0	0.0	4.56e-06
Slovakia	0.0	1174.767	3864.767	0.0	29.528	60.528	0.0	0.00021567	0.00070952	0.0	5.42e-06	1.111e-05
Ireland	0.0	4965.708	31803.708	0.004	218.141	1992.141	0.0	0.00102312	0.00655273	0.0	4.495e-05	0.00041045
Monaco	0.002	187.318	328.318	0.0	0.0	4.0	5e-08	0.00484251	0.00848762	0.0	0.0	0.00010341
Malta	0.0	1010.226	2200.226	0.0	0.0	9.0	0.0	0.00208927	0.00455034	0.0	0.0	1.861e-05
Jamaica	0.0	703.885	1768.885	0.001	41.31	55.31	0.0	0.00023984	0.00060272	0.0	1.408e-05	1.885e-05
Cuba	0.108	6638.184	9766.184	0.0	3.041	91.041	1e-08	0.00058547	0.00086136	0.0	2.7e-07	8.03e-06
Trinidad and Tobago	0.123	3374.64	3700.64	0.0	0.0	8.0	9e-08	0.00242805	0.0026626	0.0	0.0	5.76e-06
Belize	0.017	1628.031	1838.031	0.0	0.0	2.0	4e-08	0.00424995	0.00479815	0.0	0.0	5.22e-06
Botswana	5.012	10550.334	11616.334	0.0	0.0	2.0	2.22e-06	0.00468045	0.00515336	0.0	0.0	8.9e-07
Mali	0.0	122.491	2704.491	0.065	136.909	261.909	0.0	6.42e-06	0.00014176	0.0	7.18e-06	1.373e-05
Uganda	0.0	507.342	1839.342	0.001	51.894	60.894	0.0	1.188e-05	4.305e-05	0.0	1.21e-06	1.43e-06
Cameroon	0.0	2669.786	20932.786	0.23	483.22	884.22	0.0	0.00010588	0.00083013	1e-08	1.916e-05	3.507e-05
Central African Republic	0.0	274.51	4926.51	0.042	88.592	149.592	0.0	5.883e-05	0.00105575	1e-08	1.899e-05	3.206e-05
Sierra Leone	0.0	292.116	2229.116	0.084	177.18	246.18	0.0	3.818e-05	0.00029138	1e-08	2.316e-05	3.218e-05
Brunei	0.065	136.909	278.909	0.0	0.0	3.0	1.5e-07	0.00031916	0.0006502	0.0	0.0	6.99e-06
Nepal	0.0	11281.896	35713.896	0.007	427.559	518.559	0.0	0.00040166	0.00127151	0.0	1.522e-05	1.846e-05
