Name	Predicted_New_Cases	Total_Predicted_New_Cases	Total_Predicted_Cases	Predicted_New_Deaths	Total_Predicted_New_Deaths	Total_Predicted_Deaths	Predicted_New_per_capita	Predicted_Total_New_per_capita	Predicted_Total_Cases_per_capita	Predicted_New_Deaths_per_capita	Total_Predicted_New_Deaths_per_capita	Total_Predicted_Deaths_per_capita
Luxembourg	0.0	2027.042	8891.042	0.001	109.905	227.905	0.0	0.00333544	0.01462997	0.0	0.00018085	0.00037501
Cyprus	0.681	7921.764	9076.764	0.0	0.0	19.0	5.8e-07	0.00677074	0.00775792	0.0	0.0	1.624e-05
Estonia	0.037	1858.752	3938.752	0.0	2.701	65.701	3e-08	0.0014072	0.00298191	0.0	2.04e-06	4.974e-05
Liechtenstein	0.1	461.7	550.7	0.0	0.0	1.0	2.64e-06	0.01217884	0.01452651	0.0	0.0	2.638e-05
Hungary	0.0	322.445	4866.445	0.003	40.315	637.315	0.0	3.301e-05	0.00049816	0.0	4.13e-06	6.524e-05
Malta	1.432	16661.916	17535.916	0.0	0.0	9.0	2.96e-06	0.03445891	0.03626645	0.0	0.0	1.861e-05
Trinidad and Tobago	0.045	1763.862	1945.862	0.0	0.0	8.0	3e-08	0.0012691	0.00140004	0.0	0.0	5.76e-06
Grenada	0.009	108.85	132.85	0.0	912.974	912.974	8e-08	0.00097664	0.00119197	0.0	0.00819149	0.00819149
New Zealand	0.076	886.916	2453.916	0.0	0.0	22.0	2e-08	0.00018154	0.00050229	0.0	0.0	4.5e-06
Tunisia	0.0	453.9	2018.9	0.003	40.315	91.315	0.0	3.925e-05	0.00017457	0.0	3.49e-06	7.9e-06
Guinea-Bissau	0.253	2938.917	4919.917	0.0	0.165	27.165	1.3e-07	0.001568	0.00262492	0.0	9e-08	1.449e-05
Zimbabwe	0.0	3692.647	7767.647	0.324	3765.358	3845.358	0.0	0.00025574	0.00053796	2e-08	0.00026078	0.00026632
Equatorial Guinea	10.917	126990.136	131811.136	0.2	2322.109	2405.109	8.34e-06	0.09701502	0.10069806	1.5e-07	0.00177399	0.0018374
Sierra Leone	0.0	205.989	2053.989	0.012	137.066	204.066	0.0	2.693e-05	0.00026849	0.0	1.792e-05	2.667e-05
Maldives	0.0	7725.443	12018.443	0.002	75.676	93.676	0.0	0.01498061	0.02330529	0.0	0.00014675	0.00018165
Vietnam	1.461	17000.552	17652.552	0.0	0.0	7.0	2e-08	0.00017794	0.00018477	0.0	0.0	7e-08
