Name	Predicted_New_Cases	Total_Predicted_New_Cases	Total_Predicted_Cases	Predicted_New_Deaths	Total_Predicted_New_Deaths	Total_Predicted_Deaths	Predicted_New_per_capita	Predicted_Total_New_per_capita	Predicted_Total_Cases_per_capita	Predicted_New_Deaths_per_capita	Total_Predicted_New_Deaths_per_capita	Total_Predicted_Deaths_per_capita
Estonia	0.0	178.56	2048.56	0.001	197.213	265.213	0.0	0.00013518	0.0015509	0.0	0.0001493	0.00020078
Albania	0.0	1873.694	3016.694	0.002	169.596	202.596	0.0	0.00065368	0.00105244	0.0	5.917e-05	7.068e-05
Slovenia	0.002	289.809	1762.809	0.0	3.025	112.025	0.0	0.00014018	0.00085268	0.0	1.46e-06	5.419e-05
Austria	0.0	570.432	17303.432	0.145	5646.999	6314.999	0.0	6.448e-05	0.00195584	2e-08	0.00063829	0.0007138
Israel	0.51	32316.815	49485.815	0.0	17.341	302.341	6e-08	0.00363772	0.00557034	0.0	1.95e-06	3.403e-05
Saint Vincent and the Grenadines	0.013	838.663	864.663	0.0	541.27	541.27	1.2e-07	0.00760968	0.00784559	0.0	0.00491126	0.00491126
Trinidad and Tobago	0.001	40.321	157.321	0.0	0.0	8.0	0.0	2.901e-05	0.00011319	0.0	0.0	5.76e-06
Suriname	0.006	362.884	406.884	0.0	0.0	1.0	1e-08	0.00063002	0.00070641	0.0	0.0	1.74e-06
Kenya	0.0	5543.669	7564.669	0.021	1330.575	1399.575	0.0	0.00010787	0.00014719	0.0	2.589e-05	2.723e-05
Tunisia	0.106	4144.418	5228.418	0.0	0.253	48.253	1e-08	0.00035835	0.00045208	0.0	2e-08	4.17e-06
Malawi	0.308	19507.019	19843.019	0.0	0.443	4.443	2e-08	0.00107516	0.00109368	0.0	2e-08	2.4e-07
Libya	0.096	6108.539	6276.539	0.0	1.002	6.002	1e-08	0.00091465	0.0009398	0.0	1.5e-07	9e-07
Zimbabwe	0.217	13761.363	13964.363	0.0	0.0	4.0	2e-08	0.00095307	0.00096713	0.0	0.0	2.8e-07
Uganda	0.32	20293.265	20750.265	0.0	8.036	8.036	1e-08	0.00047499	0.00048569	0.0	1.9e-07	1.9e-07
Brunei	0.0	0.0	141.0	0.002	137.087	139.087	0.0	0.0	0.0003287	0.0	0.00031958	0.00032424
Nepal	0.226	40998.027	42809.027	0.0	1.874	9.874	1e-08	0.00145963	0.00152411	0.0	7e-08	3.5e-07
Mongolia	0.059	3721.576	3906.576	0.0	25.279	25.279	2e-08	0.00117392	0.00123228	0.0	7.97e-06	7.97e-06
Thailand	0.068	4326.381	7408.381	0.0	3.827	60.827	0.0	6.231e-05	0.00010671	0.0	6e-08	8.8e-07
