Name	Confirmed	Deaths	Recovered	Active	Confirmed_per_capita	Deaths_per_capita	IFR_0.30_expected	IFR_0.65_expected	IFR_1.0_expected	IFR_0.30_expected_per_capita	IFR_0.65_expected_per_capita	IFR_1.0_expected_per_capita	Date
Ocean	102.0	1.0	0.0	0.0	0.00016953	1.66e-06	333.333333333	153.846153846	100.0	0.000553333333333	0.000255384615385	0.000166	2020-03-22
Ocean	144.0	1.0	0.0	0.0	0.00023934	1.66e-06	333.333333333	153.846153846	100.0	0.000553333333333	0.000255384615385	0.000166	2020-03-23
Ocean	180.0	1.0	0.0	0.0	0.00029918	1.66e-06	333.333333333	153.846153846	100.0	0.000553333333333	0.000255384615385	0.000166	2020-03-24
Ocean	222.0	1.0	0.0	0.0	0.00036898	1.66e-06	333.333333333	153.846153846	100.0	0.000553333333333	0.000255384615385	0.000166	2020-03-25
Ocean	389.0	1.0	0.0	0.0	0.00064655	1.66e-06	333.333333333	153.846153846	100.0	0.000553333333333	0.000255384615385	0.000166	2020-03-26
Ocean	484.0	1.0	0.0	0.0	0.00080445	1.66e-06	333.333333333	153.846153846	100.0	0.000553333333333	0.000255384615385	0.000166	2020-03-27
Ocean	624.0	4.0	0.0	0.0	0.00103715	6.65e-06	1333.33333333	615.384615385	400.0	0.00221666666667	0.00102307692308	0.000665	2020-03-28
Ocean	759.0	6.0	0.0	0.0	0.00126153	9.97e-06	2000.0	923.076923077	600.0	0.00332333333333	0.00153384615385	0.000997	2020-03-29
Ocean	874.0	6.0	0.0	0.0	0.00145267	9.97e-06	2000.0	923.076923077	600.0	0.00332333333333	0.00153384615385	0.000997	2020-03-30
Ocean	1022.0	1.0	0.0	0.0	0.00169866	1.66e-06	333.333333333	153.846153846	100.0	0.000553333333333	0.000255384615385	0.000166	2020-03-31
Ocean	1209.0	23.0	0.0	0.0	0.00200947	3.823e-05	7666.66666667	3538.46153846	2300.0	0.0127433333333	0.00588153846154	0.003823	2020-04-01
Ocean	1371.0	38.0	0.0	0.0	0.00227873	6.316e-05	12666.6666667	5846.15384615	3800.0	0.0210533333333	0.00971692307692	0.006316	2020-04-02
Ocean	1685.0	45.0	0.0	0.0	0.00280063	7.479e-05	15000.0	6923.07692308	4500.0	0.02493	0.0115061538462	0.007479	2020-04-03
Ocean	2003.0	56.0	0.0	0.0	0.00332917	9.308e-05	18666.6666667	8615.38461538	5600.0	0.0310266666667	0.01432	0.009308	2020-04-04
Ocean	2177.0	62.0	0.0	0.0	0.00361838	0.00010305	20666.6666667	9538.46153846	6200.0	0.03435	0.0158538461538	0.010305	2020-04-05
Ocean	180	1	0	0	_2020-3-24
Ocean	222	1	0	0	_2020-3-25
Ocean	389	1	0	0	_2020-3-26
