Crow Wing	0.0	0.0	0.0	0.0	0.0	0.0	0.0	0.0	0.0	0.0	0.0	0.0	2020-03-22
Crow Wing	0.0	0.0	0.0	0.0	0.0	0.0	0.0	0.0	0.0	0.0	0.0	0.0	2020-03-23
Crow Wing	0.0	0.0	0.0	0.0	0.0	0.0	0.0	0.0	0.0	0.0	0.0	0.0	2020-03-24
Crow Wing	0.0	0.0	0.0	0.0	0.0	0.0	0.0	0.0	0.0	0.0	0.0	0.0	2020-03-25
Crow Wing	0.0	0.0	0.0	0.0	0.0	0.0	0.0	0.0	0.0	0.0	0.0	0.0	2020-03-26
Crow Wing	0.0	0.0	0.0	0.0	0.0	0.0	0.0	0.0	0.0	0.0	0.0	0.0	2020-03-27
Crow Wing	0.0	0.0	0.0	0.0	0.0	0.0	0.0	0.0	0.0	0.0	0.0	0.0	2020-03-28
Crow Wing	0.0	0.0	0.0	0.0	0.0	0.0	0.0	0.0	0.0	0.0	0.0	0.0	2020-03-29
Crow Wing	0.0	0.0	0.0	0.0	0.0	0.0	0.0	0.0	0.0	0.0	0.0	0.0	2020-03-30
Crow Wing	1.0	0.0	0.0	0.0	1.541e-05	0.0	5.0	2.0	1.25	7.705e-05	3.082e-05	1.92625e-05	2020-04-01
Crow Wing	2.0	0.0	0.0	0.0	3.082e-05	0.0	10.0	4.0	2.5	0.0001541	6.164e-05	3.8525e-05	2020-04-02
Crow Wing	3.0	0.0	0.0	0.0	4.623e-05	0.0	15.0	6.0	3.75	0.00023115	9.246e-05	5.77875e-05	2020-04-03
Crow Wing	0	0	0	0	_2020-3-24
Crow Wing	0	0	0	0	_2020-3-25
Crow Wing	0	0	0	0	_2020-3-26
