Name	Predicted_New_Cases	Total_Predicted_New_Cases	Total_Predicted_Cases	Predicted_New_Deaths	Total_Predicted_New_Deaths	Total_Predicted_Deaths	Predicted_New_per_capita	Predicted_Total_New_per_capita	Predicted_Total_Cases_per_capita	Predicted_New_Deaths_per_capita	Total_Predicted_New_Deaths_per_capita	Total_Predicted_Deaths_per_capita
Shasta	0.0	0.949	26.949	0.0	0.0	3.0	0.0	5.27e-06	0.00014968	0.0	0.0	1.666e-05
Yuba	0.0	0.36	16.36	0.0	0.0	1.0	0.0	4.61e-06	0.00020963	0.0	0.0	1.281e-05
Alpine	0.0	0.0	2.0	0.0	0.0	0.0	0.0	0.0	0.00181653	0.0	0.0	0.0
San Mateo	9.913	498.863	1336.863	0.993	32.988	60.988	1.288e-05	0.00064826	0.00173721	1.29e-06	4.287e-05	7.925e-05
Sutter	0.0	1.419	26.419	0.024	1.353	3.353	0.0	1.466e-05	0.0002729	2.5e-07	1.398e-05	3.464e-05
Riverside	56.497	2925.889	5563.889	1.165	64.893	139.893	2.305e-05	0.00119387	0.00227027	4.8e-07	2.648e-05	5.708e-05
Sacramento	14.487	807.218	1732.218	1.166	46.96	80.96	9.4e-06	0.00052384	0.00112411	7.6e-07	3.047e-05	5.254e-05
Butte	0.151	8.391	24.391	1.166	46.96	46.96	6.5e-07	3.628e-05	0.00010547	5.04e-06	0.00020307	0.00020307
Ventura	4.961	276.441	698.441	0.583	23.481	36.481	5.83e-06	0.00032486	0.00082076	6.9e-07	2.759e-05	4.287e-05
Kern	16.43	826.801	1449.801	0.0	0.62	3.62	1.832e-05	0.00092198	0.0016167	0.0	6.9e-07	4.04e-06
San Benito	0.229	18.641	62.641	0.0	0.0	2.0	3.72e-06	0.00030292	0.00101794	0.0	0.0	3.25e-05
San Bernardino	9.813	798.568	2084.568	1.293	65.065	122.065	4.52e-06	0.00036773	0.00095992	6e-07	2.996e-05	5.621e-05
Kings	0.697	31.713	59.713	0.0	0.0	1.0	4.6e-06	0.00020951	0.00039449	0.0	0.0	6.61e-06
Trinity	0.0	0.0	0.0	0.0	0.0	0.0	0.0	0.0	0.0	0.0	0.0	0.0
Madera	0.206	11.462	45.462	0.0	0.0	2.0	1.31e-06	7.27e-05	0.00028833	0.0	0.0	1.268e-05
Fresno	6.648	344.289	659.289	0.571	19.966	26.966	6.69e-06	0.00034623	0.000663	5.7e-07	2.008e-05	2.712e-05
Glenn	0.084	4.693	8.693	0.571	19.966	19.966	2.99e-06	0.00016733	0.00030994	2.036e-05	0.00071188	0.00071188
Tulare	29.026	1116.718	1527.718	5.673	130.036	147.036	6.231e-05	0.00239711	0.00327934	1.218e-05	0.00027913	0.00031562
Santa Barbara	5.204	289.98	674.98	0.189	7.598	11.598	1.165e-05	0.00064941	0.00151162	4.2e-07	1.702e-05	2.597e-05
San Joaquin	21.552	790.818	1205.818	3.648	78.358	95.358	2.863e-05	0.0010507	0.00160208	4.85e-06	0.00010411	0.00012669
Sierra	0.0	0.0	0.0	0.0	0.0	0.0	0.0	0.0	0.0	0.0	0.0	0.0
Alameda	15.305	852.793	2016.793	2.484	100.004	142.004	9.18e-06	0.00051165	0.00121001	1.49e-06	6e-05	8.52e-05
Placer	0.0	6.401	138.401	0.0	3.896	11.896	0.0	1.628e-05	0.00035203	0.0	9.91e-06	3.026e-05
Siskiyou	0.0	0.26	5.26	0.0	3.896	3.896	0.0	5.95e-06	0.0001203	0.0	8.91e-05	8.91e-05
Solano	2.128	118.59	287.59	0.0	0.0	2.0	4.76e-06	0.00026553	0.00064394	0.0	0.0	4.48e-06
Contra Costa	7.156	398.734	1091.734	0.961	38.686	58.686	6.22e-06	0.00034666	0.00094916	8.4e-07	3.363e-05	5.102e-05
Del Norte	0.0	0.0	2.0	0.961	38.686	38.686	0.0	0.0	7.187e-05	3.453e-05	0.00139018	0.00139018
Humboldt	0.023	3.17	55.17	0.961	38.686	38.686	1.7e-07	2.325e-05	0.00040455	7.05e-06	0.00028368	0.00028368
Calaveras	0.182	10.818	22.818	0.961	38.686	38.686	3.99e-06	0.00023723	0.00050037	2.107e-05	0.00084834	0.00084834
Santa Clara	23.391	1274.26	3144.26	3.488	134.184	207.184	1.207e-05	0.00065766	0.00162279	1.8e-06	6.925e-05	0.00010693
Lake	0.0	0.0	6.0	3.488	134.184	134.184	0.0	0.0	9.319e-05	5.418e-05	0.00208419	0.00208419
San Francisco	15.266	869.182	2026.182	0.786	33.038	53.038	1.728e-05	0.00098401	0.00229386	8.9e-07	3.74e-05	6.004e-05
Unassigned	0.0	0.0	8.0	0.0	0.0	2.0	N/A	N/A	N/A	N/A	N/A	N/A
Stanislaus	7.218	328.563	549.563	0.0	0.0	4.0	1.313e-05	0.00059759	0.00099954	0.0	0.0	7.28e-06
Amador	0.0	2.483	9.483	0.0	0.0	0.0	0.0	6.305e-05	0.00024079	0.0	0.0	0.0
Plumas	0.0	0.0	4.0	0.0	0.0	0.0	0.0	0.0	0.00021272	0.0	0.0	0.0
Los Angeles	159.67	8896.885	21237.885	37.098	1427.237	2027.237	1.58e-05	0.0008804	0.00210161	3.67e-06	0.00014123	0.00020061
Mono	0.18	10.018	33.018	0.0	0.0	1.0	1.263e-05	0.00070302	0.00231705	0.0	0.0	7.018e-05
Modoc	0.0	0.0	0.0	0.0	0.0	0.0	0.0	0.0	0.0	0.0	0.0	0.0
Monterey	7.631	266.634	402.634	0.0	0.62	3.62	1.752e-05	0.00061212	0.00092433	0.0	1.42e-06	8.31e-06
Mariposa	0.0	0.0	0.0	0.0	0.0	0.0	0.0	0.0	0.0	0.0	0.0	0.0
Sonoma	0.9	69.032	249.032	0.037	2.075	4.075	1.8e-06	0.00013808	0.00049812	7e-08	4.15e-06	8.15e-06
Tuolumne	0.073	4.062	6.062	0.037	2.075	2.075	1.34e-06	7.448e-05	0.00011115	6.8e-07	3.805e-05	3.805e-05
Colusa	0.0	0.054	3.054	0.037	2.075	2.075	0.0	2.5e-06	0.00014121	1.71e-06	9.594e-05	9.594e-05
Santa Cruz	1.019	56.769	160.769	3.573	50.13	52.13	3.72e-06	0.00020699	0.0005862	1.303e-05	0.00018279	0.00019008
San Luis Obispo	1.131	62.996	194.996	0.0	0.0	1.0	3.98e-06	0.00022181	0.00068658	0.0	0.0	3.52e-06
Marin	2.502	118.085	307.085	0.062	1.862	11.862	9.64e-06	0.00045476	0.00118262	2.4e-07	7.17e-06	4.568e-05
El Dorado	0.0	4.388	40.388	0.062	1.862	1.862	0.0	2.301e-05	0.00021181	3.3e-07	9.77e-06	9.77e-06
Tehama	0.0	0.0	1.0	0.0	0.0	1.0	0.0	0.0	1.565e-05	0.0	0.0	1.565e-05
Inyo	16.497	231.486	249.486	0.0	0.0	0.0	0.00091716	0.01286963	0.01387035	0.0	0.0	0.0
Yolo	2.59	144.314	281.314	0.478	19.257	27.257	1.175e-05	0.00065476	0.00127633	2.17e-06	8.737e-05	0.00012367
San Diego	20.078	1218.217	3431.217	0.956	59.385	130.385	6.01e-06	0.00036437	0.00102628	2.9e-07	1.776e-05	3.9e-05
Imperial	24.402	663.647	818.647	0.0	0.0	3.0	0.0001342	0.00364988	0.00450234	0.0	0.0	1.65e-05
Merced	1.779	101.289	191.289	0.0	0.0	3.0	6.47e-06	0.00036864	0.00069619	0.0	0.0	1.092e-05
Nevada	0.0	0.205	36.205	0.0	0.0	1.0	0.0	2.06e-06	0.00036315	0.0	0.0	1.003e-05
Napa	0.577	35.036	82.036	0.0	0.0	2.0	4.14e-06	0.0002513	0.00058842	0.0	0.0	1.435e-05
Mendocino	0.006	0.361	5.361	0.0	0.0	0.0	7e-08	4.12e-06	6.119e-05	0.0	0.0	0.0
Orange	1.129	587.434	2223.434	0.143	14.653	46.653	3.5e-07	0.00018438	0.00069788	4e-08	4.6e-06	1.464e-05
Lassen	0.0	0.0	0.0	0.0	0.0	0.0	0.0	0.0	0.0	0.0	0.0	0.0
