Name	Predicted_New_Cases	Total_Predicted_New_Cases	Total_Predicted_Cases	Predicted_New_Deaths	Total_Predicted_New_Deaths	Total_Predicted_Deaths	Predicted_New_per_capita	Predicted_Total_New_per_capita	Predicted_Total_Cases_per_capita	Predicted_New_Deaths_per_capita	Total_Predicted_New_Deaths_per_capita	Total_Predicted_Deaths_per_capita
Shasta	0.004	301.385	698.385	0.003	8.97	17.97	2e-08	0.00167399	0.00387905	2e-08	4.982e-05	9.981e-05
Yuba	0.007	442.17	975.17	0.003	8.738	12.738	9e-08	0.00566587	0.01249561	4e-08	0.00011197	0.00016322
Alpine	0.0	0.0	2.0	0.003	8.738	8.738	0.0	0.0	0.00181653	2.72e-06	0.00793642	0.00793642
San Mateo	0.047	2101.35	7845.35	0.0	1.371	121.371	6e-08	0.00273064	0.01019479	0.0	1.78e-06	0.00015772
Sutter	0.009	574.506	1414.506	0.006	16.054	22.054	9e-08	0.00593455	0.01461161	6e-08	0.00016584	0.00022781
Riverside	0.208	13986.517	52473.517	0.003	222.548	960.548	8e-08	0.00570702	0.02141114	0.0	9.081e-05	0.00039194
Sacramento	0.0	2481.181	12655.181	0.002	112.063	260.063	0.0	0.00161014	0.00821245	0.0	7.272e-05	0.00016877
Butte	0.007	631.543	1643.543	0.003	11.516	19.516	3e-08	0.00273093	0.00710703	1e-08	4.98e-05	8.439e-05
Ventura	0.087	3923.358	11800.358	0.001	35.704	112.704	1e-07	0.00461047	0.013867	0.0	4.196e-05	0.00013244
Kern	0.318	21447.792	42675.792	0.001	76.024	227.024	3.5e-07	0.02391687	0.04758865	0.0	8.478e-05	0.00025316
San Benito	0.016	471.831	1160.831	0.019	27.561	31.561	2.6e-07	0.00766744	0.01886395	3.1e-07	0.00044788	0.00051288
San Bernardino	0.312	21026.011	55043.011	0.0	120.729	597.729	1.4e-07	0.00968225	0.02534672	0.0	5.559e-05	0.00027525
Kings	0.037	2019.523	6472.523	0.005	49.853	105.853	2.4e-07	0.01334199	0.04276075	3e-08	0.00032935	0.00069932
Trinity	0.038	40.537	45.537	0.005	49.853	49.853	3.03e-06	0.00323391	0.00363279	4e-07	0.0039771	0.0039771
Madera	0.03	1341.826	3455.826	0.06	114.725	146.725	1.9e-07	0.00851024	0.02191782	3.8e-07	0.00072762	0.00093057
Fresno	0.259	9675.3	25434.3	3.397	1756.559	1894.559	2.6e-07	0.00972979	0.02557753	3.42e-06	0.00176645	0.00190523
Glenn	0.003	234.038	566.038	0.0	0.0	1.0	1.1e-07	0.00834449	0.02018177	0.0	0.0	3.565e-05
Tulare	0.0	4137.184	14127.184	0.225	214.255	407.255	0.0	0.00888073	0.03032489	4.8e-07	0.00045991	0.0008742
Santa Barbara	0.097	2896.524	9422.524	6.995	2983.608	3046.608	2.2e-07	0.00648678	0.0211018	1.567e-05	0.00668181	0.0068229
San Joaquin	0.0	2570.778	14528.778	0.013	276.627	456.627	0.0	0.00341559	0.01930324	2e-08	0.00036753	0.00060668
Sierra	0.0	3.827	6.827	0.013	276.627	276.627	0.0	0.00128122	0.00228557	4.35e-06	0.09261031	0.09261031
Alameda	0.061	4109.738	16018.738	0.0	31.988	223.988	4e-08	0.00246572	0.00961074	0.0	1.919e-05	0.00013439
Placer	0.016	1102.501	3055.501	0.004	11.331	29.331	4e-08	0.00280428	0.00777187	1e-08	2.882e-05	7.461e-05
Siskiyou	0.001	43.023	131.023	0.0	0.0	1.0	2e-08	0.00098397	0.00299659	0.0	0.0	2.287e-05
Solano	0.075	2244.578	6050.578	0.018	26.447	64.447	1.7e-07	0.00502581	0.01354779	4e-08	5.922e-05	0.0001443
Contra Costa	0.0	2703.116	10879.116	2.462	1273.181	1404.181	0.0	0.0023501	0.00945833	2.14e-06	0.00110691	0.0012208
Humboldt	0.002	116.155	361.155	0.0	0.0	4.0	1e-08	0.00085174	0.00264829	0.0	0.0	2.933e-05
Calaveras	4.366	2114.975	2250.975	0.0	0.0	1.0	9.574e-05	0.046379	0.04936132	0.0	0.0	2.193e-05
Santa Clara	0.097	5288.136	16318.136	0.002	37.611	229.611	5e-08	0.00272926	0.00842196	0.0	1.941e-05	0.0001185
Lake	0.004	115.66	326.66	0.0	0.0	1.0	6e-08	0.00179646	0.00507378	0.0	0.0	1.553e-05
San Francisco	0.131	3889.096	10878.096	0.0	17.035	78.035	1.5e-07	0.00440289	0.01231522	0.0	1.929e-05	8.834e-05
Unassigned	0.0	0.0	8.0	0.0	0.0	2.0	N/A	N/A	N/A	N/A	N/A	N/A
Stanislaus	0.054	4591.422	13899.422	0.001	78.501	213.501	1e-07	0.00835085	0.02528018	0.0	0.00014278	0.00038831
Amador	0.311	516.945	653.945	0.001	78.501	78.501	7.9e-06	0.0131261	0.01660475	3e-08	0.00199327	0.00199327
Plumas	0.002	25.742	58.742	0.001	78.501	78.501	1.1e-07	0.00136896	0.00312391	5e-08	0.0041747	0.0041747
Los Angeles	1.309	71597.416	267402.416	0.07	1545.938	6305.938	1.3e-07	0.00708498	0.02646103	1e-08	0.00015298	0.00062401
Mono	0.002	121.977	266.977	0.0	0.0	1.0	1.4e-07	0.00855979	0.01873523	0.0	0.0	7.018e-05
Modoc	0.001	50.684	54.684	0.0	0.0	0.0	1.1e-07	0.00577464	0.00623037	0.0	0.0	0.0
Monterey	0.042	2860.263	7826.263	0.016	46.984	80.984	1e-07	0.00656635	0.01796688	4e-08	0.00010786	0.00018592
Mariposa	0.002	45.306	104.306	0.0	3.041	5.041	1.1e-07	0.00259321	0.00597024	0.0	0.00017406	0.00028854
Sonoma	0.024	1622.498	4735.498	0.032	92.558	131.558	5e-08	0.00324537	0.00947209	6e-08	0.00018514	0.00026315
Colusa	0.003	227.617	584.617	0.0	0.0	4.0	1.4e-07	0.01052467	0.02703181	0.0	0.0	0.00018495
Santa Cruz	0.083	1234.981	2430.981	0.0	0.488	4.488	3e-07	0.00450304	0.00886394	0.0	1.78e-06	1.636e-05
San Luis Obispo	0.015	1035.373	2961.373	0.019	56.193	72.193	5e-08	0.00364555	0.010427	7e-08	0.00019786	0.00025419
Marin	0.059	1764.636	6944.636	0.002	64.854	140.854	2.3e-07	0.00679579	0.02674449	1e-08	0.00024976	0.00054244
El Dorado	0.028	608.732	1276.732	0.0	0.0	1.0	1.5e-07	0.00319246	0.00669575	0.0	0.0	5.24e-06
Tehama	0.003	169.506	415.506	0.0	0.0	1.0	5e-08	0.00265201	0.00650081	0.0	0.0	1.565e-05
Inyo	5.515	2045.597	2109.597	0.0	0.0	1.0	0.00030661	0.11372641	0.11728454	0.0	0.0	5.56e-05
San Diego	0.16	10771.706	41287.706	0.0	102.483	670.483	5e-08	0.00322182	0.01234915	0.0	3.065e-05	0.00020054
Imperial	0.0	500.734	10013.734	0.237	394.191	626.191	0.0	0.0027539	0.05507287	1.3e-06	0.00216795	0.00344388
Merced	0.222	4885.687	9468.687	5.783	2466.61	2517.61	8.1e-07	0.01778133	0.03446104	2.105e-05	0.00897716	0.00916278
Nevada	0.004	185.498	501.498	0.0	0.0	1.0	4e-08	0.00186064	0.00503027	0.0	0.0	1.003e-05
Napa	0.008	570.114	1550.114	0.0	0.235	9.235	6e-08	0.00408927	0.01111854	0.0	1.69e-06	6.624e-05
Mendocino	0.003	234.259	575.259	0.011	31.875	40.875	3e-08	0.00267401	0.00656643	1.3e-07	0.00036384	0.00046658
Orange	0.158	10637.679	48703.679	0.007	303.08	956.08	5e-08	0.00333892	0.01528693	0.0	9.513e-05	0.00030009
Lassen	0.68	994.451	1626.451	0.007	303.08	303.08	2.208e-05	0.03228527	0.05280342	2.3e-07	0.00983962	0.00983962
