Name	Predicted_New_Cases	Total_Predicted_New_Cases	Total_Predicted_Cases	Predicted_New_Deaths	Total_Predicted_New_Deaths	Total_Predicted_Deaths	Predicted_New_per_capita	Predicted_Total_New_per_capita	Predicted_Total_Cases_per_capita	Predicted_New_Deaths_per_capita	Total_Predicted_New_Deaths_per_capita	Total_Predicted_Deaths_per_capita
Shasta	0.0	0.067	31.067	0.0	0.0	4.0	0.0	3.7e-07	0.00017256	0.0	0.0	2.222e-05
Yuba	0.0	0.635	20.635	0.0	0.0	1.0	0.0	8.14e-06	0.00026441	0.0	0.0	1.281e-05
Alpine	0.0	0.0	2.0	0.0	0.0	0.0	0.0	0.0	0.00181653	0.0	0.0	0.0
San Mateo	16.663	468.984	1893.984	0.238	11.605	67.605	2.165e-05	0.00060943	0.00246117	3.1e-07	1.508e-05	8.785e-05
Sutter	0.0	0.1	33.1	0.0	0.014	2.014	0.0	1.03e-06	0.00034192	0.0	1.4e-07	2.08e-05
Riverside	65.035	1794.131	6786.131	3.98	107.462	311.462	2.654e-05	0.00073207	0.00276899	1.62e-06	4.385e-05	0.00012709
Sacramento	5.124	154.939	1321.939	3.045	48.454	98.454	3.33e-06	0.00010055	0.00085786	1.98e-06	3.144e-05	6.389e-05
Butte	3.616	31.849	49.849	3.045	48.454	48.454	1.564e-05	0.00013772	0.00021556	1.317e-05	0.00020953	0.00020953
Ventura	8.62	227.539	893.539	0.307	5.792	24.792	1.013e-05	0.00026739	0.00105003	3.6e-07	6.81e-06	2.913e-05
Kern	20.909	551.899	1805.899	1.577	29.757	44.757	2.332e-05	0.00061543	0.0020138	1.76e-06	3.318e-05	4.991e-05
San Benito	0.261	7.355	62.355	0.0	0.0	2.0	4.24e-06	0.00011952	0.00101329	0.0	0.0	3.25e-05
San Bernardino	42.26	1189.441	4091.441	1.253	35.264	149.264	1.946e-05	0.00054772	0.00188406	5.8e-07	1.624e-05	6.873e-05
Kings	11.412	314.828	589.828	0.0	0.0	1.0	7.539e-05	0.00207991	0.0038967	0.0	0.0	6.61e-06
Trinity	0.0	0.0	1.0	0.0	0.0	0.0	0.0	0.0	7.978e-05	0.0	0.0	0.0
Madera	1.491	36.417	103.417	0.0	0.0	2.0	9.46e-06	0.00023097	0.0006559	0.0	0.0	1.268e-05
Fresno	20.306	535.971	1420.971	0.432	8.145	17.145	2.042e-05	0.00053899	0.00142897	4.3e-07	8.19e-06	1.724e-05
Glenn	0.73	6.0	12.0	0.432	8.145	8.145	2.603e-05	0.00021393	0.00042785	1.54e-05	0.00029041	0.00029041
Tulare	38.173	932.179	2072.179	1.659	26.392	74.392	8.194e-05	0.00200098	0.00444806	3.56e-06	5.665e-05	0.00015969
Santa Barbara	486.044	3996.404	5246.404	0.0	0.74	11.74	0.0010885	0.00894997	0.01174935	0.0	1.66e-06	2.629e-05
San Joaquin	1.631	65.91	677.91	0.113	4.376	33.376	2.17e-06	8.757e-05	0.00090069	1.5e-07	5.81e-06	4.434e-05
Sierra	0.0	0.0	0.0	0.0	0.0	0.0	0.0	0.0	0.0	0.0	0.0	0.0
Alameda	27.284	736.752	2800.752	0.018	9.305	80.305	1.637e-05	0.00044203	0.00168036	1e-08	5.58e-06	4.818e-05
Placer	1.294	36.419	205.419	0.0	0.0	8.0	3.29e-06	9.263e-05	0.0005225	0.0	0.0	2.035e-05
Siskiyou	0.0	0.0	5.0	0.0	0.0	0.0	0.0	0.0	0.00011435	0.0	0.0	0.0
Solano	7.302	197.167	548.167	0.473	9.384	16.384	1.635e-05	0.00044147	0.0012274	1.06e-06	2.101e-05	3.669e-05
Contra Costa	5.486	202.393	1250.393	0.165	5.229	36.229	4.77e-06	0.00017596	0.0010871	1.4e-07	4.55e-06	3.15e-05
Del Norte	0.0	0.0	3.0	0.165	5.229	5.229	0.0	0.0	0.00010781	5.93e-06	0.0001879	0.0001879
Humboldt	0.079	2.236	59.236	0.165	5.229	5.229	5.8e-07	1.64e-05	0.00043437	1.21e-06	3.834e-05	3.834e-05
Calaveras	0.0	0.0	13.0	0.165	5.229	5.229	0.0	0.0	0.00028508	3.62e-06	0.00011467	0.00011467
Santa Clara	6.145	221.605	2560.605	1.453	39.237	168.237	3.17e-06	0.00011437	0.00132155	7.5e-07	2.025e-05	8.683e-05
Lake	0.133	3.75	11.75	1.453	39.237	39.237	2.07e-06	5.825e-05	0.0001825	2.257e-05	0.00060944	0.00060944
San Francisco	71.401	1416.621	3359.621	6.741	72.458	106.458	8.083e-05	0.00160377	0.00380347	7.63e-06	8.203e-05	0.00012052
Unassigned	0.0	0.0	8.0	0.0	0.0	2.0	N/A	N/A	N/A	N/A	N/A	N/A
Stanislaus	8.254	245.347	741.347	0.817	19.401	39.401	1.501e-05	0.00044624	0.00134836	1.49e-06	3.529e-05	7.166e-05
Amador	0.0	0.0	8.0	0.817	19.401	19.401	0.0	0.0	0.00020313	2.074e-05	0.00049262	0.00049262
Plumas	0.0	0.0	4.0	0.817	19.401	19.401	0.0	0.0	0.00021272	4.345e-05	0.00103175	0.00103175
Los Angeles	537.364	14824.345	46527.345	24.662	694.135	2225.135	5.318e-05	0.00146696	0.00460415	2.44e-06	6.869e-05	0.00022019
Mono	0.131	3.68	32.68	0.0	0.0	1.0	9.19e-06	0.00025825	0.00229333	0.0	0.0	7.018e-05
Modoc	0.0	0.0	0.0	0.0	0.0	0.0	0.0	0.0	0.0	0.0	0.0	0.0
Monterey	2.325	80.807	359.807	0.085	2.566	8.566	5.34e-06	0.00018551	0.00082601	2e-07	5.89e-06	1.967e-05
Mariposa	0.0	0.0	15.0	0.085	2.566	2.566	0.0	0.0	0.00085857	4.87e-06	0.00014687	0.00014687
Sonoma	5.115	128.327	437.327	0.172	3.956	6.956	1.023e-05	0.00025668	0.00087476	3.4e-07	7.91e-06	1.391e-05
Tuolumne	0.136	3.822	5.822	0.172	3.956	3.956	2.49e-06	7.008e-05	0.00010675	3.15e-06	7.254e-05	7.254e-05
Colusa	0.0	0.0	3.0	0.172	3.956	3.956	0.0	0.0	0.00013872	7.95e-06	0.00018292	0.00018292
Santa Cruz	0.0	5.428	146.428	0.0	0.0	2.0	0.0	1.979e-05	0.00053391	0.0	0.0	7.29e-06
San Luis Obispo	1.289	46.497	266.497	0.0	0.0	1.0	4.54e-06	0.00016372	0.00093834	0.0	0.0	3.52e-06
Marin	1.249	35.81	294.81	0.191	4.278	18.278	4.81e-06	0.00013791	0.00113534	7.4e-07	1.648e-05	7.039e-05
El Dorado	1.081	26.396	80.396	0.191	4.278	4.278	5.67e-06	0.00013843	0.00042163	1e-06	2.244e-05	2.244e-05
Tehama	0.0	0.0	1.0	0.0	0.0	1.0	0.0	0.0	1.565e-05	0.0	0.0	1.565e-05
Inyo	0.0	0.0	19.0	0.0	0.0	1.0	0.0	0.0	0.00105632	0.0	0.0	5.56e-05
Yolo	0.009	6.24	178.24	0.09	6.405	26.405	4e-08	2.831e-05	0.00080868	4.1e-07	2.906e-05	0.0001198
San Diego	72.303	2035.024	6811.024	3.728	96.059	271.059	2.163e-05	0.00060868	0.00203718	1.12e-06	2.873e-05	8.107e-05
Imperial	13.502	347.881	859.881	0.698	12.474	24.474	7.426e-05	0.00191325	0.00472912	3.84e-06	6.86e-05	0.0001346
Merced	1.126	44.989	207.989	0.0	0.0	3.0	4.1e-06	0.00016374	0.00075697	0.0	0.0	1.092e-05
Nevada	0.0	0.14	41.14	0.0	0.0	1.0	0.0	1.4e-06	0.00041265	0.0	0.0	1.003e-05
Napa	1.014	26.757	105.757	0.0	0.0	2.0	7.27e-06	0.00019192	0.00075857	0.0	0.0	1.435e-05
Mendocino	0.0	0.067	12.067	0.0	0.0	0.0	0.0	7.6e-07	0.00013774	0.0	0.0	0.0
Orange	57.782	1626.332	5128.332	2.254	58.076	134.076	1.814e-05	0.00051047	0.00160966	7.1e-07	1.823e-05	4.208e-05
Lassen	0.0	0.0	0.0	0.0	0.0	0.0	0.0	0.0	0.0	0.0	0.0	0.0
