Name	Predicted_New_Cases	Total_Predicted_New_Cases	Total_Predicted_Cases	Predicted_New_Deaths	Total_Predicted_New_Deaths	Total_Predicted_Deaths	Predicted_New_per_capita	Predicted_Total_New_per_capita	Predicted_Total_Cases_per_capita	Predicted_New_Deaths_per_capita	Total_Predicted_New_Deaths_per_capita	Total_Predicted_Deaths_per_capita
Shasta	0.0	0.067	31.067	0.0	0.0	4.0	0.0	3.7e-07	0.00017256	0.0	0.0	2.222e-05
Yuba	0.0	0.635	20.635	0.0	0.0	1.0	0.0	8.14e-06	0.00026441	0.0	0.0	1.281e-05
Alpine	0.0	0.0	2.0	0.0	0.0	0.0	0.0	0.0	0.00181653	0.0	0.0	0.0
San Mateo	2.721	706.332	2131.332	0.0	12.793	68.793	3.54e-06	0.00091786	0.0027696	0.0	1.662e-05	8.939e-05
Sutter	0.0	0.1	33.1	0.0	0.014	2.014	0.0	1.03e-06	0.00034192	0.0	1.4e-07	2.08e-05
Riverside	10.875	2730.908	7722.908	0.684	165.441	369.441	4.44e-06	0.00111431	0.00315123	2.8e-07	6.751e-05	0.00015075
Sacramento	0.786	224.999	1391.999	0.864	105.114	155.114	5.1e-07	0.00014601	0.00090332	5.6e-07	6.821e-05	0.00010066
Butte	2.102	138.287	156.287	0.864	105.114	105.114	9.09e-06	0.00059798	0.00067582	3.74e-06	0.00045454	0.00045454
Ventura	1.527	354.641	1020.641	0.076	11.214	30.214	1.79e-06	0.00041675	0.00119939	9e-08	1.318e-05	3.551e-05
Kern	3.703	860.182	2114.182	0.388	57.613	72.613	4.13e-06	0.00095921	0.00235757	4.3e-07	6.425e-05	8.097e-05
San Benito	0.043	11.078	66.078	0.0	0.0	2.0	7e-07	0.00018002	0.00107379	0.0	0.0	3.25e-05
San Bernardino	6.901	1791.406	4693.406	0.205	53.112	167.112	3.18e-06	0.00082492	0.00216126	9e-08	2.446e-05	7.695e-05
Kings	1.908	479.212	754.212	0.0	0.0	1.0	1.261e-05	0.00316592	0.0049827	0.0	0.0	6.61e-06
Trinity	0.0	0.0	1.0	0.0	0.0	0.0	0.0	0.0	7.978e-05	0.0	0.0	0.0
Madera	0.286	59.364	126.364	0.0	0.0	2.0	1.81e-06	0.0003765	0.00080144	0.0	0.0	1.268e-05
Fresno	3.596	835.36	1720.36	0.106	15.769	24.769	3.62e-06	0.00084006	0.00173005	1.1e-07	1.586e-05	2.491e-05
Glenn	0.551	31.873	37.873	0.106	15.769	15.769	1.965e-05	0.00113641	0.00135034	3.78e-06	0.00056223	0.00056223
Tulare	7.312	1519.534	2659.534	0.471	57.252	105.252	1.57e-05	0.00326178	0.00570886	1.01e-06	0.0001229	0.00022593
Santa Barbara	366.853	21224.332	22474.332	0.0	0.74	11.74	0.00082157	0.04753202	0.05033141	0.0	1.66e-06	2.629e-05
San Joaquin	0.0	77.58	689.58	0.001	5.563	34.563	0.0	0.00010307	0.00091619	0.0	7.39e-06	4.592e-05
Sierra	0.0	0.0	0.0	0.0	0.0	0.0	0.0	0.0	0.0	0.0	0.0	0.0
Alameda	4.688	1134.253	3198.253	0.0	9.355	80.355	2.81e-06	0.00068052	0.00191885	0.0	5.61e-06	4.821e-05
Placer	0.211	54.852	223.852	0.0	0.0	8.0	5.4e-07	0.00013952	0.00056938	0.0	0.0	2.035e-05
Siskiyou	0.0	0.0	5.0	0.0	0.0	0.0	0.0	0.0	0.00011435	0.0	0.0	0.0
Solano	1.255	303.542	654.542	0.111	17.609	24.609	2.81e-06	0.00067966	0.00146558	2.5e-07	3.943e-05	5.51e-05
Contra Costa	0.452	270.047	1318.047	0.024	7.422	38.422	3.9e-07	0.00023478	0.00114591	2e-08	6.45e-06	3.34e-05
Del Norte	0.0	0.0	3.0	0.024	7.422	7.422	0.0	0.0	0.00010781	8.6e-07	0.00026671	0.00026671
Humboldt	0.013	3.368	60.368	0.024	7.422	7.422	1e-07	2.47e-05	0.00044267	1.8e-07	5.442e-05	5.442e-05
Calaveras	0.0	0.0	13.0	0.024	7.422	7.422	0.0	0.0	0.00028508	5.3e-07	0.00016276	0.00016276
Santa Clara	0.552	297.134	2636.134	0.25	60.405	189.405	2.8e-07	0.00015335	0.00136054	1.3e-07	3.118e-05	9.775e-05
Lake	0.022	5.647	13.647	0.25	60.405	60.405	3.4e-07	8.771e-05	0.00021197	3.88e-06	0.00093823	0.00093823
San Francisco	16.736	2657.935	4600.935	2.629	222.517	256.517	1.895e-05	0.00300908	0.00520877	2.98e-06	0.00025191	0.00029041
Unassigned	0.0	0.0	8.0	0.0	0.0	2.0	N/A	N/A	N/A	N/A	N/A	N/A
Stanislaus	1.285	359.279	855.279	0.161	32.216	52.216	2.34e-06	0.00065345	0.00155558	2.9e-07	5.859e-05	9.497e-05
Amador	0.0	0.0	8.0	0.161	32.216	32.216	0.0	0.0	0.00020313	4.09e-06	0.00081802	0.00081802
Plumas	0.0	0.0	4.0	0.161	32.216	32.216	0.0	0.0	0.00021272	8.56e-06	0.00171325	0.00171325
Los Angeles	89.861	22564.625	54267.625	4.027	1045.433	2576.433	8.89e-06	0.0022329	0.0053701	4e-07	0.00010345	0.00025495
Mono	0.021	5.54	34.54	0.0	0.0	1.0	1.47e-06	0.00038877	0.00242386	0.0	0.0	7.018e-05
Modoc	0.0	0.0	0.0	0.0	0.0	0.0	0.0	0.0	0.0	0.0	0.0	0.0
Monterey	0.236	109.525	388.525	0.013	3.725	9.725	5.4e-07	0.00025144	0.00089194	3e-08	8.55e-06	2.233e-05
Mariposa	0.0	0.0	15.0	0.013	3.725	3.725	0.0	0.0	0.00085857	7.4e-07	0.00021321	0.00021321
Sonoma	0.955	205.747	514.747	0.035	6.704	9.704	1.91e-06	0.00041154	0.00102961	7e-08	1.341e-05	1.941e-05
Tuolumne	0.022	5.757	7.757	0.035	6.704	6.704	4e-07	0.00010556	0.00014223	6.4e-07	0.00012292	0.00012292
Colusa	0.0	0.0	3.0	0.035	6.704	6.704	0.0	0.0	0.00013872	1.62e-06	0.00030998	0.00030998
Santa Cruz	0.0	5.428	146.428	0.0	0.0	2.0	0.0	1.979e-05	0.00053391	0.0	0.0	7.29e-06
San Luis Obispo	0.116	62.343	282.343	0.0	0.0	1.0	4.1e-07	0.00021951	0.00099413	0.0	0.0	3.52e-06
Marin	0.2	53.398	312.398	0.04	7.413	21.413	7.7e-07	0.00020564	0.00120308	1.5e-07	2.855e-05	8.246e-05
El Dorado	0.207	43.025	97.025	0.04	7.413	7.413	1.09e-06	0.00022564	0.00050884	2.1e-07	3.888e-05	3.888e-05
Tehama	0.0	0.0	1.0	0.0	0.0	1.0	0.0	0.0	1.565e-05	0.0	0.0	1.565e-05
Inyo	0.0	0.0	19.0	0.0	0.0	1.0	0.0	0.0	0.00105632	0.0	0.0	5.56e-05
Yolo	0.0	6.256	178.256	0.0	6.621	26.621	0.0	2.838e-05	0.00080875	0.0	3.004e-05	0.00012078
San Diego	11.807	3064.937	7840.937	0.679	151.738	326.738	3.53e-06	0.00091672	0.00234522	2e-07	4.538e-05	9.773e-05
Imperial	2.46	549.525	1061.525	0.18	24.993	36.993	1.353e-05	0.00302224	0.0058381	9.9e-07	0.00013745	0.00020345
Merced	0.0	53.985	216.985	0.0	0.0	3.0	0.0	0.00019648	0.00078971	0.0	0.0	1.092e-05
Nevada	0.0	0.14	41.14	0.0	0.0	1.0	0.0	1.4e-06	0.00041265	0.0	0.0	1.003e-05
Napa	0.18	41.698	120.698	0.0	0.0	2.0	1.29e-06	0.00029909	0.00086573	0.0	0.0	1.435e-05
Mendocino	0.0	0.067	12.067	0.0	0.0	0.0	0.0	7.6e-07	0.00013774	0.0	0.0	0.0
Orange	9.436	2449.41	5951.41	0.411	91.738	167.738	2.96e-06	0.00076881	0.00186801	1.3e-07	2.879e-05	5.265e-05
Lassen	0.0	0.0	0.0	0.0	0.0	0.0	0.0	0.0	0.0	0.0	0.0	0.0
