Name	Predicted_New_Cases	Total_Predicted_New_Cases	Total_Predicted_Cases	Predicted_New_Deaths	Total_Predicted_New_Deaths	Total_Predicted_Deaths	Predicted_New_per_capita	Predicted_Total_New_per_capita	Predicted_Total_Cases_per_capita	Predicted_New_Deaths_per_capita	Total_Predicted_New_Deaths_per_capita	Total_Predicted_Deaths_per_capita
Shasta	0.227	183.451	192.528	0.02	8.576	35.041	1.26e-06	0.00101895	0.00106936	1.1e-07	4.763e-05	0.00019463
Yuba	0.379	306.164	319.893	0.002	0.929	41.845	4.86e-06	0.00392312	0.00409904	3e-08	1.19e-05	0.00053619
Alpine	0.0	0.0	2.0	0.002	0.929	0.929	0.0	0.0	0.00181653	1.82e-06	0.00084378	0.00084378
San Mateo	1.654	1336.042	1417.584	0.154	50.22	293.234	2.15e-06	0.00173615	0.00184211	2e-07	6.526e-05	0.00038105
Sutter	0.432	349.081	364.042	0.011	4.634	50.339	4.46e-06	0.00360595	0.00376049	1.1e-07	4.787e-05	0.00051999
Riverside	11.701	10202.433	10930.036	0.256	206.965	2355.108	4.77e-06	0.00416297	0.00445986	1e-07	8.445e-05	0.00096097
Sacramento	5.775	5035.498	5319.055	15.774	2167.384	3012.453	3.75e-06	0.00326774	0.00345175	1.024e-05	0.0014065	0.0019549
Butte	0.0	410.898	444.799	0.006	5.153	108.069	0.0	0.00177681	0.00192341	3e-08	2.228e-05	0.00046731
Ventura	0.744	2470.296	2670.585	0.043	34.492	625.816	8.7e-07	0.00290293	0.00313829	5e-08	4.053e-05	0.00073542
Kern	25.447	20552.033	21558.918	0.153	91.775	2841.278	2.838e-05	0.022918	0.02404079	1.7e-07	0.00010234	0.00316837
San Benito	0.135	184.299	197.432	0.002	1.145	40.547	2.19e-06	0.00299493	0.00320835	3e-08	1.861e-05	0.0006589
San Bernardino	13.878	11208.18	11747.432	0.498	279.734	1941.572	6.39e-06	0.00516125	0.00540957	2.3e-07	0.00012881	0.00089407
Kings	1.788	1444.454	1530.026	0.068	33.741	270.333	1.181e-05	0.00954279	0.01010812	4.5e-07	0.00022291	0.00178596
Trinity	0.0	0.525	0.715	0.068	33.741	33.741	0.0	4.188e-05	5.704e-05	5.42e-06	0.00269174	0.00269174
Madera	0.114	885.366	960.463	0.043	32.043	250.986	7.2e-07	0.00561524	0.00609153	2.7e-07	0.00020323	0.00159182
Fresno	6.598	6246.845	6623.599	0.062	46.432	1169.251	6.64e-06	0.00628202	0.0066609	6e-08	4.669e-05	0.00117584
Glenn	0.188	151.74	159.65	2.742	1177.002	1200.576	6.7e-06	0.0054102	0.00569223	9.776e-05	0.04196534	0.04280586
Tulare	5.734	4631.353	4891.837	0.017	13.439	724.744	1.231e-05	0.00994149	0.01050064	4e-08	2.885e-05	0.00155571
Santa Barbara	0.165	1275.908	1393.919	0.0	0.0	358.253	3.7e-07	0.0028574	0.00312169	0.0	0.0	0.00080231
San Joaquin	7.753	6261.414	6660.801	0.19	123.062	1227.749	1.03e-05	0.00831905	0.00884968	2.5e-07	0.0001635	0.00163121
Sierra	0.001	0.449	2.449	0.19	123.062	123.062	3.3e-07	0.00015032	0.00081989	6.361e-05	0.0411992	0.0411992
Alameda	3.894	3144.588	3312.726	0.068	54.989	565.413	2.34e-06	0.00188666	0.00198753	4e-08	3.299e-05	0.00033923
Placer	0.023	575.92	619.209	0.02	13.169	144.585	6e-08	0.00146489	0.001575	5e-08	3.35e-05	0.00036776
Siskiyou	0.054	43.768	46.569	0.819	351.582	359.325	1.24e-06	0.00100101	0.00106507	1.873e-05	0.00804094	0.00821803
Solano	0.027	836.279	922.612	0.0	0.934	259.95	6e-08	0.0018725	0.00206581	0.0	2.09e-06	0.00058205
Contra Costa	4.803	3879.044	4071.186	0.001	14.367	565.412	4.18e-06	0.00337245	0.0035395	0.0	1.249e-05	0.00049157
Del Norte	0.078	62.624	66.764	1.168	501.322	511.937	2.8e-06	0.0022504	0.00239917	4.197e-05	0.01801502	0.01839647
Santa Clara	4.695	3791.553	4021.451	0.03	24.416	703.156	2.42e-06	0.00195686	0.00207551	2e-08	1.26e-05	0.00036291
Lake	0.003	50.489	54.603	0.287	271.773	284.199	5e-08	0.00078421	0.00084811	4.46e-06	0.00422126	0.00441426
San Francisco	2.308	1863.861	1958.337	0.018	14.225	304.124	2.61e-06	0.0021101	0.00221706	2e-08	1.61e-05	0.0003443
Unassigned	0.0	0.0	8.0	0.0	0.0	2.0	N/A	N/A	N/A	N/A	N/A	N/A
Stanislaus	5.264	4251.422	4471.529	0.099	79.96	744.786	9.57e-06	0.00773246	0.00813279	1.8e-07	0.00014543	0.00135461
Amador	0.084	68.202	71.163	0.099	79.96	79.96	2.13e-06	0.00173176	0.00180695	2.51e-06	0.00203032	0.00203032
Plumas	0.008	10.416	11.222	0.099	79.96	79.96	4.3e-07	0.00055392	0.00059679	5.26e-06	0.00425229	0.00425229
Los Angeles	1.138	28990.256	31525.278	1.224	988.684	8916.184	1.1e-07	0.00286876	0.00311961	1.2e-07	9.784e-05	0.00088231
Mono	0.14	112.894	117.945	1.707	732.718	747.771	9.82e-06	0.00792239	0.00827684	0.00011979	0.05141881	0.05247516
Monterey	2.798	2259.691	2377.522	0.017	13.996	351.925	6.42e-06	0.00518761	0.00545811	4e-08	3.213e-05	0.00080792
Mariposa	0.03	24.137	25.668	0.01	4.172	8.502	1.72e-06	0.00138155	0.00146918	5.7e-07	0.0002388	0.00048663
Sonoma	1.589	1283.095	1333.869	0.023	18.591	172.728	3.18e-06	0.00256649	0.00266805	5e-08	3.719e-05	0.0003455
Tuolumne	0.131	105.594	111.44	1.765	757.954	774.491	2.4e-06	0.00193612	0.00204331	3.236e-05	0.01389747	0.01420068
Santa Cruz	0.0	198.126	217.112	0.005	3.807	67.099	0.0	0.00072242	0.00079164	2e-08	1.388e-05	0.00024466
San Luis Obispo	1.032	833.243	876.289	0.024	12.785	141.932	3.63e-06	0.00293385	0.00308542	8e-08	4.502e-05	0.00049974
Marin	0.0	164.049	215.936	0.059	47.592	220.562	0.0	0.00063177	0.00083159	2.3e-07	0.00018328	0.00084941
El Dorado	0.0	95.439	113.416	1.663	1343.067	1397.366	0.0	0.00050052	0.0005948	8.72e-06	0.00704364	0.00732841
Tehama	0.202	163.133	171.782	2.783	1194.673	1218.586	3.16e-06	0.0025523	0.00268762	4.354e-05	0.0186913	0.01906543
Inyo	0.0	4.998	5.799	0.043	34.396	36.761	0.0	0.00027787	0.0003224	2.39e-06	0.00191227	0.00204375
Yolo	0.857	691.796	721.868	0.0	9.104	100.395	3.89e-06	0.00313871	0.00327514	0.0	4.131e-05	0.0004555
San Diego	0.0	4996.966	5484.506	0.23	186.138	1682.153	0.0	0.00149459	0.00164042	7e-08	5.567e-05	0.00050313
Imperial	1.14	920.708	999.742	0.179	100.808	340.735	6.27e-06	0.00506365	0.00549831	9.8e-07	0.00055442	0.00187395
Merced	2.022	1914.289	2043.717	0.0	15.432	392.778	7.36e-06	0.006967	0.00743805	0.0	5.616e-05	0.00142951
Napa	0.506	408.315	432.17	0.0	1.012	69.426	3.63e-06	0.00292873	0.00309984	0.0	7.26e-06	0.00049797
Mendocino	0.247	199.431	208.137	0.0	0.0	26.428	2.82e-06	0.00227645	0.00237583	0.0	0.0	0.00030167
Orange	14.941	12067.406	12765.761	0.316	255.347	2364.7	4.69e-06	0.00378767	0.00400687	1e-07	8.015e-05	0.00074222
Lassen	0.0	76.655	84.437	0.316	255.347	255.347	0.0	0.00248864	0.00274128	1.026e-05	0.00828995	0.00828995
