Name	Predicted_New_Cases	Total_Predicted_New_Cases	Total_Predicted_Cases	Predicted_New_Deaths	Total_Predicted_New_Deaths	Total_Predicted_Deaths	Predicted_New_per_capita	Predicted_Total_New_per_capita	Predicted_Total_Cases_per_capita	Predicted_New_Deaths_per_capita	Total_Predicted_New_Deaths_per_capita	Total_Predicted_Deaths_per_capita
Shasta	1.48	268.469	637.469	0.084	9.742	18.742	8.22e-06	0.00149116	0.00354071	4.7e-07	5.411e-05	0.0001041
Yuba	2.67	460.655	931.655	0.058	5.968	9.968	3.421e-05	0.00590273	0.01193802	7.4e-07	7.647e-05	0.00012773
Alpine	0.0	0.0	2.0	0.058	5.968	5.968	0.0	0.0	0.00181653	5.268e-05	0.00542053	0.00542053
San Mateo	5.039	1341.764	6885.764	0.062	11.953	130.953	6.55e-06	0.00174358	0.00894784	8e-08	1.553e-05	0.00017017
Sutter	4.255	688.346	1456.346	0.251	23.288	29.288	4.395e-05	0.0071105	0.01504381	2.59e-06	0.00024056	0.00030254
Riverside	50.329	11231.884	48242.884	1.029	197.378	892.378	2.054e-05	0.00458302	0.01968488	4.2e-07	8.054e-05	0.00036412
Sacramento	0.431	3104.722	12924.722	7.469	583.889	716.889	2.8e-07	0.00201478	0.00838737	4.85e-06	0.00037891	0.00046522
Butte	3.219	637.813	1578.813	0.098	13.499	20.499	1.392e-05	0.00275804	0.00682712	4.2e-07	5.837e-05	8.864e-05
Ventura	6.402	2212.741	9556.741	0.152	30.197	106.197	7.52e-06	0.00260027	0.01123045	1.8e-07	3.549e-05	0.0001248
Kern	101.881	20187.905	40069.905	0.381	73.02	217.02	0.00011361	0.02251195	0.04468278	4.2e-07	8.143e-05	0.000242
San Benito	1.534	294.415	916.415	0.06	7.757	11.757	2.493e-05	0.00478436	0.0148921	9.8e-07	0.00012605	0.00019106
San Bernardino	153.393	24816.455	57512.455	1.09	209.229	626.229	7.064e-05	0.01142771	0.02648387	5e-07	9.635e-05	0.00028837
Kings	5.907	1395.362	5775.362	0.178	29.802	85.802	3.902e-05	0.00921846	0.03815495	1.18e-06	0.00019689	0.00056685
Trinity	0.018	3.415	8.415	0.178	29.802	29.802	1.44e-06	0.00027244	0.00067132	1.42e-05	0.0023775	0.0023775
Fresno	28.563	6374.415	20813.415	0.304	53.74	191.74	2.872e-05	0.00641031	0.02093063	3.1e-07	5.404e-05	0.00019282
Glenn	1.026	196.952	521.952	0.0	0.0	1.0	3.658e-05	0.00702221	0.0186099	0.0	0.0	3.565e-05
Tulare	13.335	3713.883	13167.883	0.196	30.39	208.39	2.862e-05	0.00797208	0.02826569	4.2e-07	6.523e-05	0.00044732
Santa Barbara	3.479	1359.601	7526.601	0.062	11.953	71.953	7.79e-06	0.00304483	0.01685587	1.4e-07	2.677e-05	0.00016114
San Joaquin	0.0	1807.031	13290.031	1.195	193.294	361.294	0.0	0.00240086	0.01765742	1.59e-06	0.00025681	0.00048002
Sierra	1.791	79.66	81.66	1.195	193.294	193.294	0.0005996	0.0266689	0.02733847	0.00040007	0.06471175	0.06471175
Alameda	15.073	3363.715	14847.715	0.0	9.775	198.775	9.04e-06	0.00201812	0.00890817	0.0	5.86e-06	0.00011926
Placer	5.33	1022.648	2934.648	0.149	19.394	34.394	1.356e-05	0.00260117	0.00746447	3.8e-07	4.933e-05	8.748e-05
Solano	7.426	1424.874	5035.874	0.086	11.199	48.199	1.663e-05	0.00319042	0.01127578	1.9e-07	2.508e-05	0.00010792
Contra Costa	22.719	4359.278	12165.278	0.157	30.107	151.107	1.975e-05	0.00378997	0.01057653	1.4e-07	2.618e-05	0.00013137
Humboldt	0.425	81.559	314.559	0.0	0.0	4.0	3.12e-06	0.00059806	0.00230661	0.0	0.0	2.933e-05
Calaveras	0.219	41.952	166.952	0.0	0.0	1.0	4.8e-06	0.00091996	0.00366107	0.0	0.0	2.193e-05
Santa Clara	0.949	2637.526	12958.526	0.12	22.952	213.952	4.9e-07	0.00136125	0.00668803	6e-08	1.185e-05	0.00011042
Lake	0.314	68.311	263.311	0.0	0.0	1.0	4.88e-06	0.00106103	0.00408982	0.0	0.0	1.553e-05
San Francisco	16.814	2973.949	9696.949	0.0	4.513	65.513	1.904e-05	0.00336684	0.01097803	0.0	5.11e-06	7.417e-05
Unassigned	0.0	0.0	8.0	0.0	0.0	2.0	N/A	N/A	N/A	N/A	N/A	N/A
Stanislaus	17.438	4039.437	12929.437	0.394	75.683	179.683	3.172e-05	0.0073469	0.02351598	7.2e-07	0.00013765	0.00032681
Amador	0.881	142.512	267.512	0.394	75.683	75.683	2.237e-05	0.00361862	0.00679258	1e-05	0.00192172	0.00192172
Plumas	0.059	12.524	45.524	0.394	75.683	75.683	3.14e-06	0.00066603	0.00242097	2.095e-05	0.00402484	0.00402484
Los Angeles	318.47	61107.728	251964.728	4.982	955.933	5624.933	3.151e-05	0.00604697	0.02493338	4.9e-07	9.46e-05	0.00055662
Mono	0.467	101.694	243.694	0.0	0.0	1.0	3.277e-05	0.00713642	0.01710133	0.0	0.0	7.018e-05
Monterey	7.431	1905.29	6702.29	0.067	13.183	43.183	1.706e-05	0.004374	0.01538655	1.5e-07	3.026e-05	9.914e-05
Mariposa	0.138	27.296	81.296	2.255	100.312	102.312	7.9e-06	0.00156236	0.0046532	0.00012907	0.00574163	0.0058561
Sonoma	7.756	1488.178	4432.178	0.339	44.165	81.165	1.551e-05	0.0029767	0.00886538	6.8e-07	8.834e-05	0.00016235
Colusa	0.918	188.314	511.314	0.0	0.0	4.0	4.245e-05	0.00870736	0.02364239	0.0	0.0	0.00018495
Santa Cruz	3.043	583.912	1735.912	0.03	3.876	7.876	1.11e-05	0.00212908	0.00632955	1.1e-07	1.413e-05	2.872e-05
San Luis Obispo	5.209	999.593	2782.593	0.222	28.872	43.872	1.834e-05	0.00351957	0.00979752	7.8e-07	0.00010166	0.00015447
Marin	5.88	1128.223	6122.223	0.231	44.407	114.407	2.264e-05	0.0043449	0.0235773	8.9e-07	0.00017102	0.00044059
El Dorado	1.65	316.617	953.617	0.0	0.0	1.0	8.65e-06	0.00166048	0.00500119	0.0	0.0	5.24e-06
Tehama	0.699	152.254	386.254	0.0	0.0	1.0	1.094e-05	0.0023821	0.00604315	0.0	0.0	1.565e-05
Inyo	0.087	16.651	67.651	0.0	0.0	1.0	4.84e-06	0.00092572	0.00376111	0.0	0.0	5.56e-05
Yolo	4.188	803.599	2313.599	0.228	29.734	70.734	1.9e-05	0.00364596	0.01049689	1.03e-06	0.0001349	0.00032092
San Diego	55.253	10601.812	39649.812	0.155	99.526	660.526	1.653e-05	0.003171	0.01185926	5e-08	2.977e-05	0.00019756
Imperial	2.765	1080.484	10489.484	0.738	119.465	339.465	1.521e-05	0.00594237	0.05768936	4.06e-06	0.00065703	0.00186697
Merced	13.389	2569.0	6854.0	0.149	28.499	78.499	4.873e-05	0.00934981	0.02494495	5.4e-07	0.00010372	0.0002857
Nevada	0.693	133.01	432.01	0.0	0.0	1.0	6.95e-06	0.00133416	0.00433327	0.0	0.0	1.003e-05
Napa	2.645	507.589	1395.589	0.033	4.309	12.309	1.897e-05	0.0036408	0.01001018	2.4e-07	3.091e-05	8.829e-05
Mendocino	1.156	221.824	533.824	0.174	22.627	31.627	1.32e-05	0.00253206	0.00609346	1.99e-06	0.00025828	0.00036101
Orange	0.0	6774.603	43607.603	0.021	126.83	775.83	0.0	0.00212639	0.0136874	1e-08	3.981e-05	0.00024351
Lassen	0.946	181.473	812.473	0.021	126.83	126.83	3.071e-05	0.0058916	0.02637728	6.8e-07	0.00411759	0.00411759
