Name	Predicted_New_Cases	Total_Predicted_New_Cases	Total_Predicted_Cases	Predicted_New_Deaths	Total_Predicted_New_Deaths	Total_Predicted_Deaths	Predicted_New_per_capita	Predicted_Total_New_per_capita	Predicted_Total_Cases_per_capita	Predicted_New_Deaths_per_capita	Total_Predicted_New_Deaths_per_capita	Total_Predicted_Deaths_per_capita
Turner	1.58	53.205	112.205	0.0	0.0	4.0	0.0001997	0.0067246	0.01418162	0.0	0.0	0.00050556
Floyd	1.011	42.412	168.412	0.137	4.87	13.87	1.032e-05	0.0004331	0.00171977	1.4e-06	4.973e-05	0.00014164
Gilmer	0.272	9.525	24.525	0.137	4.87	4.87	8.83e-06	0.00030909	0.00079585	4.45e-06	0.00015803	0.00015803
Jones	0.485	15.992	35.992	0.137	4.87	4.87	1.695e-05	0.00055885	0.00125776	4.79e-06	0.00017018	0.00017018
Pike	1.556	45.522	78.522	0.524	17.3	19.3	8.35e-05	0.00244295	0.00421391	2.812e-05	0.00092841	0.00103574
Wayne	0.175	5.763	13.763	0.524	17.3	17.3	5.87e-06	0.00019334	0.00046172	1.758e-05	0.00058038	0.00058038
Fulton	52.224	1687.445	3885.445	1.724	56.9	136.9	4.973e-05	0.00160692	0.00370002	1.64e-06	5.418e-05	0.00013037
Glynn	1.578	44.788	93.788	1.724	56.9	56.9	1.852e-05	0.00052556	0.00110055	2.023e-05	0.00066769	0.00066769
Cherokee	10.198	289.446	606.446	0.558	10.408	19.408	4.013e-05	0.00113888	0.00238618	2.2e-06	4.095e-05	7.636e-05
Gwinnett	32.552	979.495	2160.495	5.319	111.068	153.068	3.509e-05	0.00105574	0.00232867	5.73e-06	0.00011971	0.00016498
Harris	2.957	73.189	118.189	0.0	0.0	2.0	8.577e-05	0.00212296	0.00342825	0.0	0.0	5.801e-05
Montgomery	0.0	0.0	2.0	0.0	0.0	0.0	0.0	0.0	0.00021756	0.0	0.0	0.0
Early	4.483	138.395	311.395	0.424	9.317	19.317	0.00043749	0.0135059	0.03038889	4.138e-05	0.00090924	0.00188514
Webster	0.14	4.616	10.616	0.424	9.317	9.317	5.362e-05	0.00176791	0.00406588	0.00016239	0.00356836	0.00356836
Berrien	0.405	12.18	22.18	0.424	9.317	9.317	2.104e-05	0.00063266	0.00115209	2.202e-05	0.00048395	0.00048395
Catoosa	0.604	19.917	42.917	0.424	9.317	9.317	8.96e-06	0.00029542	0.00063656	6.29e-06	0.00013819	0.00013819
Jeff Davis	0.0	0.0	7.0	0.424	9.317	9.317	0.0	0.0	0.00046577	2.821e-05	0.00061993	0.00061993
Chattooga	0.294	9.689	18.689	0.0	0.0	1.0	1.186e-05	0.00039084	0.00075389	0.0	0.0	4.034e-05
Pierce	0.0	3.06	54.06	0.0	0.0	2.0	0.0	0.00015782	0.00278818	0.0	0.0	0.00010315
Lincoln	0.066	3.808	12.808	0.0	0.0	0.0	8.34e-06	0.00048111	0.00161819	0.0	0.0	0.0
Colquitt	2.132	70.357	215.357	0.0	0.0	5.0	4.676e-05	0.00154319	0.00472357	0.0	0.0	0.00010967
Habersham	129.578	1156.349	1255.349	0.0	0.0	3.0	0.0028549	0.02547698	0.02765817	0.0	0.0	6.61e-05
Meriwether	2.371	60.779	106.779	0.0	0.0	0.0	0.00011254	0.0028849	0.0050683	0.0	0.0	0.0
Camden	0.531	17.532	44.532	0.0	0.0	0.0	9.89e-06	0.00032662	0.00082963	0.0	0.0	0.0
Quitman	0.0	0.0	3.0	0.0	0.0	1.0	0.0	0.0	0.00131637	0.0	0.0	0.00043879
Mitchell	5.404	178.317	388.317	1.232	30.494	53.494	0.00024351	0.00803519	0.01749806	5.552e-05	0.0013741	0.00241051
Wilkes	5.285	71.18	89.18	1.232	30.494	30.494	0.00053514	0.00720737	0.00902997	0.00012475	0.00308769	0.00308769
Lee	0.0	24.835	300.835	0.0	0.0	16.0	0.0	0.0008344	0.01010734	0.0	0.0	0.00053756
Washington	0.0	1.957	26.957	0.0	0.0	1.0	0.0	9.6e-05	0.00132233	0.0	0.0	4.905e-05
Richmond	11.54	337.661	620.661	1.742	34.447	45.447	5.726e-05	0.00167529	0.00307938	8.64e-06	0.00017091	0.00022548
Laurens	0.305	18.454	61.454	0.0	0.0	1.0	6.44e-06	0.00038994	0.00129855	0.0	0.0	2.113e-05
Wilcox	1.573	51.906	95.906	1.232	30.494	34.494	0.00017851	0.00589038	0.01088357	0.00013981	0.00346051	0.00391443
Brantley	0.0	0.0	20.0	0.0	0.0	2.0	0.0	0.0	0.00105837	0.0	0.0	0.00010584
Sumter	3.78	172.42	504.42	0.314	12.897	30.897	0.00012713	0.00579894	0.01696499	1.056e-05	0.00043376	0.00103915
Baldwin	7.702	218.595	348.595	0.0	0.0	4.0	0.00017183	0.00487685	0.00777715	0.0	0.0	8.924e-05
Macon	2.395	79.047	132.047	0.0	0.0	0.0	0.00018223	0.00601438	0.01004695	0.0	0.0	0.0
Effingham	0.005	6.003	33.003	0.0	0.0	1.0	8e-08	9.653e-05	0.00053068	0.0	0.0	1.608e-05
Clayton	13.165	434.447	974.447	0.641	15.858	35.858	4.546e-05	0.00150008	0.00336463	2.21e-06	5.476e-05	0.00012381
Fayette	3.707	111.562	254.562	0.308	6.433	14.433	3.267e-05	0.00098328	0.00224365	2.71e-06	5.67e-05	0.00012721
Jefferson	0.419	13.84	24.84	0.0	0.0	1.0	2.715e-05	0.00089695	0.00160985	0.0	0.0	6.481e-05
Newton	4.747	138.883	277.883	0.0	0.0	3.0	4.334e-05	0.00126786	0.00253679	0.0	0.0	2.739e-05
Pulaski	2.862	47.127	65.127	0.0	0.0	1.0	0.00025856	0.00425757	0.00588373	0.0	0.0	9.034e-05
Twiggs	4.097	39.822	43.822	0.0	0.0	0.0	0.00050037	0.00486346	0.00535198	0.0	0.0	0.0
Clinch	0.317	10.456	17.456	0.0	0.0	0.0	4.768e-05	0.0015728	0.00262575	0.0	0.0	0.0
Decatur	3.061	89.56	150.56	0.0	0.0	1.0	0.00011518	0.00337008	0.00566548	0.0	0.0	3.763e-05
Barrow	2.738	84.535	177.535	0.0	0.0	3.0	3.388e-05	0.00104611	0.00219697	0.0	0.0	3.712e-05
McIntosh	0.105	3.461	7.461	0.0	0.0	0.0	7.32e-06	0.00024135	0.00052029	0.0	0.0	0.0
Bibb	278.022	2481.065	2684.065	0.0	0.0	1.0	0.00181601	0.01620605	0.01753202	0.0	0.0	6.53e-06
Muscogee	0.07	83.189	312.189	0.0	0.0	4.0	3.6e-07	0.00042846	0.0016079	0.0	0.0	2.06e-05
Rockdale	2.56	77.032	217.032	1.287	26.869	32.869	2.826e-05	0.0008503	0.00239566	1.421e-05	0.00029659	0.00036282
Lumpkin	22.297	198.977	222.977	1.287	26.869	26.869	0.00067659	0.00603784	0.00676611	3.905e-05	0.00081532	0.00081532
Baker	0.006	6.026	26.026	0.0	0.014	2.014	1.94e-06	0.0019489	0.00841721	0.0	4.53e-06	0.00065136
Talbot	0.594	19.607	38.607	0.0	0.0	1.0	9.471e-05	0.00312612	0.00615545	0.0	0.0	0.00015944
Monroe	0.223	6.887	21.887	0.0	0.0	1.0	8.1e-06	0.00025025	0.00079531	0.0	0.0	3.634e-05
Brooks	0.0	3.724	26.724	0.0	0.0	6.0	0.0	0.00024006	0.00172268	0.0	0.0	0.00038677
Douglas	6.494	205.299	448.299	0.255	5.861	11.861	4.468e-05	0.00141263	0.00308468	1.75e-06	4.033e-05	8.161e-05
Stewart	0.594	19.607	36.607	0.255	5.861	5.861	9.582e-05	0.00316293	0.00590531	4.114e-05	0.00094548	0.00094548
Irwin	0.221	7.303	22.303	0.255	5.861	5.861	2.352e-05	0.00077708	0.00237316	2.713e-05	0.00062364	0.00062364
Lamar	0.927	25.446	52.446	0.255	5.861	5.861	4.879e-05	0.00133926	0.00276032	1.342e-05	0.00030847	0.00030847
Marion	1.328	43.829	72.829	0.0	0.0	1.0	0.00015902	0.00524835	0.00872099	0.0	0.0	0.00011975
Wheeler	0.096	3.153	6.153	0.0	0.0	0.0	1.218e-05	0.00040018	0.00078094	0.0	0.0	0.0
Oconee	0.904	29.835	80.835	6.161	152.48	158.48	2.302e-05	0.0007597	0.00205834	0.00015688	0.00388266	0.00403545
Emanuel	0.315	10.381	24.381	6.161	152.48	152.48	1.393e-05	0.00045909	0.00107823	0.00027247	0.00674332	0.00674332
Houston	3.924	129.488	311.488	0.493	12.201	23.201	2.524e-05	0.00083289	0.00200354	3.17e-06	7.848e-05	0.00014923
Dawson	1.736	50.807	95.807	0.0	0.0	1.0	6.921e-05	0.00202556	0.0038196	0.0	0.0	3.987e-05
Henry	8.032	265.053	647.053	0.482	11.928	22.928	3.489e-05	0.0011513	0.00281059	2.09e-06	5.181e-05	9.959e-05
Columbia	2.197	72.51	188.51	0.524	17.3	19.3	1.424e-05	0.00046996	0.00122178	3.4e-06	0.00011213	0.00012509
Madison	0.794	19.653	34.653	0.0	0.0	1.0	2.678e-05	0.00066283	0.00116874	0.0	0.0	3.373e-05
Grady	1.118	36.908	70.908	0.0	0.0	1.0	4.518e-05	0.00149135	0.0028652	0.0	0.0	4.041e-05
Appling	1.258	34.536	55.536	0.0	0.0	0.0	6.797e-05	0.0018661	0.00300081	0.0	0.0	0.0
Wilkinson	0.804	26.529	48.529	0.524	17.3	19.3	8.898e-05	0.00293592	0.00537063	5.799e-05	0.00191456	0.0021359
Crisp	4.182	125.845	250.845	0.0	0.0	2.0	0.00018504	0.00556812	0.01109885	0.0	0.0	8.849e-05
Lanier	0.07	2.305	9.305	0.0	0.0	1.0	6.77e-06	0.00022292	0.0008999	0.0	0.0	9.671e-05
Whitfield	6.043	112.647	157.647	0.128	1.246	5.246	5.807e-05	0.0010825	0.00151493	1.23e-06	1.197e-05	5.041e-05
Bryan	0.0	1.653	36.653	0.0	0.0	2.0	0.0	4.338e-05	0.00096179	0.0	0.0	5.248e-05
Troup	2.03	64.187	164.187	0.255	5.861	9.861	2.899e-05	0.00091651	0.00234439	3.64e-06	8.369e-05	0.0001408
Liberty	4.974	98.334	132.334	0.255	5.861	5.861	8.088e-05	0.001599	0.00215188	4.15e-06	9.531e-05	9.531e-05
Miller	26.756	238.768	261.768	0.255	5.861	5.861	0.00470559	0.04199226	0.04603728	4.485e-05	0.00103078	0.00103078
Ben Hill	0.454	13.67	28.67	0.255	5.861	5.861	2.704e-05	0.00081432	0.00170787	1.519e-05	0.00034914	0.00034914
Walton	1.852	61.129	124.129	0.0	0.0	3.0	1.981e-05	0.00065377	0.00132754	0.0	0.0	3.208e-05
Calhoun	1.078	44.232	105.232	0.0	0.0	2.0	0.00016971	0.00696348	0.01656675	0.0	0.0	0.00031486
Dodge	0.718	23.684	42.684	0.0	0.0	0.0	3.468e-05	0.00114388	0.00206153	0.0	0.0	0.0
Candler	0.023	0.769	7.769	0.0	0.0	0.0	2.12e-06	7.097e-05	0.00071696	0.0	0.0	0.0
Screven	0.28	9.227	20.227	0.0	0.0	1.0	2.009e-05	0.000662	0.00145121	0.0	0.0	7.175e-05
Clarke	5.359	123.063	237.063	2.608	32.791	45.791	4.209e-05	0.00096649	0.0018618	2.048e-05	0.00025753	0.00035962
Dougherty	13.265	604.453	2040.453	0.892	40.709	138.709	0.00014538	0.00662465	0.02236284	9.78e-06	0.00044616	0.00152022
Echols	0.0	0.0	4.0	0.892	40.709	40.709	0.0	0.0	0.001	0.000223	0.01017725	0.01017725
Seminole	0.454	14.671	39.671	0.0	0.0	2.0	5.46e-05	0.0017644	0.00477102	0.0	0.0	0.00024053
Dade	0.559	18.455	28.455	0.0	0.0	1.0	3.445e-05	0.00113737	0.00175367	0.0	0.0	6.163e-05
Elbert	0.175	5.763	12.763	0.0	0.0	0.0	9.15e-06	0.00030141	0.00066752	0.0	0.0	0.0
Long	0.161	4.284	6.284	0.0	0.0	0.0	8.47e-06	0.0002255	0.00033077	0.0	0.0	0.0
Unassigned	77.483	2556.865	2852.865	0.072	2.384	4.384	N/A	N/A	N/A	N/A	N/A	N/A
Randolph	0.036	42.767	187.767	0.0	0.0	15.0	5.27e-06	0.00625889	0.02747944	0.0	0.0	0.00219523
Stephens	1.206	36.283	76.283	0.0	0.0	1.0	4.632e-05	0.00139362	0.00293002	0.0	0.0	3.841e-05
Butts	1.068	35.948	115.948	0.0	0.0	0.0	4.415e-05	0.00148588	0.00479263	0.0	0.0	0.0
Charlton	1.332	23.348	29.348	0.0	0.0	0.0	0.00010271	0.00180043	0.00226311	0.0	0.0	0.0
Cook	0.368	12.15	25.15	0.0	0.0	1.0	2.144e-05	0.00070796	0.00146545	0.0	0.0	5.827e-05
Paulding	5.207	160.749	301.749	0.0	0.0	7.0	3.174e-05	0.00097991	0.00183944	0.0	0.0	4.267e-05
Clay	0.384	12.688	32.688	0.0	0.0	2.0	0.00013301	0.00439487	0.01132248	0.0	0.0	0.00069276
Taliaferro	0.0	0.0	0.0	0.0	0.0	0.0	0.0	0.0	0.0	0.0	0.0	0.0
De Kalb	52.001	1564.724	3085.724	2.347	49.006	76.006	6.873e-05	0.00206821	0.00407864	3.1e-06	6.477e-05	0.00010046
Gordon	2.579	75.469	142.469	0.57	11.274	17.274	4.471e-05	0.0013083	0.00246978	9.88e-06	0.00019544	0.00029945
Tattnall	0.126	4.154	9.154	0.57	11.274	11.274	4.96e-06	0.0001636	0.00036052	2.245e-05	0.00044402	0.00044402
Bulloch	0.75	24.759	54.759	0.524	17.3	19.3	9.7e-06	0.00032031	0.00070843	6.78e-06	0.00022381	0.00024969
Terrell	3.227	106.499	256.499	0.559	13.826	31.826	0.00037475	0.01236779	0.02978736	6.492e-05	0.00160562	0.00369597
Chatham	1.482	65.212	250.212	0.0	0.0	6.0	5.12e-06	0.00022549	0.0008652	0.0	0.0	2.075e-05
Schley	0.219	7.228	23.228	0.0	0.0	1.0	4.183e-05	0.00138044	0.00443621	0.0	0.0	0.00019099
Putnam	0.979	32.298	57.298	0.524	17.3	19.3	4.489e-05	0.00148095	0.00262726	2.403e-05	0.00079325	0.00088496
Franklin	11.906	115.733	127.733	0.524	17.3	17.3	0.00051714	0.00502684	0.00554806	2.276e-05	0.00075142	0.00075142
Coffee	1.044	43.775	126.775	0.0	0.0	4.0	2.423e-05	0.00101583	0.00294189	0.0	0.0	9.282e-05
Heard	0.46	11.383	18.383	0.0	0.0	1.0	3.872e-05	0.00095825	0.00154752	0.0	0.0	8.418e-05
Chattahoochee	0.323	9.453	16.453	0.0	0.0	0.0	3.023e-05	0.00088478	0.00153997	0.0	0.0	0.0
Greene	2.002	54.956	99.956	0.0	0.0	1.0	0.00011312	0.00310521	0.00564787	0.0	0.0	5.65e-05
Ware	2.109	69.588	157.588	0.246	6.096	12.096	5.911e-05	0.00195034	0.0044167	6.89e-06	0.00017085	0.00033901
Hancock	1.573	51.906	61.906	0.246	6.096	6.096	0.00018843	0.00621778	0.00741567	2.947e-05	0.00073023	0.00073023
Union	0.245	8.075	24.075	0.0	0.0	1.0	1.021e-05	0.00033644	0.00100308	0.0	0.0	4.166e-05
Dooly	2.456	77.657	148.657	0.517	11.879	16.879	0.00017919	0.00566591	0.01084613	3.772e-05	0.0008667	0.0012315
Murray	0.364	11.995	29.995	0.517	11.879	11.879	9.12e-06	0.00030047	0.00075136	1.295e-05	0.00029756	0.00029756
Hart	0.218	6.572	12.572	0.517	11.879	11.879	8.35e-06	0.00025181	0.0004817	1.981e-05	0.00045515	0.00045515
Glascock	0.0	0.0	0.0	0.0	0.0	0.0	0.0	0.0	0.0	0.0	0.0	0.0
Bleckley	0.28	9.227	14.227	0.517	11.879	11.879	2.181e-05	0.00071873	0.00110819	4.027e-05	0.0009253	0.0009253
Worth	2.891	99.24	227.24	0.057	1.506	9.506	0.00014242	0.00488891	0.01119464	2.81e-06	7.419e-05	0.0004683
Forsyth	5.596	172.765	383.765	0.778	17.082	24.082	2.365e-05	0.00073016	0.00162192	3.29e-06	7.219e-05	0.00010178
McDuffie	1.218	39.354	76.354	0.0	0.0	3.0	5.657e-05	0.00182778	0.00354624	0.0	0.0	0.00013933
Carroll	7.318	207.696	512.696	1.489	27.757	38.757	6.195e-05	0.00175833	0.00434043	1.261e-05	0.00023499	0.00032811
Towns	0.594	19.607	34.607	1.489	27.757	27.757	5.012e-05	0.00165432	0.00291993	0.00012563	0.00234197	0.00234197
Upson	18.702	479.466	654.466	0.0	0.0	10.0	0.00071341	0.01828976	0.02496533	0.0	0.0	0.00038146
Jenkins	0.161	7.306	20.306	0.0	0.0	1.0	1.854e-05	0.00084141	0.00233859	0.0	0.0	0.00011517
Morgan	0.398	13.148	35.148	0.0	0.0	0.0	2.111e-05	0.0006974	0.00186432	0.0	0.0	0.0
Oglethorpe	1.573	51.906	85.906	0.035	1.153	3.153	0.00010449	0.00344799	0.00570652	2.32e-06	7.659e-05	0.00020945
Lowndes	2.428	74.954	175.954	0.128	4.23	7.23	2.087e-05	0.00064437	0.00151266	1.1e-06	3.636e-05	6.216e-05
Thomas	3.444	113.65	239.65	0.0	0.0	13.0	7.748e-05	0.00255692	0.00539169	0.0	0.0	0.00029248
Burke	0.962	31.758	79.758	0.0	0.0	3.0	4.29e-05	0.00141631	0.00355697	0.0	0.0	0.00013379
Warren	12.577	104.535	114.535	0.0	0.0	0.0	0.00239516	0.01990764	0.02181204	0.0	0.0	0.0
Johnson	1.258	41.522	75.522	0.0	0.0	1.0	0.00012958	0.00427709	0.00777936	0.0	0.0	0.00010301
White	0.543	17.918	47.918	0.0	0.0	0.0	1.812e-05	0.00059786	0.00159887	0.0	0.0	0.0
Bartow	2.829	95.256	350.256	1.117	28.631	52.631	2.659e-05	0.0008952	0.00329163	1.05e-05	0.00026907	0.00049462
Bacon	0.165	5.46	24.46	0.0	0.0	1.0	1.475e-05	0.00048815	0.00218686	0.0	0.0	8.941e-05
Rabun	0.035	1.153	9.153	0.0	0.0	0.0	2.08e-06	6.836e-05	0.00054266	0.0	0.0	0.0
Hall	58.103	1334.22	2036.22	0.0	0.0	9.0	0.00028743	0.00660021	0.01007292	0.0	0.0	4.452e-05
Banks	0.439	14.193	29.193	0.0	0.0	0.0	2.312e-05	0.00074747	0.00153744	0.0	0.0	0.0
Taylor	0.261	9.308	22.308	0.0	0.0	2.0	3.247e-05	0.00115786	0.00277497	0.0	0.0	0.00024879
Crawford	0.594	19.607	33.607	0.0	0.0	0.0	4.822e-05	0.00159174	0.00272828	0.0	0.0	0.0
Spalding	8.019	205.576	340.576	1.548	23.909	30.909	0.00012132	0.00311008	0.00515244	2.342e-05	0.00036171	0.00046761
Toombs	0.957	27.152	47.152	0.105	3.461	6.461	3.559e-05	0.00100986	0.00175371	3.91e-06	0.00012872	0.0002403
Coweta	4.339	143.177	312.177	0.186	4.61	8.61	2.975e-05	0.00098158	0.00214019	1.28e-06	3.16e-05	5.903e-05
Jasper	6.842	92.14	110.14	0.186	4.61	4.61	0.00048732	0.00656268	0.00784473	1.325e-05	0.00032835	0.00032835
Atkinson	0.0	0.0	5.0	0.186	4.61	4.61	0.0	0.0	0.00060263	2.242e-05	0.00055562	0.00055562
Telfair	0.384	12.688	27.688	0.186	4.61	4.61	2.419e-05	0.00079919	0.00174402	1.172e-05	0.00029038	0.00029038
Treutlen	0.524	17.3	19.3	0.186	4.61	4.61	7.696e-05	0.00254075	0.00283448	2.732e-05	0.00067705	0.00067705
Cobb	40.391	1181.812	2377.812	3.987	91.546	147.546	5.337e-05	0.00156146	0.00314166	5.27e-06	0.00012095	0.00019494
Walker	0.489	16.147	35.147	3.987	91.546	91.546	7.05e-06	0.00023263	0.00050637	5.744e-05	0.00131892	0.00131892
Polk	1.823	40.033	76.033	3.987	91.546	91.546	4.292e-05	0.00094262	0.00179028	9.388e-05	0.00215555	0.00215555
Evans	0.0	0.0	3.0	3.987	91.546	91.546	0.0	0.0	0.00027982	0.00037189	0.00853894	0.00853894
Tift	2.343	72.349	164.349	0.0	0.0	3.0	5.775e-05	0.00178327	0.0040509	0.0	0.0	7.394e-05
Peach	0.68	22.454	57.454	0.0	0.0	2.0	2.491e-05	0.00082258	0.00210477	0.0	0.0	7.327e-05
Pickens	1.32	28.988	46.988	0.0	0.0	2.0	4.128e-05	0.00090644	0.00146929	0.0	0.0	6.254e-05
Fannin	2.869	50.288	69.288	0.0	0.0	0.0	0.0001105	0.00193684	0.00266862	0.0	0.0	0.0
Haralson	0.425	13.109	35.109	0.0	0.0	1.0	1.439e-05	0.00044388	0.00118881	0.0	0.0	3.386e-05
Jackson	3.835	88.06	143.06	0.0	0.0	1.0	5.446e-05	0.00125046	0.00203147	0.0	0.0	1.42e-05
