Name	Confirmed	Deaths	Recovered	Active	Confirmed_per_capita	Deaths_per_capita	IFR_0.30_expected	IFR_0.65_expected	IFR_1.0_expected	IFR_0.30_expected_per_capita	IFR_0.65_expected_per_capita	IFR_1.0_expected_per_capita	Date
Sullivan	12.0	0.0	0.0	0.0	0.00015894	0.0	60.0	24.0	15.0	0.0007947	0.00031788	0.000198675	2020-03-22
Sullivan	12.0	0.0	0.0	0.0	0.00015894	0.0	60.0	24.0	15.0	0.0007947	0.00031788	0.000198675	2020-03-23
Sullivan	23.0	0.0	0.0	0.0	0.00030464	0.0	115.0	46.0	28.75	0.0015232	0.00060928	0.0003808	2020-03-24
Sullivan	39.0	0.0	0.0	0.0	0.00051657	0.0	195.0	78.0	48.75	0.00258285	0.00103314	0.0006457125	2020-03-25
Sullivan	53.0	0.0	0.0	0.0	0.00070201	0.0	265.0	106.0	66.25	0.00351005	0.00140402	0.0008775125	2020-03-26
Sullivan	64.0	0.0	0.0	0.0	0.0008477	0.0	320.0	128.0	80.0	0.0042385	0.0016954	0.001059625	2020-03-27
Sullivan	72.0	0.0	0.0	0.0	0.00095367	0.0	360.0	144.0	90.0	0.00476835	0.00190734	0.0011920875	2020-03-28
Sullivan	88.0	0.0	0.0	0.0	0.00116559	0.0	440.0	176.0	110.0	0.00582795	0.00233118	0.0014569875	2020-03-29
Sullivan	101.0	0.0	0.0	0.0	0.00133778	0.0	505.0	202.0	126.25	0.0066889	0.00267556	0.001672225	2020-03-30
Sullivan	106.0	1.0	0.0	0.0	0.00140401	1.325e-05	333.333333333	153.846153846	100.0	0.00441666666667	0.00203846153846	0.001325	2020-03-31
Sullivan	121.0	1.0	0.0	0.0	0.00160269	1.325e-05	333.333333333	153.846153846	100.0	0.00441666666667	0.00203846153846	0.001325	2020-04-01
Sullivan	143.0	4.0	0.0	0.0	0.00189409	5.298e-05	1333.33333333	615.384615385	400.0	0.01766	0.00815076923077	0.005298	2020-04-02
Sullivan	168.0	5.0	0.0	0.0	0.00222522	6.623e-05	1666.66666667	769.230769231	500.0	0.0220766666667	0.0101892307692	0.006623	2020-04-03
Sullivan	23	0	0	0	_2020-3-24
Sullivan	39	0	0	0	_2020-3-25
Sullivan	53	0	0	0	_2020-3-26
