Name	Predicted_New_Cases	Total_Predicted_New_Cases	Total_Predicted_Cases	Predicted_New_Deaths	Total_Predicted_New_Deaths	Total_Predicted_Deaths	Predicted_New_per_capita	Predicted_Total_New_per_capita	Predicted_Total_Cases_per_capita	Predicted_New_Deaths_per_capita	Total_Predicted_New_Deaths_per_capita	Total_Predicted_Deaths_per_capita
Potter	15.68	156.139	3958.139	0.468	3.743	49.743	0.00013105	0.00130499	0.03308153	3.91e-06	3.128e-05	0.00041574
McCulloch	1.106	10.535	67.535	0.0	0.0	1.0	0.00013848	0.00131902	0.00845562	0.0	0.0	0.0001252
Floyd	0.379	4.303	98.303	0.056	0.611	6.611	6.493e-05	0.00073719	0.01684136	9.59e-06	0.00010468	0.0011326
Bosque	1.613	23.667	203.667	0.0	0.0	2.0	8.63e-05	0.00126622	0.01089653	0.0	0.0	0.000107
Oldham	0.0	0.014	14.014	0.0	0.0	1.0	0.0	6.57e-06	0.00657626	0.0	0.0	0.00046926
Concho	1.331	9.382	43.382	0.0	0.0	1.0	0.00031127	0.00219411	0.01014546	0.0	0.0	0.00023386
Limestone	11.067	95.56	393.56	0.0	0.0	3.0	0.00047056	0.0040631	0.0167337	0.0	0.0	0.00012756
Lamb	2.103	22.816	268.816	0.465	4.652	21.652	0.00015983	0.001734	0.02042985	3.534e-05	0.00035355	0.00164554
McLennan	34.479	413.975	5735.975	0.575	9.123	71.123	0.00013542	0.00162594	0.02252874	2.26e-06	3.583e-05	0.00027934
Jones	3.012	29.832	629.832	0.575	9.123	9.123	0.00015199	0.00150537	0.03178241	2.902e-05	0.00046036	0.00046036
Brown	1.355	23.101	431.101	0.125	1.551	19.551	3.573e-05	0.00060914	0.0113675	3.3e-06	4.09e-05	0.00051553
Delta	0.129	1.274	18.274	0.125	1.551	1.551	2.412e-05	0.00023818	0.00341634	2.337e-05	0.00028996	0.00028996
Tyler	8.638	43.238	189.238	0.0	0.0	3.0	0.00039814	0.0019929	0.00872225	0.0	0.0	0.00013827
Wood	4.086	40.461	400.461	0.624	4.788	13.788	9.054e-05	0.00089656	0.0088737	1.383e-05	0.0001061	0.00030552
Foard	0.015	0.15	3.15	0.624	4.788	4.788	1.25e-05	0.000125	0.002625	0.00052	0.00399	0.00399
Zavala	4.007	39.677	282.677	0.208	1.596	7.596	0.00033439	0.00331111	0.02358984	1.736e-05	0.00013319	0.0006339
Brewster	0.002	0.06	187.06	0.0	0.0	2.0	2.2e-07	6.47e-06	0.0201856	0.0	0.0	0.00021582
Brazos	14.135	152.337	4337.337	0.046	2.445	53.445	6.234e-05	0.0006718	0.0191276	2e-07	1.078e-05	0.00023569
Montague	2.146	20.439	106.439	0.638	3.194	5.194	0.00010951	0.00104302	0.00543167	3.256e-05	0.00016299	0.00026505
Kendall	1.595	15.796	195.796	0.0	0.0	4.0	3.495e-05	0.00034609	0.00428991	0.0	0.0	8.764e-05
Sutton	0.852	7.788	75.788	0.0	0.0	1.0	0.00022672	0.00207238	0.02016711	0.0	0.0	0.0002661
Dallam	0.927	10.273	206.273	0.063	0.646	6.646	0.00012875	0.00142681	0.02864903	8.75e-06	8.972e-05	0.00092306
Borden	0.0	0.0	0.0	0.0	0.0	0.0	0.0	0.0	0.0	0.0	0.0	0.0
Gray	0.0	2.825	228.825	0.0	0.0	2.0	0.0	0.00012902	0.01045102	0.0	0.0	9.135e-05
Austin	38.885	203.987	534.987	0.0	0.425	4.425	0.00129664	0.00680206	0.01783944	0.0	1.417e-05	0.00014755
Williamson	173.514	1586.352	8916.352	1.477	14.816	117.816	0.00030617	0.00279919	0.01573329	2.61e-06	2.614e-05	0.00020789
Cherokee	27.576	289.377	1521.377	0.458	4.487	15.487	0.00052434	0.0055023	0.02892792	8.71e-06	8.532e-05	0.00029447
Ellis	68.716	642.025	3897.025	1.29	12.052	63.052	0.00038296	0.00357802	0.02171819	7.19e-06	6.717e-05	0.00035139
Cameron	15.229	961.532	18777.532	12.959	123.427	683.427	3.593e-05	0.00226826	0.04429624	3.057e-05	0.00029116	0.00161221
Harris	707.302	7896.739	100149.739	3.32	223.817	2052.817	0.00015053	0.00168065	0.02131472	7.1e-07	4.763e-05	0.0004369
Wilson	5.773	52.78	551.78	0.489	3.185	23.185	0.00011495	0.00105089	0.01098638	9.74e-06	6.342e-05	0.00046163
Montgomery	45.27	448.303	7405.303	2.275	22.532	125.532	7.661e-05	0.00075865	0.01253171	3.85e-06	3.813e-05	0.00021243
Bailey	1.588	15.722	202.722	0.0	0.0	4.0	0.00022599	0.00223737	0.02884901	0.0	0.0	0.00056923
Eastland	2.389	23.656	115.656	0.0	0.0	1.0	0.00013039	0.00129113	0.00631241	0.0	0.0	5.458e-05
Jim Wells	14.616	144.743	968.743	0.937	7.182	26.182	0.00035804	0.00354571	0.0237309	2.295e-05	0.00017593	0.00064137
Kinney	0.223	2.209	23.209	0.937	7.182	7.182	5.92e-05	0.00058641	0.00616114	0.00024874	0.00190656	0.00190656
Jim Hogg	0.695	7.705	72.705	0.057	0.561	2.561	0.00013243	0.00146818	0.01385385	1.086e-05	0.0001069	0.000488
Sterling	0.0	0.0	1.0	0.057	0.561	0.561	0.0	0.0	0.00076278	4.348e-05	0.00042792	0.00042792
Rains	0.02	1.126	55.126	0.0	0.0	1.0	1.64e-06	9.261e-05	0.00453376	0.0	0.0	8.224e-05
Archer	5.39	26.978	59.978	0.0	0.0	0.0	0.00061348	0.00307057	0.00682654	0.0	0.0	0.0
Baylor	0.484	4.791	17.791	0.0	0.0	0.0	0.00013512	0.00133752	0.00496678	0.0	0.0	0.0
Schleicher	0.0	0.158	36.158	0.0	0.0	1.0	0.0	5.458e-05	0.01248981	0.0	0.0	0.00034542
Wharton	134.998	696.688	1715.688	0.0	1.323	31.323	0.00324366	0.01673966	0.04122367	0.0	3.179e-05	0.00075261
Callahan	0.503	4.978	56.978	0.0	0.0	3.0	3.594e-05	0.00035572	0.0040716	0.0	0.0	0.00021438
Jeff Davis	0.0	0.0	8.0	0.0	0.0	0.0	0.0	0.0	0.0035524	0.0	0.0	0.0
Comanche	0.16	5.727	177.727	0.0	0.0	3.0	1.182e-05	0.00042316	0.01313189	0.0	0.0	0.00022166
Fisher	0.423	4.191	35.191	0.0	0.0	1.0	0.00011018	0.00109169	0.00916671	0.0	0.0	0.00026048
La Salle	0.184	2.703	366.703	0.0	0.0	2.0	2.443e-05	0.00035892	0.04869247	0.0	0.0	0.00026557
Freestone	2.468	24.441	206.441	0.0	0.0	0.0	0.0001246	0.0012339	0.0104221	0.0	0.0	0.0
Carson	0.284	2.75	19.75	0.0	0.0	0.0	4.729e-05	0.00045795	0.00328893	0.0	0.0	0.0
Wichita	14.185	137.341	1254.341	0.064	0.452	12.452	0.00010741	0.00103996	0.00949798	4.8e-07	3.42e-06	9.429e-05
Somervell	1.124	13.076	98.076	0.064	0.452	0.452	0.00012467	0.00145031	0.01087799	7.1e-06	5.013e-05	5.013e-05
Gonzales	0.465	24.573	745.573	0.116	1.637	12.637	2.233e-05	0.00117992	0.03580011	5.57e-06	7.86e-05	0.00060679
Kerr	0.137	8.81	424.81	0.0	0.0	6.0	2.61e-06	0.00016811	0.00810629	0.0	0.0	0.00011449
Henderson	4.883	49.253	746.253	0.093	0.847	12.847	5.933e-05	0.00059846	0.00906758	1.13e-06	1.029e-05	0.0001561
Yoakum	2.328	23.057	147.057	0.003	0.136	3.136	0.00027098	0.00268386	0.01711756	3.5e-07	1.583e-05	0.00036503
Trinity	0.475	5.67	168.67	0.0	0.0	4.0	3.223e-05	0.00038467	0.01144301	0.0	0.0	0.00027137
Mitchell	1.46	13.904	83.904	0.0	0.0	1.0	0.00017925	0.00170706	0.01030129	0.0	0.0	0.00012277
Hamilton	2.702	27.103	119.103	0.0	0.124	3.124	0.00031848	0.0031946	0.01403854	0.0	1.462e-05	0.00036822
Lee	0.144	7.597	187.597	0.127	1.783	13.783	8.4e-06	0.00044313	0.01094243	7.41e-06	0.000104	0.00080395
Caldwell	4.744	57.049	1236.049	0.276	3.077	32.077	0.0001097	0.00131914	0.02858115	6.38e-06	7.115e-05	0.00074172
Washington	1.226	17.986	543.986	0.083	0.987	41.987	3.492e-05	0.0005123	0.01549465	2.36e-06	2.811e-05	0.00119594
Rockwall	30.521	295.513	1400.513	0.489	3.448	18.448	0.00030322	0.00293584	0.01391372	4.86e-06	3.425e-05	0.00018328
Lampasas	4.648	42.495	170.495	0.432	2.81	7.81	0.00021895	0.00200174	0.00803123	2.035e-05	0.00013237	0.00036789
Reeves	0.044	2.791	154.791	0.027	0.395	5.395	2.8e-06	0.00017783	0.00986244	1.72e-06	2.517e-05	0.00034374
Falls	2.536	24.873	169.873	0.0	0.0	3.0	0.00014629	0.00143484	0.00979942	0.0	0.0	0.00017306
Tom Green	30.408	301.128	3204.128	1.138	8.723	42.723	0.00025728	0.00254785	0.0271102	9.63e-06	7.381e-05	0.00036148
Erath	7.452	75.159	655.159	0.13	1.186	8.186	0.00017556	0.0017707	0.01543512	3.06e-06	2.794e-05	0.00019286
Bandera	0.805	7.973	107.973	0.0	0.0	3.0	3.527e-05	0.00034933	0.00473068	0.0	0.0	0.00013144
Motley	0.17	1.685	7.685	0.0	0.0	0.0	0.00013776	0.00136548	0.00622771	0.0	0.0	0.0
Reagan	0.141	2.404	68.404	0.01	0.126	4.126	3.769e-05	0.00064261	0.01828495	2.67e-06	3.368e-05	0.00110291
Bee	62.881	622.693	2004.693	0.951	7.286	24.286	0.00192963	0.01910863	0.06151818	2.918e-05	0.00022359	0.00074527
Hunt	9.375	104.665	1388.665	0.014	0.142	21.142	9.716e-05	0.00108469	0.01439135	1.5e-07	1.47e-06	0.0002191
Hardin	15.414	152.641	1276.641	0.826	6.331	24.331	0.00026944	0.00266822	0.02231617	1.444e-05	0.00011067	0.00042532
Hansford	2.587	25.052	118.052	0.0	0.0	2.0	0.00047355	0.00458576	0.02160937	0.0	0.0	0.0003661
Denton	78.42	814.091	9114.091	1.924	18.625	122.625	9.129e-05	0.00094765	0.01060933	2.24e-06	2.168e-05	0.00014274
McMullen	0.17	1.685	11.685	1.924	18.625	18.625	0.00022697	0.00224967	0.0156008	0.00256876	0.02486649	0.02486649
Hays	0.822	52.928	5163.928	0.431	6.524	52.524	3.69e-06	0.00023774	0.02319501	1.94e-06	2.93e-05	0.00023592
Bowie	3.461	41.637	831.637	0.422	4.751	43.751	3.669e-05	0.00044143	0.00881681	4.47e-06	5.037e-05	0.00046384
Martin	1.68	16.264	83.264	0.297	2.091	7.091	0.00029202	0.00282705	0.01447314	5.163e-05	0.00036346	0.00123257
Victoria	13.585	159.545	3743.545	2.125	20.24	77.24	0.00014761	0.00173353	0.04067523	2.309e-05	0.00021992	0.00083925
Fayette	6.262	42.706	447.706	0.062	0.331	14.331	0.00024703	0.00168472	0.01766168	2.45e-06	1.306e-05	0.00056535
Cass	3.141	30.805	229.805	0.209	1.535	10.535	0.00010429	0.00102278	0.0076299	6.94e-06	5.096e-05	0.00034978
Jefferson	41.649	412.444	6659.444	1.516	15.011	109.011	0.00016333	0.00161742	0.02611536	5.95e-06	5.887e-05	0.00042749
San Jacinto	0.0	1.476	188.476	0.0	0.0	8.0	0.0	5.139e-05	0.00656276	0.0	0.0	0.00027856
Red River	0.408	3.949	144.949	0.08	0.565	12.565	3.351e-05	0.00032435	0.01190546	6.57e-06	4.641e-05	0.00103203
Newton	17.212	84.222	208.222	0.0	0.0	4.0	0.00125215	0.00612702	0.01514782	0.0	0.0	0.00029099
Dickens	0.102	1.011	6.011	0.0	0.0	1.0	4.535e-05	0.00044953	0.00267274	0.0	0.0	0.00044464
Real	0.0	0.934	91.934	0.0	0.0	2.0	0.0	0.00026855	0.02643301	0.0	0.0	0.00057504
Colorado	23.457	152.732	512.732	0.0	0.0	2.0	0.00110558	0.00719857	0.02416609	0.0	0.0	9.426e-05
Dimmit	0.979	15.536	179.536	0.115	1.397	5.397	9.497e-05	0.00150718	0.01741715	1.116e-05	0.00013553	0.00052357
Karnes	1.098	74.011	746.011	0.197	2.896	12.896	7.016e-05	0.00472914	0.04766843	1.259e-05	0.00018505	0.00082403
Tarrant	343.976	3406.311	38716.311	6.286	63.057	567.057	0.00016498	0.00163378	0.01856959	3.01e-06	3.024e-05	0.00027198
Crane	0.007	0.324	70.324	0.0	0.0	2.0	1.46e-06	6.758e-05	0.01466917	0.0	0.0	0.00041719
Hopkins	0.316	12.993	229.993	0.235	2.2	5.2	8.58e-06	0.00035297	0.00624811	6.38e-06	5.977e-05	0.00014127
Burleson	1.361	13.475	263.475	0.0	0.0	6.0	7.401e-05	0.00073278	0.01432786	0.0	0.0	0.00032628
Smith	24.296	240.602	2990.602	1.977	15.158	49.158	0.00010553	0.00104509	0.01299014	8.59e-06	6.584e-05	0.00021353
Fort Bend	228.013	2457.414	14685.414	3.741	34.199	228.199	0.00028941	0.00311911	0.01863967	4.75e-06	4.341e-05	0.00028964
Matagorda	12.59	117.631	948.631	1.868	12.406	47.406	0.00034444	0.00321818	0.02595292	5.111e-05	0.00033941	0.00129695
Panola	2.179	21.977	322.977	0.083	0.762	18.762	9.413e-05	0.00094941	0.0139527	3.59e-06	3.292e-05	0.00081052
Parker	21.182	209.761	1610.761	0.416	3.192	23.192	0.00015308	0.00151593	0.01164089	3.01e-06	2.307e-05	0.00016761
Brooks	7.986	68.958	215.958	0.818	5.135	11.135	0.00112258	0.00969328	0.03035676	0.00011498	0.00072182	0.00156522
Frio	5.496	54.424	625.424	0.125	0.958	6.958	0.00027735	0.00274647	0.03156157	6.31e-06	4.834e-05	0.00035113
Donley	0.024	1.531	50.531	0.125	0.958	0.958	7.23e-06	0.00046128	0.01522477	3.766e-05	0.00028864	0.00028864
Lamar	3.753	37.168	742.168	0.208	1.596	20.596	7.547e-05	0.00074743	0.01492455	4.18e-06	3.209e-05	0.00041417
Deaf Smith	6.269	63.235	789.235	0.125	1.144	19.144	0.00033417	0.00337074	0.0420701	6.66e-06	6.098e-05	0.00102047
Childress	3.238	22.08	75.08	0.125	1.144	1.144	0.00044411	0.00302839	0.01029763	1.714e-05	0.00015691	0.00015691
Marion	0.283	4.496	140.496	0.089	1.087	10.087	2.851e-05	0.00045286	0.01415149	8.96e-06	0.00010949	0.00101602
Morris	3.224	31.927	165.927	0.0	0.0	3.0	0.00026129	0.00258749	0.01344736	0.0	0.0	0.00024313
Grayson	14.59	144.482	1404.482	0.347	2.66	18.66	0.00010889	0.0010783	0.01048191	2.59e-06	1.985e-05	0.00013926
Wheeler	0.193	1.91	37.91	0.347	2.66	2.66	3.718e-05	0.00036794	0.00730302	6.685e-05	0.00051243	0.00051243
Runnels	4.484	38.719	190.719	0.638	3.194	5.194	0.00043815	0.00378337	0.01863582	6.234e-05	0.0003121	0.00050752
Leon	5.9	30.95	188.95	0.144	1.424	4.424	0.00034163	0.00179213	0.01094094	8.34e-06	8.246e-05	0.00025617
Coryell	6.519	64.913	781.913	0.064	0.512	6.512	8.714e-05	0.00086773	0.01045226	8.6e-07	6.84e-06	8.705e-05
Collingsworth	0.286	3.303	16.303	0.064	0.512	0.512	9.656e-05	0.00111512	0.00550405	2.161e-05	0.00017286	0.00017286
Willacy	4.04	61.139	828.139	0.565	6.779	36.779	0.00018778	0.00284169	0.03849124	2.626e-05	0.00031508	0.00170946
Loving	0.0	0.0	0.0	0.0	0.0	0.0	0.0	0.0	0.0	0.0	0.0	0.0
Brazoria	95.527	945.978	9093.978	2.063	20.541	131.541	0.00025804	0.00255532	0.02456504	5.57e-06	5.549e-05	0.00035532
Live Oak	0.855	13.567	253.567	0.187	2.267	7.267	7.028e-05	0.00111516	0.02084227	1.537e-05	0.00018634	0.00059732
Hill	2.876	26.874	366.874	0.299	1.989	8.989	7.911e-05	0.00073923	0.01009171	8.22e-06	5.471e-05	0.00024726
Houston	0.0	6.242	329.242	0.0	0.0	8.0	0.0	0.00026941	0.01421045	0.0	0.0	0.00034529
Dawson	6.102	39.729	211.729	0.164	0.847	5.847	0.00048356	0.00314835	0.01677859	1.3e-05	6.712e-05	0.00046335
Camp	2.498	24.742	280.742	0.243	1.863	7.863	0.00019167	0.00189841	0.02154086	1.864e-05	0.00014294	0.00060331
Culberson	0.348	3.443	24.443	0.0	0.0	2.0	0.00015789	0.00156216	0.01109029	0.0	0.0	0.00090744
Nacogdoches	3.874	66.061	1268.061	0.221	2.731	45.731	5.896e-05	0.00100533	0.01929755	3.36e-06	4.156e-05	0.00069594
Madison	3.232	32.003	716.003	0.113	1.122	4.122	0.0002241	0.00221904	0.04964658	7.84e-06	7.78e-05	0.00028581
Starr	23.8	259.788	2681.788	2.808	27.81	120.81	0.00036885	0.00402616	0.041562	4.352e-05	0.000431	0.0018723
Gillespie	0.722	7.15	195.15	0.0	0.0	6.0	2.694e-05	0.00026675	0.00728063	0.0	0.0	0.00022385
Lavaca	0.754	14.409	655.409	0.563	7.129	32.129	3.749e-05	0.00071651	0.0325912	2.8e-05	0.0003545	0.00159766
Lubbock	62.389	617.825	7145.825	0.54	6.26	86.26	0.00020295	0.00200976	0.02324511	1.76e-06	2.036e-05	0.0002806
Upshur	8.68	77.37	344.37	0.0	0.0	2.0	0.00021037	0.00187518	0.00834634	0.0	0.0	4.847e-05
El Paso	223.845	2195.033	20545.033	5.927	58.691	416.691	0.00026624	0.00261078	0.02443632	7.05e-06	6.981e-05	0.00049561
Aransas	2.298	22.758	209.758	0.312	2.392	18.392	9.659e-05	0.00095654	0.00881632	1.311e-05	0.00010054	0.00077303
Kimble	1.221	6.11	22.11	0.0	0.0	1.0	0.00027992	0.00140073	0.00506878	0.0	0.0	0.00022925
Haskell	0.695	6.887	58.887	0.0	0.0	0.0	0.00011956	0.00118476	0.01013023	0.0	0.0	0.0
Mills	0.854	8.457	34.457	0.0	0.0	0.0	0.00017354	0.00171855	0.00700203	0.0	0.0	0.0
Comal	35.543	316.839	2448.839	1.005	9.956	89.956	0.00023955	0.00213542	0.01650461	6.77e-06	6.71e-05	0.00060628
Titus	35.906	179.729	1576.729	0.0	0.624	17.624	0.00108697	0.00544089	0.04773193	0.0	1.889e-05	0.00053353
Webb	209.631	2075.924	11627.924	0.291	18.706	211.706	0.00075978	0.00752392	0.0421439	1.05e-06	6.78e-05	0.0007673
Irion	0.0	0.0	9.0	0.291	18.706	18.706	0.0	0.0	0.00591327	0.0001912	0.01229041	0.01229041
San Augustine	3.861	26.335	204.335	0.0	0.0	11.0	0.00046902	0.0031991	0.02482204	0.0	0.0	0.00133625
Kent	0.0	0.014	3.014	0.0	0.0	0.0	0.0	1.928e-05	0.00415152	0.0	0.0	0.0
Liberty	13.102	143.011	1258.011	0.324	3.252	39.252	0.00015178	0.0016567	0.0145733	3.75e-06	3.767e-05	0.00045471
Terry	3.852	38.142	211.142	0.0	0.0	2.0	0.0003135	0.00310426	0.01718418	0.0	0.0	0.00016277
Kleberg	3.144	49.877	538.877	0.427	5.183	23.183	0.000101	0.00160227	0.01731109	1.372e-05	0.0001665	0.00074474
Lipscomb	0.667	6.23	28.23	0.427	5.183	5.183	0.00019881	0.00185693	0.00841431	0.00012727	0.00154486	0.00154486
Howard	2.595	24.718	225.718	0.615	4.194	11.194	7.118e-05	0.00067797	0.00619101	1.687e-05	0.00011503	0.00030703
Atascosa	23.317	146.336	663.336	1.201	6.062	25.062	0.00046347	0.00290869	0.01318497	2.387e-05	0.00012049	0.00049815
Briscoe	0.102	1.011	13.011	0.0	0.0	1.0	6.728e-05	0.00066689	0.00858245	0.0	0.0	0.00065963
Hidalgo	208.292	2273.579	24286.579	13.53	149.209	1104.209	0.00024054	0.00262556	0.02804652	1.562e-05	0.00017231	0.00127516
Scurry	1.586	25.163	530.163	0.188	0.939	2.939	9.404e-05	0.00149194	0.03143383	1.115e-05	5.567e-05	0.00017426
Upton	0.0	0.0	16.0	0.0	0.0	1.0	0.0	0.0	0.00435849	0.0	0.0	0.00027241
Milam	3.655	36.196	402.196	0.0	0.0	3.0	0.00014544	0.00144029	0.01600398	0.0	0.0	0.00011937
Glasscock	0.0	0.0	6.0	0.0	0.0	0.0	0.0	0.0	0.00432277	0.0	0.0	0.0
Randall	14.847	147.026	2046.026	0.576	4.416	29.416	0.00010895	0.00107892	0.01501439	4.23e-06	3.241e-05	0.00021586
Midland	31.472	345.399	3233.399	0.387	4.907	57.907	0.00018236	0.00200141	0.01873587	2.24e-06	2.843e-05	0.00033554
Calhoun	0.209	11.905	566.905	0.104	1.649	8.649	9.69e-06	0.00055215	0.02629308	4.82e-06	7.648e-05	0.00040114
Sherman	0.496	4.801	48.801	0.104	1.649	1.649	0.00016109	0.00155927	0.01584963	3.378e-05	0.00053556	0.00053556
Hutchinson	0.706	8.95	141.95	0.102	1.011	4.011	3.331e-05	0.00042221	0.00669639	4.81e-06	4.769e-05	0.00018922
Presidio	0.318	3.144	52.144	0.0	0.0	4.0	4.577e-05	0.0004525	0.00750489	0.0	0.0	0.00057571
Hemphill	0.6	3.833	48.833	0.0	0.0	0.0	0.00015686	0.00100209	0.0127668	0.0	0.0	0.0
Throckmorton	0.0	0.0	4.0	0.0	0.0	2.0	0.0	0.0	0.00264026	0.0	0.0	0.00132013
San Patricio	17.618	174.463	1288.463	2.082	15.956	49.956	0.00026338	0.00260809	0.01926155	3.112e-05	0.00023853	0.0007468
Stephens	7.704	50.161	181.161	0.0	0.0	3.0	0.00081671	0.00531761	0.01920502	0.0	0.0	0.00031803
Mason	0.635	9.12	69.12	0.0	0.0	0.0	0.00014836	0.00213084	0.01614953	0.0	0.0	0.0
Edwards	0.416	4.117	34.117	0.0	0.0	0.0	0.00021577	0.00213537	0.01769554	0.0	0.0	0.0
Crockett	0.17	1.685	158.685	0.125	0.958	4.958	4.859e-05	0.00048157	0.04535153	3.572e-05	0.00027379	0.00141698
Dallas	468.54	4536.539	67964.539	8.391	83.095	908.095	0.00017763	0.00171984	0.02576589	3.18e-06	3.15e-05	0.00034427
Andrews	4.831	47.837	385.837	0.187	1.436	8.436	0.00026649	0.00263885	0.02128404	1.032e-05	7.921e-05	0.00046536
Hudspeth	5.822	29.14	64.14	0.0	0.0	2.0	0.00121418	0.00607716	0.01337643	0.0	0.0	0.0004171
Swisher	0.054	2.235	85.235	0.015	0.15	3.15	7.24e-06	0.00029952	0.01142254	2.01e-06	2.01e-05	0.00042214
Waller	9.653	88.249	614.249	0.182	1.186	6.186	0.0001817	0.00166113	0.01156212	3.43e-06	2.232e-05	0.00011644
Clay	0.782	7.748	54.748	0.0	0.0	1.0	7.479e-05	0.00074101	0.00523604	0.0	0.0	9.564e-05
Lynn	4.141	21.722	95.722	0.0	0.0	4.0	0.00070461	0.0036961	0.01628756	0.0	0.0	0.00068062
Shelby	0.35	10.692	421.692	0.011	0.149	18.149	1.377e-05	0.00042065	0.01659029	4.3e-07	5.86e-06	0.00071402
Wilbarger	1.631	17.7	95.7	0.0	0.0	1.0	0.00012722	0.00138066	0.0074649	0.0	0.0	7.8e-05
Terrell	0.0	0.0	2.0	0.0	0.0	0.0	0.0	0.0	0.00243013	0.0	0.0	0.0
Van Zandt	9.449	86.387	532.387	0.815	5.309	13.309	0.00016867	0.0015421	0.00950369	1.455e-05	9.477e-05	0.00023758
Franklin	0.0	1.087	96.087	0.041	0.608	3.608	0.0	0.00010097	0.00892504	3.81e-06	5.647e-05	0.00033513
Ward	1.052	10.022	109.022	0.0	0.0	1.0	8.976e-05	0.00085512	0.00930222	0.0	0.0	8.532e-05
Hardeman	1.203	8.835	30.835	0.0	0.0	0.0	0.00030673	0.00225268	0.00786206	0.0	0.0	0.0
Ochiltree	0.127	5.227	105.227	0.0	0.0	2.0	1.277e-05	0.00052549	0.01057877	0.0	0.0	0.00020107
Gaines	4.487	44.002	243.002	0.0	0.0	4.0	0.00021468	0.00210526	0.01162633	0.0	0.0	0.00019138
Anderson	0.461	29.645	2463.645	0.245	3.708	20.708	7.94e-06	0.00051062	0.04243493	4.22e-06	6.387e-05	0.00035668
Uvalde	6.319	63.179	658.179	0.297	2.563	14.563	0.00023538	0.00235339	0.02451684	1.106e-05	9.547e-05	0.00054246
Bastrop	8.282	82.01	1530.01	0.493	3.777	26.777	9.522e-05	0.0009429	0.01759117	5.67e-06	4.343e-05	0.00030787
Jack	2.514	24.892	123.892	0.493	3.777	3.777	0.00028429	0.00281488	0.01401018	5.575e-05	0.00042712	0.00042712
Bell	44.484	440.518	4721.518	2.283	17.497	66.497	0.00012508	0.00123866	0.01327604	6.42e-06	4.92e-05	0.00018698
Young	5.19	49.435	249.435	0.376	2.564	8.564	0.00028761	0.00273954	0.01382294	2.084e-05	0.00014209	0.00047459
Grimes	6.358	59.406	991.406	1.396	9.275	36.275	0.00022419	0.00209471	0.0349579	4.922e-05	0.00032705	0.00127909
Nueces	345.96	3425.962	20469.962	5.326	52.74	339.74	0.00095499	0.00945706	0.05650549	1.47e-05	0.00014558	0.00093782
Wise	14.801	143.304	679.304	0.866	6.104	16.104	0.00021669	0.002098	0.00994516	1.268e-05	8.936e-05	0.00023577
Coleman	1.691	15.797	48.797	0.866	6.104	6.104	0.00020138	0.00188127	0.00581124	0.00010313	0.00072693	0.00072693
Shackelford	0.276	2.671	21.671	0.866	6.104	6.104	8.484e-05	0.00082109	0.00666185	0.00026622	0.00187642	0.00187642
Maverick	27.206	274.408	2870.408	1.232	10.983	64.983	0.00046518	0.00469194	0.04907939	2.107e-05	0.00018779	0.00111111
Garza	0.136	1.348	102.348	0.0	0.124	3.124	2.067e-05	0.00020493	0.01555914	0.0	1.885e-05	0.00047492
Parmer	1.905	23.13	383.13	0.0	0.0	7.0	0.00019313	0.00234489	0.03884124	0.0	0.0	0.00070965
Stonewall	0.121	1.197	8.197	0.0	0.0	0.0	8.884e-05	0.00087885	0.00601836	0.0	0.0	0.0
Robertson	0.097	6.142	245.142	0.0	0.0	3.0	5.61e-06	0.00035536	0.01418318	0.0	0.0	0.00017357
Menard	0.132	1.31	19.31	0.0	0.0	0.0	6.171e-05	0.00061244	0.00902758	0.0	0.0	0.0
Dewitt	0.593	39.991	784.991	0.235	3.449	24.449	2.938e-05	0.00198103	0.03888597	1.164e-05	0.00017085	0.00121113
Goliad	7.483	48.724	167.724	0.789	4.073	10.073	0.00098668	0.00642458	0.02211551	0.00010403	0.00053705	0.00132819
Angelina	12.401	122.808	2028.808	0.49	7.036	61.036	0.00014239	0.0014101	0.023295	5.63e-06	8.079e-05	0.00070082
Crosby	0.049	3.096	68.096	0.0	0.0	1.0	8.48e-06	0.00053573	0.01178335	0.0	0.0	0.00017304
Chambers	9.103	89.261	1117.261	0.411	3.019	8.019	0.00021442	0.00210253	0.02631698	9.68e-06	7.111e-05	0.00018889
Roberts	0.001	0.049	6.049	0.411	3.019	3.019	1.11e-06	5.426e-05	0.00669878	0.00045515	0.0033433	0.0033433
Cottle	0.34	3.368	21.368	0.0	0.0	2.0	0.00024478	0.00242477	0.01538373	0.0	0.0	0.00143988
San Saba	0.341	3.247	30.247	0.0	0.0	0.0	5.633e-05	0.00053634	0.0049962	0.0	0.0	0.0
Knox	0.0	2.559	64.559	0.0	0.0	5.0	0.0	0.00070052	0.01767287	0.0	0.0	0.00136874
Kenedy	0.0	0.0	6.0	0.0	0.0	1.0	0.0	0.0	0.01357466	0.0	0.0	0.00226244
Kaufman	34.893	350.052	2796.052	0.701	6.245	38.245	0.00027128	0.00272156	0.02173852	5.45e-06	4.855e-05	0.00029734
Moore	3.871	38.33	1120.33	0.305	2.341	16.341	0.00018017	0.00178404	0.05214475	1.42e-05	0.00010896	0.00076058
Winkler	0.88	10.24	98.24	0.0	0.0	1.0	0.00011399	0.00132642	0.01272539	0.0	0.0	0.00012953
Rusk	3.544	38.688	436.688	0.0	0.0	2.0	6.509e-05	0.00071052	0.00801998	0.0	0.0	3.673e-05
Ector	25.941	256.885	4027.885	0.025	1.637	60.637	0.00016001	0.0015845	0.02484447	1.5e-07	1.01e-05	0.00037402
Hartley	2.971	18.646	112.646	0.0	0.0	2.0	0.00052874	0.00331838	0.02004734	0.0	0.0	0.00035594
Medina	32.264	319.505	1306.505	0.895	6.861	38.861	0.00063361	0.00627452	0.02565749	1.758e-05	0.00013474	0.00076316
Hockley	2.608	26.163	249.163	0.05	0.443	5.443	0.00011349	0.00113851	0.0108426	2.18e-06	1.928e-05	0.00023686
Bexar	198.832	1979.985	46031.985	11.376	136.59	1028.59	0.00010011	0.00099695	0.02317767	5.73e-06	6.877e-05	0.00051791
Sabine	2.981	21.894	86.894	0.0	0.0	6.0	0.00028152	0.00206762	0.00820606	0.0	0.0	0.00056663
Johnson	37.254	368.913	2527.913	0.382	2.925	36.925	0.0002174	0.00215284	0.01475197	2.23e-06	1.707e-05	0.00021548
Nolan	0.73	6.51	146.51	0.0	0.0	3.0	4.949e-05	0.00044133	0.00993221	0.0	0.0	0.00020338
Harrison	4.935	59.254	794.254	0.116	1.383	25.383	7.396e-05	0.00088802	0.01190322	1.74e-06	2.073e-05	0.00038041
Castro	0.109	7.363	216.363	0.002	0.027	4.027	1.422e-05	0.0009606	0.0282274	2.6e-07	3.52e-06	0.00052538
Pecos	0.127	8.145	266.145	0.507	2.538	4.538	8.1e-06	0.00051968	0.01698111	3.235e-05	0.00016193	0.00028954
Palo Pinto	9.397	93.052	440.052	0.729	5.585	15.585	0.00032544	0.00322258	0.0152399	2.525e-05	0.00019342	0.00053974
Hall	0.662	6.052	21.052	0.0	0.0	1.0	0.00021863	0.00199868	0.00695244	0.0	0.0	0.00033025
Val Verde	0.0	27.94	1720.94	0.0	0.0	49.0	0.0	0.00056779	0.03497277	0.0	0.0	0.00099577
Blanco	10.404	52.076	168.076	0.0	0.016	5.016	0.00088908	0.00445018	0.01436301	0.0	1.37e-06	0.00042864
Hale	60.033	398.749	1876.749	3.246	17.027	48.027	0.00177455	0.01178685	0.05547588	9.595e-05	0.00050331	0.00141966
Taylor	1.553	23.492	1179.492	0.532	6.377	35.377	1.128e-05	0.00017068	0.0085694	3.87e-06	4.633e-05	0.00025703
Galveston	70.179	694.969	10631.969	1.0	9.996	134.996	0.0002077	0.00205679	0.03146577	2.96e-06	2.958e-05	0.00039953
Burnet	3.177	30.262	606.262	0.504	3.439	14.439	6.683e-05	0.00063653	0.01275213	1.06e-05	7.234e-05	0.00030371
Guadalupe	9.563	94.699	1893.699	0.059	3.727	62.727	5.842e-05	0.00057851	0.01156853	3.6e-07	2.277e-05	0.0003832
Duval	3.625	35.895	230.895	0.208	1.596	8.596	0.00032331	0.00320148	0.02059356	1.855e-05	0.00014235	0.00076668
Coke	0.008	0.536	42.536	0.102	1.011	3.011	2.37e-06	0.00015905	0.01262196	3.027e-05	0.0003	0.00089347
Jasper	17.991	92.845	451.845	0.0	2.458	17.458	0.00050153	0.00258823	0.01259604	0.0	6.852e-05	0.00048667
Collin	259.683	2374.153	12381.153	0.073	4.937	102.937	0.00025835	0.002362	0.01231777	7e-08	4.91e-06	0.00010241
Refugio	2.706	26.799	269.799	0.0	0.0	9.0	0.00038481	0.00381101	0.03836732	0.0	0.0	0.00127986
Llano	0.087	1.489	93.489	0.0	0.0	1.0	4.02e-06	6.879e-05	0.004319	0.0	0.0	4.62e-05
Gregg	109.603	574.968	2220.968	0.0	2.137	34.137	0.00088599	0.00464782	0.01795345	0.0	1.727e-05	0.00027595
Cochran	0.0	0.872	33.872	0.0	2.137	2.137	0.0	0.00030748	0.01194358	0.0	0.00075353	0.00075353
Zapata	2.257	22.346	225.346	0.507	2.538	5.538	0.00015906	0.00157477	0.01588062	3.573e-05	0.00017886	0.00039027
King	0.0	0.0	0.0	0.0	0.0	0.0	0.0	0.0	0.0	0.0	0.0	0.0
Walker	38.851	362.993	3551.993	0.444	2.951	45.951	0.00053602	0.00500818	0.04900653	6.13e-06	4.071e-05	0.00063398
Polk	0.414	26.134	795.134	0.145	2.083	16.083	8.27e-06	0.00052236	0.01589283	2.9e-06	4.163e-05	0.00032146
Orange	0.0	71.916	1650.916	0.051	3.432	32.432	0.0	0.00086053	0.01975442	6.1e-07	4.107e-05	0.00038807
Armstrong	0.053	0.524	8.524	0.051	3.432	3.432	2.801e-05	0.00027696	0.00450529	2.696e-05	0.00181395	0.00181395
Travis	148.942	1605.227	25749.227	1.62	30.96	365.96	0.00011927	0.00128547	0.02062012	1.3e-06	2.479e-05	0.00029306
Hood	13.373	132.429	789.429	0.451	3.457	16.457	0.00022091	0.00218757	0.01304044	7.45e-06	5.711e-05	0.00027185
Navarro	10.44	103.384	1045.384	0.43	3.298	14.298	0.00021063	0.00208583	0.02109117	8.68e-06	6.654e-05	0.00028847
Cooke	9.645	73.93	338.93	0.0	0.0	3.0	0.00023771	0.0018221	0.00835338	0.0	0.0	7.394e-05
Fannin	6.429	61.237	382.237	0.085	0.581	9.581	0.0001822	0.00173545	0.01083254	2.41e-06	1.647e-05	0.00027152
Jackson	0.0	13.801	431.801	0.038	2.414	13.414	0.0	0.00092786	0.02903059	2.55e-06	0.0001623	0.00090184
