Name	Predicted_New_Cases	Total_Predicted_New_Cases	Total_Predicted_Cases	Predicted_New_Deaths	Total_Predicted_New_Deaths	Total_Predicted_Deaths	Predicted_New_per_capita	Predicted_Total_New_per_capita	Predicted_Total_Cases_per_capita	Predicted_New_Deaths_per_capita	Total_Predicted_New_Deaths_per_capita	Total_Predicted_Deaths_per_capita
Potter	0.0	80.328	2331.328	0.0	2.143	28.143	0.0	0.00067137	0.01948489	0.0	1.791e-05	0.00023521
McCulloch	0.0	0.0	3.0	0.0	2.145	2.145	0.0	0.0	0.00037561	0.0	0.00026856	0.00026856
Floyd	0.005	3.012	10.012	0.0	2.145	2.145	8.6e-07	0.00051602	0.00171526	0.0	0.00036748	0.00036748
Bosque	0.0	0.0	6.0	0.0	2.145	2.145	0.0	0.0	0.00032101	0.0	0.00011476	0.00011476
Oldham	0.005	2.902	5.902	0.0	0.0	1.0	2.35e-06	0.0013618	0.00276959	0.0	0.0	0.00046926
Concho	0.0	0.0	1.0	0.0	0.0	0.0	0.0	0.0	0.00023386	0.0	0.0	0.0
Limestone	2.087	307.859	330.859	0.0	0.0	1.0	8.874e-05	0.0130898	0.01406773	0.0	0.0	4.252e-05
Lamb	0.015	8.475	24.475	0.0	0.0	0.0	1.14e-06	0.00064409	0.00186009	0.0	0.0	0.0
McLennan	0.606	142.22	254.22	0.0	0.0	4.0	2.38e-06	0.00055859	0.00099848	0.0	0.0	1.571e-05
Jones	0.129	74.503	175.503	0.0	0.0	0.0	6.51e-06	0.00375955	0.00885618	0.0	0.0	0.0
Brown	0.031	17.623	74.623	0.014	5.059	14.059	8.2e-07	0.00046469	0.0019677	3.7e-07	0.0001334	0.00037072
Delta	0.0	0.0	1.0	0.014	5.059	5.059	0.0	0.0	0.00018695	2.62e-06	0.00094578	0.00094578
Tyler	0.0	0.995	11.995	0.014	5.059	5.059	0.0	4.586e-05	0.00055287	6.5e-07	0.00023318	0.00023318
Wood	0.0	7.508	32.508	0.0	0.0	1.0	0.0	0.00016637	0.00072034	0.0	0.0	2.216e-05
Foard	0.0	0.0	0.0	0.0	0.0	0.0	0.0	0.0	0.0	0.0	0.0	0.0
Zavala	0.014	7.918	18.918	0.0	0.0	0.0	1.17e-06	0.00066077	0.00157874	0.0	0.0	0.0
Brewster	0.0	0.0	1.0	0.0	0.0	0.0	0.0	0.0	0.00010791	0.0	0.0	0.0
Brazos	3.071	904.532	1348.532	0.163	26.02	45.02	1.354e-05	0.00398898	0.00594701	7.2e-07	0.00011475	0.00019854
Montague	0.0	0.0	9.0	0.0	0.0	1.0	0.0	0.0	0.00045928	0.0	0.0	5.103e-05
Kendall	0.018	10.263	38.263	0.0	0.0	0.0	3.9e-07	0.00022486	0.00083835	0.0	0.0	0.0
Sutton	0.0	0.0	0.0	0.0	0.0	0.0	0.0	0.0	0.0	0.0	0.0	0.0
Dallam	0.0	0.212	22.212	0.0	0.0	1.0	0.0	2.944e-05	0.003085	0.0	0.0	0.00013889
Borden	0.0	0.0	0.0	0.0	0.0	0.0	0.0	0.0	0.0	0.0	0.0	0.0
Gray	0.0	0.613	96.613	0.0	0.0	2.0	0.0	2.8e-05	0.00441256	0.0	0.0	9.135e-05
Austin	0.0	1.892	25.892	0.0	0.0	0.0	0.0	6.309e-05	0.00086338	0.0	0.0	0.0
Williamson	0.386	256.383	844.383	0.035	13.335	35.335	6.8e-07	0.0004524	0.00148995	6e-08	2.353e-05	6.235e-05
Cherokee	0.006	27.248	71.248	0.005	3.012	5.012	1.1e-07	0.0005181	0.00135473	1e-07	5.727e-05	9.53e-05
Ellis	0.0	39.285	329.285	0.0	0.239	13.239	0.0	0.00021894	0.00183511	0.0	1.33e-06	7.378e-05
Cameron	0.022	205.123	916.123	0.024	18.532	51.532	5e-08	0.00048389	0.00216114	6e-08	4.372e-05	0.00012156
Harris	9.168	5293.846	16835.846	0.0	30.0	253.0	1.95e-06	0.00112668	0.00358315	0.0	6.38e-06	5.385e-05
Wilson	0.012	7.141	45.141	0.007	2.302	7.302	2.4e-07	0.00014218	0.00089879	1.4e-07	4.583e-05	0.00014539
Montgomery	0.507	292.643	1218.643	0.111	39.104	65.104	8.6e-07	0.00049523	0.00206226	1.9e-07	6.617e-05	0.00011017
Bailey	0.0	2.12	16.12	0.111	39.104	39.104	0.0	0.00030169	0.00229401	1.58e-05	0.00556482	0.00556482
Eastland	0.0	0.056	6.056	0.111	39.104	39.104	0.0	3.06e-06	0.00033053	6.06e-06	0.00213426	0.00213426
Jim Wells	0.008	4.572	13.572	0.111	39.104	39.104	2e-07	0.000112	0.00033247	2.72e-06	0.00095791	0.00095791
Kinney	0.0	0.0	0.0	0.0	0.0	0.0	0.0	0.0	0.0	0.0	0.0	0.0
Jim Hogg	0.0	0.067	4.067	0.111	39.104	39.104	0.0	1.277e-05	0.00077496	2.115e-05	0.00745122	0.00745122
Sterling	0.0	0.0	0.0	0.0	0.0	0.0	0.0	0.0	0.0	0.0	0.0	0.0
Rains	0.018	6.952	9.952	0.111	39.104	39.104	1.48e-06	0.00057176	0.00081849	9.13e-06	0.00321605	0.00321605
Archer	0.0	0.0	1.0	0.111	39.104	39.104	0.0	0.0	0.00011382	1.263e-05	0.00445072	0.00445072
Baylor	0.0	0.0	0.0	0.0	0.0	0.0	0.0	0.0	0.0	0.0	0.0	0.0
Schleicher	0.0	0.0	0.0	0.0	0.0	0.0	0.0	0.0	0.0	0.0	0.0	0.0
Wharton	0.161	47.338	103.338	0.111	39.104	39.104	3.87e-06	0.00113741	0.00248295	2.67e-06	0.00093957	0.00093957
Callahan	0.001	0.446	9.446	0.0	0.0	1.0	7e-08	3.187e-05	0.000675	0.0	0.0	7.146e-05
Jeff Davis	0.0	0.0	0.0	0.0	0.0	0.0	0.0	0.0	0.0	0.0	0.0	0.0
Comanche	2.053	280.816	289.816	0.0	0.0	1.0	0.00015169	0.02074893	0.02141392	0.0	0.0	7.389e-05
Fisher	0.0	0.0	2.0	0.0	0.0	1.0	0.0	0.0	0.00052097	0.0	0.0	0.00026048
La Salle	0.0	0.0	4.0	0.0	0.0	0.0	0.0	0.0	0.00053114	0.0	0.0	0.0
Freestone	0.01	5.577	15.577	0.0	0.0	0.0	5e-07	0.00028155	0.0007864	0.0	0.0	0.0
Carson	0.01	6.845	12.845	0.0	0.0	0.0	1.67e-06	0.00113988	0.00213905	0.0	0.0	0.0
Wichita	0.024	13.719	97.719	0.0	0.0	2.0	1.8e-07	0.00010388	0.00073994	0.0	0.0	1.514e-05
Somervell	0.0	0.0	0.0	0.0	0.0	0.0	0.0	0.0	0.0	0.0	0.0	0.0
Gonzales	0.0	5.831	105.831	0.0	0.0	2.0	0.0	0.00027999	0.00508168	0.0	0.0	9.603e-05
Kerr	4.02	447.16	464.16	0.0	0.0	0.0	7.671e-05	0.00853277	0.00885717	0.0	0.0	0.0
Henderson	0.498	110.918	166.918	0.0	0.0	0.0	6.05e-06	0.00134774	0.00202819	0.0	0.0	0.0
Yoakum	0.007	3.791	6.791	0.0	0.0	0.0	8.1e-07	0.00044128	0.00079048	0.0	0.0	0.0
Trinity	1.167	129.819	142.819	0.0	0.0	0.0	7.917e-05	0.00880726	0.00968921	0.0	0.0	0.0
Mitchell	0.0	0.0	1.0	0.0	0.0	0.0	0.0	0.0	0.00012277	0.0	0.0	0.0
Hamilton	0.0	0.0	7.0	0.0	0.0	1.0	0.0	0.0	0.00082508	0.0	0.0	0.00011787
Lee	0.231	54.152	65.152	0.0	0.0	0.0	1.347e-05	0.00315866	0.00380028	0.0	0.0	0.0
Caldwell	0.25	83.233	135.233	0.0	0.0	0.0	5.78e-06	0.0019246	0.00312699	0.0	0.0	0.0
Washington	0.059	34.132	230.132	0.012	4.141	27.141	1.68e-06	0.0009722	0.00655497	3.4e-07	0.00011795	0.00077307
Rockwall	0.078	45.281	201.281	0.111	39.104	51.104	7.7e-07	0.00044985	0.00199967	1.1e-06	0.00038849	0.0005077
Lampasas	0.0	0.0	8.0	0.111	39.104	39.104	0.0	0.0	0.00037684	5.23e-06	0.00184201	0.00184201
Reeves	0.0	0.0	7.0	0.111	39.104	39.104	0.0	0.0	0.000446	7.07e-06	0.00249149	0.00249149
Falls	0.0	0.0	6.0	0.111	39.104	39.104	0.0	0.0	0.00034612	6.4e-06	0.00225578	0.00225578
Tom Green	0.024	13.833	106.833	0.0	0.0	1.0	2e-07	0.00011704	0.00090392	0.0	0.0	8.46e-06
Erath	0.001	0.446	16.446	0.0	0.0	1.0	2e-08	1.051e-05	0.00038746	0.0	0.0	2.356e-05
Bandera	0.0	0.0	6.0	0.0	0.0	0.0	0.0	0.0	0.00026288	0.0	0.0	0.0
Motley	0.0	0.0	1.0	0.0	0.0	0.0	0.0	0.0	0.00081037	0.0	0.0	0.0
Reagan	0.0	0.0	0.0	0.0	0.0	0.0	0.0	0.0	0.0	0.0	0.0	0.0
Bee	0.068	22.652	31.652	0.0	0.0	0.0	2.09e-06	0.00069512	0.00097131	0.0	0.0	0.0
Hunt	0.048	27.434	103.434	0.012	4.141	8.141	5e-07	0.00028431	0.00107193	1.2e-07	4.292e-05	8.437e-05
Hardin	13.065	1453.276	1589.276	0.0	0.295	5.295	0.00022838	0.02540381	0.02778115	0.0	5.16e-06	9.256e-05
Hansford	0.0	5.52	23.52	0.0	0.0	2.0	0.0	0.00101043	0.00430533	0.0	0.0	0.0003661
Denton	0.996	575.148	1830.148	0.026	8.974	38.974	1.16e-06	0.00066951	0.0021304	3e-08	1.045e-05	4.537e-05
McMullen	0.0	0.0	0.0	0.0	0.0	0.0	0.0	0.0	0.0	0.0	0.0	0.0
Hays	1.111	369.582	648.582	0.0	0.0	3.0	4.99e-06	0.00166007	0.00291326	0.0	0.0	1.348e-05
Bowie	0.0	54.896	210.896	0.0	10.005	21.005	0.0	0.00058199	0.00223587	0.0	0.00010607	0.00022269
Martin	0.0	0.0	3.0	0.0	0.0	1.0	0.0	0.0	0.00052147	0.0	0.0	0.00017382
Victoria	0.0	0.949	157.949	0.0	0.328	7.328	0.0	1.031e-05	0.00171618	0.0	3.56e-06	7.962e-05
Fayette	0.0	1.603	33.603	0.0	0.0	2.0	0.0	6.324e-05	0.00132561	0.0	0.0	7.89e-05
Cass	0.013	5.99	30.99	0.0	0.0	0.0	4.3e-07	0.00019888	0.00102892	0.0	0.0	0.0
Jefferson	0.291	168.069	674.069	0.024	8.512	35.512	1.14e-06	0.00065909	0.0026434	9e-08	3.338e-05	0.00013926
San Jacinto	0.807	110.32	124.32	0.024	8.512	8.512	2.81e-05	0.00384136	0.00432884	8.4e-07	0.00029639	0.00029639
Red River	0.063	36.248	86.248	0.147	51.747	56.747	5.17e-06	0.00297725	0.00708402	1.207e-05	0.00425027	0.00466094
Newton	0.0	0.0	4.0	0.147	51.747	51.747	0.0	0.0	0.00029099	1.069e-05	0.00376451	0.00376451
Dickens	0.0	0.0	1.0	0.147	51.747	51.747	0.0	0.0	0.00044464	6.536e-05	0.02300889	0.02300889
Real	0.0	0.0	0.0	0.0	0.0	0.0	0.0	0.0	0.0	0.0	0.0	0.0
Colorado	0.004	3.565	24.565	0.147	51.747	51.747	1.9e-07	0.00016803	0.0011578	6.93e-06	0.00243894	0.00243894
Dimmit	0.0	0.0	1.0	0.147	51.747	51.747	0.0	0.0	9.701e-05	1.426e-05	0.00502008	0.00502008
Karnes	0.004	2.563	6.563	0.147	51.747	51.747	2.6e-07	0.00016377	0.00041936	9.39e-06	0.00330652	0.00330652
Tarrant	0.0	926.708	5965.708	0.112	64.795	208.795	0.0	0.00044448	0.00286135	5e-08	3.108e-05	0.00010014
Crane	8.396	933.99	955.99	0.112	64.795	64.795	0.00175136	0.19482478	0.19941385	2.336e-05	0.01351585	0.01351585
Hopkins	0.769	162.308	183.308	0.112	64.795	64.795	2.089e-05	0.00440935	0.00497984	3.04e-06	0.00176026	0.00176026
Burleson	0.001	7.583	29.583	0.112	64.795	64.795	5e-08	0.00041237	0.00160873	6.09e-06	0.00352357	0.00352357
Smith	0.048	27.768	226.768	0.022	7.824	11.824	2.1e-07	0.00012061	0.000985	1e-07	3.398e-05	5.136e-05
Fort Bend	0.014	368.015	2100.015	0.002	2.451	43.451	2e-08	0.00046711	0.00266547	0.0	3.11e-06	5.515e-05
Matagorda	0.02	9.048	76.048	0.0	0.0	5.0	5.5e-07	0.00024754	0.00208054	0.0	0.0	0.00013679
Panola	0.356	118.61	312.61	1.165	216.385	238.385	1.538e-05	0.00512398	0.01350484	5.033e-05	0.00934789	0.0102983
Parker	0.001	23.998	91.998	0.0	0.0	1.0	1e-08	0.00017343	0.00066486	0.0	0.0	7.23e-06
Brooks	0.0	0.0	1.0	0.0	0.0	0.0	0.0	0.0	0.00014057	0.0	0.0	0.0
Frio	0.004	2.454	39.454	0.0	0.0	0.0	2e-07	0.00012384	0.00199102	0.0	0.0	0.0
Donley	0.0	1.128	27.128	0.0	0.0	0.0	0.0	0.00033986	0.00817355	0.0	0.0	0.0
Lamar	0.105	60.671	194.671	0.033	11.502	20.502	2.11e-06	0.00122006	0.00391472	6.6e-07	0.0002313	0.00041228
Deaf Smith	0.0	36.496	194.496	0.0	16.185	30.185	0.0	0.00194542	0.01036759	0.0	0.00086274	0.00160901
Childress	0.0	0.0	2.0	0.0	16.187	16.187	0.0	0.0	0.00027431	0.0	0.00222013	0.00222013
Marion	0.0	0.0	16.0	0.0	16.187	16.187	0.0	0.0	0.0016116	0.0	0.00163044	0.00163044
Morris	0.053	24.084	46.084	0.0	16.187	16.187	4.3e-06	0.00195186	0.00373482	0.0	0.00131186	0.00131186
Grayson	1.143	580.266	890.266	0.0	0.0	2.0	8.53e-06	0.00433063	0.00664422	0.0	0.0	1.493e-05
Wheeler	0.007	3.791	18.791	0.0	0.0	0.0	1.35e-06	0.0007303	0.00361992	0.0	0.0	0.0
Runnels	0.0	0.0	2.0	0.0	0.0	0.0	0.0	0.0	0.00019543	0.0	0.0	0.0
Leon	0.0	0.0	9.0	0.0	0.0	0.0	0.0	0.0	0.00052113	0.0	0.0	0.0
Coryell	0.0	1.307	228.307	0.0	0.0	2.0	0.0	1.747e-05	0.00305191	0.0	0.0	2.674e-05
Collingsworth	0.001	0.446	5.446	0.0	0.0	0.0	3.4e-07	0.00015057	0.00183862	0.0	0.0	0.0
Willacy	0.003	1.783	16.783	0.0	0.0	1.0	1.4e-07	8.287e-05	0.00078006	0.0	0.0	4.648e-05
Loving	0.0	0.0	0.0	0.0	0.0	0.0	0.0	0.0	0.0	0.0	0.0	0.0
Brazoria	0.257	262.485	1115.485	0.012	5.794	17.794	6.9e-07	0.00070904	0.0030132	3e-08	1.565e-05	4.807e-05
Live Oak	0.018	10.37	19.37	0.012	5.794	5.794	1.48e-06	0.00085238	0.00159214	9.9e-07	0.00047625	0.00047625
Hill	0.009	5.024	29.024	0.0	0.0	1.0	2.5e-07	0.0001382	0.00079837	0.0	0.0	2.751e-05
Houston	0.0	2.843	86.843	0.0	0.0	0.0	0.0	0.00012271	0.00374824	0.0	0.0	0.0
Dawson	0.0	0.645	40.645	0.0	0.0	1.0	0.0	5.111e-05	0.00322094	0.0	0.0	7.925e-05
Camp	0.11	63.795	121.795	0.0	0.0	0.0	8.44e-06	0.00489488	0.00934512	0.0	0.0	0.0
Culberson	0.0	0.0	0.0	0.0	0.0	0.0	0.0	0.0	0.0	0.0	0.0	0.0
Nacogdoches	0.093	53.415	314.415	0.005	1.841	18.841	1.42e-06	0.00081288	0.00478482	8e-08	2.802e-05	0.00028673
Madison	0.0	0.14	8.14	0.005	1.841	1.841	0.0	9.71e-06	0.00056442	3.5e-07	0.00012765	0.00012765
Starr	0.027	19.08	45.08	0.005	1.841	1.841	4.2e-07	0.0002957	0.00069864	8e-08	2.853e-05	2.853e-05
Gillespie	0.005	3.012	8.012	0.005	1.841	1.841	1.9e-07	0.00011237	0.00029891	1.9e-07	6.868e-05	6.868e-05
Lavaca	0.004	2.454	13.454	0.0	0.0	1.0	2e-07	0.00012203	0.00066902	0.0	0.0	4.973e-05
Lubbock	1.419	418.11	1092.11	0.0	0.0	50.0	4.62e-06	0.0013601	0.00355259	0.0	0.0	0.00016265
Upshur	0.001	0.557	19.557	0.0	0.0	0.0	2e-08	1.35e-05	0.00047399	0.0	0.0	0.0
El Paso	5.426	2484.85	4945.85	0.0	15.108	83.108	6.45e-06	0.00295549	0.00588261	0.0	1.797e-05	9.885e-05
Aransas	0.014	7.918	12.918	0.0	15.108	15.108	5.9e-07	0.0003328	0.00054296	0.0	0.000635	0.000635
Kimble	0.0	0.0	1.0	0.0	15.103	15.103	0.0	0.0	0.00022925	0.0	0.0034624	0.0034624
Haskell	0.0	0.0	2.0	0.0	15.108	15.108	0.0	0.0	0.00034406	0.0	0.002599	0.002599
Mills	0.0	0.0	1.0	0.0	15.103	15.103	0.0	0.0	0.00020321	0.0	0.00306909	0.00306909
Comal	0.205	75.581	158.581	0.0	0.0	6.0	1.38e-06	0.0005094	0.0010688	0.0	0.0	4.044e-05
Titus	4.347	1446.503	1793.503	0.0	0.0	2.0	0.0001316	0.04378963	0.05429428	0.0	0.0	6.055e-05
Webb	0.0	81.141	602.141	0.0	1.563	20.563	0.0	0.00029409	0.00218238	0.0	5.66e-06	7.453e-05
Irion	0.0	0.0	0.0	0.0	0.0	0.0	0.0	0.0	0.0	0.0	0.0	0.0
San Augustine	0.039	22.307	53.307	0.043	25.092	27.092	4.74e-06	0.00270979	0.00647558	5.22e-06	0.0030481	0.00329106
Kent	0.0	0.0	0.0	0.0	0.0	0.0	0.0	0.0	0.0	0.0	0.0	0.0
Liberty	0.039	22.75	102.75	0.0	0.129	3.129	4.5e-07	0.00026355	0.0011903	0.0	1.49e-06	3.625e-05
Terry	0.005	3.012	16.012	0.0	0.129	0.129	4.1e-07	0.00024514	0.00130317	0.0	1.05e-05	1.05e-05
Kleberg	0.0	2.26	18.26	0.0	0.0	1.0	0.0	7.26e-05	0.00058659	0.0	0.0	3.212e-05
Lipscomb	0.0	0.0	2.0	0.0	0.0	0.0	0.0	0.0	0.00059613	0.0	0.0	0.0
Howard	0.0	0.0	6.0	0.0	0.0	1.0	0.0	0.0	0.00016457	0.0	0.0	2.743e-05
Atascosa	0.032	18.735	53.735	0.584	64.913	66.913	6.4e-07	0.00037239	0.00106808	1.161e-05	0.00129026	0.00133001
Briscoe	0.0	0.0	1.0	0.584	64.913	64.913	0.0	0.0	0.00065963	0.00038522	0.0428186	0.0428186
Hidalgo	0.352	202.983	718.983	0.0	0.0	10.0	4.1e-07	0.00023441	0.00083029	0.0	0.0	1.155e-05
Scurry	0.0	0.0	2.0	0.0	0.0	0.0	0.0	0.0	0.00011858	0.0	0.0	0.0
Upton	0.0	0.0	0.0	0.0	0.0	0.0	0.0	0.0	0.0	0.0	0.0	0.0
Milam	0.002	10.451	38.451	0.0	0.0	1.0	8e-08	0.00041586	0.00153002	0.0	0.0	3.979e-05
Glasscock	0.0	0.0	1.0	0.0	0.0	0.0	0.0	0.0	0.00072046	0.0	0.0	0.0
Randall	0.0	8.564	660.564	0.0	0.583	6.583	0.0	6.285e-05	0.00484743	0.0	4.28e-06	4.831e-05
Midland	0.0	1.574	126.574	0.0	0.0	12.0	0.0	9.12e-06	0.00073343	0.0	0.0	6.953e-05
Calhoun	0.007	3.791	40.791	0.0	0.0	3.0	3.2e-07	0.00017583	0.00189189	0.0	0.0	0.00013914
Sherman	1.167	129.819	151.819	0.0	0.0	0.0	0.00037902	0.04216272	0.04930789	0.0	0.0	0.0
Hutchinson	0.001	9.688	39.688	0.0	0.0	0.0	5e-08	0.00045702	0.00187225	0.0	0.0	0.0
Presidio	0.0	0.0	1.0	0.0	0.0	0.0	0.0	0.0	0.00014393	0.0	0.0	0.0
Hemphill	0.0	0.0	1.0	0.0	0.0	0.0	0.0	0.0	0.00026144	0.0	0.0	0.0
Throckmorton	0.0	0.0	0.0	0.0	0.0	0.0	0.0	0.0	0.0	0.0	0.0	0.0
San Patricio	0.0	2.69	31.69	0.0	0.0	0.0	0.0	4.021e-05	0.00047374	0.0	0.0	0.0
Stephens	0.002	0.89	4.89	0.0	0.0	0.0	2.1e-07	9.435e-05	0.00051839	0.0	0.0	0.0
Mason	0.0	0.197	31.197	0.0	0.0	0.0	0.0	4.603e-05	0.00728902	0.0	0.0	0.0
Edwards	0.0	0.0	0.0	0.0	0.0	0.0	0.0	0.0	0.0	0.0	0.0	0.0
Crockett	0.0	0.0	0.0	0.0	0.0	0.0	0.0	0.0	0.0	0.0	0.0	0.0
Dallas	8.522	4920.454	14305.454	0.226	130.71	351.71	3.23e-06	0.00186538	0.00542331	9e-08	4.955e-05	0.00013334
Andrews	2.14	238.004	265.004	0.226	130.71	130.71	0.00011805	0.01312908	0.01461849	1.247e-05	0.00721039	0.00721039
Hudspeth	0.0	0.0	1.0	0.226	130.71	130.71	0.0	0.0	0.00020855	4.713e-05	0.02725965	0.02725965
Swisher	0.011	6.138	23.138	0.226	130.71	130.71	1.47e-06	0.00082257	0.00310078	3.029e-05	0.01751675	0.01751675
Waller	0.09	39.258	95.258	0.226	130.71	130.71	1.69e-06	0.00073896	0.00179306	4.25e-06	0.00246038	0.00246038
Clay	0.0	0.0	3.0	0.226	130.71	130.71	0.0	0.0	0.00028692	2.161e-05	0.01250096	0.01250096
Lynn	0.0	0.0	6.0	0.0	0.0	1.0	0.0	0.0	0.00102093	0.0	0.0	0.00017015
Shelby	0.0	18.025	205.025	0.0	1.43	7.43	0.0	0.00070914	0.00806613	0.0	5.626e-05	0.00029231
Wilbarger	0.0	0.231	6.231	0.0	1.43	1.43	0.0	1.802e-05	0.00048604	0.0	0.00011154	0.00011154
Terrell	0.0	0.0	0.0	0.0	0.0	0.0	0.0	0.0	0.0	0.0	0.0	0.0
Van Zandt	0.027	13.945	43.945	0.0	0.0	1.0	4.8e-07	0.00024893	0.00078447	0.0	0.0	1.785e-05
Franklin	0.045	20.623	33.623	0.0	0.0	0.0	4.18e-06	0.00191557	0.00312307	0.0	0.0	0.0
Ward	0.0	0.0	1.0	0.0	0.0	0.0	0.0	0.0	8.532e-05	0.0	0.0	0.0
Hardeman	0.0	0.0	1.0	0.0	0.0	0.0	0.0	0.0	0.00025497	0.0	0.0	0.0
Ochiltree	0.012	7.026	50.026	0.0	1.005	3.005	1.21e-06	0.00070634	0.00502926	0.0	0.00010104	0.0003021
Gaines	0.0	0.581	7.581	0.0	1.005	1.005	0.0	2.78e-05	0.00036271	0.0	4.808e-05	4.808e-05
Anderson	0.064	37.132	103.132	0.0	1.005	1.005	1.1e-06	0.00063958	0.00177639	0.0	1.731e-05	1.731e-05
Uvalde	0.0	0.0	6.0	0.0	1.005	1.005	0.0	0.0	0.0002235	0.0	3.744e-05	3.744e-05
Bastrop	0.332	159.461	349.461	0.0	0.0	2.0	3.82e-06	0.00183339	0.0040179	0.0	0.0	2.299e-05
Jack	0.0	0.0	4.0	0.0	0.0	0.0	0.0	0.0	0.00045234	0.0	0.0	0.0
Bell	0.307	165.722	494.722	0.0	0.0	3.0	8.6e-07	0.00046598	0.00139107	0.0	0.0	8.44e-06
Young	0.0	0.0	4.0	0.0	0.0	1.0	0.0	0.0	0.00022167	0.0	0.0	5.542e-05
Grimes	0.208	119.893	230.893	0.0	0.0	1.0	7.33e-06	0.00422754	0.0081415	0.0	0.0	3.526e-05
Nueces	0.0	15.687	281.687	0.0	0.0	3.0	0.0	4.33e-05	0.00077757	0.0	0.0	8.28e-06
Wise	0.056	26.954	71.954	0.584	64.913	67.913	8.2e-07	0.00039461	0.00105342	8.55e-06	0.00095034	0.00099426
Coleman	0.0	0.0	2.0	0.584	64.913	64.913	0.0	0.0	0.00023818	6.955e-05	0.0077305	0.0077305
Shackelford	0.0	0.0	1.0	0.584	64.913	64.913	0.0	0.0	0.00030741	0.00017953	0.01995481	0.01995481
Maverick	0.0	7.401	116.401	0.0	0.0	1.0	0.0	0.00012655	0.00199027	0.0	0.0	1.71e-05
Garza	0.584	64.913	69.913	0.0	0.0	0.0	8.878e-05	0.0098682	0.01062831	0.0	0.0	0.0
Parmer	0.111	64.021	118.021	0.0	0.0	0.0	1.125e-05	0.00649037	0.01196482	0.0	0.0	0.0
Stonewall	0.0	0.0	0.0	0.0	0.0	0.0	0.0	0.0	0.0	0.0	0.0	0.0
Robertson	0.005	3.012	10.012	0.0	0.0	0.0	2.9e-07	0.00017427	0.00057926	0.0	0.0	0.0
Menard	0.0	0.0	0.0	0.0	0.0	0.0	0.0	0.0	0.0	0.0	0.0	0.0
Dewitt	0.0	0.0	17.0	0.0	0.0	1.0	0.0	0.0	0.00084213	0.0	0.0	4.954e-05
Goliad	0.0	0.0	7.0	0.0	0.0	0.0	0.0	0.0	0.000923	0.0	0.0	0.0
Angelina	0.191	118.321	311.321	0.0	0.0	4.0	2.19e-06	0.00135857	0.00357462	0.0	0.0	4.593e-05
Crosby	0.0	0.124	3.124	0.0	0.0	1.0	0.0	2.146e-05	0.00054058	0.0	0.0	0.00017304
Chambers	0.04	22.975	84.975	0.0	0.0	0.0	9.4e-07	0.00054117	0.00200158	0.0	0.0	0.0
Roberts	0.0	0.0	2.0	0.0	0.0	0.0	0.0	0.0	0.00221484	0.0	0.0	0.0
Cottle	0.0	0.0	4.0	0.0	0.0	1.0	0.0	0.0	0.00287977	0.0	0.0	0.00071994
San Saba	0.0	0.0	1.0	0.0	0.0	0.0	0.0	0.0	0.00016518	0.0	0.0	0.0
Knox	0.0	0.0	1.0	0.0	0.0	0.0	0.0	0.0	0.00027375	0.0	0.0	0.0
Kenedy	0.0	0.0	0.0	0.0	0.0	0.0	0.0	0.0	0.0	0.0	0.0	0.0
Kaufman	0.26	132.231	331.231	0.005	3.012	5.012	2.02e-06	0.00102806	0.00257523	4e-08	2.342e-05	3.897e-05
Moore	0.0	18.339	601.339	0.0	2.639	15.639	0.0	0.00085357	0.02798878	0.0	0.00012283	0.0007279
Winkler	0.0	0.0	3.0	0.0	2.64	2.64	0.0	0.0	0.0003886	0.0	0.00034197	0.00034197
Rusk	0.0	2.471	46.471	0.005	3.012	5.012	0.0	4.538e-05	0.00085346	9e-08	5.532e-05	9.205e-05
Ector	0.268	122.673	274.673	0.0	0.0	5.0	1.65e-06	0.00075666	0.00169422	0.0	0.0	3.084e-05
Hartley	0.01	6.023	17.023	0.0	0.0	2.0	1.78e-06	0.0010719	0.00302954	0.0	0.0	0.00035594
Medina	0.0	26.149	94.149	0.0	0.0	2.0	0.0	0.00051352	0.00184892	0.0	0.0	3.928e-05
Hockley	0.025	14.386	41.386	0.0	0.0	1.0	1.09e-06	0.00062602	0.00180096	0.0	0.0	4.352e-05
Bexar	1.338	953.458	3402.458	0.03	17.063	86.063	6.7e-07	0.00048008	0.00171318	2e-08	8.59e-06	4.333e-05
Sabine	0.012	5.666	10.666	0.03	17.063	17.063	1.13e-06	0.00053508	0.00100727	2.83e-06	0.00161139	0.00161139
Johnson	0.144	83.312	241.312	0.0	0.0	4.0	8.4e-07	0.00048618	0.00140821	0.0	0.0	2.334e-05
Nolan	0.0	0.0	2.0	0.0	0.0	0.0	0.0	0.0	0.00013558	0.0	0.0	0.0
Harrison	0.406	150.119	386.119	0.425	89.754	114.754	6.08e-06	0.00224978	0.00578663	6.37e-06	0.00134511	0.00171978
Castro	0.024	13.719	45.719	0.0	0.0	1.0	3.13e-06	0.00178982	0.00596464	0.0	0.0	0.00013046
Pecos	0.033	18.847	45.847	0.0	0.0	0.0	2.11e-06	0.00120251	0.00292522	0.0	0.0	0.0
Palo Pinto	0.007	4.237	15.237	0.0	0.0	2.0	2.4e-07	0.00014674	0.00052769	0.0	0.0	6.926e-05
Hall	0.0	0.0	2.0	0.0	0.0	0.0	0.0	0.0	0.0006605	0.0	0.0	0.0
Val Verde	1.491	165.887	183.887	0.0	0.0	0.0	3.03e-05	0.00337114	0.00373693	0.0	0.0	0.0
Blanco	0.047	14.726	22.726	0.0	0.0	0.0	4.02e-06	0.00125842	0.00194206	0.0	0.0	0.0
Hale	0.054	30.893	86.893	0.0	0.0	4.0	1.6e-06	0.00091318	0.00256852	0.0	0.0	0.00011824
Taylor	0.071	41.042	271.042	0.022	7.824	12.824	5.2e-07	0.00029818	0.00196921	1.6e-07	5.684e-05	9.317e-05
Galveston	1.539	453.376	1216.376	0.199	31.801	63.801	4.55e-06	0.00134179	0.00359992	5.9e-07	9.412e-05	0.00018882
Burnet	0.018	6.952	36.952	0.199	31.801	31.801	3.8e-07	0.00014623	0.00077725	4.19e-06	0.0006689	0.0006689
Guadalupe	0.067	38.48	162.48	0.199	31.801	31.801	4.1e-07	0.00023507	0.00099258	1.22e-06	0.00019427	0.00019427
Duval	0.0	0.0	5.0	0.199	31.801	31.801	0.0	0.0	0.00044595	1.775e-05	0.00283634	0.00283634
Coke	0.0	0.0	1.0	0.199	31.801	31.801	0.0	0.0	0.00029674	5.905e-05	0.0094365	0.0094365
Jasper	0.0	3.606	31.606	0.0	0.0	1.0	0.0	0.00010052	0.00088108	0.0	0.0	2.788e-05
Collin	0.894	454.043	1643.043	0.036	11.328	44.328	8.9e-07	0.00045172	0.00163463	4e-08	1.127e-05	4.41e-05
Refugio	0.0	0.0	3.0	0.036	11.328	11.328	0.0	0.0	0.00042662	5.12e-06	0.00161092	0.00161092
Llano	0.0	0.0	3.0	0.036	11.328	11.328	0.0	0.0	0.00013859	1.66e-06	0.00052333	0.00052333
Gregg	0.0	6.82	203.82	0.0	3.377	8.377	0.0	5.513e-05	0.0016476	0.0	2.73e-05	6.772e-05
Cochran	0.0	0.0	1.0	0.0	3.377	3.377	0.0	0.0	0.00035261	0.0	0.00119076	0.00119076
Zapata	0.007	3.791	11.791	0.0	3.391	3.391	4.9e-07	0.00026716	0.00083094	0.0	0.00023897	0.00023897
King	0.0	0.0	0.0	0.0	0.0	0.0	0.0	0.0	0.0	0.0	0.0	0.0
Walker	0.0	27.517	743.517	0.0	3.959	30.959	0.0	0.00037965	0.01025824	0.0	5.462e-05	0.00042714
Polk	0.0	4.877	57.877	0.0	3.959	3.959	0.0	9.748e-05	0.00115682	0.0	7.913e-05	7.913e-05
Orange	0.212	62.587	158.587	0.0	0.0	2.0	2.54e-06	0.0007489	0.00189761	0.0	0.0	2.393e-05
Armstrong	0.0	0.0	2.0	0.0	0.0	0.0	0.0	0.0	0.00105708	0.0	0.0	0.0
Travis	3.685	1612.341	4596.341	0.001	15.394	103.394	2.95e-06	0.00129117	0.00368077	0.0	1.233e-05	8.28e-05
Hood	0.088	21.758	47.758	0.0	0.0	3.0	1.45e-06	0.00035942	0.00078891	0.0	0.0	4.956e-05
Navarro	1.672	246.629	295.629	0.0	0.0	2.0	3.373e-05	0.00497587	0.00596447	0.0	0.0	4.035e-05
Cooke	0.0	0.0	13.0	0.0	0.0	0.0	0.0	0.0	0.0003204	0.0	0.0	0.0
Fannin	0.363	94.922	131.922	0.0	0.067	2.067	1.029e-05	0.00269008	0.00373865	0.0	1.9e-06	5.858e-05
Jackson	1.783	198.338	215.338	0.0	0.0	1.0	0.00011987	0.01333454	0.01447748	0.0	0.0	6.723e-05
