Name	Predicted_New_Cases	Total_Predicted_New_Cases	Total_Predicted_Cases	Predicted_New_Deaths	Total_Predicted_New_Deaths	Total_Predicted_Deaths	Predicted_New_per_capita	Predicted_Total_New_per_capita	Predicted_Total_Cases_per_capita	Predicted_New_Deaths_per_capita	Total_Predicted_New_Deaths_per_capita	Total_Predicted_Deaths_per_capita
Potter	5.832	17.497	159.497	0.0	0.0	3.0	4.874e-05	0.00014624	0.00133305	0.0	0.0	2.507e-05
McCulloch	0.0	0.0	3.0	0.0	0.0	0.0	0.0	0.0	0.00037561	0.0	0.0	0.0
Floyd	0.0	0.0	2.0	0.0	0.0	0.0	0.0	0.0	0.00034264	0.0	0.0	0.0
Bosque	0.0	0.0	1.0	0.0	0.0	0.0	0.0	0.0	5.35e-05	0.0	0.0	0.0
Oldham	0.0	0.0	3.0	0.0	0.0	1.0	0.0	0.0	0.00140779	0.0	0.0	0.00046926
Concho	0.0	0.0	1.0	0.0	0.0	0.0	0.0	0.0	0.00023386	0.0	0.0	0.0
Limestone	0.0	0.463	11.463	0.0	0.0	1.0	0.0	1.969e-05	0.00048739	0.0	0.0	4.252e-05
Lamb	0.148	0.449	2.449	0.0	0.0	0.0	1.125e-05	3.412e-05	0.00018612	0.0	0.0	0.0
McLennan	0.98	3.571	79.571	0.281	0.921	4.921	3.85e-06	1.403e-05	0.00031252	1.1e-06	3.62e-06	1.933e-05
Jones	0.0	0.0	4.0	0.281	0.921	0.921	0.0	0.0	0.00020185	1.418e-05	4.648e-05	4.648e-05
Brown	0.402	1.329	14.329	0.0	0.0	1.0	1.06e-05	3.504e-05	0.00037783	0.0	0.0	2.637e-05
Delta	0.0	0.0	1.0	0.0	0.0	0.0	0.0	0.0	0.00018695	0.0	0.0	0.0
Tyler	0.326	0.989	6.989	0.0	0.0	0.0	1.503e-05	4.558e-05	0.00032213	0.0	0.0	0.0
Wood	0.0	0.116	6.116	0.0	0.0	0.0	0.0	2.57e-06	0.00013552	0.0	0.0	0.0
Foard	0.0	0.0	0.0	0.0	0.0	0.0	0.0	0.0	0.0	0.0	0.0	0.0
Zavala	0.0	0.0	1.0	0.0	0.0	0.0	0.0	0.0	8.345e-05	0.0	0.0	0.0
Brewster	0.0	0.0	0.0	0.0	0.0	0.0	0.0	0.0	0.0	0.0	0.0	0.0
Brazos	5.105	16.075	186.075	0.748	2.303	18.303	2.251e-05	7.089e-05	0.00082059	3.3e-06	1.016e-05	8.072e-05
Montague	0.561	1.702	6.702	0.748	2.303	2.303	2.863e-05	8.685e-05	0.00034201	3.817e-05	0.00011752	0.00011752
Kendall	0.632	1.896	15.896	0.748	2.303	2.303	1.385e-05	4.154e-05	0.00034828	1.639e-05	5.046e-05	5.046e-05
Sutton	0.0	0.0	0.0	0.0	0.0	0.0	0.0	0.0	0.0	0.0	0.0	0.0
Dallam	0.0	0.0	3.0	0.748	2.303	2.303	0.0	0.0	0.00041667	0.00010389	0.00031986	0.00031986
Borden	0.0	0.0	0.0	0.0	0.0	0.0	0.0	0.0	0.0	0.0	0.0	0.0
Gray	0.652	1.98	18.98	0.748	2.303	2.303	2.978e-05	9.043e-05	0.00086686	3.416e-05	0.00010518	0.00010518
Austin	0.591	1.794	13.794	0.748	2.303	2.303	1.971e-05	5.982e-05	0.00045997	2.494e-05	7.679e-05	7.679e-05
Williamson	4.768	14.475	169.475	0.005	0.014	4.014	8.41e-06	2.554e-05	0.00029905	1e-08	2e-08	7.08e-06
Cherokee	0.784	2.007	12.007	0.0	0.0	1.0	1.491e-05	3.816e-05	0.0002283	0.0	0.0	1.901e-05
Ellis	2.798	9.428	99.428	0.13	0.395	3.395	1.559e-05	5.254e-05	0.00055411	7.2e-07	2.2e-06	1.892e-05
Cameron	17.138	52.025	350.025	0.0	0.0	6.0	4.043e-05	0.00012273	0.00082571	0.0	0.0	1.415e-05
Harris	144.671	482.272	5459.272	4.228	12.601	90.601	3.079e-05	0.00010264	0.00116189	9e-07	2.68e-06	1.928e-05
Wilson	0.958	2.854	23.854	0.0	0.0	1.0	1.907e-05	5.683e-05	0.00047495	0.0	0.0	1.991e-05
Montgomery	19.107	55.706	432.706	0.254	0.681	7.681	3.233e-05	9.427e-05	0.00073225	4.3e-07	1.15e-06	1.3e-05
Bailey	0.0	0.0	0.0	0.0	0.0	0.0	0.0	0.0	0.0	0.0	0.0	0.0
Eastland	0.0	0.0	3.0	0.254	0.681	0.681	0.0	0.0	0.00016374	1.386e-05	3.717e-05	3.717e-05
Jim Wells	0.0	0.0	2.0	0.254	0.681	0.681	0.0	0.0	4.899e-05	6.22e-06	1.668e-05	1.668e-05
Kinney	0.0	0.0	0.0	0.0	0.0	0.0	0.0	0.0	0.0	0.0	0.0	0.0
Jim Hogg	0.0	0.0	0.0	0.0	0.0	0.0	0.0	0.0	0.0	0.0	0.0	0.0
Sterling	0.0	0.0	0.0	0.0	0.0	0.0	0.0	0.0	0.0	0.0	0.0	0.0
Rains	0.0	0.0	2.0	0.254	0.681	0.681	0.0	0.0	0.00016449	2.089e-05	5.601e-05	5.601e-05
Archer	0.0	0.0	0.0	0.0	0.0	0.0	0.0	0.0	0.0	0.0	0.0	0.0
Baylor	0.0	0.0	0.0	0.0	0.0	0.0	0.0	0.0	0.0	0.0	0.0	0.0
Schleicher	0.0	0.0	0.0	0.0	0.0	0.0	0.0	0.0	0.0	0.0	0.0	0.0
Wharton	1.209	3.907	37.907	0.254	0.681	0.681	2.905e-05	9.388e-05	0.00091081	6.1e-06	1.636e-05	1.636e-05
Callahan	0.0	0.0	1.0	0.254	0.681	0.681	0.0	0.0	7.146e-05	1.815e-05	4.866e-05	4.866e-05
Jeff Davis	0.0	0.0	0.0	0.0	0.0	0.0	0.0	0.0	0.0	0.0	0.0	0.0
Comanche	0.017	0.053	4.053	0.254	0.681	0.681	1.26e-06	3.92e-06	0.00029947	1.877e-05	5.032e-05	5.032e-05
Fisher	0.0	0.0	0.0	0.0	0.0	0.0	0.0	0.0	0.0	0.0	0.0	0.0
La Salle	0.0	0.0	1.0	0.254	0.681	0.681	0.0	0.0	0.00013278	3.373e-05	9.043e-05	9.043e-05
Freestone	0.0	0.0	3.0	0.254	0.681	0.681	0.0	0.0	0.00015145	1.282e-05	3.438e-05	3.438e-05
Carson	0.0	0.0	1.0	0.254	0.681	0.681	0.0	0.0	0.00016653	4.23e-05	0.00011341	0.00011341
Wichita	0.47	1.712	61.712	0.0	0.0	2.0	3.56e-06	1.296e-05	0.00046729	0.0	0.0	1.514e-05
Somervell	0.0	0.0	0.0	0.0	0.0	0.0	0.0	0.0	0.0	0.0	0.0	0.0
Gonzales	0.0	0.0	2.0	0.0	0.0	0.0	0.0	0.0	9.603e-05	0.0	0.0	0.0
Kerr	0.326	0.989	4.989	0.0	0.0	0.0	6.22e-06	1.887e-05	9.52e-05	0.0	0.0	0.0
Henderson	0.402	1.463	14.463	0.0	0.0	0.0	4.88e-06	1.778e-05	0.00017574	0.0	0.0	0.0
Yoakum	0.0	0.0	1.0	0.0	0.0	0.0	0.0	0.0	0.0001164	0.0	0.0	0.0
Trinity	0.652	1.98	8.98	0.0	0.0	0.0	4.423e-05	0.00013433	0.00060923	0.0	0.0	0.0
Mitchell	0.0	0.0	1.0	0.0	0.0	0.0	0.0	0.0	0.00012277	0.0	0.0	0.0
Hamilton	0.0	0.0	5.0	0.0	0.0	0.0	0.0	0.0	0.00058934	0.0	0.0	0.0
Lee	0.0	0.0	2.0	0.0	0.0	0.0	0.0	0.0	0.00011666	0.0	0.0	0.0
Caldwell	0.161	0.488	8.488	0.0	0.0	0.0	3.72e-06	1.128e-05	0.00019627	0.0	0.0	0.0
Washington	2.186	6.655	67.655	0.392	1.088	5.088	6.227e-05	0.00018956	0.00192705	1.117e-05	3.099e-05	0.00014492
Rockwall	3.384	10.085	51.085	0.392	1.088	1.088	3.362e-05	0.00010019	0.00050752	3.89e-06	1.081e-05	1.081e-05
Lampasas	0.0	0.0	2.0	0.392	1.088	1.088	0.0	0.0	9.421e-05	1.847e-05	5.125e-05	5.125e-05
Reeves	0.0	0.0	2.0	0.392	1.088	1.088	0.0	0.0	0.00012743	2.498e-05	6.932e-05	6.932e-05
Falls	0.0	0.0	1.0	0.392	1.088	1.088	0.0	0.0	5.769e-05	2.261e-05	6.276e-05	6.276e-05
Tom Green	0.819	2.983	43.983	0.0	0.0	1.0	6.93e-06	2.524e-05	0.00037214	0.0	0.0	8.46e-06
Erath	0.015	0.073	13.073	0.0	0.0	1.0	3.5e-07	1.72e-06	0.00030799	0.0	0.0	2.356e-05
Bandera	0.0	0.0	4.0	0.0	0.0	0.0	0.0	0.0	0.00017525	0.0	0.0	0.0
Motley	0.0	0.0	1.0	0.0	0.0	0.0	0.0	0.0	0.00081037	0.0	0.0	0.0
Reagan	0.0	0.0	0.0	0.0	0.0	0.0	0.0	0.0	0.0	0.0	0.0	0.0
Bee	0.0	0.0	5.0	0.0	0.0	0.0	0.0	0.0	0.00015344	0.0	0.0	0.0
Hunt	1.236	3.994	35.994	0.0	0.0	2.0	1.281e-05	4.139e-05	0.00037302	0.0	0.0	2.073e-05
Hardin	3.108	9.833	84.833	0.0	0.0	2.0	5.433e-05	0.00017188	0.00148291	0.0	0.0	3.496e-05
Hansford	0.0	0.0	1.0	0.0	0.0	0.0	0.0	0.0	0.00018305	0.0	0.0	0.0
Denton	16.34	52.02	645.02	0.705	2.224	18.224	1.902e-05	6.055e-05	0.00075084	8.2e-07	2.59e-06	2.121e-05
McMullen	0.0	0.0	0.0	0.0	0.0	0.0	0.0	0.0	0.0	0.0	0.0	0.0
Hays	5.819	16.689	144.689	0.0	0.0	1.0	2.614e-05	7.496e-05	0.0006499	0.0	0.0	4.49e-06
Bowie	3.275	9.668	66.668	0.0	0.0	1.0	3.472e-05	0.0001025	0.0007068	0.0	0.0	1.06e-05
Martin	0.0	0.0	2.0	0.0	0.0	0.0	0.0	0.0	0.00034764	0.0	0.0	0.0
Victoria	1.553	6.541	99.541	0.0	0.0	1.0	1.687e-05	7.107e-05	0.00108156	0.0	0.0	1.087e-05
Fayette	1.066	2.635	17.635	0.0	0.0	0.0	4.205e-05	0.00010395	0.00069569	0.0	0.0	0.0
Cass	0.708	1.751	12.751	0.0	0.0	0.0	2.351e-05	5.814e-05	0.00042335	0.0	0.0	0.0
Jefferson	9.207	27.622	207.622	0.447	1.23	11.23	3.611e-05	0.00010832	0.0008142	1.75e-06	4.82e-06	4.404e-05
San Jacinto	0.843	2.559	12.559	0.447	1.23	1.23	2.935e-05	8.91e-05	0.00043731	1.556e-05	4.283e-05	4.283e-05
Red River	0.0	0.0	1.0	0.447	1.23	1.23	0.0	0.0	8.214e-05	3.671e-05	0.00010103	0.00010103
Newton	0.0	0.0	2.0	0.447	1.23	1.23	0.0	0.0	0.0001455	3.252e-05	8.948e-05	8.948e-05
Dickens	0.0	0.0	1.0	0.447	1.23	1.23	0.0	0.0	0.00044464	0.00019876	0.00054691	0.00054691
Real	0.0	0.0	0.0	0.0	0.0	0.0	0.0	0.0	0.0	0.0	0.0	0.0
Colorado	0.065	0.198	8.198	0.447	1.23	1.23	3.06e-06	9.33e-06	0.00038639	2.107e-05	5.797e-05	5.797e-05
Dimmit	0.0	0.0	1.0	0.447	1.23	1.23	0.0	0.0	9.701e-05	4.336e-05	0.00011932	0.00011932
Karnes	0.19	0.532	3.532	0.447	1.23	1.23	1.214e-05	3.399e-05	0.00022569	2.856e-05	7.859e-05	7.859e-05
Tarrant	69.172	204.219	1446.219	2.352	6.36	45.36	3.318e-05	9.795e-05	0.00069365	1.13e-06	3.05e-06	2.176e-05
Crane	0.0	0.0	2.0	2.352	6.36	6.36	0.0	0.0	0.00041719	0.00049061	0.00132666	0.00132666
Hopkins	0.0	0.0	4.0	2.352	6.36	6.36	0.0	0.0	0.00010867	6.39e-05	0.00017278	0.00017278
Burleson	0.417	1.267	10.267	2.352	6.36	6.36	2.268e-05	6.89e-05	0.00055832	0.0001279	0.00034586	0.00034586
Smith	3.264	10.016	131.016	0.0	0.0	2.0	1.418e-05	4.351e-05	0.00056909	0.0	0.0	8.69e-06
Fort Bend	27.577	83.718	866.718	1.15	3.18	20.18	3.5e-05	0.00010626	0.00110009	1.46e-06	4.04e-06	2.561e-05
Matagorda	0.52	1.834	56.834	0.0	0.0	3.0	1.423e-05	5.018e-05	0.00155488	0.0	0.0	8.207e-05
Panola	3.846	11.676	49.676	0.261	0.792	3.792	0.00016615	0.00050441	0.00214602	1.128e-05	3.421e-05	0.00016382
Parker	1.112	3.428	24.428	0.261	0.792	0.792	8.04e-06	2.477e-05	0.00017654	1.89e-06	5.72e-06	5.72e-06
Brooks	0.0	0.0	0.0	0.0	0.0	0.0	0.0	0.0	0.0	0.0	0.0	0.0
Frio	0.0	0.0	1.0	0.261	0.792	0.792	0.0	0.0	5.046e-05	1.317e-05	3.997e-05	3.997e-05
Donley	0.196	0.594	23.594	0.261	0.792	0.792	5.905e-05	0.00017897	0.00710877	7.864e-05	0.00023863	0.00023863
Lamar	0.113	0.343	7.343	0.261	0.792	0.792	2.27e-06	6.9e-06	0.00014766	5.25e-06	1.593e-05	1.593e-05
Deaf Smith	0.706	2.058	14.058	0.261	0.792	0.792	3.763e-05	0.0001097	0.00074936	1.391e-05	4.222e-05	4.222e-05
Childress	0.0	0.0	1.0	0.261	0.792	0.792	0.0	0.0	0.00013716	3.58e-05	0.00010863	0.00010863
Marion	0.0	0.0	3.0	0.261	0.792	0.792	0.0	0.0	0.00030218	2.629e-05	7.977e-05	7.977e-05
Morris	0.133	0.439	5.439	0.261	0.792	0.792	1.078e-05	3.558e-05	0.0004408	2.115e-05	6.419e-05	6.419e-05
Grayson	0.342	1.107	20.107	0.261	0.792	0.792	2.55e-06	8.26e-06	0.00015006	1.95e-06	5.91e-06	5.91e-06
Wheeler	0.0	0.0	0.0	0.0	0.0	0.0	0.0	0.0	0.0	0.0	0.0	0.0
Runnels	0.0	0.0	0.0	0.0	0.0	0.0	0.0	0.0	0.0	0.0	0.0	0.0
Leon	0.261	0.76	5.76	0.261	0.792	0.792	1.511e-05	4.401e-05	0.00033353	1.511e-05	4.586e-05	4.586e-05
Coryell	7.71	21.808	96.808	0.0	0.0	1.0	0.00010306	0.00029152	0.00129409	0.0	0.0	1.337e-05
Collingsworth	0.0	0.0	0.0	0.0	0.0	0.0	0.0	0.0	0.0	0.0	0.0	0.0
Willacy	0.432	1.067	9.067	0.0	0.0	1.0	2.008e-05	4.959e-05	0.00042143	0.0	0.0	4.648e-05
Loving	0.0	0.0	0.0	0.0	0.0	0.0	0.0	0.0	0.0	0.0	0.0	0.0
Brazoria	11.739	35.637	350.637	0.191	0.581	3.581	3.171e-05	9.626e-05	0.00094716	5.2e-07	1.57e-06	9.67e-06
Live Oak	0.0	0.0	3.0	0.191	0.581	0.581	0.0	0.0	0.00024659	1.57e-05	4.776e-05	4.776e-05
Hill	0.274	0.851	10.851	0.0	0.0	1.0	7.54e-06	2.341e-05	0.00029848	0.0	0.0	2.751e-05
Houston	0.0	0.0	3.0	0.0	0.0	0.0	0.0	0.0	0.00012948	0.0	0.0	0.0
Dawson	0.715	1.767	14.767	0.0	0.0	1.0	5.666e-05	0.00014003	0.00117022	0.0	0.0	7.925e-05
Camp	0.326	0.989	6.989	0.0	0.0	0.0	2.501e-05	7.588e-05	0.00053625	0.0	0.0	0.0
Culberson	0.0	0.0	0.0	0.0	0.0	0.0	0.0	0.0	0.0	0.0	0.0	0.0
Nacogdoches	6.988	20.374	111.374	0.424	1.135	7.135	0.00010634	0.00031005	0.00169491	6.45e-06	1.727e-05	0.00010858
Madison	0.0	0.0	2.0	0.424	1.135	1.135	0.0	0.0	0.00013868	2.94e-05	7.87e-05	7.87e-05
Starr	0.0	0.0	7.0	0.424	1.135	1.135	0.0	0.0	0.00010849	6.57e-06	1.759e-05	1.759e-05
Gillespie	0.0	0.0	1.0	0.424	1.135	1.135	0.0	0.0	3.731e-05	1.582e-05	4.234e-05	4.234e-05
Lavaca	0.009	0.045	4.045	0.424	1.135	1.135	4.5e-07	2.24e-06	0.00020114	2.108e-05	5.644e-05	5.644e-05
Lubbock	21.944	65.836	495.836	3.013	8.292	40.292	7.138e-05	0.00021416	0.00161294	9.8e-06	2.697e-05	0.00013107
Upshur	0.374	1.175	10.175	3.013	8.292	8.292	9.06e-06	2.848e-05	0.00024661	7.302e-05	0.00020097	0.00020097
El Paso	31.36	92.585	623.585	0.0	0.0	8.0	3.73e-05	0.00011012	0.00074169	0.0	0.0	9.52e-06
Aransas	0.0	0.0	2.0	0.0	0.0	0.0	0.0	0.0	8.406e-05	0.0	0.0	0.0
Kimble	0.0	0.0	0.0	0.0	0.0	0.0	0.0	0.0	0.0	0.0	0.0	0.0
Haskell	0.0	0.0	0.0	0.0	0.0	0.0	0.0	0.0	0.0	0.0	0.0	0.0
Mills	0.0	0.0	0.0	0.0	0.0	0.0	0.0	0.0	0.0	0.0	0.0	0.0
Comal	0.922	3.25	46.25	0.278	0.903	6.903	6.21e-06	2.19e-05	0.00031171	1.87e-06	6.09e-06	4.652e-05
Titus	0.326	0.989	9.989	0.278	0.903	0.903	9.87e-06	2.994e-05	0.00030239	8.42e-06	2.734e-05	2.734e-05
Webb	11.35	34.55	314.55	0.731	2.03	13.03	4.114e-05	0.00012522	0.00114005	2.65e-06	7.36e-06	4.723e-05
Irion	0.0	0.0	0.0	0.0	0.0	0.0	0.0	0.0	0.0	0.0	0.0	0.0
San Augustine	0.782	2.375	16.375	0.0	0.0	1.0	9.5e-05	0.00028851	0.00198919	0.0	0.0	0.00012148
Kent	0.0	0.0	0.0	0.0	0.0	0.0	0.0	0.0	0.0	0.0	0.0	0.0
Liberty	1.434	4.354	36.354	0.0	0.0	0.0	1.661e-05	5.044e-05	0.00042114	0.0	0.0	0.0
Terry	0.487	1.478	11.478	0.0	0.0	0.0	3.964e-05	0.00012029	0.00093416	0.0	0.0	0.0
Kleberg	0.499	1.234	7.234	0.0	0.0	1.0	1.603e-05	3.964e-05	0.00023239	0.0	0.0	3.212e-05
Lipscomb	0.0	0.0	0.0	0.0	0.0	0.0	0.0	0.0	0.0	0.0	0.0	0.0
Howard	0.0	0.0	1.0	0.0	0.0	1.0	0.0	0.0	2.743e-05	0.0	0.0	2.743e-05
Atascosa	0.263	1.009	13.009	0.0	0.0	1.0	5.23e-06	2.006e-05	0.00025858	0.0	0.0	1.988e-05
Briscoe	0.0	0.0	0.0	0.0	0.0	0.0	0.0	0.0	0.0	0.0	0.0	0.0
Hidalgo	9.745	31.025	292.025	0.0	0.0	3.0	1.125e-05	3.583e-05	0.00033724	0.0	0.0	3.46e-06
Scurry	0.0	0.0	2.0	0.0	0.0	0.0	0.0	0.0	0.00011858	0.0	0.0	0.0
Upton	0.0	0.0	0.0	0.0	0.0	0.0	0.0	0.0	0.0	0.0	0.0	0.0
Milam	0.272	0.835	12.835	0.0	0.0	0.0	1.082e-05	3.323e-05	0.00051072	0.0	0.0	0.0
Glasscock	0.0	0.0	0.0	0.0	0.0	0.0	0.0	0.0	0.0	0.0	0.0	0.0
Randall	4.746	14.408	126.408	0.0	0.0	3.0	3.483e-05	0.00010573	0.00092762	0.0	0.0	2.201e-05
Midland	1.182	3.589	46.589	0.161	0.488	3.488	6.85e-06	2.08e-05	0.00026996	9.3e-07	2.83e-06	2.021e-05
Calhoun	1.016	3.029	24.029	0.0	0.0	1.0	4.712e-05	0.00014049	0.00111447	0.0	0.0	4.638e-05
Sherman	0.0	0.0	7.0	0.0	0.0	0.0	0.0	0.0	0.00227347	0.0	0.0	0.0
Hutchinson	0.782	2.375	10.375	0.0	0.0	0.0	3.689e-05	0.00011204	0.00048943	0.0	0.0	0.0
Presidio	0.0	0.0	0.0	0.0	0.0	0.0	0.0	0.0	0.0	0.0	0.0	0.0
Hemphill	0.0	0.0	1.0	0.0	0.0	0.0	0.0	0.0	0.00026144	0.0	0.0	0.0
Throckmorton	0.0	0.0	0.0	0.0	0.0	0.0	0.0	0.0	0.0	0.0	0.0	0.0
San Patricio	0.104	0.433	8.433	0.0	0.0	0.0	1.55e-06	6.47e-06	0.00012607	0.0	0.0	0.0
Stephens	0.0	0.0	1.0	0.0	0.0	0.0	0.0	0.0	0.00010601	0.0	0.0	0.0
Mason	0.0	0.0	1.0	0.0	0.0	0.0	0.0	0.0	0.00023364	0.0	0.0	0.0
Edwards	0.0	0.0	0.0	0.0	0.0	0.0	0.0	0.0	0.0	0.0	0.0	0.0
Crockett	0.0	0.0	0.0	0.0	0.0	0.0	0.0	0.0	0.0	0.0	0.0	0.0
Dallas	92.13	278.275	2790.275	4.988	13.796	73.796	3.493e-05	0.0001055	0.00105782	1.89e-06	5.23e-06	2.798e-05
Andrews	1.239	3.761	22.761	4.988	13.796	13.796	6.835e-05	0.00020747	0.00125557	0.00027515	0.00076103	0.00076103
Hudspeth	0.0	0.0	0.0	0.0	0.0	0.0	0.0	0.0	0.0	0.0	0.0	0.0
Swisher	0.115	0.419	5.419	4.988	13.796	13.796	1.541e-05	5.615e-05	0.00072621	0.00066845	0.00184883	0.00184883
Waller	1.432	4.228	28.228	4.988	13.796	13.796	2.695e-05	7.958e-05	0.00053134	9.389e-05	0.00025968	0.00025968
Clay	0.13	0.395	3.395	4.988	13.796	13.796	1.243e-05	3.778e-05	0.00032469	0.00047705	0.00131943	0.00131943
Lynn	0.018	0.091	5.091	4.988	13.796	13.796	3.06e-06	1.548e-05	0.00086626	0.00084873	0.00234746	0.00234746
Shelby	3.577	10.859	70.859	4.988	13.796	13.796	0.00014073	0.00042722	0.00278775	0.00019624	0.00054276	0.00054276
Wilbarger	0.0	0.0	1.0	4.988	13.796	13.796	0.0	0.0	7.8e-05	0.00038908	0.00107613	0.00107613
Terrell	0.0	0.0	0.0	0.0	0.0	0.0	0.0	0.0	0.0	0.0	0.0	0.0
Van Zandt	0.192	0.735	12.735	0.0	0.0	1.0	3.43e-06	1.312e-05	0.00022733	0.0	0.0	1.785e-05
Franklin	0.0	0.0	1.0	0.0	0.0	0.0	0.0	0.0	9.289e-05	0.0	0.0	0.0
Ward	0.0	0.0	0.0	0.0	0.0	0.0	0.0	0.0	0.0	0.0	0.0	0.0
Hardeman	0.0	0.0	0.0	0.0	0.0	0.0	0.0	0.0	0.0	0.0	0.0	0.0
Ochiltree	0.0	0.0	0.0	0.0	0.0	0.0	0.0	0.0	0.0	0.0	0.0	0.0
Gaines	0.148	0.449	2.449	0.0	0.0	0.0	7.08e-06	2.148e-05	0.00011717	0.0	0.0	0.0
Anderson	0.587	1.781	9.781	0.0	0.0	0.0	1.011e-05	3.068e-05	0.00016847	0.0	0.0	0.0
Uvalde	0.007	0.036	6.036	0.0	0.0	0.0	2.6e-07	1.34e-06	0.00022484	0.0	0.0	0.0
Bastrop	2.417	7.336	51.336	0.0	0.0	2.0	2.779e-05	8.435e-05	0.00059023	0.0	0.0	2.299e-05
Jack	0.0	0.0	3.0	0.0	0.0	0.0	0.0	0.0	0.00033925	0.0	0.0	0.0
Bell	4.637	14.165	140.165	0.007	0.036	3.036	1.304e-05	3.983e-05	0.00039412	2e-08	1e-07	8.54e-06
Young	0.182	0.45	4.45	0.0	0.0	1.0	1.009e-05	2.494e-05	0.00024661	0.0	0.0	5.542e-05
Grimes	0.452	1.372	11.372	0.0	0.0	1.0	1.594e-05	4.838e-05	0.00040099	0.0	0.0	3.526e-05
Nueces	2.16	6.558	96.558	0.0	0.0	0.0	5.96e-06	1.81e-05	0.00026654	0.0	0.0	0.0
Wise	0.579	1.601	10.601	0.0	0.0	2.0	8.48e-06	2.344e-05	0.0001552	0.0	0.0	2.928e-05
Coleman	0.0	0.0	0.0	0.0	0.0	0.0	0.0	0.0	0.0	0.0	0.0	0.0
Shackelford	0.0	0.0	0.0	0.0	0.0	0.0	0.0	0.0	0.0	0.0	0.0	0.0
Maverick	0.421	1.318	13.318	0.0	0.0	0.0	7.2e-06	2.254e-05	0.00022772	0.0	0.0	0.0
Garza	0.0	0.0	0.0	0.0	0.0	0.0	0.0	0.0	0.0	0.0	0.0	0.0
Parmer	0.0	0.0	1.0	0.0	0.0	0.0	0.0	0.0	0.00010138	0.0	0.0	0.0
Stonewall	0.0	0.0	0.0	0.0	0.0	0.0	0.0	0.0	0.0	0.0	0.0	0.0
Robertson	0.0	0.0	2.0	0.0	0.0	0.0	0.0	0.0	0.00011571	0.0	0.0	0.0
Menard	0.0	0.0	0.0	0.0	0.0	0.0	0.0	0.0	0.0	0.0	0.0	0.0
Dewitt	0.479	1.396	14.396	0.0	0.0	0.0	2.373e-05	6.915e-05	0.00071313	0.0	0.0	0.0
Goliad	0.13	0.395	5.395	0.0	0.0	0.0	1.714e-05	5.208e-05	0.00071137	0.0	0.0	0.0
Angelina	1.008	2.799	25.799	0.0	0.0	0.0	1.157e-05	3.214e-05	0.00029623	0.0	0.0	0.0
Crosby	0.0	0.0	1.0	0.0	0.0	1.0	0.0	0.0	0.00017304	0.0	0.0	0.00017304
Chambers	1.139	3.829	38.829	0.0	0.0	0.0	2.683e-05	9.019e-05	0.00091461	0.0	0.0	0.0
Roberts	0.0	0.0	2.0	0.0	0.0	0.0	0.0	0.0	0.00221484	0.0	0.0	0.0
Cottle	0.0	0.0	0.0	0.0	0.0	0.0	0.0	0.0	0.0	0.0	0.0	0.0
San Saba	0.0	0.0	0.0	0.0	0.0	0.0	0.0	0.0	0.0	0.0	0.0	0.0
Knox	0.0	0.0	1.0	0.0	0.0	0.0	0.0	0.0	0.00027375	0.0	0.0	0.0
Kenedy	0.0	0.0	0.0	0.0	0.0	0.0	0.0	0.0	0.0	0.0	0.0	0.0
Kaufman	2.029	6.245	50.245	0.0	0.0	0.0	1.577e-05	4.855e-05	0.00039064	0.0	0.0	0.0
Moore	12.946	32.001	153.001	0.0	0.0	0.0	0.00060256	0.00148946	0.00712129	0.0	0.0	0.0
Winkler	0.0	0.0	3.0	0.0	0.0	0.0	0.0	0.0	0.0003886	0.0	0.0	0.0
Rusk	2.368	5.853	33.853	0.0	0.0	1.0	4.349e-05	0.00010749	0.00062173	0.0	0.0	1.837e-05
Ector	1.969	5.977	63.977	0.0	0.0	4.0	1.215e-05	3.687e-05	0.00039462	0.0	0.0	2.467e-05
Hartley	0.0	0.0	1.0	0.0	0.0	0.0	0.0	0.0	0.00017797	0.0	0.0	0.0
Medina	0.389	1.491	16.491	0.0	0.0	2.0	7.64e-06	2.928e-05	0.00032385	0.0	0.0	3.928e-05
Hockley	0.327	1.095	17.095	0.0	0.0	1.0	1.423e-05	4.765e-05	0.00074391	0.0	0.0	4.352e-05
Bexar	39.52	123.278	1138.278	2.026	6.217	45.217	1.99e-05	6.207e-05	0.00057314	1.02e-06	3.13e-06	2.277e-05
Sabine	0.0	0.0	1.0	2.026	6.217	6.217	0.0	0.0	9.444e-05	0.00019133	0.00058712	0.00058712
Johnson	2.042	5.466	46.466	0.0	0.0	1.0	1.192e-05	3.19e-05	0.00027116	0.0	0.0	5.84e-06
Nolan	0.0	0.0	0.0	0.0	0.0	0.0	0.0	0.0	0.0	0.0	0.0	0.0
Harrison	4.77	13.126	60.126	0.651	1.67	5.67	7.149e-05	0.00019671	0.00090109	9.76e-06	2.503e-05	8.497e-05
Castro	0.0	0.0	11.0	0.0	0.0	1.0	0.0	0.0	0.00143509	0.0	0.0	0.00013046
Pecos	0.0	0.0	5.0	0.0	0.0	0.0	0.0	0.0	0.00031902	0.0	0.0	0.0
Palo Pinto	0.0	0.0	7.0	0.0	0.0	1.0	0.0	0.0	0.00024242	0.0	0.0	3.463e-05
Hall	0.0	0.0	0.0	0.0	0.0	0.0	0.0	0.0	0.0	0.0	0.0	0.0
Val Verde	0.392	1.308	13.308	0.0	0.0	0.0	7.97e-06	2.658e-05	0.00027044	0.0	0.0	0.0
Blanco	0.078	0.237	5.237	0.0	0.0	0.0	6.67e-06	2.025e-05	0.00044753	0.0	0.0	0.0
Hale	0.132	0.515	12.515	0.0	0.0	2.0	3.9e-06	1.522e-05	0.00036994	0.0	0.0	5.912e-05
Taylor	6.591	19.643	163.643	0.196	0.594	2.594	4.789e-05	0.00014271	0.00118892	1.42e-06	4.32e-06	1.885e-05
Galveston	13.848	43.455	498.455	1.01	3.115	20.115	4.098e-05	0.00012861	0.0014752	2.99e-06	9.22e-06	5.953e-05
Burnet	0.269	0.818	9.818	1.01	3.115	3.115	5.66e-06	1.721e-05	0.00020651	2.124e-05	6.552e-05	6.552e-05
Guadalupe	0.799	2.582	60.582	1.01	3.115	3.115	4.88e-06	1.577e-05	0.00037009	6.17e-06	1.903e-05	1.903e-05
Duval	0.0	0.0	1.0	1.01	3.115	3.115	0.0	0.0	8.919e-05	9.008e-05	0.00027783	0.00027783
Coke	0.0	0.0	0.0	0.0	0.0	0.0	0.0	0.0	0.0	0.0	0.0	0.0
Jasper	0.194	0.745	9.745	0.0	0.0	1.0	5.41e-06	2.077e-05	0.00027166	0.0	0.0	2.788e-05
Collin	11.723	39.499	566.499	0.674	2.155	15.155	1.166e-05	3.93e-05	0.0005636	6.7e-07	2.14e-06	1.508e-05
Refugio	0.0	0.0	0.0	0.0	0.0	0.0	0.0	0.0	0.0	0.0	0.0	0.0
Llano	0.0	0.0	3.0	0.674	2.155	2.155	0.0	0.0	0.00013859	3.114e-05	9.956e-05	9.956e-05
Gregg	1.668	5.389	57.389	0.674	2.155	2.155	1.348e-05	4.356e-05	0.00046391	5.45e-06	1.742e-05	1.742e-05
Cochran	0.0	0.0	0.0	0.0	0.0	0.0	0.0	0.0	0.0	0.0	0.0	0.0
Zapata	0.0	0.0	6.0	0.674	2.155	2.155	0.0	0.0	0.00042283	4.75e-05	0.00015187	0.00015187
King	0.0	0.0	0.0	0.0	0.0	0.0	0.0	0.0	0.0	0.0	0.0	0.0
Walker	10.117	25.31	98.31	0.674	2.155	2.155	0.00013958	0.0003492	0.00135637	9.3e-06	2.973e-05	2.973e-05
Polk	1.014	2.669	16.669	0.674	2.155	2.155	2.027e-05	5.335e-05	0.00033317	1.347e-05	4.307e-05	4.307e-05
Orange	2.282	7.025	60.025	0.674	2.155	2.155	2.731e-05	8.406e-05	0.00071824	8.06e-06	2.579e-05	2.579e-05
Armstrong	0.0	0.0	1.0	0.674	2.155	2.155	0.0	0.0	0.00052854	0.00035624	0.00113901	0.00113901
Travis	57.308	169.193	1277.193	2.069	5.596	30.596	4.589e-05	0.00013549	0.00102278	1.66e-06	4.48e-06	2.45e-05
Hood	0.614	1.868	18.868	0.391	1.187	4.187	1.014e-05	3.086e-05	0.00031168	6.46e-06	1.961e-05	6.916e-05
Navarro	1.222	3.766	23.766	0.0	0.0	2.0	2.465e-05	7.598e-05	0.00047949	0.0	0.0	4.035e-05
Cooke	0.0	0.0	4.0	0.0	0.0	0.0	0.0	0.0	9.859e-05	0.0	0.0	0.0
Fannin	0.127	0.403	8.403	0.0	0.0	0.0	3.6e-06	1.142e-05	0.00023814	0.0	0.0	0.0
Jackson	0.0	0.0	4.0	0.0	0.0	0.0	0.0	0.0	0.00026893	0.0	0.0	0.0
