Name	Predicted_New_Cases	Total_Predicted_New_Cases	Total_Predicted_Cases	Predicted_New_Deaths	Total_Predicted_New_Deaths	Total_Predicted_Deaths	Predicted_New_per_capita	Predicted_Total_New_per_capita	Predicted_Total_Cases_per_capita	Predicted_New_Deaths_per_capita	Total_Predicted_New_Deaths_per_capita	Total_Predicted_Deaths_per_capita
Goshen	0.0	0.0	4.0	0.0	0.0	0.0	0.0	0.0	0.00029904	0.0	0.0	0.0
Laramie	0.072	39.82	153.658	0.0	0.0	0.0	7.3e-07	0.00040232	0.00155248	0.0	0.0	0.0
Platte	0.0	0.0	0.0	0.0	0.0	0.0	0.0	0.0	0.0	0.0	0.0	0.0
Lincoln	0.0	0.0	9.0	0.0	0.0	0.0	0.0	0.0	0.00046311	0.0	0.0	0.0
Natrona	0.001	14.602	64.613	0.0	0.0	0.0	1e-08	0.00018457	0.0008167	0.0	0.0	0.0
Uinta	0.021	9.201	16.997	0.0	0.0	0.0	1.03e-06	0.00045327	0.00083733	0.0	0.0	0.0
Teton	0.0	2.466	96.751	0.0	0.0	0.0	0.0	0.00010684	0.0041918	0.0	0.0	0.0
Carbon	0.0	0.0	4.0	0.0	0.0	0.0	0.0	0.0	0.00026718	0.0	0.0	0.0
Weston	0.0	0.0	0.0	0.0	0.0	0.0	0.0	0.0	0.0	0.0	0.0	0.0
Park	0.0	0.0	1.0	0.0	0.0	0.0	0.0	0.0	3.41e-05	0.0	0.0	0.0
Washakie	0.0	0.0	8.0	0.0	0.0	0.0	0.0	0.0	0.00101458	0.0	0.0	0.0
Fremont	0.515	110.738	171.035	0.0	0.0	0.0	1.303e-05	0.0028013	0.0043266	0.0	0.0	0.0
Big Horn	0.106	46.023	53.005	0.0	0.0	0.0	8.92e-06	0.00387366	0.00446132	0.0	0.0	0.0
Hot Springs	0.106	46.023	53.005	0.0	0.0	0.0	2.327e-05	0.01010384	0.01163666	0.0	0.0	0.0
Sweetwater	0.024	10.33	27.224	0.0	0.0	0.0	5.6e-07	0.00023995	0.00063237	0.0	0.0	0.0
unassigned	0.0	0.0	1.0	0.0	0.0	0.0	N/A	N/A	N/A	N/A	N/A	N/A
Sheridan	0.0	0.0	16.0	0.0	0.0	0.0	0.0	0.0	0.00052922	0.0	0.0	0.0
Crook	0.004	1.535	6.668	0.0	0.0	0.0	5.4e-07	0.00020604	0.00089503	0.0	0.0	0.0
Niobrara	0.053	23.01	27.001	0.0	0.0	0.0	2.219e-05	0.00963568	0.01130695	0.0	0.0	0.0
Campbell	0.016	8.23	27.005	0.0	0.0	0.0	3.5e-07	0.00017837	0.00058528	0.0	0.0	0.0
Albany	0.009	3.785	10.112	0.0	0.0	0.0	2.3e-07	9.805e-05	0.00026196	0.0	0.0	0.0
Johnson	0.0	0.204	15.459	0.0	0.0	1.0	0.0	2.411e-05	0.0018273	0.0	0.0	0.0001182
Converse	0.0	0.577	16.111	0.0	0.0	0.0	0.0	4.23e-05	0.00118116	0.0	0.0	0.0
Sublette	0.106	46.023	53.005	0.0	0.0	0.0	1.08e-05	0.00469	0.00540151	0.0	0.0	0.0
