Name	Predicted_New_Cases	Total_Predicted_New_Cases	Total_Predicted_Cases	Predicted_New_Deaths	Total_Predicted_New_Deaths	Total_Predicted_Deaths	Predicted_New_per_capita	Predicted_Total_New_per_capita	Predicted_Total_Cases_per_capita	Predicted_New_Deaths_per_capita	Total_Predicted_New_Deaths_per_capita	Total_Predicted_Deaths_per_capita
Goshen	0.0	0.0	5.0	0.459	2.958	2.958	0.0	0.0	0.0003738	3.432e-05	0.00022114	0.00022114
Laramie	4.869	25.55	222.55	0.459	2.958	2.958	4.919e-05	0.00025814	0.00224852	4.64e-06	2.989e-05	2.989e-05
Platte	0.0	0.0	1.0	0.459	2.958	2.958	0.0	0.0	0.00011674	5.358e-05	0.00034532	0.00034532
Lincoln	0.0	0.0	15.0	0.459	2.958	2.958	0.0	0.0	0.00077184	2.362e-05	0.00015221	0.00015221
Natrona	0.017	1.423	89.423	0.459	2.958	2.958	2.1e-07	1.799e-05	0.00113029	5.8e-06	3.739e-05	3.739e-05
Uinta	12.207	105.443	209.443	0.459	2.958	2.958	0.00060136	0.00519449	0.0103179	2.261e-05	0.00014572	0.00014572
Teton	1.838	12.446	119.446	0.459	2.958	2.958	7.963e-05	0.00053923	0.00517508	1.989e-05	0.00012816	0.00012816
Carbon	2.515	16.676	37.676	0.459	2.958	2.958	0.00016799	0.00111389	0.0025166	3.066e-05	0.00019758	0.00019758
Weston	0.0	0.0	1.0	0.459	2.958	2.958	0.0	0.0	0.00014353	6.588e-05	0.00042457	0.00042457
Park	2.125	11.15	19.15	0.459	2.958	2.958	7.247e-05	0.00038023	0.00065305	1.565e-05	0.00010087	0.00010087
Washakie	0.0	0.0	39.0	0.459	2.958	2.958	0.0	0.0	0.0049461	5.821e-05	0.00037514	0.00037514
Fremont	1.443	16.116	331.116	0.459	2.958	2.958	3.65e-05	0.00040768	0.00837611	1.161e-05	7.483e-05	7.483e-05
Big Horn	0.409	4.563	15.563	0.459	2.958	2.958	3.442e-05	0.00038406	0.00130991	3.863e-05	0.00024897	0.00024897
Hot Springs	0.0	0.0	12.0	0.459	2.958	2.958	0.0	0.0	0.00263447	0.00010077	0.0006494	0.0006494
Sweetwater	1.165	11.705	54.705	0.459	2.958	2.958	2.706e-05	0.00027189	0.0012707	1.066e-05	6.871e-05	6.871e-05
unassigned	0.373	2.582	19.582	0.459	2.958	2.958	N/A	N/A	N/A	N/A	N/A	N/A
Sheridan	0.136	1.818	20.818	0.459	2.958	2.958	4.5e-06	6.013e-05	0.00068859	1.518e-05	9.784e-05	9.784e-05
Crook	0.398	2.09	8.09	0.459	2.958	2.958	5.342e-05	0.00028054	0.00108591	6.161e-05	0.00039705	0.00039705
Niobrara	0.0	0.0	2.0	0.459	2.958	2.958	0.0	0.0	0.00083752	0.00019221	0.00123869	0.00123869
Campbell	1.59	15.983	61.983	0.459	2.958	2.958	3.446e-05	0.0003464	0.00134337	9.95e-06	6.411e-05	6.411e-05
Albany	0.055	0.616	28.616	0.459	2.958	2.958	1.42e-06	1.596e-05	0.00074133	1.189e-05	7.663e-05	7.663e-05
Johnson	0.0	0.0	19.0	0.0	0.0	1.0	0.0	0.0	0.00224586	0.0	0.0	0.0001182
Converse	0.0	0.0	24.0	0.0	0.0	0.0	0.0	0.0	0.00175953	0.0	0.0	0.0
Sublette	0.0	0.0	3.0	0.0	0.0	0.0	0.0	0.0	0.00030572	0.0	0.0	0.0
