Name	Predicted_New_Cases	Total_Predicted_New_Cases	Total_Predicted_Cases	Predicted_New_Deaths	Total_Predicted_New_Deaths	Total_Predicted_Deaths	Predicted_New_per_capita	Predicted_Total_New_per_capita	Predicted_Total_Cases_per_capita	Predicted_New_Deaths_per_capita	Total_Predicted_New_Deaths_per_capita	Total_Predicted_Deaths_per_capita
Goshen	0.005	6.883	17.883	0.051	30.353	30.353	3.7e-07	0.00051458	0.00133695	3.81e-06	0.00226921	0.00226921
Laramie	0.082	178.12	566.12	0.051	30.353	30.353	8.3e-07	0.00179963	0.00571977	5.2e-07	0.00030667	0.00030667
Platte	0.0	0.0	4.0	0.051	30.353	30.353	0.0	0.0	0.00046696	5.95e-06	0.00354343	0.00354343
Lincoln	12.505	2362.893	2426.893	0.051	30.353	30.353	0.00064346	0.12158552	0.12487872	2.62e-06	0.00156185	0.00156185
Natrona	0.0	33.152	214.152	0.051	30.353	30.353	0.0	0.00041904	0.00270684	6.4e-07	0.00038366	0.00038366
Uinta	0.071	84.196	307.196	0.051	30.353	30.353	3.5e-06	0.00414779	0.01513355	2.51e-06	0.0014953	0.0014953
Teton	11.408	2942.914	3168.914	0.051	30.353	30.353	0.00049426	0.12750375	0.13729535	2.21e-06	0.00131506	0.00131506
Carbon	0.117	54.368	96.368	0.051	30.353	30.353	7.82e-06	0.00363155	0.00643698	3.41e-06	0.00202745	0.00202745
Weston	0.004	8.1	12.1	0.051	30.353	30.353	5.7e-07	0.00116262	0.00173676	7.32e-06	0.00435668	0.00435668
Park	0.0	4.576	93.576	0.051	30.353	30.353	0.0	0.00015605	0.00319111	1.74e-06	0.00103509	0.00103509
Washakie	0.001	1.125	45.125	0.051	30.353	30.353	1.3e-07	0.00014268	0.00572289	6.47e-06	0.00384946	0.00384946
Fremont	0.119	157.49	588.49	0.051	30.353	30.353	3.01e-06	0.00398396	0.0148868	1.29e-06	0.00076783	0.00076783
Big Horn	0.0	0.954	32.954	0.051	30.353	30.353	0.0	8.03e-05	0.00277367	4.29e-06	0.00255475	0.00255475
Hot Springs	0.653	141.282	155.282	0.051	30.353	30.353	0.00014336	0.0310169	0.03409045	1.12e-05	0.00666367	0.00666367
Sweetwater	0.054	117.812	311.812	0.051	30.353	30.353	1.25e-06	0.00273657	0.00724285	1.18e-06	0.00070505	0.00070505
unassigned	0.035	24.601	48.601	0.051	30.353	30.353	N/A	N/A	N/A	N/A	N/A	N/A
Sheridan	0.017	36.681	76.681	0.051	30.353	30.353	5.6e-07	0.00121328	0.00253633	1.69e-06	0.00100397	0.00100397
Crook	0.009	9.837	18.837	0.051	30.353	30.353	1.21e-06	0.0013204	0.00252846	6.85e-06	0.00407423	0.00407423
Niobrara	0.0	0.0	2.0	0.051	30.353	30.353	0.0	0.0	0.00083752	2.136e-05	0.01271064	0.01271064
Campbell	0.0	6.987	103.987	0.051	30.353	30.353	0.0	0.00015143	0.00225373	1.11e-06	0.00065785	0.00065785
Albany	0.017	37.803	110.803	0.051	30.353	30.353	4.4e-07	0.00097933	0.00287047	1.32e-06	0.00078633	0.00078633
Johnson	0.002	4.947	26.947	0.0	0.0	1.0	2.4e-07	0.00058475	0.00318522	0.0	0.0	0.0001182
Converse	0.002	4.164	34.164	0.0	0.0	0.0	1.5e-07	0.00030528	0.00250469	0.0	0.0	0.0
Sublette	0.167	93.188	111.188	0.0	0.0	0.0	1.702e-05	0.00949638	0.01133068	0.0	0.0	0.0
