Name	Predicted_New_Cases	Total_Predicted_New_Cases	Total_Predicted_Cases	Predicted_New_Deaths	Total_Predicted_New_Deaths	Total_Predicted_Deaths	Predicted_New_per_capita	Predicted_Total_New_per_capita	Predicted_Total_Cases_per_capita	Predicted_New_Deaths_per_capita	Total_Predicted_New_Deaths_per_capita	Total_Predicted_Deaths_per_capita
Goshen	1.053	13.527	17.693	0.0	0.0	0.0	7.872e-05	0.00101129	0.00132274	0.0	0.0	0.0
Laramie	1.854	73.565	201.242	0.0	0.0	0.0	1.873e-05	0.00074326	0.00203324	0.0	0.0	0.0
Platte	0.0	0.0	0.0	0.0	0.0	0.0	0.0	0.0	0.0	0.0	0.0	0.0
Lincoln	0.103	4.528	14.32	0.0	0.0	0.0	5.3e-06	0.00023299	0.00073685	0.0	0.0	0.0
Natrona	0.455	20.066	72.575	0.0	0.0	0.0	5.75e-06	0.00025363	0.00091734	0.0	0.0	0.0
Uinta	0.891	23.85	32.135	0.0	0.0	0.0	4.389e-05	0.00117493	0.00158308	0.0	0.0	0.0
Teton	0.865	38.171	137.847	0.0	0.0	0.0	3.748e-05	0.00165378	0.00597231	0.0	0.0	0.0
Carbon	0.0	0.0	4.0	0.0	0.0	0.0	0.0	0.0	0.00026718	0.0	0.0	0.0
Weston	0.0	0.0	0.0	0.0	0.0	0.0	0.0	0.0	0.0	0.0	0.0	0.0
Park	0.0	0.0	1.0	0.0	0.0	0.0	0.0	0.0	3.41e-05	0.0	0.0	0.0
Washakie	3.158	40.581	49.081	0.0	0.0	0.0	0.00040051	0.00514661	0.0062246	0.0	0.0	0.0
Fremont	9.548	197.962	262.71	0.0	0.0	0.0	0.00024153	0.00500777	0.00664567	0.0	0.0	0.0
Big Horn	0.0	0.0	2.0	0.0	0.0	0.0	0.0	0.0	0.00016834	0.0	0.0	0.0
Hot Springs	0.0	0.0	3.0	0.0	0.0	0.0	0.0	0.0	0.00065862	0.0	0.0	0.0
Sweetwater	0.185	8.148	25.573	0.0	0.0	0.0	4.3e-06	0.00018926	0.00059402	0.0	0.0	0.0
unassigned	0.0	0.0	6.0	0.0	0.0	0.0	N/A	N/A	N/A	N/A	N/A	N/A
Sheridan	4.211	54.106	70.773	0.0	0.0	0.0	0.00013928	0.00178963	0.00234092	0.0	0.0	0.0
Crook	0.077	3.395	8.989	0.0	0.0	0.0	1.034e-05	0.0004557	0.00120658	0.0	0.0	0.0
Niobrara	0.0	0.0	2.0	0.0	0.0	0.0	0.0	0.0	0.00083752	0.0	0.0	0.0
Campbell	0.15	6.638	25.799	0.0	0.0	0.0	3.25e-06	0.00014387	0.00055915	0.0	0.0	0.0
Albany	0.065	2.868	9.369	0.0	0.0	0.0	1.68e-06	7.43e-05	0.00024271	0.0	0.0	0.0
Johnson	0.077	3.395	18.989	0.0	0.0	1.0	9.1e-06	0.0004013	0.00224456	0.0	0.0	0.0001182
Converse	0.173	7.619	24.952	0.0	0.0	0.0	1.268e-05	0.00055858	0.00182933	0.0	0.0	0.0
Sublette	2.106	27.055	30.389	0.0	0.0	0.0	0.00021461	0.00275706	0.00309681	0.0	0.0	0.0
