Name	Predicted_New_Cases	Total_Predicted_New_Cases	Total_Predicted_Cases	Predicted_New_Deaths	Total_Predicted_New_Deaths	Total_Predicted_Deaths	Predicted_New_per_capita	Predicted_Total_New_per_capita	Predicted_Total_Cases_per_capita	Predicted_New_Deaths_per_capita	Total_Predicted_New_Deaths_per_capita	Total_Predicted_Deaths_per_capita
Goshen	0.0	0.044	11.044	0.073	14.794	14.794	0.0	3.29e-06	0.00082566	5.46e-06	0.00110601	0.00110601
Laramie	0.389	142.455	564.455	0.073	14.794	14.794	3.93e-06	0.00143929	0.00570295	7.4e-07	0.00014947	0.00014947
Platte	1.449	116.431	121.431	0.073	14.794	14.794	0.00016916	0.01359223	0.01417593	8.52e-06	0.00172706	0.00172706
Lincoln	0.473	140.962	229.962	0.073	14.794	14.794	2.434e-05	0.00725337	0.01183297	3.76e-06	0.00076124	0.00076124
Natrona	0.271	77.009	277.009	0.073	14.794	14.794	3.43e-06	0.00097338	0.00350135	9.2e-07	0.00018699	0.00018699
Uinta	0.027	29.971	264.971	0.073	14.794	14.794	1.33e-06	0.00147648	0.0130534	3.6e-06	0.0007288	0.0007288
Teton	0.866	289.416	581.416	0.073	14.794	14.794	3.752e-05	0.01253914	0.02519024	3.16e-06	0.00064096	0.00064096
Carbon	14.589	1508.876	1576.876	0.073	14.794	14.794	0.00097448	0.10078659	0.1053287	4.88e-06	0.00098818	0.00098818
Weston	0.0	0.26	5.26	0.073	14.794	14.794	0.0	3.732e-05	0.00075499	1.048e-05	0.00212344	0.00212344
Park	0.151	42.785	143.785	0.073	14.794	14.794	5.15e-06	0.00145904	0.00490332	2.49e-06	0.0005045	0.0005045
Washakie	0.018	6.734	51.734	0.073	14.794	14.794	2.28e-06	0.00085403	0.00656107	9.26e-06	0.00187622	0.00187622
Fremont	0.261	99.125	554.125	0.073	14.794	14.794	6.6e-06	0.00250753	0.01401748	1.85e-06	0.00037424	0.00037424
Big Horn	0.034	10.566	43.566	0.073	14.794	14.794	2.86e-06	0.00088932	0.00366686	6.14e-06	0.00124518	0.00124518
Hot Springs	0.037	11.954	28.954	0.073	14.794	14.794	8.12e-06	0.00262437	0.00635653	1.603e-05	0.00324786	0.00324786
Sweetwater	0.52	178.573	399.573	0.073	14.794	14.794	1.208e-05	0.00414794	0.00928139	1.7e-06	0.00034364	0.00034364
unassigned	0.053	11.676	35.676	0.073	14.794	14.794	N/A	N/A	N/A	N/A	N/A	N/A
Sheridan	0.0	0.761	43.761	0.073	14.794	14.794	0.0	2.517e-05	0.00144746	2.41e-06	0.00048933	0.00048933
Crook	0.0	0.056	9.056	0.073	14.794	14.794	0.0	7.52e-06	0.00121557	9.8e-06	0.00198577	0.00198577
Niobrara	0.0	0.0	2.0	0.073	14.794	14.794	0.0	0.0	0.00083752	3.057e-05	0.00619514	0.00619514
Campbell	0.406	90.069	198.069	0.073	14.794	14.794	8.8e-06	0.00195208	0.00429278	1.58e-06	0.00032063	0.00032063
Albany	0.208	75.917	152.917	0.073	14.794	14.794	5.39e-06	0.00196671	0.00396148	1.89e-06	0.00038325	0.00038325
Converse	0.014	5.185	35.185	0.0	0.0	0.0	1.03e-06	0.00038013	0.00257955	0.0	0.0	0.0
Sublette	0.076	27.918	57.918	0.0	0.0	0.0	7.74e-06	0.002845	0.00590217	0.0	0.0	0.0
