Name	Predicted_New_Cases	Total_Predicted_New_Cases	Total_Predicted_Cases	Predicted_New_Deaths	Total_Predicted_New_Deaths	Total_Predicted_Deaths	Predicted_New_per_capita	Predicted_Total_New_per_capita	Predicted_Total_Cases_per_capita	Predicted_New_Deaths_per_capita	Total_Predicted_New_Deaths_per_capita	Total_Predicted_Deaths_per_capita
Goshen	1.378	506.946	532.946	0.0	4.34	4.34	0.00010302	0.03789967	0.03984345	0.0	0.00032446	0.00032446
Laramie	0.01	168.998	666.998	0.0	4.34	4.34	1e-07	0.00170746	0.00673899	0.0	4.385e-05	4.385e-05
Platte	0.0	0.0	5.0	0.0	4.34	4.34	0.0	0.0	0.0005837	0.0	0.00050665	0.00050665
Lincoln	0.002	27.476	127.476	0.0	4.34	4.34	1e-07	0.00141381	0.00655943	0.0	0.00022332	0.00022332
Natrona	0.0	37.308	266.308	0.0	4.34	4.34	0.0	0.00047157	0.00336609	0.0	5.486e-05	5.486e-05
Uinta	0.007	88.063	362.063	0.0	4.34	4.34	3.4e-07	0.00433829	0.01783649	0.0	0.0002138	0.0002138
Teton	0.0	46.265	416.265	0.0	4.34	4.34	0.0	0.00200446	0.01803496	0.0	0.00018803	0.00018803
Carbon	0.029	72.236	171.236	0.0	4.34	4.34	1.94e-06	0.00482506	0.01143785	0.0	0.00028989	0.00028989
Weston	0.0	0.014	5.014	0.0	4.34	4.34	0.0	2.01e-06	0.00071968	0.0	0.00062294	0.00062294
Park	0.0	34.46	166.46	0.0	4.34	4.34	0.0	0.00117515	0.00567658	0.0	0.000148	0.000148
Washakie	5.096	1408.437	1478.437	0.0	4.34	4.34	0.00064629	0.17862232	0.18749994	0.0	0.00055041	0.00055041
Fremont	0.08	161.744	664.744	0.0	4.34	4.34	2.02e-06	0.00409157	0.01681576	0.0	0.00010979	0.00010979
Big Horn	0.0	3.53	39.53	0.0	4.34	4.34	0.0	0.00029711	0.00332716	0.0	0.00036529	0.00036529
Hot Springs	0.0	1.101	24.101	0.0	4.34	4.34	0.0	0.00024171	0.00529111	0.0	0.0009528	0.0009528
Sweetwater	0.0	20.488	277.488	0.0	4.34	4.34	0.0	0.0004759	0.00644556	0.0	0.00010081	0.00010081
unassigned	0.0	2.032	29.032	0.0	4.34	4.34	N/A	N/A	N/A	N/A	N/A	N/A
Sheridan	0.0	37.258	109.258	0.0	4.34	4.34	0.0	0.00123236	0.00361387	0.0	0.00014355	0.00014355
Crook	0.379	104.76	114.76	0.0	4.34	4.34	5.087e-05	0.01406174	0.01540403	0.0	0.00058255	0.00058255
Niobrara	0.0	0.0	2.0	0.0	4.34	4.34	0.0	0.0	0.00083752	0.0	0.00181742	0.00181742
Campbell	0.0	3.621	126.621	0.0	4.34	4.34	0.0	7.848e-05	0.00274428	0.0	9.406e-05	9.406e-05
Albany	0.002	27.363	115.363	0.0	4.34	4.34	5e-08	0.00070887	0.0029886	0.0	0.00011243	0.00011243
Johnson	0.14	38.799	61.799	0.0	0.0	1.0	1.655e-05	0.00458617	0.00730485	0.0	0.0	0.0001182
Converse	0.517	164.252	196.252	0.0	0.0	0.0	3.79e-05	0.01204194	0.01438798	0.0	0.0	0.0
