Name	Predicted_New_Cases	Total_Predicted_New_Cases	Total_Predicted_Cases	Predicted_New_Deaths	Total_Predicted_New_Deaths	Total_Predicted_Deaths	Predicted_New_per_capita	Predicted_Total_New_per_capita	Predicted_Total_Cases_per_capita	Predicted_New_Deaths_per_capita	Total_Predicted_New_Deaths_per_capita	Total_Predicted_Deaths_per_capita
Goshen	0.0	0.0	5.0	0.341	0.639	0.639	0.0	0.0	0.0003738	2.549e-05	4.777e-05	4.777e-05
Laramie	2.087	4.194	186.194	0.341	0.639	0.639	2.109e-05	4.237e-05	0.0018812	3.45e-06	6.46e-06	6.46e-06
Platte	0.0	0.0	1.0	0.341	0.639	0.639	0.0	0.0	0.00011674	3.981e-05	7.46e-05	7.46e-05
Lincoln	0.467	0.938	15.938	0.341	0.639	0.639	2.403e-05	4.827e-05	0.00082011	1.755e-05	3.288e-05	3.288e-05
Natrona	2.139	3.872	70.872	0.341	0.639	0.639	2.704e-05	4.894e-05	0.00089581	4.31e-06	8.08e-06	8.08e-06
Uinta	0.285	0.516	13.516	0.341	0.639	0.639	1.404e-05	2.542e-05	0.00066585	1.68e-05	3.148e-05	3.148e-05
Teton	0.269	0.54	100.54	0.341	0.639	0.639	1.165e-05	2.34e-05	0.00435596	1.477e-05	2.769e-05	2.769e-05
Carbon	1.668	3.104	19.104	0.341	0.639	0.639	0.00011142	0.00020733	0.00127607	2.278e-05	4.268e-05	4.268e-05
Weston	0.0	0.0	0.0	0.0	0.0	0.0	0.0	0.0	0.0	0.0	0.0	0.0
Park	0.018	0.036	2.036	0.341	0.639	0.639	6.1e-07	1.23e-06	6.943e-05	1.163e-05	2.179e-05	2.179e-05
Washakie	1.24	2.244	22.244	0.341	0.639	0.639	0.00015726	0.00028459	0.00282105	4.325e-05	8.104e-05	8.104e-05
Fremont	4.939	10.01	247.01	0.341	0.639	0.639	0.00012494	0.00025322	0.00624851	8.63e-06	1.616e-05	1.616e-05
Big Horn	0.0	0.0	3.0	0.341	0.639	0.639	0.0	0.0	0.0002525	2.87e-05	5.378e-05	5.378e-05
Hot Springs	0.68	1.231	10.231	0.341	0.639	0.639	0.00014929	0.00027025	0.0022461	7.486e-05	0.00014029	0.00014029
Sweetwater	0.606	1.179	26.179	0.341	0.639	0.639	1.408e-05	2.739e-05	0.00060809	7.92e-06	1.484e-05	1.484e-05
unassigned	0.341	0.639	11.639	0.341	0.639	0.639	N/A	N/A	N/A	N/A	N/A	N/A
Sheridan	0.0	0.0	16.0	0.341	0.639	0.639	0.0	0.0	0.00052922	1.128e-05	2.114e-05	2.114e-05
Crook	0.0	0.0	5.0	0.341	0.639	0.639	0.0	0.0	0.00067114	4.577e-05	8.577e-05	8.577e-05
Niobrara	0.0	0.0	2.0	0.341	0.639	0.639	0.0	0.0	0.00083752	0.0001428	0.00026759	0.00026759
Campbell	0.022	0.058	30.058	0.341	0.639	0.639	4.8e-07	1.26e-06	0.00065145	7.39e-06	1.385e-05	1.385e-05
Albany	0.285	0.516	10.516	0.341	0.639	0.639	7.38e-06	1.337e-05	0.00027243	8.83e-06	1.655e-05	1.655e-05
Johnson	0.099	0.179	16.179	0.0	0.0	1.0	1.17e-05	2.116e-05	0.00191241	0.0	0.0	0.0001182
Converse	0.055	0.099	24.099	0.0	0.0	0.0	4.03e-06	7.26e-06	0.00176679	0.0	0.0	0.0
Sublette	0.0	0.0	3.0	0.0	0.0	0.0	0.0	0.0	0.00030572	0.0	0.0	0.0
