Name	Predicted_New_Cases	Total_Predicted_New_Cases	Total_Predicted_Cases	Predicted_New_Deaths	Total_Predicted_New_Deaths	Total_Predicted_Deaths	Predicted_New_per_capita	Predicted_Total_New_per_capita	Predicted_Total_Cases_per_capita	Predicted_New_Deaths_per_capita	Total_Predicted_New_Deaths_per_capita	Total_Predicted_Deaths_per_capita
Greer	0.0	0.0	66.0	0.0	0.0	7.0	0.0	0.0	0.01133826	0.0	0.0	0.00120254
Logan	0.0	0.067	19.067	0.0	0.0	1.0	0.0	1.42e-06	0.00040318	0.0	0.0	2.115e-05
Choctaw	5.396	46.593	136.593	0.0	0.0	1.0	0.00036788	0.00317651	0.00931231	0.0	0.0	6.818e-05
Wagoner	0.0	0.706	151.706	0.0	0.0	17.0	0.0	8.81e-06	0.00189372	0.0	0.0	0.00021221
Kay	0.356	3.259	60.259	0.0	0.0	7.0	8.06e-06	7.38e-05	0.00136453	0.0	0.0	0.00015851
Cherokee	0.121	1.197	32.197	0.0	0.0	1.0	2.49e-06	2.459e-05	0.00066147	0.0	0.0	2.054e-05
Sequoyah	0.638	3.194	19.194	0.0	0.0	3.0	1.549e-05	7.756e-05	0.00046611	0.0	0.0	7.285e-05
McClain	0.832	8.236	115.236	0.129	1.274	4.274	2.081e-05	0.00020598	0.00288198	3.23e-06	3.186e-05	0.00010689
Ellis	0.0	0.0	0.0	0.0	0.0	0.0	0.0	0.0	0.0	0.0	0.0	0.0
Harper	0.0	0.0	1.0	0.129	1.274	1.274	0.0	0.0	0.00026337	3.397e-05	0.00033553	0.00033553
Roger Mills	0.0	0.0	0.0	0.0	0.0	0.0	0.0	0.0	0.0	0.0	0.0	0.0
Comanche	0.103	6.913	299.913	0.0	0.0	3.0	8.6e-07	5.741e-05	0.00249052	0.0	0.0	2.491e-05
Lincoln	0.0	0.26	22.26	0.0	0.0	2.0	0.0	7.45e-06	0.00063746	0.0	0.0	5.727e-05
Payne	0.338	1.692	49.692	0.0	0.0	1.0	4.12e-06	2.062e-05	0.0006057	0.0	0.0	1.219e-05
Washington	1.833	16.341	354.341	0.651	4.158	40.158	3.536e-05	0.0003152	0.00683489	1.256e-05	8.02e-05	0.00077461
Beckham	1.127	5.641	12.641	0.651	4.158	4.158	5.191e-05	0.00025985	0.00058229	2.999e-05	0.00019153	0.00019153
Noble	0.0	0.0	7.0	0.651	4.158	4.158	0.0	0.0	0.00062007	5.767e-05	0.00036832	0.00036832
Love	0.011	0.386	16.386	0.651	4.158	4.158	1.09e-06	3.809e-05	0.00161693	6.424e-05	0.0004103	0.0004103
Kiowa	0.0	0.0	6.0	0.651	4.158	4.158	0.0	0.0	0.00068736	7.458e-05	0.00047634	0.00047634
Pawnee	0.231	2.284	34.284	0.0	0.0	2.0	1.409e-05	0.00013935	0.00209176	0.0	0.0	0.00012203
Oklahoma	8.573	85.718	1413.718	0.504	5.348	68.348	1.082e-05	0.00010815	0.00178369	6.4e-07	6.75e-06	8.623e-05
Jefferson	0.0	0.0	4.0	0.504	5.348	5.348	0.0	0.0	0.00065327	8.231e-05	0.00087343	0.00087343
McIntosh	0.038	0.374	14.374	0.0	0.0	1.0	1.92e-06	1.887e-05	0.00072541	0.0	0.0	5.047e-05
Custer	5.202	26.038	57.038	0.0	0.0	0.0	0.00017916	0.00089675	0.00196439	0.0	0.0	0.0
Blaine	0.01	0.68	8.68	0.0	0.0	0.0	1.05e-06	7.169e-05	0.00091513	0.0	0.0	0.0
Cotton	0.0	0.0	5.0	0.0	0.0	2.0	0.0	0.0	0.00086565	0.0	0.0	0.00034626
Le Flore	0.0	0.124	14.124	0.0	0.0	1.0	0.0	2.48e-06	0.00028259	0.0	0.0	2.001e-05
Alfalfa	0.0	0.0	1.0	0.0	0.0	0.0	0.0	0.0	0.00017379	0.0	0.0	0.0
Delaware	0.0	0.336	100.336	0.0	0.0	16.0	0.0	7.86e-06	0.00234797	0.0	0.0	0.00037442
Caddo	0.895	14.204	182.204	0.0	0.0	10.0	3.089e-05	0.00049018	0.00628788	0.0	0.0	0.0003451
Carter	2.226	22.046	73.046	0.0	0.0	1.0	4.62e-05	0.0004576	0.0015162	0.0	0.0	2.076e-05
Haskell	0.0	0.0	6.0	0.0	0.0	0.0	0.0	0.0	0.00047363	0.0	0.0	0.0
Grady	2.475	23.126	127.126	0.0	0.124	3.124	4.455e-05	0.0004163	0.00228846	0.0	2.23e-06	5.624e-05
Pushmataha	0.068	0.674	5.674	0.0	0.124	0.124	6.08e-06	6.029e-05	0.00050756	0.0	1.109e-05	1.109e-05
Major	0.0	0.0	6.0	0.0	0.0	1.0	0.0	0.0	0.00078493	0.0	0.0	0.00013082
Rogers	0.169	2.876	85.876	0.0	0.0	5.0	1.84e-06	3.127e-05	0.0009336	0.0	0.0	5.436e-05
Bryan	1.614	11.854	44.854	0.0	0.0	1.0	3.42e-05	0.00025119	0.00095046	0.0	0.0	2.119e-05
Washita	0.0	0.067	2.067	0.0	0.0	0.0	0.0	6.02e-06	0.00018576	0.0	0.0	0.0
Hughes	0.0	0.0	3.0	0.0	0.0	0.0	0.0	0.0	0.00022497	0.0	0.0	0.0
Okfuskee	0.451	2.936	7.936	0.0	0.0	0.0	3.728e-05	0.00024268	0.00065598	0.0	0.0	0.0
Beaver	0.0	0.0	24.0	0.0	0.0	0.0	0.0	0.0	0.00451213	0.0	0.0	0.0
Atoka	0.308	2.931	6.931	0.0	0.0	0.0	2.226e-05	0.00021181	0.00050087	0.0	0.0	0.0
Pontotoc	0.406	3.377	18.377	0.0	0.0	2.0	1.062e-05	8.829e-05	0.00048048	0.0	0.0	5.229e-05
Johnston	0.0	0.0	3.0	0.0	0.0	0.0	0.0	0.0	0.000274	0.0	0.0	0.0
Seminole	0.491	4.865	34.865	0.0	0.0	2.0	1.998e-05	0.00019794	0.00141855	0.0	0.0	8.137e-05
Marshall	0.0	0.044	10.044	0.0	0.0	0.0	0.0	2.62e-06	0.00059764	0.0	0.0	0.0
Mayes	0.003	0.124	31.124	0.0	0.0	4.0	7e-08	3.02e-06	0.00075715	0.0	0.0	9.731e-05
Osage	0.159	1.573	103.573	0.0	0.0	8.0	3.38e-06	3.346e-05	0.00220302	0.0	0.0	0.00017016
Okmulgee	0.386	3.817	28.817	0.0	0.0	0.0	1.007e-05	9.957e-05	0.00075172	0.0	0.0	0.0
Unassigned	0.0	0.0	43.0	0.0	0.0	5.0	N/A	N/A	N/A	N/A	N/A	N/A
Stephens	0.159	1.573	42.573	0.0	0.0	1.0	3.68e-06	3.636e-05	0.00098401	0.0	0.0	2.311e-05
Woodward	0.144	1.424	6.424	0.0	0.0	0.0	7.12e-06	7.042e-05	0.00031767	0.0	0.0	0.0
Muskogee	2.044	19.097	79.097	0.0	0.0	6.0	2.99e-05	0.00027935	0.00115703	0.0	0.0	8.777e-05
Out of OK	0.0	0.0	2.0	0.0	0.0	0.0	N/A	N/A	N/A	N/A	N/A	N/A
Creek	0.339	3.925	101.925	0.0	0.0	7.0	4.73e-06	5.482e-05	0.00142345	0.0	0.0	9.776e-05
Latimer	0.0	0.0	5.0	0.0	0.0	1.0	0.0	0.0	0.00048871	0.0	0.0	9.774e-05
Craig	0.0	0.0	15.0	0.0	0.0	0.0	0.0	0.0	0.00104851	0.0	0.0	0.0
Cimarron	0.0	0.0	1.0	0.0	0.0	0.0	0.0	0.0	0.00046447	0.0	0.0	0.0
Kingfisher	0.0	0.0	12.0	0.0	0.0	0.0	0.0	0.0	0.00075873	0.0	0.0	0.0
Pittsburg	0.638	3.194	44.194	0.0	0.0	3.0	1.454e-05	7.279e-05	0.00100722	0.0	0.0	6.837e-05
Murray	0.246	2.433	7.433	0.0	0.0	0.0	1.763e-05	0.00017437	0.00053272	0.0	0.0	0.0
Texas	1.416	32.877	976.877	0.009	0.122	6.122	6.923e-05	0.00160728	0.04775737	4.4e-07	5.96e-06	0.00029929
Canadian	0.703	6.962	143.962	0.0	0.0	3.0	4.87e-06	4.82e-05	0.00099664	0.0	0.0	2.077e-05
Dewey	0.174	1.723	4.723	0.0	0.0	0.0	3.555e-05	0.00035206	0.00096506	0.0	0.0	0.0
Tillman	0.0	0.124	23.124	0.0	0.0	1.0	0.0	1.688e-05	0.00314698	0.0	0.0	0.00013609
McCurtain	2.506	24.817	101.817	0.0	0.0	1.0	7.663e-05	0.00075886	0.00311338	0.0	0.0	3.058e-05
Tulsa	12.417	122.96	1231.96	1.198	11.866	70.866	1.915e-05	0.00018965	0.00190012	1.85e-06	1.83e-05	0.0001093
Cleveland	1.58	15.646	529.646	0.0	0.0	37.0	5.61e-06	5.555e-05	0.00188038	0.0	0.0	0.00013136
Nowata	0.0	0.0	23.0	0.0	0.0	0.0	0.0	0.0	0.00225093	0.0	0.0	0.0
Harmon	0.0	0.0	0.0	0.0	0.0	0.0	0.0	0.0	0.0	0.0	0.0	0.0
Ottawa	0.0	0.0	35.0	0.0	0.0	2.0	0.0	0.0	0.00112269	0.0	0.0	6.415e-05
Woods	0.0	0.0	3.0	0.0	0.0	0.0	0.0	0.0	0.00033719	0.0	0.0	0.0
Coal	1.69	8.46	11.46	0.0	0.0	0.0	0.00030616	0.00153261	0.00207609	0.0	0.0	0.0
Pottawatomie	1.102	7.516	70.516	0.0	0.0	4.0	1.516e-05	0.00010341	0.00097024	0.0	0.0	5.504e-05
Garvin	0.38	3.47	21.47	0.0	0.0	1.0	1.366e-05	0.00012477	0.000772	0.0	0.0	3.596e-05
Garfield	0.144	1.424	29.424	0.0	0.0	1.0	2.36e-06	2.338e-05	0.00048305	0.0	0.0	1.642e-05
Grant	0.0	0.0	2.0	0.0	0.0	0.0	0.0	0.0	0.00046232	0.0	0.0	0.0
Adair	1.318	10.967	103.967	0.046	0.282	4.282	5.969e-05	0.00049665	0.00470822	2.08e-06	1.277e-05	0.00019391
Jackson	0.529	5.24	32.24	0.166	1.647	4.647	2.12e-05	0.00021003	0.00129224	6.65e-06	6.601e-05	0.00018626
