Name	Predicted_New_Cases	Total_Predicted_New_Cases	Total_Predicted_Cases	Predicted_New_Deaths	Total_Predicted_New_Deaths	Total_Predicted_Deaths	Predicted_New_per_capita	Predicted_Total_New_per_capita	Predicted_Total_Cases_per_capita	Predicted_New_Deaths_per_capita	Total_Predicted_New_Deaths_per_capita	Total_Predicted_Deaths_per_capita
Greer	0.0	0.0	66.0	0.0	0.0	7.0	0.0	0.0	0.01133826	0.0	0.0	0.00120254
Logan	0.689	63.058	82.058	0.0	0.0	1.0	1.457e-05	0.0013334	0.00173517	0.0	0.0	2.115e-05
Choctaw	0.228	75.133	102.133	0.0	0.0	0.0	1.554e-05	0.00512224	0.00696298	0.0	0.0	0.0
Wagoner	0.156	53.681	203.681	0.0	0.0	17.0	1.95e-06	0.00067009	0.00254252	0.0	0.0	0.00021221
Kay	0.029	10.833	62.833	0.0	0.0	7.0	6.6e-07	0.00024531	0.00142282	0.0	0.0	0.00015851
Cherokee	0.009	3.663	32.663	0.0	0.0	1.0	1.8e-07	7.525e-05	0.00067104	0.0	0.0	2.054e-05
Sequoyah	0.0	0.0	14.0	0.0	0.0	3.0	0.0	0.0	0.00033998	0.0	0.0	7.285e-05
McClain	0.081	34.926	135.926	0.0	0.0	2.0	2.03e-06	0.00087348	0.00339942	0.0	0.0	5.002e-05
Ellis	0.0	0.0	0.0	0.0	0.0	0.0	0.0	0.0	0.0	0.0	0.0	0.0
Harper	0.0	0.0	1.0	0.0	0.0	0.0	0.0	0.0	0.00026337	0.0	0.0	0.0
Roger Mills	0.0	0.0	0.0	0.0	0.0	0.0	0.0	0.0	0.0	0.0	0.0	0.0
Comanche	0.371	159.453	433.453	0.0	0.0	3.0	3.08e-06	0.00132412	0.00359945	0.0	0.0	2.491e-05
Lincoln	0.026	11.087	33.087	0.0	0.0	2.0	7.4e-07	0.0003175	0.00094751	0.0	0.0	5.727e-05
Payne	0.0	0.051	45.051	0.0	0.0	1.0	0.0	6.2e-07	0.00054913	0.0	0.0	1.219e-05
Washington	0.114	39.222	353.222	0.208	42.956	77.956	2.2e-06	0.00075655	0.0068133	4.01e-06	0.00082858	0.00150369
Beckham	0.0	0.0	6.0	0.208	42.956	42.956	0.0	0.0	0.00027638	9.58e-06	0.00197872	0.00197872
Noble	0.0	0.0	7.0	0.208	42.956	42.956	0.0	0.0	0.00062007	1.843e-05	0.00380512	0.00380512
Love	11.948	1092.983	1107.983	0.208	42.956	42.956	0.001179	0.10785307	0.10933323	2.052e-05	0.0042388	0.0042388
Kiowa	0.0	0.0	6.0	0.208	42.956	42.956	0.0	0.0	0.00068736	2.383e-05	0.00492107	0.00492107
Pawnee	0.0	0.0	30.0	0.0	0.0	2.0	0.0	0.0	0.00183038	0.0	0.0	0.00012203
Oklahoma	2.217	730.065	1957.065	0.086	36.918	94.918	2.8e-06	0.00092112	0.00246923	1.1e-07	4.658e-05	0.00011976
Jefferson	0.0	0.0	4.0	0.086	36.918	36.918	0.0	0.0	0.00065327	1.405e-05	0.0060294	0.0060294
McIntosh	0.0	0.213	11.213	0.0	0.0	1.0	0.0	1.075e-05	0.00056588	0.0	0.0	5.047e-05
Custer	0.0	0.0	13.0	0.0	0.0	0.0	0.0	0.0	0.00044772	0.0	0.0	0.0
Blaine	0.025	8.455	14.455	0.0	0.0	0.0	2.64e-06	0.00089141	0.00152399	0.0	0.0	0.0
Cotton	0.0	0.0	5.0	0.0	0.0	2.0	0.0	0.0	0.00086565	0.0	0.0	0.00034626
Le Flore	0.383	35.03	49.03	0.0	0.0	1.0	7.66e-06	0.00070088	0.00098099	0.0	0.0	2.001e-05
Alfalfa	0.0	0.0	1.0	0.0	0.0	0.0	0.0	0.0	0.00017379	0.0	0.0	0.0
Delaware	0.047	17.175	117.175	0.0	0.0	16.0	1.1e-06	0.00040191	0.00274203	0.0	0.0	0.00037442
Caddo	0.252	96.208	249.208	0.005	1.255	11.255	8.7e-06	0.00332015	0.0086002	1.7e-07	4.331e-05	0.00038841
Carter	0.1	43.136	79.136	0.0	0.0	1.0	2.08e-06	0.00089537	0.00164261	0.0	0.0	2.076e-05
Haskell	0.009	3.769	9.769	0.0	0.0	0.0	7.1e-07	0.00029752	0.00077116	0.0	0.0	0.0
Grady	0.105	45.126	128.126	0.383	35.03	38.03	1.89e-06	0.00081233	0.00230646	6.89e-06	0.00063059	0.0006846
Pushmataha	0.009	3.769	5.769	0.383	35.03	35.03	8.1e-07	0.00033715	0.00051606	3.426e-05	0.00313355	0.00313355
Major	0.0	0.0	6.0	0.0	0.0	1.0	0.0	0.0	0.00078493	0.0	0.0	0.00013082
Rogers	6.587	602.543	681.543	0.0	0.0	5.0	7.161e-05	0.00655052	0.00740936	0.0	0.0	5.436e-05
Bryan	0.039	19.806	42.806	0.0	0.0	1.0	8.3e-07	0.00041969	0.00090706	0.0	0.0	2.119e-05
Washita	0.008	3.324	5.324	0.0	0.0	0.0	7.2e-07	0.00029873	0.00047848	0.0	0.0	0.0
Hughes	0.0	0.0	0.0	0.0	0.0	0.0	0.0	0.0	0.0	0.0	0.0	0.0
Okfuskee	1.302	119.107	122.107	0.0	0.0	0.0	0.00010762	0.00984518	0.01009316	0.0	0.0	0.0
Beaver	0.0	0.65	24.65	0.0	0.0	0.0	0.0	0.0001222	0.00463433	0.0	0.0	0.0
Atoka	0.0	0.0	2.0	0.0	0.0	0.0	0.0	0.0	0.00014453	0.0	0.0	0.0
Pontotoc	0.006	2.44	14.44	0.0	0.0	2.0	1.6e-07	6.38e-05	0.00037755	0.0	0.0	5.229e-05
Johnston	0.0	0.0	3.0	0.0	0.0	0.0	0.0	0.0	0.000274	0.0	0.0	0.0
Seminole	1.072	98.088	121.088	0.0	0.0	2.0	4.362e-05	0.00399089	0.00492668	0.0	0.0	8.137e-05
Marshall	0.0	2.66	10.66	0.0	0.0	0.0	0.0	0.00015828	0.0006343	0.0	0.0	0.0
Mayes	0.013	5.437	35.437	0.0	0.0	4.0	3.2e-07	0.00013226	0.00086207	0.0	0.0	9.731e-05
Osage	0.035	12.473	105.473	0.0	0.0	8.0	7.4e-07	0.0002653	0.00224344	0.0	0.0	0.00017016
Okmulgee	0.076	26.3	49.3	0.0	0.0	0.0	1.98e-06	0.00068606	0.00128603	0.0	0.0	0.0
Unassigned	0.0	0.0	1.0	0.0	0.0	5.0	N/A	N/A	N/A	N/A	N/A	N/A
Stephens	0.146	55.672	92.672	0.0	0.0	1.0	3.37e-06	0.00128677	0.00214196	0.0	0.0	2.311e-05
Woodward	0.398	67.77	71.77	0.0	0.0	0.0	1.968e-05	0.0033513	0.0035491	0.0	0.0	0.0
Muskogee	0.414	85.443	124.443	0.0	0.0	6.0	6.06e-06	0.00124986	0.00182035	0.0	0.0	8.777e-05
Out of OK	0.0	0.0	2.0	0.0	0.0	0.0	N/A	N/A	N/A	N/A	N/A	N/A
Creek	0.256	61.277	154.277	0.0	0.0	7.0	3.58e-06	0.00085578	0.00215459	0.0	0.0	9.776e-05
Latimer	0.006	2.659	7.659	0.0	0.0	1.0	5.9e-07	0.0002599	0.00074861	0.0	0.0	9.774e-05
Craig	0.0	0.769	15.769	0.0	0.0	0.0	0.0	5.375e-05	0.00110226	0.0	0.0	0.0
Cimarron	0.0	0.0	1.0	0.0	0.0	0.0	0.0	0.0	0.00046447	0.0	0.0	0.0
Kingfisher	1.302	119.107	130.107	0.0	0.0	0.0	8.232e-05	0.00753079	0.00822629	0.0	0.0	0.0
Pittsburg	0.013	5.655	45.655	0.0	0.0	3.0	3e-07	0.00012888	0.00104052	0.0	0.0	6.837e-05
Murray	0.0	0.0	3.0	0.0	0.0	0.0	0.0	0.0	0.00021501	0.0	0.0	0.0
Texas	0.0	103.891	1005.891	0.0	1.233	6.233	0.0	0.005079	0.0491758	0.0	6.028e-05	0.00030472
Canadian	0.122	41.99	169.99	0.0	0.0	3.0	8.4e-07	0.00029069	0.00117683	0.0	0.0	2.077e-05
Dewey	0.141	25.762	29.762	0.0	0.0	0.0	2.881e-05	0.005264	0.00608132	0.0	0.0	0.0
Tillman	0.0	0.705	23.705	0.0	0.0	1.0	0.0	9.594e-05	0.00322605	0.0	0.0	0.00013609
McCurtain	17.233	1576.419	1608.419	0.0	0.0	0.0	0.00052695	0.04820411	0.04918261	0.0	0.0	0.0
Tulsa	1.781	635.863	1593.863	0.433	94.17	143.17	2.75e-06	0.00098073	0.0024583	6.7e-07	0.00014524	0.00022082
Cleveland	0.262	96.575	590.575	0.059	13.512	50.512	9.3e-07	0.00034287	0.0020967	2.1e-07	4.797e-05	0.00017933
Nowata	0.0	0.0	23.0	0.059	13.512	13.512	0.0	0.0	0.00225093	5.77e-06	0.00132237	0.00132237
Harmon	0.0	0.0	0.0	0.0	0.0	0.0	0.0	0.0	0.0	0.0	0.0	0.0
Ottawa	0.0	0.067	35.067	0.0	0.0	2.0	0.0	2.15e-06	0.00112484	0.0	0.0	6.415e-05
Woods	0.0	0.0	3.0	0.0	0.0	0.0	0.0	0.0	0.00033719	0.0	0.0	0.0
Coal	0.0	0.0	1.0	0.0	0.0	0.0	0.0	0.0	0.00018116	0.0	0.0	0.0
Pottawatomie	0.0	0.03	58.03	0.0	0.0	4.0	0.0	4.1e-07	0.00079844	0.0	0.0	5.504e-05
Garvin	0.0	0.0	16.0	0.0	0.0	1.0	0.0	0.0	0.00057531	0.0	0.0	3.596e-05
Garfield	0.097	24.388	50.388	0.0	0.0	1.0	1.59e-06	0.00040037	0.00082721	0.0	0.0	1.642e-05
Grant	0.0	0.0	2.0	0.0	0.0	0.0	0.0	0.0	0.00046232	0.0	0.0	0.0
Adair	0.076	28.14	110.14	0.0	0.0	3.0	3.44e-06	0.00127434	0.00498777	0.0	0.0	0.00013586
Jackson	0.006	2.659	26.659	1.723	157.642	159.642	2.4e-07	0.00010658	0.00106854	6.906e-05	0.00631857	0.00639873
