Name	Predicted_New_Cases	Total_Predicted_New_Cases	Total_Predicted_Cases	Predicted_New_Deaths	Total_Predicted_New_Deaths	Total_Predicted_Deaths	Predicted_New_per_capita	Predicted_Total_New_per_capita	Predicted_Total_Cases_per_capita	Predicted_New_Deaths_per_capita	Total_Predicted_New_Deaths_per_capita	Total_Predicted_Deaths_per_capita
Logan	0.001	131.351	320.351	0.0	0.0	1.0	2e-08	0.00277751	0.00677404	0.0	0.0	2.115e-05
Wagoner	0.006	595.224	1333.224	0.006	26.007	48.007	7e-08	0.00743008	0.01664242	7e-08	0.00032464	0.00059926
Kay	0.0	145.519	362.519	0.001	8.742	18.742	0.0	0.00329519	0.00820903	2e-08	0.00019796	0.0004244
Cherokee	0.006	440.652	791.652	0.0	0.0	1.0	1.2e-07	0.00905294	0.01626404	0.0	0.0	2.054e-05
Sequoyah	0.01	478.372	742.372	0.007	14.527	18.527	2.4e-07	0.01161689	0.01802793	1.7e-07	0.00035278	0.00044991
McClain	0.0	194.851	591.851	0.0	0.0	4.0	0.0	0.0048731	0.01480183	0.0	0.0	0.00010004
Ellis	0.0	0.038	3.038	0.0	0.0	0.0	0.0	9.62e-06	0.00076872	0.0	0.0	0.0
Harper	0.0	16.41	25.41	0.0	0.0	0.0	0.0	0.00432183	0.00669213	0.0	0.0	0.0
Roger Mills	0.0	4.582	12.582	0.0	0.0	0.0	0.0	0.00125328	0.00344147	0.0	0.0	0.0
Comanche	0.0	432.379	1210.379	0.001	8.036	18.036	0.0	0.00359053	0.01005115	1e-08	6.673e-05	0.00014977
Washington	0.0	152.611	727.611	0.0	0.0	39.0	0.0	0.00294371	0.01403489	0.0	0.0	0.00075227
Blaine	0.038	161.008	199.008	0.0	0.0	0.0	4.01e-06	0.01697501	0.02098134	0.0	0.0	0.0
Le Flore	1.156	1737.566	1986.566	0.0	0.0	1.0	2.313e-05	0.03476523	0.03974722	0.0	0.0	2.001e-05
Caddo	0.004	339.731	712.731	0.005	20.752	34.752	1.4e-07	0.01172416	0.02459644	1.7e-07	0.00071615	0.0011993
Carter	0.004	229.581	537.581	0.0	0.0	3.0	8e-08	0.00476537	0.01115846	0.0	0.0	6.227e-05
Haskell	0.057	135.781	178.781	0.0	0.0	0.0	4.5e-06	0.01071842	0.0141128	0.0	0.0	0.0
Pushmataha	0.003	174.177	274.177	0.0	0.399	0.399	2.7e-07	0.01558073	0.02452608	0.0	3.569e-05	3.569e-05
Rogers	0.0	784.344	1607.344	0.002	15.589	29.589	0.0	0.00852696	0.01747417	2e-08	0.00016948	0.00032168
Washita	0.0	33.188	57.188	0.0	0.0	0.0	0.0	0.00298265	0.00513957	0.0	0.0	0.0
Pontotoc	0.001	178.326	355.326	0.0	0.0	2.0	3e-08	0.00466248	0.0092903	0.0	0.0	5.229e-05
Seminole	0.0	245.758	438.758	0.0	0.235	5.235	0.0	0.0099991	0.01785166	0.0	9.56e-06	0.000213
Marshall	0.488	653.095	750.095	0.0	0.235	0.235	2.904e-05	0.03886082	0.04463257	0.0	1.398e-05	1.398e-05
Osage	0.0	271.436	638.436	0.001	10.4	21.4	0.0	0.00577351	0.0135797	2e-08	0.00022121	0.00045518
Unassigned	0.0	25.338	41.338	11.912	5437.125	5438.125	N/A	N/A	N/A	N/A	N/A	N/A
Stephens	0.0	123.444	298.444	0.0	7.112	9.112	0.0	0.00285321	0.00689805	0.0	0.00016438	0.00021061
Woodward	0.0	8.434	40.434	0.0	7.112	7.112	0.0	0.00041707	0.00199951	0.0	0.0003517	0.0003517
Muskogee	0.0	419.205	867.205	0.0	0.473	16.473	0.0	0.00613213	0.01268548	0.0	6.92e-06	0.00024097
Out of OK	0.0	0.0	2.0	0.0	0.473	0.473	N/A	N/A	N/A	N/A	N/A	N/A
Creek	0.0	528.34	1028.34	0.001	15.117	28.117	0.0	0.00737864	0.01436149	1e-08	0.00021112	0.00039267
Latimer	0.005	165.231	236.231	0.0	0.0	1.0	4.9e-07	0.01615003	0.02308973	0.0	0.0	9.774e-05
Craig	0.002	97.021	174.021	0.0	0.0	0.0	1.4e-07	0.00678184	0.0121642	0.0	0.0	0.0
Kingfisher	0.007	176.568	287.568	0.0	0.0	0.0	4.4e-07	0.01116388	0.01818209	0.0	0.0	0.0
Texas	0.0	64.988	1100.988	0.0	0.0	7.0	0.0	0.00317712	0.05382488	0.0	0.0	0.00034221
Canadian	0.013	992.565	2081.565	0.004	12.153	17.153	9e-08	0.00687148	0.01441058	3e-08	8.413e-05	0.00011875
Dewey	0.001	19.212	27.212	0.004	12.153	12.153	2e-07	0.00392562	0.00556028	8.2e-07	0.00248324	0.00248324
Tulsa	0.0	5980.355	15139.355	0.065	129.912	230.912	0.0	0.00922382	0.02335023	1e-07	0.00020037	0.00035615
Cleveland	0.055	2727.164	5452.164	0.053	105.553	154.553	2e-07	0.00968216	0.01935663	1.9e-07	0.00037474	0.0005487
Nowata	0.002	51.876	107.876	0.0	0.0	1.0	2e-07	0.00507692	0.01055745	0.0	0.0	9.787e-05
Harmon	3.724	1933.906	1958.906	0.0	0.0	0.0	0.0013979	0.72594069	0.73532508	0.0	0.0	0.0
Ottawa	0.004	307.951	654.951	0.0	0.0	2.0	1.3e-07	0.00987814	0.02100885	0.0	0.0	6.415e-05
Pottawatomie	0.0	360.633	760.633	0.0	2.363	10.363	0.0	0.004962	0.01046565	0.0	3.251e-05	0.00014259
Garvin	0.0	125.24	333.24	0.0	4.251	8.251	0.0	0.00450325	0.01198231	0.0	0.00015285	0.00029668
Garfield	0.0	426.074	798.074	0.001	12.988	16.988	0.0	0.0069948	0.01310187	2e-08	0.00021322	0.00027889
Grant	0.001	26.754	38.754	0.001	12.988	12.988	2.3e-07	0.00618447	0.00895839	2.3e-07	0.00300231	0.00300231
Adair	0.0	236.182	541.182	0.0	4.251	9.251	0.0	0.01069568	0.02450783	0.0	0.00019251	0.00041894
Jackson	0.0	503.966	989.966	0.0	1.581	5.581	0.0	0.02019985	0.03967959	0.0	6.337e-05	0.0002237
