Name	Predicted_New_Cases	Total_Predicted_New_Cases	Total_Predicted_Cases	Predicted_New_Deaths	Total_Predicted_New_Deaths	Total_Predicted_Deaths	Predicted_New_per_capita	Predicted_Total_New_per_capita	Predicted_Total_Cases_per_capita	Predicted_New_Deaths_per_capita	Total_Predicted_New_Deaths_per_capita	Total_Predicted_Deaths_per_capita
Greer	0.368	4.132	62.061	0.103	0.969	7.108	6.322e-05	0.00070984	0.01066157	1.769e-05	0.00016647	0.0012211
Logan	0.182	1.987	12.392	0.103	0.969	1.108	3.85e-06	4.202e-05	0.00026204	2.18e-06	2.049e-05	2.343e-05
Choctaw	0.119	1.339	4.64	0.103	0.969	1.108	8.11e-06	9.129e-05	0.00031633	7.02e-06	6.606e-05	7.554e-05
Wagoner	4.812	54.079	178.237	0.813	7.636	20.73	6.007e-05	0.00067506	0.0022249	1.015e-05	9.532e-05	0.00025877
Kay	0.0	0.636	47.737	0.0	0.0	6.0	0.0	1.44e-05	0.00108098	0.0	0.0	0.00013587
Cherokee	0.525	5.904	31.232	0.0	0.0	1.0	1.079e-05	0.00012129	0.00064164	0.0	0.0	2.054e-05
Sequoyah	0.001	0.039	10.09	0.0	0.007	2.014	2e-08	9.5e-07	0.00024503	0.0	1.7e-07	4.891e-05
McClain	0.276	3.236	27.0	0.0	0.007	0.014	6.9e-06	8.093e-05	0.00067525	0.0	1.8e-07	3.5e-07
Ellis	0.0	0.0	0.0	0.0	0.0	0.0	0.0	0.0	0.0	0.0	0.0	0.0
Harper	0.0	0.0	1.0	0.0	0.007	0.014	0.0	0.0	0.00026337	0.0	1.84e-06	3.69e-06
Roger Mills	0.0	0.0	0.0	0.0	0.0	0.0	0.0	0.0	0.0	0.0	0.0	0.0
Comanche	1.522	16.869	92.42	0.0	0.007	0.014	1.264e-05	0.00014008	0.00076747	0.0	6e-08	1.2e-07
Lincoln	0.004	0.04	10.048	0.0	0.007	0.014	1.1e-07	1.15e-06	0.00028774	0.0	2e-07	4e-07
Payne	0.978	10.834	52.115	0.0	0.007	0.014	1.192e-05	0.00013206	0.00063524	0.0	9e-08	1.7e-07
Washington	0.549	27.774	232.082	0.106	1.691	12.208	1.059e-05	0.00053573	0.00447663	2.04e-06	3.262e-05	0.00023548
Beckham	0.21	2.108	4.45	0.106	1.691	2.208	9.67e-06	9.71e-05	0.00020498	4.88e-06	7.789e-05	0.00010171
Noble	0.0	0.0	6.0	0.106	1.691	2.208	0.0	0.0	0.00053149	9.39e-06	0.00014979	0.00019559
Love	0.0	0.0	2.0	0.106	1.691	2.208	0.0	0.0	0.00019736	1.046e-05	0.00016686	0.00021788
Kiowa	0.105	1.18	4.445	0.106	1.691	2.208	1.203e-05	0.00013518	0.00050922	1.214e-05	0.00019372	0.00025295
Pawnee	0.008	0.596	29.163	0.0	0.036	2.067	4.9e-07	3.636e-05	0.00177932	0.0	2.2e-06	0.00012611
Oklahoma	6.397	91.241	708.343	0.325	4.414	29.69	8.07e-06	0.00011512	0.00089372	4.1e-07	5.57e-06	3.746e-05
Jefferson	0.788	8.855	12.846	0.325	4.414	5.69	0.0001287	0.00144619	0.00209799	5.308e-05	0.00072089	0.00092928
McIntosh	0.158	1.773	4.171	0.325	4.414	5.69	7.97e-06	8.948e-05	0.0002105	1.64e-05	0.00022276	0.00028716
Custer	0.367	3.958	14.73	0.325	4.414	5.69	1.264e-05	0.00013631	0.0005073	1.119e-05	0.00015202	0.00019596
Blaine	0.0	0.0	0.0	0.0	0.0	0.0	0.0	0.0	0.0	0.0	0.0	0.0
Cotton	0.095	1.063	6.302	0.325	4.414	5.69	1.645e-05	0.00018404	0.00109107	5.627e-05	0.0007642	0.00098511
Le Flore	0.318	3.526	11.269	0.325	4.414	5.69	6.36e-06	7.055e-05	0.00022547	6.5e-06	8.832e-05	0.00011385
Alfalfa	0.0	0.0	1.0	0.325	4.414	5.69	0.0	0.0	0.00017379	5.648e-05	0.00076712	0.00098888
Delaware	4.273	50.024	148.824	0.0	0.0	9.0	9.999e-05	0.00117062	0.00348265	0.0	0.0	0.00021061
Caddo	13.4	110.594	176.218	0.0	0.0	3.0	0.00046244	0.00381661	0.00608131	0.0	0.0	0.00010353
Carter	0.0	0.0	1.0	0.0	0.0	0.0	0.0	0.0	2.076e-05	0.0	0.0	0.0
Haskell	0.788	8.855	13.846	0.0	0.0	0.0	6.22e-05	0.00069901	0.00109299	0.0	0.0	0.0
Grady	3.199	22.634	47.891	0.0	0.0	1.0	5.759e-05	0.00040745	0.00086211	0.0	0.0	1.8e-05
Pushmataha	0.0	0.0	0.0	0.0	0.0	0.0	0.0	0.0	0.0	0.0	0.0	0.0
Major	0.0	0.0	2.0	0.0	0.0	1.0	0.0	0.0	0.00026164	0.0	0.0	0.00013082
Rogers	1.051	11.809	54.463	0.0	0.0	2.0	1.143e-05	0.00012838	0.00059209	0.0	0.0	2.174e-05
Bryan	0.224	2.52	9.086	0.0	0.0	0.0	4.75e-06	5.34e-05	0.00019253	0.0	0.0	0.0
Washita	0.0	0.0	0.0	0.0	0.0	0.0	0.0	0.0	0.0	0.0	0.0	0.0
Hughes	0.0	0.0	0.0	0.0	0.0	0.0	0.0	0.0	0.0	0.0	0.0	0.0
Okfuskee	0.0	0.0	1.0	0.0	0.0	0.0	0.0	0.0	8.266e-05	0.0	0.0	0.0
Beaver	0.0	0.0	1.0	0.0	0.0	0.0	0.0	0.0	0.00018801	0.0	0.0	0.0
Atoka	0.0	0.0	1.0	0.0	0.0	0.0	0.0	0.0	7.226e-05	0.0	0.0	0.0
Pontotoc	0.066	0.861	11.095	0.0	0.0	1.0	1.73e-06	2.251e-05	0.00029009	0.0	0.0	2.615e-05
Johnston	0.0	0.0	3.0	0.0	0.0	0.0	0.0	0.0	0.000274	0.0	0.0	0.0
Seminole	0.0	0.231	9.436	0.0	0.0	1.0	0.0	9.4e-06	0.00038392	0.0	0.0	4.069e-05
Marshall	0.0	0.0	2.0	0.0	0.0	0.0	0.0	0.0	0.00011901	0.0	0.0	0.0
Mayes	0.748	8.287	29.032	0.0	0.0	3.0	1.82e-05	0.0002016	0.00070625	0.0	0.0	7.298e-05
Osage	0.475	10.835	79.947	0.0	0.0	8.0	1.01e-05	0.00023046	0.00170049	0.0	0.0	0.00017016
Okmulgee	0.005	0.332	15.648	0.0	0.0	0.0	1.3e-07	8.66e-06	0.00040819	0.0	0.0	0.0
Unassigned	0.0	0.0	108.0	0.0	0.0	5.0	N/A	N/A	N/A	N/A	N/A	N/A
Stephens	0.008	0.647	20.165	0.0	0.0	1.0	1.8e-07	1.495e-05	0.00046608	0.0	0.0	2.311e-05
Woodward	0.0	0.0	1.0	0.0	0.0	0.0	0.0	0.0	4.945e-05	0.0	0.0	0.0
Muskogee	0.487	5.471	32.701	1.025	5.516	8.853	7.12e-06	8.003e-05	0.00047835	1.499e-05	8.069e-05	0.0001295
Out of OK	0.0	0.0	2.0	1.025	5.516	5.853	N/A	N/A	N/A	N/A	N/A	N/A
Creek	0.865	9.722	80.908	0.096	0.905	5.035	1.208e-05	0.00013577	0.00112994	1.34e-06	1.264e-05	7.032e-05
Latimer	0.0	0.0	4.0	0.0	0.0	1.0	0.0	0.0	0.00039097	0.0	0.0	9.774e-05
Craig	0.004	0.225	8.478	0.0	0.0	0.0	2.8e-07	1.573e-05	0.00059262	0.0	0.0	0.0
Cimarron	0.0	0.0	0.0	0.0	0.0	0.0	0.0	0.0	0.0	0.0	0.0	0.0
Kingfisher	0.0	0.0	6.0	0.0	0.0	0.0	0.0	0.0	0.00037936	0.0	0.0	0.0
Pittsburg	0.944	10.336	32.44	0.0	0.0	1.0	2.151e-05	0.00023557	0.00073934	0.0	0.0	2.279e-05
Murray	0.0	0.0	1.0	0.0	0.0	0.0	0.0	0.0	7.167e-05	0.0	0.0	0.0
Texas	3.62	25.608	60.162	0.0	0.0	1.0	0.00017697	0.00125192	0.00294119	0.0	0.0	4.889e-05
Canadian	0.988	13.204	93.101	0.189	2.126	5.604	6.84e-06	9.141e-05	0.00064453	1.31e-06	1.472e-05	3.88e-05
Dewey	0.0	0.0	2.0	0.189	2.126	2.604	0.0	0.0	0.00040866	3.862e-05	0.00043441	0.00053208
Tillman	0.105	1.18	2.445	0.189	2.126	2.604	1.429e-05	0.00016059	0.00033274	2.572e-05	0.00028933	0.00035438
McCurtain	0.0	0.531	9.004	0.189	2.126	2.604	0.0	1.624e-05	0.00027533	5.78e-06	6.501e-05	7.963e-05
Tulsa	7.557	84.936	536.03	1.061	9.967	36.394	1.166e-05	0.000131	0.00082675	1.64e-06	1.537e-05	5.613e-05
Cleveland	3.362	53.727	415.154	0.387	5.348	29.879	1.194e-05	0.00019075	0.00147391	1.37e-06	1.899e-05	0.00010608
Nowata	1.257	7.372	20.895	0.387	5.348	6.879	0.00012302	0.00072147	0.00204492	3.787e-05	0.00052339	0.00067322
Harmon	0.0	0.0	0.0	0.0	0.0	0.0	0.0	0.0	0.0	0.0	0.0	0.0
Ottawa	0.791	8.893	37.892	0.387	5.348	6.879	2.537e-05	0.00028526	0.00121546	1.241e-05	0.00017155	0.00022066
Woods	0.0	0.0	3.0	0.387	5.348	6.879	0.0	0.0	0.00033719	4.35e-05	0.0006011	0.00077318
Coal	0.0	0.0	0.0	0.0	0.0	0.0	0.0	0.0	0.0	0.0	0.0	0.0
Pottawatomie	0.946	10.629	49.018	0.31	2.911	7.328	1.302e-05	0.00014625	0.00067445	4.27e-06	4.005e-05	0.00010083
Garvin	0.001	0.06	12.117	0.31	2.911	3.328	4e-08	2.16e-06	0.00043569	1.115e-05	0.00010467	0.00011966
Garfield	0.947	8.541	20.703	0.0	0.0	1.0	1.555e-05	0.00014022	0.00033988	0.0	0.0	1.642e-05
Grant	0.0	0.0	2.0	0.0	0.0	0.0	0.0	0.0	0.00046232	0.0	0.0	0.0
Adair	0.83	9.329	58.426	0.0	0.0	3.0	3.759e-05	0.00042247	0.00264587	0.0	0.0	0.00013586
Jackson	0.095	1.063	9.302	0.0	0.0	0.0	3.81e-06	4.261e-05	0.00037284	0.0	0.0	0.0
