Name	Predicted_New_Cases	Total_Predicted_New_Cases	Total_Predicted_Cases	Predicted_New_Deaths	Total_Predicted_New_Deaths	Total_Predicted_Deaths	Predicted_New_per_capita	Predicted_Total_New_per_capita	Predicted_Total_Cases_per_capita	Predicted_New_Deaths_per_capita	Total_Predicted_New_Deaths_per_capita	Total_Predicted_Deaths_per_capita
Josephine	0.0	2.471	21.471	0.0	0.0	1.0	0.0	2.827e-05	0.00024568	0.0	0.0	1.144e-05
Linn	0.045	25.987	86.987	0.029	10.123	16.123	3.5e-07	0.00020408	0.00068314	2.3e-07	7.95e-05	0.00012662
Lane	0.078	45.281	93.281	0.0	0.0	1.0	2.1e-07	0.00011928	0.00024573	0.0	0.0	2.63e-06
Hood River	0.0	0.331	4.331	0.0	0.0	0.0	0.0	1.413e-05	0.00018486	0.0	0.0	0.0
Curry	0.0	0.0	4.0	0.0	0.0	0.0	0.0	0.0	0.00017534	0.0	0.0	0.0
Yamhill	0.023	16.614	51.614	0.015	5.955	11.955	2.1e-07	0.00015527	0.00048236	1.4e-07	5.565e-05	0.00011173
Coos	0.0	0.0	1.0	0.015	5.955	5.955	0.0	0.0	1.553e-05	2.3e-07	9.248e-05	9.248e-05
Lincoln	0.0	0.0	5.0	0.015	5.955	5.955	0.0	0.0	0.00010124	3e-07	0.00012058	0.00012058
Multnomah	0.993	573.472	1093.472	0.261	91.774	119.774	1.22e-06	0.00070635	0.00134684	3.2e-07	0.00011304	0.00014753
Washington	0.0	94.073	502.073	0.0	2.217	10.217	0.0	0.00015739	0.00084002	0.0	3.71e-06	1.709e-05
Harney	0.0	0.0	0.0	0.0	0.0	0.0	0.0	0.0	0.0	0.0	0.0	0.0
Clatsop	0.0	0.272	6.272	0.0	2.217	2.217	0.0	6.84e-06	0.00015773	0.0	5.575e-05	5.575e-05
Clackamas	0.19	135.302	306.302	0.012	4.765	9.765	4.6e-07	0.00032519	0.00073617	3e-08	1.145e-05	2.347e-05
Klamath	0.0	10.3	41.3	0.012	4.765	4.765	0.0	0.00015225	0.00061047	1.8e-07	7.043e-05	7.043e-05
Morrow	0.0	0.197	5.197	0.012	4.765	4.765	0.0	1.732e-05	0.000457	1.06e-06	0.00041901	0.00041901
Jefferson	0.0	0.0	1.0	0.012	4.765	4.765	0.0	0.0	4.134e-05	5e-07	0.00019697	0.00019697
Baker	0.0	0.0	0.0	0.0	0.0	0.0	0.0	0.0	0.0	0.0	0.0	0.0
Douglas	0.093	42.708	65.708	0.012	4.765	4.765	8.4e-07	0.00038726	0.00059581	1.1e-07	4.321e-05	4.321e-05
Marion	0.493	284.839	655.839	0.06	21.16	35.16	1.42e-06	0.00082117	0.00189075	1.7e-07	6.1e-05	0.00010136
Wheeler	0.0	0.0	0.0	0.0	0.0	0.0	0.0	0.0	0.0	0.0	0.0	0.0
Malheur	0.009	5.024	10.024	0.06	21.16	21.16	2.9e-07	0.00016352	0.00032625	1.95e-06	0.00068869	0.00068869
Benton	0.066	27.745	55.745	0.172	42.566	47.566	7.2e-07	0.00030125	0.00060526	1.87e-06	0.00046217	0.00051645
Columbia	0.028	16.395	30.395	0.172	42.566	42.566	5.3e-07	0.00031302	0.00058031	3.28e-06	0.00081268	0.00081268
Sherman	0.0	0.0	1.0	0.172	42.566	42.566	0.0	0.0	0.00058548	0.0001007	0.02492155	0.02492155
Lake	0.0	0.0	0.0	0.0	0.0	0.0	0.0	0.0	0.0	0.0	0.0	0.0
Unassigned	0.0	0.0	1.0	0.172	42.566	42.566	N/A	N/A	N/A	N/A	N/A	N/A
Gilliam	0.0	0.0	0.0	0.0	0.0	0.0	0.0	0.0	0.0	0.0	0.0	0.0
Crook	0.0	0.0	1.0	0.172	42.566	42.566	0.0	0.0	4.19e-05	7.21e-06	0.00178347	0.00178347
Union	0.0	0.62	4.62	0.172	42.566	42.566	0.0	2.343e-05	0.0001746	6.5e-06	0.00160863	0.00160863
Tillamook	0.022	9.141	15.141	0.172	42.566	42.566	8.2e-07	0.00034125	0.00056524	6.42e-06	0.00158905	0.00158905
Deschutes	0.031	31.381	95.381	0.172	42.566	42.566	1.6e-07	0.00016345	0.00049679	9e-07	0.0002217	0.0002217
Wallowa	0.0	0.0	1.0	0.172	42.566	42.566	0.0	0.0	0.00014122	2.429e-05	0.0060113	0.0060113
Umatilla	0.117	51.109	78.109	0.172	42.566	42.566	1.51e-06	0.00065933	0.00100765	2.22e-06	0.00054913	0.00054913
Wasco	0.016	9.033	19.033	0.172	42.566	42.566	6e-07	0.0003408	0.00071809	6.49e-06	0.00160596	0.00160596
Polk	0.0	1.723	34.723	0.0	0.0	1.0	0.0	2.021e-05	0.00040738	0.0	0.0	1.173e-05
Grant	0.0	0.0	1.0	0.0	0.0	0.0	0.0	0.0	0.00013935	0.0	0.0	0.0
Jackson	0.0	1.401	50.401	0.0	0.0	0.0	0.0	6.38e-06	0.00022955	0.0	0.0	0.0
