Liberty	0.0	0.0	0.0	0.0	0.0	0.0	0.0	0.0	0.0	0.0	0.0	0.0	2020-03-22
Liberty	0.0	0.0	0.0	0.0	0.0	0.0	0.0	0.0	0.0	0.0	0.0	0.0	2020-03-23
Liberty	1.0	0.0	0.0	0.0	1.626e-05	0.0	5.0	2.0	1.25	8.13e-05	3.252e-05	2.0325e-05	2020-03-24
Liberty	1.0	0.0	0.0	0.0	1.626e-05	0.0	5.0	2.0	1.25	8.13e-05	3.252e-05	2.0325e-05	2020-03-25
Liberty	1.0	0.0	0.0	0.0	1.626e-05	0.0	5.0	2.0	1.25	8.13e-05	3.252e-05	2.0325e-05	2020-03-26
Liberty	1.0	0.0	0.0	0.0	1.626e-05	0.0	5.0	2.0	1.25	8.13e-05	3.252e-05	2.0325e-05	2020-03-27
Liberty	2.0	0.0	0.0	0.0	3.252e-05	0.0	10.0	4.0	2.5	0.0001626	6.504e-05	4.065e-05	2020-03-28
Liberty	3.0	0.0	0.0	0.0	4.878e-05	0.0	15.0	6.0	3.75	0.0002439	9.756e-05	6.0975e-05	2020-03-29
Liberty	4.0	0.0	0.0	0.0	6.504e-05	0.0	20.0	8.0	5.0	0.0003252	0.00013008	8.13e-05	2020-03-30
Liberty	5.0	0.0	0.0	0.0	8.13e-05	0.0	25.0	10.0	6.25	0.0004065	0.0001626	0.000101625	2020-03-31
Liberty	5.0	0.0	0.0	0.0	8.13e-05	0.0	25.0	10.0	6.25	0.0004065	0.0001626	0.000101625	2020-04-01
Liberty	7.0	0.0	0.0	0.0	0.00011383	0.0	35.0	14.0	8.75	0.00056915	0.00022766	0.0001422875	2020-04-02
Liberty	7.0	0.0	0.0	0.0	0.00011383	0.0	35.0	14.0	8.75	0.00056915	0.00022766	0.0001422875	2020-04-03
Liberty	1	0	0	0	_2020-3-24
Liberty	1	0	0	0	_2020-3-25
Liberty	1	0	0	0	_2020-3-26
