Name	Predicted_New_Cases	Total_Predicted_New_Cases	Total_Predicted_Cases	Predicted_New_Deaths	Total_Predicted_New_Deaths	Total_Predicted_Deaths	Predicted_New_per_capita	Predicted_Total_New_per_capita	Predicted_Total_Cases_per_capita	Predicted_New_Deaths_per_capita	Total_Predicted_New_Deaths_per_capita	Total_Predicted_Deaths_per_capita
Logan	0.13	6.258	23.258	0.0	0.0	1.0	6.04e-06	0.00029069	0.00108036	0.0	0.0	4.645e-05
Mesa	0.0	0.74	35.74	0.0	0.0	0.0	0.0	4.83e-06	0.00023328	0.0	0.0	0.0
San Miguel	0.046	3.307	18.307	0.0	0.0	0.0	5.62e-06	0.00040374	0.00223501	0.0	0.0	0.0
Delta	14.248	229.671	251.671	0.0	0.0	1.0	0.00046031	0.00741999	0.00813075	0.0	0.0	3.231e-05
Weld	19.359	933.822	1996.822	1.395	67.28	131.28	6.159e-05	0.00297107	0.00635313	4.44e-06	0.00021406	0.00041768
Lincoln	0.123	5.035	8.035	1.395	67.28	67.28	2.193e-05	0.0008975	0.00143226	0.00024866	0.01199287	0.01199287
Ouray	4.721	56.885	61.885	0.0	0.0	1.0	0.00097683	0.01177012	0.01280468	0.0	0.0	0.00020691
Washington	0.288	12.539	18.539	0.0	0.0	0.0	5.867e-05	0.00255429	0.00377653	0.0	0.0	0.0
Crowley	0.049	2.347	4.347	0.0	0.0	1.0	8.36e-06	0.00040065	0.00074206	0.0	0.0	0.00017071
Kiowa	0.0	0.0	0.0	0.0	0.0	0.0	0.0	0.0	0.0	0.0	0.0	0.0
Huerfano	0.0	0.0	1.0	0.0	0.0	0.0	0.0	0.0	0.00014516	0.0	0.0	0.0
Broomfield	1.86	89.709	190.709	0.0	0.0	2.0	2.685e-05	0.00129512	0.00275324	0.0	0.0	2.887e-05
Jefferson	9.606	510.93	1467.93	0.728	30.801	66.801	1.656e-05	0.00088056	0.0025299	1.25e-06	5.308e-05	0.00011513
Park	0.0	0.62	6.62	0.728	30.801	30.801	0.0	3.341e-05	0.00035676	3.923e-05	0.00165989	0.00165989
Custer	0.0	0.0	2.0	0.728	30.801	30.801	0.0	0.0	0.00040371	0.00014695	0.0062174	0.0062174
Douglas	1.425	115.267	483.267	0.159	11.197	27.197	4.16e-06	0.00033628	0.00140986	4.6e-07	3.267e-05	7.934e-05
San Juan	0.0	0.0	0.0	0.0	0.0	0.0	0.0	0.0	0.0	0.0	0.0	0.0
Summit	1.934	84.286	177.286	0.0	0.0	1.0	6.237e-05	0.00271829	0.00571761	0.0	0.0	3.225e-05
Rio Grande	5.665	68.258	75.258	0.0	0.0	0.0	0.00050356	0.00606738	0.0066896	0.0	0.0	0.0
Fremont	0.232	11.213	21.213	0.0	0.0	0.0	4.83e-06	0.0002335	0.00044174	0.0	0.0	0.0
Gilpin	0.0	0.0	1.0	0.0	0.0	0.0	0.0	0.0	0.00016337	0.0	0.0	0.0
Pueblo	1.531	70.4	157.4	0.548	17.496	23.496	9.14e-06	0.00042023	0.00093954	3.27e-06	0.00010444	0.00014025
Grand	0.0	0.0	4.0	0.548	17.496	17.496	0.0	0.0	0.00025765	3.53e-05	0.00112696	0.00112696
Eagle	2.51	163.669	648.669	0.058	3.049	10.049	4.564e-05	0.00297618	0.01179548	1.05e-06	5.544e-05	0.00018273
La Plata	0.0	5.657	57.657	0.058	3.049	3.049	0.0	0.00010046	0.00102392	1.03e-06	5.415e-05	5.415e-05
Teller	0.384	16.754	40.754	0.0	0.62	2.62	1.531e-05	0.00066794	0.00162477	0.0	2.472e-05	0.00010445
Montrose	1.663	80.233	157.233	0.481	16.838	23.838	3.939e-05	0.00190063	0.00372466	1.139e-05	0.00039887	0.00056469
Las Animas	0.081	3.912	6.912	0.481	16.838	16.838	5.59e-06	0.00026974	0.00047659	3.317e-05	0.001161	0.001161
El Paso	7.798	407.039	1138.039	1.286	52.64	101.64	1.092e-05	0.0005702	0.00159421	1.8e-06	7.374e-05	0.00014238
Moffat	0.007	0.348	4.348	1.286	52.64	52.64	5.3e-07	2.639e-05	0.00032969	9.751e-05	0.00399151	0.00399151
Prowers	0.0	0.0	1.0	1.286	52.64	52.64	0.0	0.0	8.221e-05	0.00010572	0.00432752	0.00432752
Hinsdale	0.115	5.565	8.565	1.286	52.64	52.64	0.0001418	0.0068619	0.01056104	0.0015857	0.06490752	0.06490752
Mineral	0.0	0.0	2.0	1.286	52.64	52.64	0.0	0.0	0.00257732	0.00165722	0.06783505	0.06783505
Yuma	0.007	0.348	3.348	1.286	52.64	52.64	7e-07	3.473e-05	0.00033413	0.00012834	0.00525349	0.00525349
Elbert	0.387	18.688	41.688	0.0	0.0	1.0	1.472e-05	0.00071106	0.00158618	0.0	0.0	3.805e-05
Larimer	2.774	124.332	363.332	0.247	7.522	19.522	7.91e-06	0.00035471	0.00103656	7e-07	2.146e-05	5.569e-05
Lake	0.243	11.734	19.734	0.247	7.522	7.522	3.106e-05	0.00149974	0.00252224	3.157e-05	0.0009614	0.0009614
Unassigned	5.656	272.852	386.852	0.0	0.0	1.0	N/A	N/A	N/A	N/A	N/A	N/A
Adams	17.851	861.068	1776.068	1.1	38.48	73.48	3.487e-05	0.00168221	0.00346978	2.15e-06	7.518e-05	0.00014355
Gunnison	0.469	22.602	136.602	0.097	4.696	7.696	2.719e-05	0.00131056	0.00792079	5.62e-06	0.0002723	0.00044625
Chaffee	0.434	20.948	58.948	0.206	7.212	11.212	2.167e-05	0.00104599	0.00294343	1.029e-05	0.00036011	0.00055984
Baca	0.049	2.347	12.347	0.206	7.212	7.212	1.367e-05	0.00065467	0.00344407	5.746e-05	0.00201172	0.00201172
Costilla	0.0	0.0	3.0	0.206	7.212	7.212	0.0	0.0	0.0007837	5.381e-05	0.00188401	0.00188401
Phillips	0.027	1.303	6.303	0.206	7.212	7.212	6.3e-06	0.00030401	0.0014706	4.806e-05	0.00168269	0.00168269
Routt	0.593	28.599	77.599	0.0	0.0	2.0	2.304e-05	0.00111137	0.00301554	0.0	0.0	7.772e-05
Otero	0.0	0.626	6.626	0.0	0.0	0.0	0.0	3.396e-05	0.00035948	0.0	0.0	0.0
Saguache	0.0	0.0	3.0	0.0	0.0	0.0	0.0	0.0	0.0004384	0.0	0.0	0.0
Denver	29.403	1418.336	3202.336	0.904	59.181	134.181	4.104e-05	0.00197956	0.00446947	1.26e-06	8.26e-05	0.00018727
Out of CO	0.0	0.0	1.0	0.904	59.181	59.181	N/A	N/A	N/A	N/A	N/A	N/A
Cheyenne	0.0	0.0	0.0	0.0	0.0	0.0	0.0	0.0	0.0	0.0	0.0	0.0
Archuleta	0.0	0.0	7.0	0.904	59.181	59.181	0.0	0.0	0.00050854	6.567e-05	0.00429938	0.00429938
Pitkin	0.41	21.827	78.827	0.0	0.0	2.0	2.284e-05	0.00121599	0.00439148	0.0	0.0	0.00011142
Morgan	6.431	272.001	429.001	0.0	0.0	2.0	0.00022519	0.00952451	0.0150221	0.0	0.0	7.003e-05
Montezuma	0.0	2.813	15.813	0.0	0.0	2.0	0.0	0.00010754	0.00060452	0.0	0.0	7.646e-05
Rio Blanco	0.0	0.0	1.0	0.0	0.0	0.0	0.0	0.0	0.00015783	0.0	0.0	0.0
Clear Creek	0.0	0.69	11.69	0.0	0.0	0.0	0.0	7.184e-05	0.00121707	0.0	0.0	0.0
Bent	0.0	0.0	0.0	0.0	0.0	0.0	0.0	0.0	0.0	0.0	0.0	0.0
Alamosa	0.0	0.622	7.622	0.0	0.0	2.0	0.0	3.728e-05	0.00045687	0.0	0.0	0.00011988
Dolores	0.0	0.0	0.0	0.0	0.0	0.0	0.0	0.0	0.0	0.0	0.0	0.0
Boulder	5.274	254.421	606.421	1.512	52.913	69.913	1.617e-05	0.00078025	0.00185974	4.64e-06	0.00016227	0.00021441
Conejos	0.0	0.0	0.0	0.0	0.0	0.0	0.0	0.0	0.0	0.0	0.0	0.0
Kit Carson	1.381	40.213	58.213	0.0	0.0	1.0	0.0001928	0.00561399	0.0081269	0.0	0.0	0.00013961
Garfield	0.83	38.198	108.198	0.0	0.0	2.0	1.389e-05	0.00063908	0.00181024	0.0	0.0	3.346e-05
Sedgwick	0.0	0.0	0.0	0.0	0.0	0.0	0.0	0.0	0.0	0.0	0.0	0.0
Arapahoe	25.976	1253.007	2789.007	1.721	83.009	148.009	3.989e-05	0.00192411	0.00428277	2.64e-06	0.00012747	0.00022728
Jackson	0.0	0.0	0.0	0.0	0.0	0.0	0.0	0.0	0.0	0.0	0.0	0.0
