Name	Predicted_New_Cases	Total_Predicted_New_Cases	Total_Predicted_Cases	Predicted_New_Deaths	Total_Predicted_New_Deaths	Total_Predicted_Deaths	Predicted_New_per_capita	Predicted_Total_New_per_capita	Predicted_Total_Cases_per_capita	Predicted_New_Deaths_per_capita	Total_Predicted_New_Deaths_per_capita	Total_Predicted_Deaths_per_capita
Josephine	0.402	44.398	118.398	0.0	0.0	1.0	4.6e-06	0.00050803	0.00135478	0.0	0.0	1.144e-05
Linn	0.21	44.906	242.906	0.0	0.0	10.0	1.65e-06	0.00035266	0.00190761	0.0	0.0	7.853e-05
Lane	1.986	257.424	658.424	0.0	0.0	3.0	5.23e-06	0.00067813	0.00173447	0.0	0.0	7.9e-06
Hood River	1.463	124.248	259.248	0.0	0.0	0.0	6.245e-05	0.0053034	0.01106573	0.0	0.0	0.0
Curry	0.008	1.028	11.028	0.0	0.0	0.0	3.5e-07	4.506e-05	0.00048341	0.0	0.0	0.0
Yamhill	0.0	37.005	285.005	0.0	0.0	9.0	0.0	0.00034583	0.00266355	0.0	0.0	8.411e-05
Coos	0.525	55.373	125.373	0.0	0.0	0.0	8.15e-06	0.00085998	0.00194712	0.0	0.0	0.0
Lincoln	0.164	21.288	392.288	0.216	18.335	26.335	3.32e-06	0.00043104	0.00794298	4.37e-06	0.00037124	0.00053323
Multnomah	19.608	2164.713	5795.713	0.074	8.524	84.524	2.415e-05	0.0026663	0.00713863	9e-08	1.05e-05	0.00010411
Washington	11.172	1292.124	3568.124	0.067	4.956	26.956	1.869e-05	0.00216185	0.00596981	1.1e-07	8.29e-06	4.51e-05
Harney	0.003	0.411	5.411	0.067	4.956	4.956	4.1e-07	5.608e-05	0.0007383	9.14e-06	0.00067622	0.00067622
Clatsop	15.814	479.239	546.239	0.067	4.956	4.956	0.0003977	0.01205208	0.01373702	1.68e-06	0.00012464	0.00012464
Clackamas	3.951	512.07	1668.07	0.216	18.335	51.335	9.5e-06	0.00123072	0.00400906	5.2e-07	4.407e-05	0.00012338
Klamath	0.561	59.137	215.137	0.0	0.0	1.0	8.29e-06	0.00087412	0.00318001	0.0	0.0	1.478e-05
Morrow	1.149	148.923	353.923	0.0	0.0	1.0	0.00010104	0.01309559	0.03112232	0.0	0.0	8.794e-05
Jefferson	0.694	89.989	303.989	0.0	0.0	0.0	2.869e-05	0.00371978	0.01256568	0.0	0.0	0.0
Baker	0.0	1.135	16.135	0.0	0.0	0.0	0.0	7.091e-05	0.00100806	0.0	0.0	0.0
Douglas	1.851	150.032	240.032	0.0	0.0	1.0	1.678e-05	0.00136043	0.00217651	0.0	0.0	9.07e-06
Marion	7.11	921.396	3131.396	0.135	17.484	79.484	2.05e-05	0.00265633	0.00902763	3.9e-07	5.041e-05	0.00022915
Wheeler	0.0	0.0	0.0	0.0	0.0	0.0	0.0	0.0	0.0	0.0	0.0	0.0
Malheur	2.392	398.606	915.606	0.087	11.713	17.713	7.785e-05	0.01297334	0.02980003	2.83e-06	0.00038122	0.0005765
Benton	0.013	31.815	160.815	0.0	0.0	6.0	1.4e-07	0.00034544	0.00174607	0.0	0.0	6.515e-05
Columbia	0.324	41.961	104.961	0.0	0.0	0.0	6.19e-06	0.00080113	0.00200395	0.0	0.0	0.0
Sherman	0.082	9.445	17.445	0.0	0.0	0.0	4.801e-05	0.00552986	0.0102137	0.0	0.0	0.0
Lake	0.056	7.199	37.199	0.0	0.0	0.0	7.11e-06	0.00091369	0.00472128	0.0	0.0	0.0
Unassigned	0.0	0.0	1.0	0.0	0.0	0.0	N/A	N/A	N/A	N/A	N/A	N/A
Gilliam	0.0	0.0	2.0	0.0	0.0	0.0	0.0	0.0	0.00105597	0.0	0.0	0.0
Crook	0.133	17.174	47.174	0.0	0.0	1.0	5.57e-06	0.00071957	0.00197654	0.0	0.0	4.19e-05
Union	0.47	51.92	436.92	0.0	0.067	2.067	1.776e-05	0.00196213	0.01651185	0.0	2.53e-06	7.811e-05
Tillamook	0.252	27.778	50.778	0.0	0.067	0.067	9.41e-06	0.001037	0.00189562	0.0	2.5e-06	2.5e-06
Deschutes	4.547	440.006	818.006	0.0	0.0	1.0	2.368e-05	0.00229175	0.00426054	0.0	0.0	5.21e-06
Wallowa	0.057	8.063	26.063	0.0	0.0	1.0	8.05e-06	0.00113868	0.00368069	0.0	0.0	0.00014122
Umatilla	8.203	1030.092	2468.092	0.152	12.315	22.315	0.00010582	0.01328877	0.03183978	1.96e-06	0.00015887	0.00028788
Wasco	0.0	10.872	141.872	0.195	15.093	18.093	0.0	0.00041019	0.00535265	7.36e-06	0.00056944	0.00068263
Polk	1.458	135.146	342.146	0.0	0.0	12.0	1.711e-05	0.00158559	0.0040142	0.0	0.0	0.00014079
Grant	0.0	0.0	1.0	0.0	0.0	0.0	0.0	0.0	0.00013935	0.0	0.0	0.0
Jackson	2.174	219.586	466.586	0.0	0.0	0.0	9.9e-06	0.0010001	0.00212506	0.0	0.0	0.0
