Name	Predicted_New_Cases	Total_Predicted_New_Cases	Total_Predicted_Cases	Predicted_New_Deaths	Total_Predicted_New_Deaths	Total_Predicted_Deaths	Predicted_New_per_capita	Predicted_Total_New_per_capita	Predicted_Total_Cases_per_capita	Predicted_New_Deaths_per_capita	Total_Predicted_New_Deaths_per_capita	Total_Predicted_Deaths_per_capita
Josephine	0.0	0.537	23.537	0.0	0.0	1.0	0.0	6.14e-06	0.00026932	0.0	0.0	1.144e-05
Linn	0.467	74.235	198.235	0.0	0.0	9.0	3.67e-06	0.00058299	0.0015568	0.0	0.0	7.068e-05
Lane	0.126	32.588	113.588	0.0	0.124	3.124	3.3e-07	8.585e-05	0.00029922	0.0	3.3e-07	8.23e-06
Hood River	20.437	1433.2	1498.2	0.0	0.124	0.124	0.00087233	0.06117466	0.06394912	0.0	5.29e-06	5.29e-06
Curry	0.0	0.067	7.067	0.0	0.124	0.124	0.0	2.94e-06	0.00030978	0.0	5.44e-06	5.44e-06
Yamhill	11.362	747.609	832.609	0.0	0.0	7.0	0.00010618	0.00698687	0.00778125	0.0	0.0	6.542e-05
Coos	1.873	108.367	140.367	0.0	0.0	0.0	2.909e-05	0.001683	0.00217998	0.0	0.0	0.0
Lincoln	56.028	3241.499	3398.499	0.0	0.0	0.0	0.00113445	0.06563333	0.06881224	0.0	0.0	0.0
Multnomah	1.45	376.356	1705.356	0.261	41.454	107.454	1.79e-06	0.00046356	0.0021005	3.2e-07	5.106e-05	0.00013235
Washington	0.632	164.118	971.118	0.042	7.514	25.514	1.06e-06	0.00027458	0.00162477	7e-08	1.257e-05	4.269e-05
Harney	0.0	0.0	1.0	0.042	7.514	7.514	0.0	0.0	0.00013644	5.73e-06	0.00102524	0.00102524
Clatsop	0.0	0.0	45.0	0.042	7.514	7.514	0.0	0.0	0.00113168	1.06e-06	0.00018896	0.00018896
Clackamas	2.016	320.252	713.252	0.507	42.927	55.927	4.85e-06	0.0007697	0.00171424	1.22e-06	0.00010317	0.00013442
Klamath	0.0	0.925	46.925	0.507	42.927	42.927	0.0	1.367e-05	0.00069361	7.49e-06	0.00063452	0.00063452
Morrow	1.487	86.057	99.057	0.507	42.927	42.927	0.00013076	0.00756745	0.0087106	4.458e-05	0.0037748	0.0037748
Jefferson	0.302	78.423	136.423	0.507	42.927	42.927	1.248e-05	0.00324169	0.00563918	2.096e-05	0.00177443	0.00177443
Baker	0.0	0.0	1.0	0.507	42.927	42.927	0.0	0.0	6.248e-05	3.168e-05	0.00268193	0.00268193
Douglas	0.029	8.016	37.016	0.507	42.927	42.927	2.6e-07	7.269e-05	0.00033565	4.6e-06	0.00038924	0.00038924
Marion	1.287	311.369	1377.369	0.092	14.629	44.629	3.71e-06	0.00089766	0.00397087	2.7e-07	4.217e-05	0.00012866
Wheeler	0.0	0.0	0.0	0.0	0.0	0.0	0.0	0.0	0.0	0.0	0.0	0.0
Malheur	0.017	4.342	37.342	0.0	0.0	1.0	5.5e-07	0.00014132	0.00121536	0.0	0.0	3.255e-05
Benton	11.349	656.588	719.588	0.0	0.0	5.0	0.00012322	0.007129	0.00781303	0.0	0.0	5.429e-05
Columbia	0.0	0.0	17.0	0.0	0.0	0.0	0.0	0.0	0.00032457	0.0	0.0	0.0
Sherman	0.0	0.0	1.0	0.0	0.0	0.0	0.0	0.0	0.00058548	0.0	0.0	0.0
Lake	0.0	0.0	2.0	0.0	0.0	0.0	0.0	0.0	0.00025384	0.0	0.0	0.0
Unassigned	0.0	0.0	1.0	0.0	0.0	0.0	N/A	N/A	N/A	N/A	N/A	N/A
Gilliam	0.0	0.0	0.0	0.0	0.0	0.0	0.0	0.0	0.0	0.0	0.0	0.0
Crook	0.0	0.0	6.0	0.0	0.0	0.0	0.0	0.0	0.00025139	0.0	0.0	0.0
Union	0.0	0.0	7.0	0.0	0.0	0.0	0.0	0.0	0.00026454	0.0	0.0	0.0
Tillamook	0.0	0.0	6.0	0.0	0.0	0.0	0.0	0.0	0.00022399	0.0	0.0	0.0
Deschutes	0.141	36.601	170.601	0.0	0.0	0.0	7.3e-07	0.00019063	0.00088857	0.0	0.0	0.0
Wallowa	0.551	31.873	34.873	0.0	0.0	0.0	7.781e-05	0.0045012	0.00492487	0.0	0.0	0.0
Umatilla	0.297	61.619	205.619	0.0	0.0	3.0	3.83e-06	0.00079492	0.0026526	0.0	0.0	3.87e-05
Wasco	0.195	42.033	76.033	0.0	0.0	1.0	7.36e-06	0.00158585	0.00286863	0.0	0.0	3.773e-05
Polk	0.035	9.124	113.124	0.014	2.433	14.433	4.1e-07	0.00010705	0.00132722	1.6e-07	2.854e-05	0.00016933
Grant	0.0	0.0	1.0	0.014	2.433	2.433	0.0	0.0	0.00013935	1.95e-06	0.00033905	0.00033905
Jackson	0.057	14.772	85.772	0.014	2.433	2.433	2.6e-07	6.728e-05	0.00039065	6e-08	1.108e-05	1.108e-05
