Name	Predicted_New_Cases	Total_Predicted_New_Cases	Total_Predicted_Cases	Predicted_New_Deaths	Total_Predicted_New_Deaths	Total_Predicted_Deaths	Predicted_New_per_capita	Predicted_Total_New_per_capita	Predicted_Total_Cases_per_capita	Predicted_New_Deaths_per_capita	Total_Predicted_New_Deaths_per_capita	Total_Predicted_Deaths_per_capita
Linn	0.0	12.385	144.385	0.0	0.0	9.0	0.0	9.726e-05	0.0011339	0.0	0.0	7.068e-05
Lane	0.01	108.216	220.216	0.0	0.0	3.0	3e-08	0.00028507	0.00058011	0.0	0.0	7.9e-06
Yamhill	0.0	25.228	128.228	0.0	0.0	8.0	0.0	0.00023577	0.00119837	0.0	0.0	7.476e-05
Coos	0.72	401.796	440.796	0.0	0.0	0.0	1.118e-05	0.00624013	0.00684583	0.0	0.0	0.0
Washington	0.005	639.178	1814.178	0.0	2.924	22.924	1e-08	0.0010694	0.00303529	0.0	4.89e-06	3.835e-05
Harney	0.0	0.0	1.0	0.0	2.924	2.924	0.0	0.0	0.00013644	0.0	0.00039896	0.00039896
Clatsop	0.0	0.449	48.449	0.0	2.924	2.924	0.0	1.129e-05	0.00121841	0.0	7.353e-05	7.353e-05
Clackamas	0.0	398.257	1046.257	0.003	41.345	65.345	0.0	0.00095718	0.00251459	1e-08	9.937e-05	0.00015705
Klamath	0.0	126.326	237.326	0.003	41.345	41.345	0.0	0.00186726	0.00350799	4e-08	0.00061113	0.00061113
Morrow	0.001	70.804	106.804	0.0	0.0	1.0	9e-08	0.00622617	0.00939184	0.0	0.0	8.794e-05
Jefferson	0.0	48.691	133.691	0.0	0.0	0.0	0.0	0.00201269	0.00552625	0.0	0.0	0.0
Douglas	0.448	319.253	353.253	0.0	0.0	0.0	4.06e-06	0.00289485	0.00320315	0.0	0.0	0.0
Marion	0.004	567.603	1949.603	0.006	42.377	80.377	1e-08	0.00163637	0.00562059	2e-08	0.00012217	0.00023172
Malheur	0.01	106.647	166.647	0.0	0.0	1.0	3.3e-07	0.00347102	0.00542382	0.0	0.0	3.255e-05
Benton	0.0	16.733	92.733	0.0	0.0	5.0	0.0	0.00018168	0.00100686	0.0	0.0	5.429e-05
Columbia	0.0	15.712	41.712	0.0	0.0	0.0	0.0	0.00029998	0.00079638	0.0	0.0	0.0
Sherman	0.0	0.0	1.0	0.0	0.0	0.0	0.0	0.0	0.00058548	0.0	0.0	0.0
Lake	0.0	0.696	9.696	0.0	0.0	0.0	0.0	8.834e-05	0.00123061	0.0	0.0	0.0
Unassigned	0.0	0.0	1.0	0.0	0.0	0.0	N/A	N/A	N/A	N/A	N/A	N/A
Crook	0.0	0.26	9.26	0.0	0.0	0.0	0.0	1.089e-05	0.00038798	0.0	0.0	0.0
Union	0.0	84.613	381.613	0.0	0.0	0.0	0.0	0.00319765	0.01442171	0.0	0.0	0.0
Tillamook	0.071	39.782	46.782	0.0	0.0	0.0	2.65e-06	0.00148512	0.00174644	0.0	0.0	0.0
Deschutes	1.17	763.231	918.231	0.0	0.0	0.0	6.09e-06	0.00397524	0.00478255	0.0	0.0	0.0
Wallowa	0.649	362.013	370.013	0.0	0.0	0.0	9.165e-05	0.05112456	0.05225434	0.0	0.0	0.0
Umatilla	0.378	1161.959	1502.959	0.023	18.319	22.319	4.88e-06	0.01498992	0.01938902	3e-07	0.00023633	0.00028793
