Name	Predicted_New_Cases	Total_Predicted_New_Cases	Total_Predicted_Cases	Predicted_New_Deaths	Total_Predicted_New_Deaths	Total_Predicted_Deaths	Predicted_New_per_capita	Predicted_Total_New_per_capita	Predicted_Total_Cases_per_capita	Predicted_New_Deaths_per_capita	Total_Predicted_New_Deaths_per_capita	Total_Predicted_Deaths_per_capita
Greer	0.039	11.482	68.482	0.0	0.0	5.0	6.7e-06	0.00197251	0.01176465	0.0	0.0	0.00085896
Logan	0.013	3.832	12.832	0.0	0.0	0.0	2.7e-07	8.103e-05	0.00027134	0.0	0.0	0.0
Choctaw	0.031	6.768	9.768	0.0	0.0	0.0	2.11e-06	0.00046141	0.00066594	0.0	0.0	0.0
Wagoner	0.686	185.84	293.84	0.194	33.759	41.759	8.56e-06	0.00231981	0.00366796	2.42e-06	0.00042141	0.00052127
Kay	0.0	3.405	49.405	0.0	0.0	4.0	0.0	7.71e-05	0.00111875	0.0	0.0	9.058e-05
Cherokee	0.055	16.516	40.516	0.0	0.0	1.0	1.13e-06	0.00033931	0.00083238	0.0	0.0	2.054e-05
Sequoyah	0.0	0.071	10.071	0.0	0.064	2.064	0.0	1.72e-06	0.00024457	0.0	1.55e-06	5.012e-05
McClain	0.0	1.311	23.311	0.0	0.067	0.067	0.0	3.279e-05	0.00058299	0.0	1.68e-06	1.68e-06
Ellis	0.0	0.0	0.0	0.0	0.0	0.0	0.0	0.0	0.0	0.0	0.0	0.0
Harper	0.0	0.0	1.0	0.0	0.064	0.064	0.0	0.0	0.00026337	0.0	1.686e-05	1.686e-05
Roger Mills	0.0	0.0	0.0	0.0	0.0	0.0	0.0	0.0	0.0	0.0	0.0	0.0
Comanche	0.121	36.095	107.095	0.0	0.067	0.067	1e-06	0.00029974	0.00088933	0.0	5.6e-07	5.6e-07
Lincoln	0.0	0.109	10.109	0.0	0.067	0.067	0.0	3.12e-06	0.00028949	0.0	1.92e-06	1.92e-06
Payne	0.08	23.844	62.844	0.0	0.067	0.067	9.8e-07	0.00029064	0.00076602	0.0	8.2e-07	8.2e-07
Washington	0.601	188.029	336.029	0.1	21.939	27.939	1.159e-05	0.00362689	0.00648167	1.93e-06	0.00042318	0.00053892
Beckham	1.695	111.845	113.845	0.1	21.939	21.939	7.808e-05	0.00515201	0.00524414	4.61e-06	0.00101059	0.00101059
Noble	0.0	0.0	6.0	0.1	21.939	21.939	0.0	0.0	0.00053149	8.86e-06	0.0019434	0.0019434
Love	0.0	0.0	2.0	0.1	21.939	21.939	0.0	0.0	0.00019736	9.87e-06	0.00216489	0.00216489
Kiowa	0.011	3.279	6.279	0.1	21.939	21.939	1.26e-06	0.00037564	0.00071933	1.146e-05	0.00251335	0.00251335
Pawnee	0.0	1.432	29.432	0.0	0.124	2.124	0.0	8.737e-05	0.00179573	0.0	7.57e-06	0.00012959
Oklahoma	0.0	63.308	637.308	0.0	6.018	29.018	0.0	7.988e-05	0.00080409	0.0	7.59e-06	3.661e-05
Jefferson	0.0	0.0	1.0	0.0	6.018	6.018	0.0	0.0	0.00016332	0.0	0.00098285	0.00098285
McIntosh	0.0	0.0	2.0	0.0	6.02	6.02	0.0	0.0	0.00010093	0.0	0.00030381	0.00030381
Custer	0.057	13.101	23.101	0.0	6.02	6.02	1.96e-06	0.0004512	0.0007956	0.0	0.00020733	0.00020733
Blaine	0.0	0.0	0.0	0.0	0.0	0.0	0.0	0.0	0.0	0.0	0.0	0.0
Cotton	0.012	3.717	8.717	0.0	6.02	6.02	2.08e-06	0.00064352	0.00150918	0.0	0.00104224	0.00104224
Le Flore	0.027	7.986	13.986	0.0	6.02	6.02	5.4e-07	0.00015978	0.00027983	0.0	0.00012045	0.00012045
Alfalfa	0.0	0.0	1.0	0.0	6.018	6.018	0.0	0.0	0.00017379	0.0	0.00104588	0.00104588
Delaware	0.615	183.309	269.309	0.0	0.0	5.0	1.439e-05	0.00428964	0.00630213	0.0	0.0	0.00011701
Caddo	64.196	4236.987	4288.987	0.0	0.0	3.0	0.00221541	0.14621897	0.14801349	0.0	0.0	0.00010353
Carter	0.0	0.0	1.0	0.0	0.0	0.0	0.0	0.0	2.076e-05	0.0	0.0	0.0
Haskell	0.0	0.0	2.0	0.0	0.0	0.0	0.0	0.0	0.00015788	0.0	0.0	0.0
Grady	0.248	48.103	71.103	0.0	0.0	1.0	4.46e-06	0.00086593	0.00127996	0.0	0.0	1.8e-05
Pushmataha	0.0	0.0	0.0	0.0	0.0	0.0	0.0	0.0	0.0	0.0	0.0	0.0
Major	0.006	1.641	3.641	0.0	0.0	1.0	7.8e-07	0.00021468	0.00047632	0.0	0.0	0.00013082
Rogers	0.048	24.873	62.873	0.0	0.0	2.0	5.2e-07	0.00027041	0.00068352	0.0	0.0	2.174e-05
Bryan	0.038	9.481	14.481	0.0	0.0	0.0	8.1e-07	0.0002009	0.00030685	0.0	0.0	0.0
Washita	0.0	0.0	0.0	0.0	0.0	0.0	0.0	0.0	0.0	0.0	0.0	0.0
Hughes	0.0	0.0	0.0	0.0	0.0	0.0	0.0	0.0	0.0	0.0	0.0	0.0
Okfuskee	0.0	0.0	1.0	0.0	0.0	0.0	0.0	0.0	8.266e-05	0.0	0.0	0.0
Beaver	0.0	0.0	1.0	0.0	0.0	0.0	0.0	0.0	0.00018801	0.0	0.0	0.0
Atoka	0.0	0.0	1.0	0.0	0.0	0.0	0.0	0.0	7.226e-05	0.0	0.0	0.0
Pontotoc	0.007	3.045	13.045	0.0	0.0	1.0	1.8e-07	7.961e-05	0.00034107	0.0	0.0	2.615e-05
Johnston	0.0	0.0	3.0	0.0	0.0	0.0	0.0	0.0	0.000274	0.0	0.0	0.0
Seminole	0.0	0.724	7.724	0.0	0.0	1.0	0.0	2.946e-05	0.00031426	0.0	0.0	4.069e-05
Marshall	0.0	0.0	2.0	0.0	0.0	0.0	0.0	0.0	0.00011901	0.0	0.0	0.0
Mayes	0.281	51.788	70.788	0.006	1.641	4.641	6.84e-06	0.00125983	0.00172204	1.5e-07	3.992e-05	0.0001129
Osage	0.088	48.979	113.979	0.005	1.515	9.515	1.87e-06	0.0010418	0.00242436	1.1e-07	3.222e-05	0.00020239
Okmulgee	0.0	0.864	15.864	0.005	1.515	1.515	0.0	2.254e-05	0.00041383	1.3e-07	3.952e-05	3.952e-05
Unassigned	0.0	0.0	108.0	0.0	0.0	5.0	N/A	N/A	N/A	N/A	N/A	N/A
Stephens	0.0	1.436	20.436	0.0	0.0	1.0	0.0	3.319e-05	0.00047234	0.0	0.0	2.311e-05
Woodward	0.0	0.0	1.0	0.0	0.0	0.0	0.0	0.0	4.945e-05	0.0	0.0	0.0
Muskogee	0.084	20.776	46.776	0.017	4.924	7.924	1.23e-06	0.00030391	0.00068424	2.5e-07	7.203e-05	0.00011591
Out of OK	0.0	0.0	2.0	0.017	4.924	4.924	N/A	N/A	N/A	N/A	N/A	N/A
Creek	0.0	7.268	75.268	0.0	0.658	4.658	0.0	0.0001015	0.00105117	0.0	9.19e-06	6.505e-05
Latimer	0.0	0.0	4.0	0.0	0.0	1.0	0.0	0.0	0.00039097	0.0	0.0	9.774e-05
Craig	0.0	1.353	9.353	0.0	0.0	0.0	0.0	9.458e-05	0.00065378	0.0	0.0	0.0
Cimarron	0.0	0.0	0.0	0.0	0.0	0.0	0.0	0.0	0.0	0.0	0.0	0.0
Kingfisher	0.0	0.0	6.0	0.0	0.0	0.0	0.0	0.0	0.00037936	0.0	0.0	0.0
Pittsburg	0.283	54.763	72.763	0.0	0.0	1.0	6.45e-06	0.0012481	0.00165834	0.0	0.0	2.279e-05
Murray	0.0	0.0	1.0	0.0	0.0	0.0	0.0	0.0	7.167e-05	0.0	0.0	0.0
Texas	0.715	101.228	121.228	0.0	0.0	1.0	3.495e-05	0.00494881	0.00592657	0.0	0.0	4.889e-05
Canadian	0.0	11.03	86.03	0.0	0.0	3.0	0.0	7.636e-05	0.00059558	0.0	0.0	2.077e-05
Dewey	0.0	0.0	2.0	0.0	0.0	0.0	0.0	0.0	0.00040866	0.0	0.0	0.0
Tillman	0.011	3.279	5.279	0.0	0.0	0.0	1.5e-06	0.00044624	0.00071843	0.0	0.0	0.0
McCurtain	0.033	9.841	17.841	0.0	0.0	0.0	1.01e-06	0.00030092	0.00054555	0.0	0.0	0.0
Tulsa	0.526	200.217	622.217	0.075	20.331	42.331	8.1e-07	0.00030881	0.00095968	1.2e-07	3.136e-05	6.529e-05
Cleveland	0.0	132.688	456.688	0.005	12.578	35.578	0.0	0.00047108	0.00162136	2e-08	4.466e-05	0.00012631
Nowata	0.029	6.803	19.803	0.005	12.578	12.578	2.84e-06	0.00066579	0.00193805	4.9e-07	0.00123096	0.00123096
Harmon	0.0	0.0	0.0	0.0	0.0	0.0	0.0	0.0	0.0	0.0	0.0	0.0
Ottawa	0.087	26.032	53.032	0.005	12.578	12.578	2.79e-06	0.00083503	0.00170111	1.6e-07	0.00040346	0.00040346
Woods	0.165	49.22	52.22	0.005	12.578	12.578	1.855e-05	0.0055322	0.00586939	5.6e-07	0.00141373	0.00141373
Coal	0.0	0.0	0.0	0.0	0.0	0.0	0.0	0.0	0.0	0.0	0.0	0.0
Pottawatomie	0.093	27.563	63.563	0.0	0.0	4.0	1.28e-06	0.00037924	0.00087457	0.0	0.0	5.504e-05
Garvin	0.008	2.296	13.296	0.0	0.0	0.0	2.9e-07	8.256e-05	0.00047808	0.0	0.0	0.0
Garfield	0.201	34.986	45.986	0.0	0.0	1.0	3.3e-06	0.00057436	0.00075495	0.0	0.0	1.642e-05
Grant	0.0	0.0	2.0	0.0	0.0	0.0	0.0	0.0	0.00046232	0.0	0.0	0.0
Adair	0.057	16.954	62.954	0.0	0.0	3.0	2.58e-06	0.00076777	0.00285092	0.0	0.0	0.00013586
Jackson	0.0	0.225	6.225	0.0	0.0	0.0	0.0	9.02e-06	0.00024951	0.0	0.0	0.0
