Name	Predicted_New_Cases	Total_Predicted_New_Cases	Total_Predicted_Cases	Predicted_New_Deaths	Total_Predicted_New_Deaths	Total_Predicted_Deaths	Predicted_New_per_capita	Predicted_Total_New_per_capita	Predicted_Total_Cases_per_capita	Predicted_New_Deaths_per_capita	Total_Predicted_New_Deaths_per_capita	Total_Predicted_Deaths_per_capita
Logan	0.0	0.0	1.0	0.022	81.938	81.938	0.0	0.0	0.00133511	2.937e-05	0.10939653	0.10939653
Furnas	0.0	9.682	24.682	0.0	0.0	1.0	0.0	0.00205345	0.00523478	0.0	0.0	0.00021209
Valley	0.308	105.754	115.754	0.0	0.0	0.0	7.351e-05	0.02523962	0.02762625	0.0	0.0	0.0
Wayne	0.0	0.0	37.0	0.0	0.0	0.0	0.0	0.0	0.00393491	0.0	0.0	0.0
Keya Paha	9.026	2675.953	2676.953	0.0	0.0	0.0	0.01114321	3.30364568	3.30488025	0.0	0.0	0.0
Dixon	0.0	0.0	57.0	0.0	0.0	2.0	0.0	0.0	0.00998424	0.0	0.0	0.00035032
Platte	0.01	135.88	904.88	0.0	0.0	3.0	3e-07	0.00407278	0.02712226	0.0	0.0	8.992e-05
Webster	0.0	3.375	12.375	0.0	0.0	0.0	0.0	0.00095528	0.00350269	0.0	0.0	0.0
Pierce	0.0	1.692	18.692	0.0	0.0	0.0	0.0	0.00023691	0.00261719	0.0	0.0	0.0
Lincoln	0.014	77.381	170.381	0.0	0.0	2.0	4e-07	0.00219926	0.00484243	0.0	0.0	5.684e-05
Chase	0.616	211.505	217.505	0.0	0.0	0.0	0.00015489	0.05318205	0.05469072	0.0	0.0	0.0
Hamilton	0.003	38.182	134.182	0.0	0.0	12.0	3.2e-07	0.00411444	0.01445927	0.0	0.0	0.0012931
Gosper	1.094	376.019	395.019	0.0	0.0	0.0	0.0005481	0.18838627	0.19790531	0.0	0.0	0.0
Washington	0.005	69.73	177.73	0.0	0.0	1.0	2.4e-07	0.00337398	0.0085997	0.0	0.0	4.839e-05
Antelope	0.0	4.279	23.279	0.0	0.0	1.0	0.0	0.00067535	0.00367408	0.0	0.0	0.00015783
Keith	0.001	20.724	39.724	0.0	0.0	0.0	1.2e-07	0.00258372	0.0049525	0.0	0.0	0.0
Burt	0.001	17.119	42.119	0.0	0.0	0.0	1.5e-07	0.00263856	0.00649183	0.0	0.0	0.0
Garden	0.0	0.0	4.0	0.0	0.0	0.0	0.0	0.0	0.00210859	0.0	0.0	0.0
Jefferson	0.479	164.508	178.508	0.0	0.0	0.0	6.749e-05	0.02317994	0.0251526	0.0	0.0	0.0
Scotts Bluff	0.001	45.949	336.949	0.0	0.235	6.235	3e-08	0.00127675	0.00936256	0.0	6.53e-06	0.00017325
Deuel	0.0	0.0	1.0	0.0	0.235	0.235	0.0	0.0	0.00054795	0.0	0.00012877	0.00012877
Dundy	0.0	0.0	1.0	0.0	0.235	0.235	0.0	0.0	0.00056497	0.0	0.00013277	0.00013277
Douglas	0.095	3180.499	13899.499	0.015	54.939	185.939	1.7e-07	0.00561053	0.0245193	3e-08	9.691e-05	0.000328
Dawes	1.311	450.439	458.439	0.015	54.939	54.939	0.00015041	0.05167955	0.05259741	1.72e-06	0.00630324	0.00630324
Richardson	0.0	10.677	30.677	0.0	0.0	1.0	0.0	0.00134522	0.00386506	0.0	0.0	0.00012599
Perkins	0.001	30.408	47.408	0.0	0.0	1.0	3.4e-07	0.0103817	0.01618573	0.0	0.0	0.00034141
Sarpy	0.056	1123.243	3224.243	0.007	9.033	18.033	3e-07	0.00608939	0.01747946	4e-08	4.897e-05	9.776e-05
Harlan	0.0	0.0	1.0	0.007	9.033	9.033	0.0	0.0	0.00029403	2.06e-06	0.00265598	0.00265598
Wheeler	0.0	0.0	2.0	0.007	9.033	9.033	0.0	0.0	0.00248447	8.7e-06	0.01122112	0.01122112
Morrill	0.0	1.279	59.279	0.007	9.033	9.033	0.0	0.00027294	0.01265023	1.49e-06	0.00192766	0.00192766
Dawson	0.011	151.076	1101.076	0.001	1.308	10.308	4.6e-07	0.00637209	0.04644127	4e-08	5.517e-05	0.00043477
Cherry	0.0	0.0	4.0	0.001	1.308	1.308	0.0	0.0	0.00069432	1.7e-07	0.00022704	0.00022704
Madison	0.002	51.583	475.583	0.0	0.0	5.0	6e-08	0.00145748	0.01343758	0.0	0.0	0.00014127
Hitchcock	0.0	0.0	1.0	0.0	0.0	0.0	0.0	0.0	0.00035638	0.0	0.0	0.0
Boone	0.0	0.0	7.0	0.0	0.0	0.0	0.0	0.0	0.00133613	0.0	0.0	0.0
Dakota	0.0	42.241	1946.241	0.0	7.966	48.966	0.0	0.00210332	0.09690987	0.0	0.00039665	0.00243818
Otoe	0.0	13.63	56.63	0.0	7.966	7.966	0.0	0.00085267	0.0035427	0.0	0.00049834	0.00049834
Holt	0.0	6.53	17.53	0.0	7.966	7.966	0.0	0.00064158	0.00172234	0.0	0.00078267	0.00078267
Kearney	3.67	1261.213	1295.213	0.0	7.966	7.966	0.00056082	0.19272815	0.19792375	0.0	0.0012173	0.0012173
Gage	0.011	39.624	121.624	0.0	0.0	4.0	5.1e-07	0.00184358	0.00565877	0.0	0.0	0.00018611
Nance	0.0	7.21	15.21	0.0	0.0	0.0	0.0	0.00204134	0.00430634	0.0	0.0	0.0
Colfax	0.0	17.032	712.032	0.0	0.0	4.0	0.0	0.0015653	0.0654381	0.0	0.0	0.00036761
Howard	0.0	11.597	66.597	0.0	0.0	4.0	0.0	0.00179298	0.01029638	0.0	0.0	0.00061843
Stanton	0.0	7.317	35.317	0.0	0.0	0.0	0.0	0.00122563	0.00591575	0.0	0.0	0.0
Seward	10.76	3697.484	3801.484	0.0	0.0	1.0	0.00062132	0.21350525	0.21951057	0.0	0.0	5.774e-05
Dodge	0.002	82.885	863.885	0.0	0.0	8.0	5e-08	0.00225286	0.02348088	0.0	0.0	0.00021744
Sherman	0.027	27.865	37.865	0.0	0.0	0.0	8.89e-06	0.00917215	0.01246379	0.0	0.0	0.0
Saline	0.0	30.923	616.923	0.0	0.0	2.0	0.0	0.00215491	0.04299115	0.0	0.0	0.00013937
Nemaha	0.068	85.377	106.377	0.0	0.0	0.0	9.77e-06	0.01227034	0.01528844	0.0	0.0	0.0
Box Butte	0.0	2.016	13.016	0.0	0.0	0.0	0.0	0.00018715	0.00120832	0.0	0.0	0.0
Unassigned	0.002	50.681	201.681	0.0	3.041	5.041	N/A	N/A	N/A	N/A	N/A	N/A
Sheridan	0.0	0.067	9.067	0.0	3.041	3.041	0.0	1.291e-05	0.00174701	0.0	0.00058593	0.00058593
Greeley	0.0	0.272	9.272	0.0	3.041	3.041	0.0	0.00011545	0.00393548	0.0	0.00129075	0.00129075
Cuming	0.008	46.454	109.454	0.0	0.0	1.0	8.9e-07	0.0051962	0.01224318	0.0	0.0	0.00011186
Adams	0.013	74.191	420.191	0.0	0.0	11.0	4.1e-07	0.00235445	0.01333474	0.0	0.0	0.00034908
Buffalo	0.053	297.185	657.185	0.0	0.0	1.0	1.07e-06	0.00598982	0.01324569	0.0	0.0	2.016e-05
Merrick	0.048	60.607	115.607	0.0	0.0	0.0	6.21e-06	0.00783745	0.01494983	0.0	0.0	0.0
Franklin	0.0	3.041	12.041	0.0	0.0	0.0	0.0	0.00100595	0.00398313	0.0	0.0	0.0
Rock	0.0	0.0	2.0	0.0	0.0	0.0	0.0	0.0	0.00147059	0.0	0.0	0.0
Fillmore	0.741	254.593	278.593	0.0	0.0	1.0	0.00013407	0.04606351	0.05040583	0.0	0.0	0.00018093
Butler	1.003	344.682	401.682	0.0	0.0	0.0	0.00012447	0.04277513	0.04984885	0.0	0.0	0.0
Cheyenne	0.029	32.754	58.754	0.0	0.0	0.0	3.11e-06	0.00351815	0.00631085	0.0	0.0	0.0
Hooker	0.0	0.0	4.0	0.0	0.0	0.0	0.0	0.0	0.0058651	0.0	0.0	0.0
Lancaster	0.034	1150.75	4313.75	0.004	6.37	21.37	1.1e-07	0.00362701	0.01359638	1e-08	2.008e-05	6.736e-05
Frontier	0.0	0.0	3.0	0.004	6.37	6.37	0.0	0.0	0.00115031	1.53e-06	0.00244248	0.00244248
Nuckolls	0.0	0.0	5.0	0.004	6.37	6.37	0.0	0.0	0.0011919	9.5e-07	0.00151847	0.00151847
Kimball	0.0	0.0	15.0	0.004	6.37	6.37	0.0	0.0	0.00414594	1.11e-06	0.00176064	0.00176064
Knox	0.0	9.911	41.911	0.004	6.37	6.37	0.0	0.00117722	0.00497814	4.8e-07	0.00075662	0.00075662
Thomas	0.0	0.0	1.0	0.004	6.37	6.37	0.0	0.0	0.00138889	5.56e-06	0.00884722	0.00884722
Saunders	0.015	85.512	227.512	0.0	0.0	2.0	7e-07	0.00401408	0.01067981	0.0	0.0	9.388e-05
Johnson	0.0	2.024	15.024	0.0	0.0	0.0	0.0	0.00039423	0.00292637	0.0	0.0	0.0
Red Willow	0.0	9.461	25.461	0.0	0.0	0.0	0.0	0.00088206	0.00237376	0.0	0.0	0.0
Hall	0.004	134.352	1855.352	0.004	6.598	51.598	6e-08	0.00218079	0.03011593	6e-08	0.0001071	0.00083753
Phelps	0.957	329.012	366.012	0.004	6.598	6.598	0.00010638	0.03657314	0.04068608	4.4e-07	0.00073344	0.00073344
Cedar	0.003	7.105	28.105	0.004	6.598	6.598	3.6e-07	0.00084123	0.00332761	4.7e-07	0.0007812	0.0007812
Garfield	0.0	0.0	3.0	0.004	6.598	6.598	0.0	0.0	0.00150981	2.01e-06	0.00332058	0.00332058
York	1.52	645.517	718.517	0.004	6.598	6.598	0.00011037	0.0468717	0.05217231	2.9e-07	0.00047909	0.00047909
Boyd	0.0	0.0	1.0	0.004	6.598	6.598	0.0	0.0	0.00051151	2.05e-06	0.00337494	0.00337494
Banner	0.0	0.0	2.0	0.004	6.598	6.598	0.0	0.0	0.00273973	5.48e-06	0.00903836	0.00903836
Polk	0.0	14.739	38.739	0.004	6.598	6.598	0.0	0.00279254	0.00733971	7.6e-07	0.00125009	0.00125009
McPherson	0.0	0.0	4.0	0.004	6.598	6.598	0.0	0.0	0.00813008	8.13e-06	0.01341057	0.01341057
Thurston	0.001	47.525	250.525	0.006	8.958	12.958	1.4e-07	0.0065076	0.0343044	8.2e-07	0.00122662	0.00177434
