Name	Predicted_New_Cases	Total_Predicted_New_Cases	Total_Predicted_Cases	Predicted_New_Deaths	Total_Predicted_New_Deaths	Total_Predicted_Deaths	Predicted_New_per_capita	Predicted_Total_New_per_capita	Predicted_Total_Cases_per_capita	Predicted_New_Deaths_per_capita	Total_Predicted_New_Deaths_per_capita	Total_Predicted_Deaths_per_capita
Keya Paha	0.15	2770.987	2771.987	0.0	0.0	0.0	0.00018519	3.4209716	3.42220617	0.0	0.0	0.0
Holt	0.003	112.893	115.893	0.0	14.645	14.645	2.9e-07	0.01109186	0.01138662	0.0	0.00143889	0.00143889
Kearney	0.002	72.578	85.578	0.0	14.645	14.645	3.1e-07	0.01109077	0.01307732	0.0	0.00223793	0.00223793
Adams	0.046	855.926	1140.926	0.0	0.0	11.0	1.46e-06	0.02716277	0.03620723	0.0	0.0	0.00034908
Buffalo	0.013	495.93	676.93	0.0	0.0	1.0	2.6e-07	0.00999557	0.01364366	0.0	0.0	2.016e-05
Clay	0.002	193.818	220.818	0.0	0.0	0.0	3.2e-07	0.03119054	0.03553556	0.0	0.0	0.0
Cheyenne	0.003	271.35	289.35	0.0	0.0	0.0	3.2e-07	0.02914608	0.03107948	0.0	0.0	0.0
Cedar	0.007	262.073	273.073	0.0	2.363	2.363	8.3e-07	0.03102924	0.03233164	0.0	0.00027978	0.00027978
York	0.002	217.817	258.817	0.0	2.363	2.363	1.5e-07	0.01581593	0.01879299	0.0	0.00017158	0.00017158
