Name	Predicted_New_Cases	Total_Predicted_New_Cases	Total_Predicted_Cases	Predicted_New_Deaths	Total_Predicted_New_Deaths	Total_Predicted_Deaths	Predicted_New_per_capita	Predicted_Total_New_per_capita	Predicted_Total_Cases_per_capita	Predicted_New_Deaths_per_capita	Total_Predicted_New_Deaths_per_capita	Total_Predicted_Deaths_per_capita
Logan	0.0	0.0	1.0	3.382	31.597	31.597	0.0	0.0	0.00133511	0.00451535	0.04218558	0.04218558
Furnas	0.413	2.068	8.068	3.382	31.597	31.597	8.759e-05	0.0004386	0.00171113	0.00071729	0.00670138	0.00670138
Valley	1.146	5.736	8.736	3.382	31.597	31.597	0.00027351	0.00136897	0.00208496	0.00080716	0.00754105	0.00754105
Brown	0.0	0.0	0.0	0.0	0.0	0.0	0.0	0.0	0.0	0.0	0.0	0.0
Wayne	0.486	3.725	7.725	3.382	31.597	31.597	5.169e-05	0.00039615	0.00082155	0.00035967	0.00336031	0.00336031
Keya Paha	0.0	0.0	0.0	0.0	0.0	0.0	0.0	0.0	0.0	0.0	0.0	0.0
Dixon	0.034	2.174	29.174	3.382	31.597	31.597	5.96e-06	0.0003808	0.00511018	0.0005924	0.00553459	0.00553459
Platte	0.948	59.852	521.852	3.382	31.597	31.597	2.841e-05	0.00179396	0.01564164	0.00010137	0.00094707	0.00094707
Webster	0.0	0.0	5.0	3.382	31.597	31.597	0.0	0.0	0.00141523	0.00095726	0.00894339	0.00894339
Pierce	0.0	0.013	1.013	3.382	31.597	31.597	0.0	1.82e-06	0.00014184	0.00047354	0.00442411	0.00442411
Lincoln	0.298	3.457	48.457	0.0	0.0	1.0	8.47e-06	9.825e-05	0.00137721	0.0	0.0	2.842e-05
Chase	0.0	0.0	0.0	0.0	0.0	0.0	0.0	0.0	0.0	0.0	0.0	0.0
Loup	0.0	0.0	0.0	0.0	0.0	0.0	0.0	0.0	0.0	0.0	0.0	0.0
Hamilton	1.391	7.298	58.298	0.0	0.0	7.0	0.00014989	0.00078642	0.00628211	0.0	0.0	0.00075431
Gosper	0.171	1.565	14.565	0.0	0.0	0.0	8.567e-05	0.00078407	0.00729709	0.0	0.0	0.0
Washington	1.093	5.57	29.57	0.0	0.0	1.0	5.289e-05	0.00026951	0.00143078	0.0	0.0	4.839e-05
Antelope	0.0	0.044	6.044	0.0	0.0	0.0	0.0	6.94e-06	0.00095391	0.0	0.0	0.0
Keith	0.0	0.0	2.0	0.0	0.0	0.0	0.0	0.0	0.00024935	0.0	0.0	0.0
Pawnee	0.0	0.0	0.0	0.0	0.0	0.0	0.0	0.0	0.0	0.0	0.0	0.0
Burt	0.006	0.22	5.22	0.0	0.0	0.0	9.2e-07	3.391e-05	0.00080456	0.0	0.0	0.0
Garden	0.0	0.0	0.0	0.0	0.0	0.0	0.0	0.0	0.0	0.0	0.0	0.0
Cass	0.902	8.593	29.593	0.0	0.0	0.0	3.448e-05	0.00032849	0.00113127	0.0	0.0	0.0
Jefferson	0.219	1.949	7.949	0.0	0.0	0.0	3.086e-05	0.00027462	0.00112005	0.0	0.0	0.0
Scotts Bluff	1.436	14.224	68.224	0.0	0.0	0.0	3.99e-05	0.00039523	0.00189569	0.0	0.0	0.0
Deuel	0.0	0.0	0.0	0.0	0.0	0.0	0.0	0.0	0.0	0.0	0.0	0.0
Dundy	0.0	0.0	0.0	0.0	0.0	0.0	0.0	0.0	0.0	0.0	0.0	0.0
Custer	0.615	4.194	33.194	0.0	0.0	3.0	5.673e-05	0.0003869	0.00306218	0.0	0.0	0.00027675
Blaine	0.0	0.0	0.0	0.0	0.0	0.0	0.0	0.0	0.0	0.0	0.0	0.0
Douglas	88.655	877.927	3323.927	0.0	0.0	14.0	0.00015639	0.0015487	0.00586355	0.0	0.0	2.47e-05
Dawes	0.0	0.0	1.0	0.0	0.0	0.0	0.0	0.0	0.00011473	0.0	0.0	0.0
Richardson	0.0	0.0	1.0	0.0	0.0	0.0	0.0	0.0	0.00012599	0.0	0.0	0.0
Thayer	0.0	0.0	0.0	0.0	0.0	0.0	0.0	0.0	0.0	0.0	0.0	0.0
Perkins	0.0	0.0	0.0	0.0	0.0	0.0	0.0	0.0	0.0	0.0	0.0	0.0
Sarpy	11.256	111.468	460.468	0.0	0.0	1.0	6.102e-05	0.0006043	0.00249632	0.0	0.0	5.42e-06
Harlan	0.0	0.0	0.0	0.0	0.0	0.0	0.0	0.0	0.0	0.0	0.0	0.0
Wheeler	0.0	0.0	0.0	0.0	0.0	0.0	0.0	0.0	0.0	0.0	0.0	0.0
Morrill	0.0	0.262	10.262	0.0	0.0	0.0	0.0	5.591e-05	0.00218993	0.0	0.0	0.0
Dawson	10.98	108.735	919.735	0.0	0.0	0.0	0.00046312	0.00458623	0.03879265	0.0	0.0	0.0
Cherry	0.0	0.0	1.0	0.0	0.0	0.0	0.0	0.0	0.00017358	0.0	0.0	0.0
Madison	0.0	13.69	282.69	0.0	0.0	3.0	0.0	0.00038681	0.0079874	0.0	0.0	8.476e-05
Hitchcock	0.0	0.0	1.0	0.0	0.0	0.0	0.0	0.0	0.00035638	0.0	0.0	0.0
Boone	0.0	0.0	3.0	0.0	0.0	0.0	0.0	0.0	0.00057263	0.0	0.0	0.0
Dakota	1.529	103.096	1579.096	0.0	0.0	3.0	7.613e-05	0.0051335	0.07862849	0.0	0.0	0.00014938
Otoe	0.336	3.332	9.332	0.0	0.0	0.0	2.102e-05	0.00020845	0.0005838	0.0	0.0	0.0
Holt	0.0	0.0	1.0	0.0	0.0	0.0	0.0	0.0	9.825e-05	0.0	0.0	0.0
Kearney	1.171	8.251	19.251	0.0	0.0	0.0	0.00017894	0.00126085	0.00294178	0.0	0.0	0.0
Gage	0.08	1.276	43.276	0.0	0.0	3.0	3.72e-06	5.937e-05	0.00201349	0.0	0.0	0.00013958
Nance	0.0	0.0	4.0	0.0	0.0	0.0	0.0	0.0	0.0011325	0.0	0.0	0.0
Colfax	2.624	80.218	608.218	0.0	0.0	0.0	0.00024115	0.0073723	0.05589725	0.0	0.0	0.0
Howard	7.631	37.341	73.341	0.0	0.0	0.0	0.00117981	0.00577319	0.01133905	0.0	0.0	0.0
Stanton	2.366	11.844	26.844	0.0	0.0	0.0	0.00039631	0.00198392	0.00449648	0.0	0.0	0.0
Seward	0.692	6.849	32.849	0.0	0.0	1.0	3.996e-05	0.00039548	0.00189681	0.0	0.0	5.774e-05
Dodge	27.017	172.667	438.667	0.0	0.0	0.0	0.00073434	0.00469319	0.01192321	0.0	0.0	0.0
Sherman	0.0	0.0	2.0	0.0	0.0	0.0	0.0	0.0	0.00065833	0.0	0.0	0.0
Saline	4.605	67.553	499.553	0.0	0.0	0.0	0.00032091	0.00470753	0.03481206	0.0	0.0	0.0
Nemaha	0.638	3.194	6.194	0.0	0.0	0.0	9.169e-05	0.00045904	0.0008902	0.0	0.0	0.0
Box Butte	0.0	0.0	1.0	0.0	0.0	0.0	0.0	0.0	9.283e-05	0.0	0.0	0.0
Unassigned	9.695	96.008	258.008	3.398	31.067	84.067	N/A	N/A	N/A	N/A	N/A	N/A
Sheridan	0.0	0.0	0.0	0.0	0.0	0.0	0.0	0.0	0.0	0.0	0.0	0.0
Greeley	0.0	0.0	2.0	3.398	31.067	31.067	0.0	0.0	0.0008489	0.00144228	0.01318633	0.01318633
Cuming	0.543	5.404	22.404	3.398	31.067	31.067	6.074e-05	0.00060447	0.00250604	0.00038009	0.00347506	0.00347506
Adams	3.323	32.177	284.177	0.0	0.0	3.0	0.00010546	0.00102114	0.00901834	0.0	0.0	9.52e-05
Buffalo	4.288	27.923	163.923	0.0	0.0	1.0	8.643e-05	0.00056279	0.0033039	0.0	0.0	2.016e-05
Clay	2.704	13.535	31.535	0.0	0.0	0.0	0.00043515	0.00217815	0.00507483	0.0	0.0	0.0
Merrick	1.888	12.875	41.875	0.0	0.0	0.0	0.00024415	0.00166494	0.0054151	0.0	0.0	0.0
Arthur	0.0	0.0	0.0	0.0	0.0	0.0	0.0	0.0	0.0	0.0	0.0	0.0
Franklin	0.0	0.0	5.0	0.0	0.0	0.0	0.0	0.0	0.00165399	0.0	0.0	0.0
Sioux	0.0	0.0	0.0	0.0	0.0	0.0	0.0	0.0	0.0	0.0	0.0	0.0
Rock	0.0	0.0	0.0	0.0	0.0	0.0	0.0	0.0	0.0	0.0	0.0	0.0
Fillmore	0.102	1.011	5.011	0.0	0.0	0.0	1.845e-05	0.00018292	0.00090664	0.0	0.0	0.0
Butler	1.622	16.059	47.059	0.0	0.0	0.0	0.00020129	0.00199293	0.00584003	0.0	0.0	0.0
Cheyenne	0.0	0.175	9.175	0.0	0.0	0.0	0.0	1.88e-05	0.0009855	0.0	0.0	0.0
Hooker	0.0	0.0	0.0	0.0	0.0	0.0	0.0	0.0	0.0	0.0	0.0	0.0
Lancaster	19.428	212.061	1104.061	0.0	0.0	1.0	6.123e-05	0.00066839	0.00347986	0.0	0.0	3.15e-06
Hayes	0.0	0.0	0.0	0.0	0.0	0.0	0.0	0.0	0.0	0.0	0.0	0.0
Frontier	0.0	0.0	1.0	0.0	0.0	0.0	0.0	0.0	0.00038344	0.0	0.0	0.0
Nuckolls	0.0	0.0	1.0	0.0	0.0	0.0	0.0	0.0	0.00023838	0.0	0.0	0.0
Kimball	0.0	0.0	9.0	0.0	0.0	0.0	0.0	0.0	0.00248756	0.0	0.0	0.0
Knox	0.242	2.396	10.396	0.0	0.0	0.0	2.874e-05	0.00028459	0.00123483	0.0	0.0	0.0
Thomas	0.0	0.0	1.0	0.0	0.0	0.0	0.0	0.0	0.00138889	0.0	0.0	0.0
Saunders	3.718	18.612	39.612	0.0	0.0	0.0	0.00017453	0.00087368	0.00185946	0.0	0.0	0.0
Johnson	0.121	1.197	8.197	0.0	0.0	0.0	2.357e-05	0.00023315	0.00159661	0.0	0.0	0.0
Red Willow	0.0	0.014	5.014	0.0	0.0	0.0	0.0	1.31e-06	0.00046746	0.0	0.0	0.0
Hall	13.287	124.145	1557.145	0.0	0.0	28.0	0.00021567	0.00201511	0.02527546	0.0	0.0	0.00045449
Phelps	0.292	3.541	16.541	0.0	0.0	0.0	3.246e-05	0.00039362	0.00183871	0.0	0.0	0.0
Cedar	0.048	0.812	6.812	0.0	0.0	0.0	5.68e-06	9.614e-05	0.00080654	0.0	0.0	0.0
Garfield	0.0	0.0	0.0	0.0	0.0	0.0	0.0	0.0	0.0	0.0	0.0	0.0
York	1.489	14.747	44.747	0.0	0.0	0.0	0.00010812	0.0010708	0.00324913	0.0	0.0	0.0
Boyd	0.0	0.0	0.0	0.0	0.0	0.0	0.0	0.0	0.0	0.0	0.0	0.0
Banner	0.0	0.0	0.0	0.0	0.0	0.0	0.0	0.0	0.0	0.0	0.0	0.0
Polk	0.0	0.0	9.0	0.0	0.0	0.0	0.0	0.0	0.00170519	0.0	0.0	0.0
McPherson	0.0	0.0	0.0	0.0	0.0	0.0	0.0	0.0	0.0	0.0	0.0	0.0
Thurston	1.017	10.07	29.07	0.0	0.0	0.0	0.00013926	0.00137889	0.00398056	0.0	0.0	0.0
Grant	0.0	0.0	0.0	0.0	0.0	0.0	0.0	0.0	0.0	0.0	0.0	0.0
