Name	Predicted_New_Cases	Total_Predicted_New_Cases	Total_Predicted_Cases	Predicted_New_Deaths	Total_Predicted_New_Deaths	Total_Predicted_Deaths	Predicted_New_per_capita	Predicted_Total_New_per_capita	Predicted_Total_Cases_per_capita	Predicted_New_Deaths_per_capita	Total_Predicted_New_Deaths_per_capita	Total_Predicted_Deaths_per_capita
Logan	0.0	0.0	1.0	0.969	308.194	308.194	0.0	0.0	0.00133511	0.00129372	0.41147397	0.41147397
Furnas	0.0	0.0	9.0	0.0	0.0	1.0	0.0	0.0	0.0019088	0.0	0.0	0.00021209
Valley	0.011	7.259	14.259	0.0	0.0	0.0	2.63e-06	0.00173246	0.0034031	0.0	0.0	0.0
Brown	0.0	0.0	0.0	0.0	0.0	0.0	0.0	0.0	0.0	0.0	0.0	0.0
Wayne	0.0	1.305	27.305	0.0	0.0	0.0	0.0	0.00013879	0.00290386	0.0	0.0	0.0
Keya Paha	0.0	0.0	3.0	0.0	0.0	0.0	0.0	0.0	0.0037037	0.0	0.0	0.0
Dixon	0.277	82.64	122.64	0.0	0.0	1.0	4.852e-05	0.01447539	0.02148187	0.0	0.0	0.00017516
Platte	0.005	52.666	700.666	0.0	0.0	1.0	1.5e-07	0.00157858	0.02100129	0.0	0.0	2.997e-05
Webster	1.039	123.648	129.648	0.0	0.0	0.0	0.00029408	0.03499802	0.03669629	0.0	0.0	0.0
Pierce	0.0	0.0	6.0	0.0	0.0	0.0	0.0	0.0	0.0008401	0.0	0.0	0.0
Lincoln	0.04	19.027	72.027	0.0	0.0	2.0	1.14e-06	0.00054077	0.00204709	0.0	0.0	5.684e-05
Chase	0.0	0.0	1.0	0.0	0.0	0.0	0.0	0.0	0.00025145	0.0	0.0	0.0
Loup	0.0	0.0	0.0	0.0	0.0	0.0	0.0	0.0	0.0	0.0	0.0	0.0
Hamilton	0.0	0.124	56.124	0.0	0.013	11.013	0.0	1.336e-05	0.00604784	0.0	1.4e-06	0.00118675
Gosper	0.0	0.0	13.0	0.0	0.013	0.013	0.0	0.0	0.00651303	0.0	6.51e-06	6.51e-06
Washington	0.041	21.453	62.453	0.0	0.0	1.0	1.98e-06	0.00103803	0.00302187	0.0	0.0	4.839e-05
Antelope	0.0	0.0	8.0	0.0	0.0	0.0	0.0	0.0	0.00126263	0.0	0.0	0.0
Keith	0.0	0.0	2.0	0.0	0.0	0.0	0.0	0.0	0.00024935	0.0	0.0	0.0
Pawnee	0.0	0.0	0.0	0.0	0.0	0.0	0.0	0.0	0.0	0.0	0.0	0.0
Burt	0.003	1.677	12.677	0.0	0.0	0.0	4.6e-07	0.00025848	0.00195391	0.0	0.0	0.0
Garden	0.0	0.0	4.0	0.0	0.0	0.0	0.0	0.0	0.00210859	0.0	0.0	0.0
Cass	0.031	19.994	79.994	0.0	0.0	0.0	1.19e-06	0.00076433	0.00305799	0.0	0.0	0.0
Jefferson	0.009	5.807	14.807	0.0	0.0	0.0	1.27e-06	0.00081823	0.00208637	0.0	0.0	0.0
Scotts Bluff	0.181	116.617	294.617	0.0	0.0	2.0	5.03e-06	0.00324035	0.00818631	0.0	0.0	5.557e-05
Deuel	0.0	0.0	0.0	0.0	0.0	0.0	0.0	0.0	0.0	0.0	0.0	0.0
Dundy	0.0	0.0	0.0	0.0	0.0	0.0	0.0	0.0	0.0	0.0	0.0	0.0
Custer	0.0	0.085	34.085	0.0	0.0	4.0	0.0	7.84e-06	0.00314437	0.0	0.0	0.000369
Blaine	0.0	0.0	0.0	0.0	0.0	0.0	0.0	0.0	0.0	0.0	0.0	0.0
Douglas	3.581	2308.059	8158.059	0.112	72.382	140.382	6.32e-06	0.00407151	0.01439116	2e-07	0.00012768	0.00024764
Dawes	0.0	0.0	1.0	0.112	72.382	72.382	0.0	0.0	0.00011473	1.285e-05	0.0083045	0.0083045
Richardson	0.0	0.0	1.0	0.0	0.0	1.0	0.0	0.0	0.00012599	0.0	0.0	0.00012599
Thayer	0.0	0.0	1.0	0.0	0.0	0.0	0.0	0.0	0.00019845	0.0	0.0	0.0
Perkins	0.0	0.0	0.0	0.0	0.0	0.0	0.0	0.0	0.0	0.0	0.0	0.0
Sarpy	0.659	424.681	1344.681	0.029	10.84	17.84	3.57e-06	0.00230231	0.00728986	1.6e-07	5.877e-05	9.672e-05
Harlan	0.0	0.0	1.0	0.029	10.84	10.84	0.0	0.0	0.00029403	8.53e-06	0.0031873	0.0031873
Wheeler	0.0	0.0	0.0	0.0	0.0	0.0	0.0	0.0	0.0	0.0	0.0	0.0
Morrill	0.825	98.19	110.19	0.029	10.84	10.84	0.00017606	0.02095391	0.02351472	6.19e-06	0.00231327	0.00231327
Dawson	0.0	1.077	847.077	0.0	0.141	8.141	0.0	4.543e-05	0.03572808	0.0	5.95e-06	0.00034337
Cherry	0.0	0.0	1.0	0.0	0.141	0.141	0.0	0.0	0.00017358	0.0	2.447e-05	2.447e-05
Madison	0.048	30.72	364.72	0.001	0.232	4.232	1.36e-06	0.00086799	0.01030515	3e-08	6.56e-06	0.00011958
Hitchcock	0.0	0.0	1.0	0.001	0.232	0.232	0.0	0.0	0.00035638	3.6e-07	8.268e-05	8.268e-05
Boone	0.0	0.014	7.014	0.001	0.232	0.232	0.0	2.67e-06	0.00133881	1.9e-07	4.428e-05	4.428e-05
Dakota	0.0	8.409	1733.409	0.0	2.067	30.067	0.0	0.00041871	0.08631225	0.0	0.00010292	0.00149714
Otoe	0.0	0.378	13.378	0.0	2.067	2.067	0.0	2.365e-05	0.00083691	0.0	0.00012931	0.00012931
Holt	0.0	0.0	1.0	0.0	2.067	2.067	0.0	0.0	9.825e-05	0.0	0.00020309	0.00020309
Kearney	0.0	0.014	12.014	0.0	2.067	2.067	0.0	2.14e-06	0.00183588	0.0	0.00031586	0.00031586
Gage	0.0	0.0	45.0	0.0	0.0	4.0	0.0	0.0	0.0020937	0.0	0.0	0.00018611
Nance	0.0	0.0	4.0	0.0	0.0	0.0	0.0	0.0	0.0011325	0.0	0.0	0.0
Colfax	0.0	12.902	663.902	0.0	0.098	4.098	0.0	0.00118574	0.0610148	0.0	9.01e-06	0.00037662
Howard	0.015	7.329	51.329	0.0	0.0	4.0	2.32e-06	0.00113312	0.00793584	0.0	0.0	0.00061843
Stanton	0.0	0.0	21.0	0.0	0.0	0.0	0.0	0.0	0.00351759	0.0	0.0	0.0
Seward	2.17	258.207	290.207	0.0	0.0	1.0	0.0001253	0.01490975	0.01675754	0.0	0.0	5.774e-05
Dodge	0.004	152.114	791.114	0.001	2.81	7.81	1.1e-07	0.00413454	0.02150292	3e-08	7.638e-05	0.00021228
Sherman	0.005	2.907	7.907	0.001	2.81	2.81	1.65e-06	0.00095688	0.0026027	3.3e-07	0.00092495	0.00092495
Saline	0.0	0.493	523.493	0.0	0.014	2.014	0.0	3.436e-05	0.03648035	0.0	9.8e-07	0.00014035
Nemaha	0.0	0.0	4.0	0.0	0.014	0.014	0.0	0.0	0.00057488	0.0	2.01e-06	2.01e-06
Box Butte	0.0	0.62	3.62	0.0	0.014	0.014	0.0	5.756e-05	0.00033606	0.0	1.3e-06	1.3e-06
Unassigned	38.872	4625.896	4801.896	20.891	2862.722	2863.722	N/A	N/A	N/A	N/A	N/A	N/A
Sheridan	0.0	0.0	0.0	0.0	0.0	0.0	0.0	0.0	0.0	0.0	0.0	0.0
Greeley	0.0	0.067	3.067	20.891	2862.722	2862.722	0.0	2.844e-05	0.00130178	0.00886715	1.21507725	1.21507725
Cuming	0.0	0.0	34.0	20.891	2862.722	2862.722	0.0	0.0	0.00380313	0.0023368	0.32021499	0.32021499
Adams	0.0	4.533	282.533	0.0	0.0	11.0	0.0	0.00014385	0.00896617	0.0	0.0	0.00034908
Buffalo	0.0	1.883	177.883	0.0	0.0	1.0	0.0	3.795e-05	0.00358527	0.0	0.0	2.016e-05
Clay	0.0	0.0	24.0	0.0	0.0	0.0	0.0	0.0	0.00386225	0.0	0.0	0.0
Merrick	0.0	5.437	41.437	0.0	0.0	0.0	0.0	0.00070309	0.00535846	0.0	0.0	0.0
Arthur	0.0	0.0	0.0	0.0	0.0	0.0	0.0	0.0	0.0	0.0	0.0	0.0
Franklin	0.0	0.0	6.0	0.0	0.0	0.0	0.0	0.0	0.00198478	0.0	0.0	0.0
Sioux	0.0	0.0	1.0	0.0	0.0	0.0	0.0	0.0	0.00084246	0.0	0.0	0.0
Rock	0.0	0.0	0.0	0.0	0.0	0.0	0.0	0.0	0.0	0.0	0.0	0.0
Fillmore	1.202	177.717	190.717	0.0	0.0	1.0	0.00021748	0.03215433	0.03450642	0.0	0.0	0.00018093
Butler	0.0	0.165	51.165	0.0	0.0	0.0	0.0	2.048e-05	0.00634959	0.0	0.0	0.0
Cheyenne	0.0	0.067	11.067	0.0	0.0	0.0	0.0	7.2e-06	0.00118872	0.0	0.0	0.0
Hooker	0.0	0.0	0.0	0.0	0.0	0.0	0.0	0.0	0.0	0.0	0.0	0.0
Lancaster	0.471	408.453	1924.453	0.002	1.086	11.086	1.48e-06	0.00128739	0.00606563	1e-08	3.42e-06	3.494e-05
Hayes	0.0	0.0	0.0	0.0	0.0	0.0	0.0	0.0	0.0	0.0	0.0	0.0
Frontier	0.0	0.0	1.0	0.002	1.086	1.086	0.0	0.0	0.00038344	7.7e-07	0.00041641	0.00041641
Nuckolls	0.0	0.0	1.0	0.002	1.086	1.086	0.0	0.0	0.00023838	4.8e-07	0.00025888	0.00025888
Kimball	0.0	0.0	8.0	0.002	1.086	1.086	0.0	0.0	0.00221117	5.5e-07	0.00030017	0.00030017
Knox	0.004	2.679	15.679	0.002	1.086	1.086	4.8e-07	0.00031821	0.00186234	2.4e-07	0.00012899	0.00012899
Thomas	0.0	0.0	1.0	0.002	1.086	1.086	0.0	0.0	0.00138889	2.78e-06	0.00150833	0.00150833
Saunders	0.0	4.339	61.339	0.039	25.131	27.131	0.0	0.00020368	0.00287936	1.83e-06	0.00117969	0.00127358
Johnson	0.0	0.0	6.0	0.039	25.131	25.131	0.0	0.0	0.00116868	7.6e-06	0.00489501	0.00489501
Red Willow	0.0	0.0	6.0	0.039	25.131	25.131	0.0	0.0	0.00055939	3.64e-06	0.002343	0.002343
Hall	0.0	32.819	1596.819	0.0	2.707	47.707	0.0	0.00053272	0.02591944	0.0	4.394e-05	0.00077438
Phelps	0.0	0.0	20.0	0.0	2.707	2.707	0.0	0.0	0.00222321	0.0	0.00030091	0.00030091
Cedar	0.0	0.0	8.0	0.0	2.707	2.707	0.0	0.0	0.00094719	0.0	0.00032051	0.00032051
Garfield	0.0	0.0	1.0	0.0	2.707	2.707	0.0	0.0	0.00050327	0.0	0.00136236	0.00136236
York	0.0	0.067	37.067	0.0	2.707	2.707	0.0	4.86e-06	0.00269148	0.0	0.00019656	0.00019656
Boyd	0.0	0.0	1.0	0.0	2.707	2.707	0.0	0.0	0.00051151	0.0	0.00138465	0.00138465
Banner	0.0	0.0	1.0	0.0	2.707	2.707	0.0	0.0	0.00136986	0.0	0.00370822	0.00370822
Polk	0.006	3.797	15.797	0.0	2.707	2.707	1.14e-06	0.0007194	0.00299299	0.0	0.00051288	0.00051288
McPherson	0.0	0.0	0.0	0.0	0.0	0.0	0.0	0.0	0.0	0.0	0.0	0.0
Thurston	0.099	55.399	123.399	0.0	0.0	1.0	1.356e-05	0.00758579	0.01689703	0.0	0.0	0.00013693
Grant	0.0	0.0	0.0	0.0	0.0	0.0	0.0	0.0	0.0	0.0	0.0	0.0
