Name	Predicted_New_Cases	Total_Predicted_New_Cases	Total_Predicted_Cases	Predicted_New_Deaths	Total_Predicted_New_Deaths	Total_Predicted_Deaths	Predicted_New_per_capita	Predicted_Total_New_per_capita	Predicted_Total_Cases_per_capita	Predicted_New_Deaths_per_capita	Total_Predicted_New_Deaths_per_capita	Total_Predicted_Deaths_per_capita
Logan	0.0	0.0	1.0	0.08	80.908	80.908	0.0	0.0	0.00133511	0.00010681	0.10802136	0.10802136
Furnas	0.0	0.449	5.449	0.08	80.908	80.908	0.0	9.523e-05	0.00115567	1.697e-05	0.0171597	0.0171597
Valley	0.004	5.064	8.064	0.08	80.908	80.908	9.5e-07	0.00120859	0.00192458	1.909e-05	0.01930979	0.01930979
Brown	0.0	0.0	0.0	0.0	0.0	0.0	0.0	0.0	0.0	0.0	0.0	0.0
Wayne	0.082	31.348	35.348	0.08	80.908	80.908	8.72e-06	0.00333383	0.00375923	8.51e-06	0.00860449	0.00860449
Keya Paha	0.0	0.0	0.0	0.0	0.0	0.0	0.0	0.0	0.0	0.0	0.0	0.0
Dixon	0.023	32.26	58.26	0.08	80.908	80.908	4.03e-06	0.00565073	0.01020494	1.401e-05	0.01417201	0.01417201
Platte	0.0	154.402	602.402	0.08	80.908	80.908	0.0	0.00462794	0.01805599	2.4e-06	0.00242508	0.00242508
Webster	0.0	0.0	5.0	0.08	80.908	80.908	0.0	0.0	0.00141523	2.264e-05	0.02290065	0.02290065
Pierce	0.001	1.014	2.014	0.08	80.908	80.908	1.4e-07	0.00014198	0.00028199	1.12e-05	0.01132848	0.01132848
Lincoln	0.0	4.067	47.067	0.0	0.0	1.0	0.0	0.00011559	0.0013377	0.0	0.0	2.842e-05
Chase	0.0	0.0	0.0	0.0	0.0	0.0	0.0	0.0	0.0	0.0	0.0	0.0
Loup	0.0	0.0	0.0	0.0	0.0	0.0	0.0	0.0	0.0	0.0	0.0	0.0
Hamilton	0.047	21.631	69.631	0.0	0.0	7.0	5.06e-06	0.00233093	0.00750334	0.0	0.0	0.00075431
Gosper	0.003	3.485	16.485	0.0	0.0	0.0	1.5e-06	0.00174599	0.00825902	0.0	0.0	0.0
Washington	0.742	139.935	163.935	0.0	0.0	1.0	3.59e-05	0.00677094	0.00793221	0.0	0.0	4.839e-05
Antelope	0.0	0.581	5.581	0.0	0.0	0.0	0.0	9.17e-05	0.00088084	0.0	0.0	0.0
Keith	0.0	0.0	2.0	0.0	0.0	0.0	0.0	0.0	0.00024935	0.0	0.0	0.0
Pawnee	0.0	0.0	0.0	0.0	0.0	0.0	0.0	0.0	0.0	0.0	0.0	0.0
Burt	0.0	0.269	5.269	0.0	0.0	0.0	0.0	4.146e-05	0.00081211	0.0	0.0	0.0
Garden	0.0	0.0	0.0	0.0	0.0	0.0	0.0	0.0	0.0	0.0	0.0	0.0
Cass	0.022	24.748	42.748	0.0	0.0	0.0	8.4e-07	0.00094606	0.00163416	0.0	0.0	0.0
Jefferson	0.002	3.369	9.369	0.0	0.0	0.0	2.8e-07	0.00047471	0.00132014	0.0	0.0	0.0
Scotts Bluff	0.055	51.37	102.37	0.0	0.0	0.0	1.53e-06	0.00142738	0.00284448	0.0	0.0	0.0
Deuel	0.0	0.0	0.0	0.0	0.0	0.0	0.0	0.0	0.0	0.0	0.0	0.0
Dundy	0.0	0.0	0.0	0.0	0.0	0.0	0.0	0.0	0.0	0.0	0.0	0.0
Custer	0.004	6.069	35.069	0.0	0.0	3.0	3.7e-07	0.00055987	0.00323515	0.0	0.0	0.00027675
Blaine	0.0	0.0	0.0	0.0	0.0	0.0	0.0	0.0	0.0	0.0	0.0	0.0
Douglas	1.743	2421.94	4726.94	0.0	0.0	14.0	3.07e-06	0.0042724	0.00833852	0.0	0.0	2.47e-05
Dawes	0.018	25.289	27.289	0.0	0.0	0.0	2.07e-06	0.00290145	0.00313091	0.0	0.0	0.0
Richardson	0.0	0.0	1.0	0.0	0.0	0.0	0.0	0.0	0.00012599	0.0	0.0	0.0
Thayer	0.0	0.0	0.0	0.0	0.0	0.0	0.0	0.0	0.0	0.0	0.0	0.0
Perkins	0.0	0.0	0.0	0.0	0.0	0.0	0.0	0.0	0.0	0.0	0.0	0.0
Sarpy	0.23	319.337	650.337	0.0	0.0	1.0	1.25e-06	0.00173121	0.00352565	0.0	0.0	5.42e-06
Harlan	0.0	0.0	0.0	0.0	0.0	0.0	0.0	0.0	0.0	0.0	0.0	0.0
Wheeler	0.0	0.0	0.0	0.0	0.0	0.0	0.0	0.0	0.0	0.0	0.0	0.0
Morrill	0.0	1.903	11.903	0.0	0.0	0.0	0.0	0.0004061	0.00254012	0.0	0.0	0.0
Dawson	0.0	49.451	853.451	0.0	0.0	0.0	0.0	0.00208575	0.03599692	0.0	0.0	0.0
Cherry	0.0	0.0	1.0	0.0	0.0	0.0	0.0	0.0	0.00017358	0.0	0.0	0.0
Madison	0.0	22.829	292.829	0.0	0.0	3.0	0.0	0.00064503	0.00827388	0.0	0.0	8.476e-05
Hitchcock	0.0	0.0	1.0	0.0	0.0	0.0	0.0	0.0	0.00035638	0.0	0.0	0.0
Boone	0.0	0.0	3.0	0.0	0.0	0.0	0.0	0.0	0.00057263	0.0	0.0	0.0
Dakota	0.901	1251.939	2705.939	0.0	0.0	3.0	4.486e-05	0.06233825	0.13473779	0.0	0.0	0.00014938
Otoe	0.0	0.282	5.282	0.0	0.0	0.0	0.0	1.764e-05	0.00033043	0.0	0.0	0.0
Holt	0.0	0.0	1.0	0.0	0.0	0.0	0.0	0.0	9.825e-05	0.0	0.0	0.0
Kearney	0.019	16.172	27.172	0.0	0.0	0.0	2.9e-06	0.00247127	0.0041522	0.0	0.0	0.0
Gage	0.0	3.086	45.086	0.0	0.0	3.0	0.0	0.00014358	0.00209771	0.0	0.0	0.00013958
Nance	0.0	0.014	4.014	0.0	0.0	0.0	0.0	3.96e-06	0.00113647	0.0	0.0	0.0
Colfax	0.0	95.324	603.324	0.0	0.0	0.0	0.0	0.00876059	0.05544748	0.0	0.0	0.0
Howard	0.034	31.469	66.469	0.0	0.0	0.0	5.26e-06	0.00486534	0.01027659	0.0	0.0	0.0
Stanton	0.003	3.821	18.821	0.0	0.0	0.0	5e-07	0.00064003	0.0031526	0.0	0.0	0.0
Seward	0.0	2.855	26.855	0.0	0.0	1.0	0.0	0.00016486	0.0015507	0.0	0.0	5.774e-05
Dodge	0.153	212.672	448.672	0.0	0.0	0.0	4.16e-06	0.00578054	0.01219516	0.0	0.0	0.0
Sherman	0.0	0.0	2.0	0.0	0.0	0.0	0.0	0.0	0.00065833	0.0	0.0	0.0
Saline	0.0	85.69	498.69	0.0	0.0	0.0	0.0	0.00597143	0.03475192	0.0	0.0	0.0
Nemaha	0.361	68.081	70.081	0.0	0.0	0.0	5.188e-05	0.00978456	0.010072	0.0	0.0	0.0
Box Butte	0.0	0.0	1.0	0.0	0.0	0.0	0.0	0.0	9.283e-05	0.0	0.0	0.0
Unassigned	0.097	134.883	299.883	0.084	78.265	131.265	N/A	N/A	N/A	N/A	N/A	N/A
Sheridan	0.0	0.0	0.0	0.0	0.0	0.0	0.0	0.0	0.0	0.0	0.0	0.0
Greeley	0.0	0.0	2.0	0.084	78.265	78.265	0.0	0.0	0.0008489	3.565e-05	0.03321944	0.03321944
Cuming	0.014	19.109	35.109	0.084	78.265	78.265	1.57e-06	0.00213747	0.00392718	9.4e-06	0.00875447	0.00875447
Adams	0.06	82.727	333.727	0.0	0.0	3.0	1.9e-06	0.00262534	0.01059081	0.0	0.0	9.52e-05
Buffalo	0.041	42.107	178.107	0.0	0.0	1.0	8.3e-07	0.00084867	0.00358978	0.0	0.0	2.016e-05
Clay	0.004	5.396	22.396	0.0	0.0	0.0	6.4e-07	0.00086836	0.00360412	0.0	0.0	0.0
Merrick	0.014	18.771	46.771	0.0	0.0	0.0	1.81e-06	0.00242739	0.00604823	0.0	0.0	0.0
Arthur	0.0	0.0	0.0	0.0	0.0	0.0	0.0	0.0	0.0	0.0	0.0	0.0
Franklin	0.0	0.0	5.0	0.0	0.0	0.0	0.0	0.0	0.00165399	0.0	0.0	0.0
Sioux	0.0	0.0	0.0	0.0	0.0	0.0	0.0	0.0	0.0	0.0	0.0	0.0
Rock	0.0	0.0	0.0	0.0	0.0	0.0	0.0	0.0	0.0	0.0	0.0	0.0
Fillmore	0.001	1.574	5.574	0.0	0.0	0.0	1.8e-07	0.00028478	0.0010085	0.0	0.0	0.0
Butler	0.055	56.228	85.228	0.0	0.0	0.0	6.83e-06	0.00697791	0.01057682	0.0	0.0	0.0
Cheyenne	0.002	3.036	11.036	0.0	0.0	0.0	2.1e-07	0.0003261	0.00118539	0.0	0.0	0.0
Hooker	0.0	0.0	0.0	0.0	0.0	0.0	0.0	0.0	0.0	0.0	0.0	0.0
Lancaster	0.0	434.263	1225.263	0.0	0.0	1.0	0.0	0.00136874	0.00386187	0.0	0.0	3.15e-06
Hayes	0.0	0.0	0.0	0.0	0.0	0.0	0.0	0.0	0.0	0.0	0.0	0.0
Frontier	0.0	0.0	1.0	0.0	0.0	0.0	0.0	0.0	0.00038344	0.0	0.0	0.0
Nuckolls	0.0	0.0	0.0	0.0	0.0	0.0	0.0	0.0	0.0	0.0	0.0	0.0
Kimball	0.0	0.0	9.0	0.0	0.0	0.0	0.0	0.0	0.00248756	0.0	0.0	0.0
Knox	0.0	1.06	9.06	0.0	0.0	0.0	0.0	0.00012591	0.00107614	0.0	0.0	0.0
Thomas	0.0	0.0	1.0	0.0	0.0	0.0	0.0	0.0	0.00138889	0.0	0.0	0.0
Saunders	0.006	8.881	28.881	0.0	0.0	0.0	2.8e-07	0.00041689	0.00135572	0.0	0.0	0.0
Johnson	0.003	3.485	9.485	0.0	0.0	0.0	5.8e-07	0.00067881	0.00184749	0.0	0.0	0.0
Red Willow	0.0	0.141	5.141	0.0	0.0	0.0	0.0	1.315e-05	0.0004793	0.0	0.0	0.0
Hall	0.194	270.101	1694.101	0.0	0.0	28.0	3.15e-06	0.00438426	0.02749851	0.0	0.0	0.00045449
Phelps	0.012	16.41	29.41	0.0	0.0	0.0	1.33e-06	0.00182414	0.00326923	0.0	0.0	0.0
Cedar	0.0	0.116	6.116	0.0	0.0	0.0	0.0	1.373e-05	0.00072413	0.0	0.0	0.0
Garfield	0.0	0.0	0.0	0.0	0.0	0.0	0.0	0.0	0.0	0.0	0.0	0.0
York	0.365	157.665	186.665	0.0	0.0	0.0	2.65e-05	0.01144823	0.01355395	0.0	0.0	0.0
Boyd	0.0	0.0	0.0	0.0	0.0	0.0	0.0	0.0	0.0	0.0	0.0	0.0
Banner	0.0	0.0	0.0	0.0	0.0	0.0	0.0	0.0	0.0	0.0	0.0	0.0
Polk	0.0	0.0	9.0	0.0	0.0	0.0	0.0	0.0	0.00170519	0.0	0.0	0.0
McPherson	0.0	0.0	0.0	0.0	0.0	0.0	0.0	0.0	0.0	0.0	0.0	0.0
Thurston	0.033	33.714	52.714	0.0	0.0	0.0	4.52e-06	0.00461646	0.00721813	0.0	0.0	0.0
Grant	0.0	0.0	0.0	0.0	0.0	0.0	0.0	0.0	0.0	0.0	0.0	0.0
