Name	Predicted_New_Cases	Total_Predicted_New_Cases	Total_Predicted_Cases	Predicted_New_Deaths	Total_Predicted_New_Deaths	Total_Predicted_Deaths	Predicted_New_per_capita	Predicted_Total_New_per_capita	Predicted_Total_Cases_per_capita	Predicted_New_Deaths_per_capita	Total_Predicted_New_Deaths_per_capita	Total_Predicted_Deaths_per_capita
Logan	0.0	0.0	1.0	1.665	54.834	54.834	0.0	0.0	0.00133511	0.00222296	0.07320961	0.07320961
Furnas	0.181	6.984	21.984	0.0	0.0	1.0	3.839e-05	0.00148123	0.00466257	0.0	0.0	0.00021209
Valley	2.623	25.769	35.769	0.0	0.0	0.0	0.00062601	0.00615012	0.00853675	0.0	0.0	0.0
Brown	0.0	0.0	0.0	0.0	0.0	0.0	0.0	0.0	0.0	0.0	0.0	0.0
Wayne	0.0	0.0	37.0	0.0	0.0	0.0	0.0	0.0	0.00393491	0.0	0.0	0.0
Keya Paha	58.846	529.609	530.609	0.0	0.0	0.0	0.07264938	0.65383827	0.65507284	0.0	0.0	0.0
Dixon	0.0	0.0	57.0	0.0	0.0	2.0	0.0	0.0	0.00998424	0.0	0.0	0.00035032
Platte	2.64	94.815	863.815	0.0	0.0	3.0	7.913e-05	0.00284192	0.02589141	0.0	0.0	8.992e-05
Webster	0.063	2.435	11.435	0.0	0.0	0.0	1.783e-05	0.00068922	0.00323663	0.0	0.0	0.0
Pierce	0.026	1.377	18.377	0.0	0.0	0.0	3.64e-06	0.0001928	0.00257309	0.0	0.0	0.0
Lincoln	1.546	52.581	145.581	0.0	0.0	2.0	4.394e-05	0.00149442	0.00413759	0.0	0.0	5.684e-05
Chase	5.247	51.534	57.534	0.0	0.0	0.0	0.00131934	0.01295801	0.01446668	0.0	0.0	0.0
Loup	0.0	0.0	0.0	0.0	0.0	0.0	0.0	0.0	0.0	0.0	0.0	0.0
Hamilton	0.742	26.644	122.644	0.0	0.0	12.0	7.996e-05	0.00287112	0.01321595	0.0	0.0	0.0012931
Gosper	9.328	91.623	110.623	0.0	0.0	0.0	0.00467335	0.04590331	0.05542234	0.0	0.0	0.0
Washington	1.355	48.656	156.656	0.0	0.0	1.0	6.556e-05	0.00235428	0.00758001	0.0	0.0	4.839e-05
Antelope	0.08	3.088	22.088	0.0	0.0	1.0	1.263e-05	0.00048737	0.00348611	0.0	0.0	0.00015783
Keith	0.388	14.944	33.944	0.0	0.0	0.0	4.837e-05	0.00186311	0.00423189	0.0	0.0	0.0
Pawnee	0.0	2.379	11.379	0.0	0.0	0.0	0.0	0.00090388	0.00432333	0.0	0.0	0.0
Burt	0.32	12.345	37.345	0.0	0.0	0.0	4.932e-05	0.00190274	0.00575601	0.0	0.0	0.0
Garden	0.0	0.0	4.0	0.0	0.0	0.0	0.0	0.0	0.00210859	0.0	0.0	0.0
Cass	0.662	37.338	197.338	0.0	0.0	1.0	2.531e-05	0.00142735	0.00754379	0.0	0.0	3.823e-05
Jefferson	4.081	40.085	54.085	0.0	0.0	0.0	0.00057503	0.00564816	0.00762083	0.0	0.0	0.0
Scotts Bluff	0.86	33.137	324.137	0.005	0.146	6.146	2.39e-05	0.00092075	0.00900656	1.4e-07	4.06e-06	0.00017077
Deuel	0.0	0.0	1.0	0.005	0.146	0.146	0.0	0.0	0.00054795	2.74e-06	8e-05	8e-05
Dundy	0.0	0.0	1.0	0.005	0.146	0.146	0.0	0.0	0.00056497	2.82e-06	8.249e-05	8.249e-05
Custer	0.059	3.17	46.17	0.0	0.0	4.0	5.44e-06	0.00029244	0.00425923	0.0	0.0	0.000369
Blaine	0.0	0.0	0.0	0.0	0.0	0.0	0.0	0.0	0.0	0.0	0.0	0.0
Douglas	59.536	2293.717	13012.717	1.116	36.768	167.768	0.00010502	0.00404621	0.02295498	1.97e-06	6.486e-05	0.00029595
Dawes	11.174	109.755	117.755	1.116	36.768	36.768	0.00128201	0.01259236	0.01351021	0.00012804	0.00421845	0.00421845
Richardson	0.192	7.986	27.986	0.0	0.0	1.0	2.419e-05	0.00100617	0.00352602	0.0	0.0	0.00012599
Thayer	0.0	0.16	26.16	0.0	0.0	0.0	0.0	3.175e-05	0.00519151	0.0	0.0	0.0
Perkins	0.569	21.932	38.932	0.0	0.0	1.0	0.00019426	0.00748788	0.01329191	0.0	0.0	0.00034141
Sarpy	21.542	793.037	2894.037	0.203	5.324	14.324	0.00011678	0.00429926	0.01568932	1.1e-06	2.886e-05	7.765e-05
Harlan	0.0	0.0	1.0	0.203	5.324	5.324	0.0	0.0	0.00029403	5.969e-05	0.00156542	0.00156542
Wheeler	0.0	0.0	2.0	0.203	5.324	5.324	0.0	0.0	0.00248447	0.00025217	0.00661366	0.00661366
Morrill	0.0	1.279	59.279	0.203	5.324	5.324	0.0	0.00027294	0.01265023	4.332e-05	0.00113615	0.00113615
Dawson	2.935	105.418	1055.418	0.03	0.752	9.752	0.00012379	0.00444633	0.0445155	1.27e-06	3.172e-05	0.00041132
Cherry	0.0	0.0	4.0	0.03	0.752	0.752	0.0	0.0	0.00069432	5.21e-06	0.00013053	0.00013053
Madison	0.966	37.201	461.201	0.0	0.0	5.0	2.729e-05	0.00105111	0.01303122	0.0	0.0	0.00014127
Hitchcock	0.0	0.0	1.0	0.0	0.0	0.0	0.0	0.0	0.00035638	0.0	0.0	0.0
Boone	0.0	0.0	7.0	0.0	0.0	0.0	0.0	0.0	0.00133613	0.0	0.0	0.0
Dakota	0.707	33.301	1937.301	0.148	5.803	46.803	3.52e-05	0.00165817	0.09646472	7.37e-06	0.00028895	0.00233048
Otoe	0.255	9.83	52.83	0.148	5.803	5.803	1.595e-05	0.00061495	0.00330497	9.26e-06	0.00036303	0.00036303
Holt	0.122	4.711	15.711	0.148	5.803	5.803	1.199e-05	0.00046286	0.00154362	1.454e-05	0.00057015	0.00057015
Kearney	31.286	307.308	341.308	0.148	5.803	5.803	0.00478087	0.04696027	0.05215587	2.262e-05	0.00088677	0.00088677
Gage	0.805	26.516	108.516	0.0	0.0	4.0	3.745e-05	0.0012337	0.0050489	0.0	0.0	0.00018611
Nance	0.135	5.2	13.2	0.0	0.0	0.0	3.822e-05	0.00147225	0.00373726	0.0	0.0	0.0
Colfax	0.315	12.402	707.402	0.0	0.0	4.0	2.895e-05	0.00113978	0.06501259	0.0	0.0	0.00036761
Howard	0.217	8.364	63.364	0.0	0.0	4.0	3.355e-05	0.00129314	0.00979654	0.0	0.0	0.00061843
Stanton	0.137	5.279	33.279	0.0	0.0	0.0	2.295e-05	0.00088425	0.00557437	0.0	0.0	0.0
Seward	91.722	900.93	1004.93	0.0	0.0	1.0	0.00529634	0.05202275	0.05802806	0.0	0.0	5.774e-05
Dodge	1.552	59.776	840.776	0.0	0.0	8.0	4.218e-05	0.00162475	0.02285276	0.0	0.0	0.00021744
Sherman	0.644	15.495	25.495	0.0	0.0	0.0	0.00021198	0.00510039	0.00839203	0.0	0.0	0.0
Saline	0.476	25.168	611.168	0.0	0.0	2.0	3.317e-05	0.00175387	0.0425901	0.0	0.0	0.00013937
Nemaha	1.922	50.299	71.299	0.0	0.0	0.0	0.00027623	0.00722895	0.01024705	0.0	0.0	0.0
Box Butte	0.002	2.009	13.009	0.0	0.0	0.0	1.9e-07	0.0001865	0.00120767	0.0	0.0	0.0
Unassigned	0.949	36.55	187.55	0.057	2.193	4.193	N/A	N/A	N/A	N/A	N/A	N/A
Sheridan	0.0	0.067	9.067	0.057	2.193	2.193	0.0	1.291e-05	0.00174701	1.098e-05	0.00042254	0.00042254
Greeley	0.0	0.272	9.272	0.057	2.193	2.193	0.0	0.00011545	0.00393548	2.419e-05	0.00093081	0.00093081
Cuming	0.928	31.567	94.567	0.0	0.0	1.0	0.0001038	0.00353098	0.01057796	0.0	0.0	0.00011186
Adams	1.483	50.41	396.41	0.0	0.0	11.0	4.706e-05	0.00159976	0.01258005	0.0	0.0	0.00034908
Buffalo	5.939	201.935	561.935	0.0	0.0	1.0	0.0001197	0.00407004	0.01132591	0.0	0.0	2.016e-05
Clay	0.002	3.81	51.81	0.0	0.0	0.0	3.2e-07	0.00061313	0.00833762	0.0	0.0	0.0
Merrick	1.364	35.708	90.708	0.0	0.0	0.0	0.00017639	0.00461761	0.01172999	0.0	0.0	0.0
Arthur	0.0	0.0	0.0	0.0	0.0	0.0	0.0	0.0	0.0	0.0	0.0	0.0
Franklin	0.057	2.193	11.193	0.0	0.0	0.0	1.886e-05	0.00072544	0.00370261	0.0	0.0	0.0
Sioux	0.0	0.0	5.0	0.0	0.0	0.0	0.0	0.0	0.0042123	0.0	0.0	0.0
Rock	0.0	0.0	2.0	0.0	0.0	0.0	0.0	0.0	0.00147059	0.0	0.0	0.0
Fillmore	6.316	62.034	86.034	0.0	0.0	1.0	0.00114275	0.01122381	0.01556613	0.0	0.0	0.00018093
Butler	8.55	83.989	140.989	0.0	0.0	0.0	0.00106106	0.01042306	0.01749677	0.0	0.0	0.0
Cheyenne	0.747	18.768	44.768	0.0	0.0	0.0	8.024e-05	0.0020159	0.00480859	0.0	0.0	0.0
Hooker	0.0	0.0	4.0	0.0	0.0	0.0	0.0	0.0	0.0058651	0.0	0.0	0.0
Lancaster	21.541	829.899	3992.899	0.139	3.944	18.944	6.789e-05	0.00261573	0.0125851	4.4e-07	1.243e-05	5.971e-05
Hayes	0.0	0.0	0.0	0.0	0.0	0.0	0.0	0.0	0.0	0.0	0.0	0.0
Frontier	0.0	0.0	3.0	0.139	3.944	3.944	0.0	0.0	0.00115031	5.33e-05	0.00151227	0.00151227
Nuckolls	0.0	0.0	5.0	0.139	3.944	3.944	0.0	0.0	0.0011919	3.313e-05	0.00094017	0.00094017
Kimball	0.0	0.0	15.0	0.139	3.944	3.944	0.0	0.0	0.00414594	3.842e-05	0.00109011	0.00109011
Knox	0.186	7.147	39.147	0.139	3.944	3.944	2.209e-05	0.00084891	0.00464984	1.651e-05	0.00046846	0.00046846
Thomas	0.0	0.0	1.0	0.139	3.944	3.944	0.0	0.0	0.00138889	0.00019306	0.00547778	0.00547778
Saunders	1.709	58.104	200.104	0.0	0.0	2.0	8.022e-05	0.0027275	0.00939323	0.0	0.0	9.388e-05
Johnson	0.038	1.462	14.462	0.0	0.0	0.0	7.4e-06	0.00028477	0.00281691	0.0	0.0	0.0
Red Willow	0.177	6.822	22.822	0.0	0.0	0.0	1.65e-05	0.00063602	0.00212773	0.0	0.0	0.0
Hall	2.515	96.894	1817.894	0.144	4.086	49.086	4.082e-05	0.00157278	0.02950791	2.34e-06	6.632e-05	0.00079676
Phelps	8.162	80.166	117.166	0.144	4.086	4.086	0.00090729	0.00891129	0.01302423	1.601e-05	0.0004542	0.0004542
Cedar	0.15	4.59	25.59	0.144	4.086	4.086	1.776e-05	0.00054345	0.00302984	1.705e-05	0.00048378	0.00048378
Garfield	0.0	0.0	3.0	0.144	4.086	4.086	0.0	0.0	0.00150981	7.247e-05	0.00205637	0.00205637
York	17.231	204.896	277.896	0.144	4.086	4.086	0.00125116	0.01487772	0.02017833	1.046e-05	0.00029669	0.00029669
Boyd	0.0	0.0	1.0	0.144	4.086	4.086	0.0	0.0	0.00051151	7.366e-05	0.00209003	0.00209003
Banner	0.0	0.0	2.0	0.144	4.086	4.086	0.0	0.0	0.00273973	0.00019726	0.00559726	0.00559726
Polk	0.273	10.733	34.733	0.144	4.086	4.086	5.172e-05	0.00203354	0.00658071	2.728e-05	0.00077416	0.00077416
McPherson	0.0	0.0	4.0	0.144	4.086	4.086	0.0	0.0	0.00813008	0.00029268	0.00830488	0.00830488
Thurston	0.89	34.274	237.274	0.196	5.549	9.549	0.00012187	0.00469314	0.03248994	2.684e-05	0.00075982	0.00130754
Grant	0.0	0.0	0.0	0.0	0.0	0.0	0.0	0.0	0.0	0.0	0.0	0.0
