Name	Predicted_New_Cases	Total_Predicted_New_Cases	Total_Predicted_Cases	Predicted_New_Deaths	Total_Predicted_New_Deaths	Total_Predicted_Deaths	Predicted_New_per_capita	Predicted_Total_New_per_capita	Predicted_Total_Cases_per_capita	Predicted_New_Deaths_per_capita	Total_Predicted_New_Deaths_per_capita	Total_Predicted_Deaths_per_capita
Logan	0.0	0.0	1.0	2.644	39.515	42.356	0.0	0.0	0.00133511	0.00353004	0.05275701	0.05655007
Furnas	0.0	0.0	2.0	2.644	39.515	42.356	0.0	0.0	0.00042418	0.00056076	0.0083807	0.00898324
Valley	0.0	0.0	0.0	0.0	0.0	0.0	0.0	0.0	0.0	0.0	0.0	0.0
Brown	0.0	0.0	0.0	0.0	0.0	0.0	0.0	0.0	0.0	0.0	0.0	0.0
Wayne	0.0	0.0	1.0	2.644	39.515	42.356	0.0	0.0	0.00010635	0.00028119	0.00420238	0.00450452
Keya Paha	0.0	0.0	0.0	0.0	0.0	0.0	0.0	0.0	0.0	0.0	0.0	0.0
Dixon	0.0	0.0	1.0	2.644	39.515	42.356	0.0	0.0	0.00017516	0.00046313	0.00692153	0.00741916
Platte	0.001	0.453	8.622	2.644	39.515	42.356	3e-08	1.358e-05	0.00025843	7.925e-05	0.0011844	0.00126955
Webster	0.0	0.0	2.0	2.644	39.515	42.356	0.0	0.0	0.00056609	0.00074837	0.01118455	0.01198868
Pierce	0.0	0.0	1.0	2.644	39.515	42.356	0.0	0.0	0.00014002	0.0003702	0.00553276	0.00593055
Lincoln	0.051	1.045	19.204	0.0	0.0	1.0	1.45e-06	2.97e-05	0.0005458	0.0	0.0	2.842e-05
Chase	0.0	0.0	0.0	0.0	0.0	0.0	0.0	0.0	0.0	0.0	0.0	0.0
Loup	0.0	0.0	0.0	0.0	0.0	0.0	0.0	0.0	0.0	0.0	0.0	0.0
Hamilton	0.589	12.185	36.043	0.0	0.0	0.0	6.347e-05	0.00131304	0.00388394	0.0	0.0	0.0
Gosper	3.697	27.004	33.6	0.0	0.0	0.0	0.0018522	0.01352906	0.01683367	0.0	0.0	0.0
Washington	0.011	0.232	21.268	0.0	0.0	0.0	5.3e-07	1.123e-05	0.00102908	0.0	0.0	0.0
Antelope	0.0	0.0	1.0	0.0	0.0	0.0	0.0	0.0	0.00015783	0.0	0.0	0.0
Keith	0.0	0.0	0.0	0.0	0.0	0.0	0.0	0.0	0.0	0.0	0.0	0.0
Pawnee	0.0	0.0	0.0	0.0	0.0	0.0	0.0	0.0	0.0	0.0	0.0	0.0
Burt	0.0	0.0	1.0	0.0	0.0	0.0	0.0	0.0	0.00015413	0.0	0.0	0.0
Garden	0.0	0.0	0.0	0.0	0.0	0.0	0.0	0.0	0.0	0.0	0.0	0.0
Cass	0.028	0.581	4.669	0.0	0.0	0.0	1.07e-06	2.221e-05	0.00017849	0.0	0.0	0.0
Jefferson	0.0	0.0	0.0	0.0	0.0	0.0	0.0	0.0	0.0	0.0	0.0	0.0
Scotts Bluff	0.586	12.126	35.975	0.0	0.0	0.0	1.628e-05	0.00033694	0.00099961	0.0	0.0	0.0
Deuel	0.0	0.0	0.0	0.0	0.0	0.0	0.0	0.0	0.0	0.0	0.0	0.0
Dundy	0.0	0.0	0.0	0.0	0.0	0.0	0.0	0.0	0.0	0.0	0.0	0.0
Custer	0.126	2.612	23.01	0.0	0.0	0.0	1.162e-05	0.00024096	0.00212269	0.0	0.0	0.0
Blaine	0.0	0.0	0.0	0.0	0.0	0.0	0.0	0.0	0.0	0.0	0.0	0.0
Douglas	0.0	18.115	326.18	0.006	0.871	9.128	0.0	3.196e-05	0.0005754	1e-08	1.54e-06	1.61e-05
Dawes	0.0	0.0	0.0	0.0	0.0	0.0	0.0	0.0	0.0	0.0	0.0	0.0
Richardson	0.0	0.0	0.0	0.0	0.0	0.0	0.0	0.0	0.0	0.0	0.0	0.0
Thayer	0.0	0.0	0.0	0.0	0.0	0.0	0.0	0.0	0.0	0.0	0.0	0.0
Perkins	0.0	0.0	0.0	0.0	0.0	0.0	0.0	0.0	0.0	0.0	0.0	0.0
Sarpy	0.836	17.292	74.928	0.006	0.871	1.128	4.53e-06	9.374e-05	0.0004062	3e-08	4.72e-06	6.12e-06
Harlan	0.0	0.0	0.0	0.0	0.0	0.0	0.0	0.0	0.0	0.0	0.0	0.0
Wheeler	0.0	0.0	0.0	0.0	0.0	0.0	0.0	0.0	0.0	0.0	0.0	0.0
Morrill	0.0	0.0	1.0	0.006	0.871	1.128	0.0	0.0	0.0002134	1.28e-06	0.00018587	0.00024072
Dawson	110.119	804.215	996.959	0.006	0.871	1.128	0.00464461	0.03392024	0.04204981	2.5e-07	3.674e-05	4.758e-05
Cherry	0.0	0.0	1.0	0.006	0.871	1.128	0.0	0.0	0.00017358	1.04e-06	0.00015119	0.0001958
Madison	0.252	4.735	19.311	0.0	0.0	2.0	7.12e-06	0.00013379	0.00054563	0.0	0.0	5.651e-05
Hitchcock	0.0	0.0	0.0	0.0	0.0	0.0	0.0	0.0	0.0	0.0	0.0	0.0
Boone	0.0	0.0	0.0	0.0	0.0	0.0	0.0	0.0	0.0	0.0	0.0	0.0
Dakota	0.0	0.0	73.0	0.0	0.0	0.0	0.0	0.0	0.00363492	0.0	0.0	0.0
Otoe	0.0	0.0	1.0	0.0	0.0	0.0	0.0	0.0	6.256e-05	0.0	0.0	0.0
Holt	0.0	0.0	0.0	0.0	0.0	0.0	0.0	0.0	0.0	0.0	0.0	0.0
Kearney	0.028	0.581	4.669	0.0	0.0	0.0	4.28e-06	8.878e-05	0.00071348	0.0	0.0	0.0
Gage	0.095	2.609	31.178	0.0	0.0	1.0	4.42e-06	0.00012139	0.00145061	0.0	0.0	4.653e-05
Nance	0.0	0.0	1.0	0.0	0.0	0.0	0.0	0.0	0.00028313	0.0	0.0	0.0
Colfax	0.0	0.0	5.0	0.0	0.0	0.0	0.0	0.0	0.00045952	0.0	0.0	0.0
Howard	0.0	0.0	4.0	0.0	0.0	0.0	0.0	0.0	0.00061843	0.0	0.0	0.0
Stanton	2.773	20.252	22.699	0.0	0.0	0.0	0.00046449	0.00339229	0.00380218	0.0	0.0	0.0
Seward	2.773	20.252	24.699	0.0	0.0	0.0	0.00016012	0.00116942	0.0014262	0.0	0.0	0.0
Dodge	0.502	10.387	29.971	0.0	0.0	0.0	1.364e-05	0.00028232	0.00081463	0.0	0.0	0.0
Sherman	0.0	0.0	0.0	0.0	0.0	0.0	0.0	0.0	0.0	0.0	0.0	0.0
Saline	0.0	0.0	11.0	0.0	0.0	0.0	0.0	0.0	0.00076655	0.0	0.0	0.0
Nemaha	0.0	0.0	1.0	0.0	0.0	0.0	0.0	0.0	0.00014372	0.0	0.0	0.0
Box Butte	0.0	0.0	1.0	0.0	0.0	0.0	0.0	0.0	9.283e-05	0.0	0.0	0.0
Unassigned	3.199	66.149	113.236	1.732	29.498	47.141	N/A	N/A	N/A	N/A	N/A	N/A
Sheridan	0.0	0.0	0.0	0.0	0.0	0.0	0.0	0.0	0.0	0.0	0.0	0.0
Greeley	0.0	0.0	0.0	0.0	0.0	0.0	0.0	0.0	0.0	0.0	0.0	0.0
Cuming	0.0	0.0	2.0	1.732	29.498	32.141	0.0	0.0	0.00022371	0.00019374	0.00329955	0.00359519
Adams	3.193	66.032	177.101	1.732	29.498	32.141	0.00010133	0.00209552	0.00562029	5.496e-05	0.00093612	0.00101999
Buffalo	1.291	26.692	85.762	0.0	0.0	1.0	2.602e-05	0.00053798	0.00172855	0.0	0.0	2.016e-05
Clay	0.0	0.0	5.0	0.0	0.0	0.0	0.0	0.0	0.00080463	0.0	0.0	0.0
Merrick	0.673	13.926	25.05	0.0	0.0	0.0	8.703e-05	0.00180085	0.00323936	0.0	0.0	0.0
Arthur	0.0	0.0	0.0	0.0	0.0	0.0	0.0	0.0	0.0	0.0	0.0	0.0
Franklin	0.0	0.0	3.0	0.0	0.0	0.0	0.0	0.0	0.00099239	0.0	0.0	0.0
Sioux	0.0	0.0	0.0	0.0	0.0	0.0	0.0	0.0	0.0	0.0	0.0	0.0
Rock	0.0	0.0	0.0	0.0	0.0	0.0	0.0	0.0	0.0	0.0	0.0	0.0
Fillmore	0.0	0.0	0.0	0.0	0.0	0.0	0.0	0.0	0.0	0.0	0.0	0.0
Butler	0.0	0.0	1.0	0.0	0.0	0.0	0.0	0.0	0.0001241	0.0	0.0	0.0
Cheyenne	0.21	4.349	9.012	0.0	0.0	0.0	2.256e-05	0.00046713	0.00096799	0.0	0.0	0.0
Hooker	0.0	0.0	0.0	0.0	0.0	0.0	0.0	0.0	0.0	0.0	0.0	0.0
Lancaster	1.655	34.235	131.455	0.0	0.0	1.0	5.22e-06	0.0001079	0.00041433	0.0	0.0	3.15e-06
Hayes	0.0	0.0	0.0	0.0	0.0	0.0	0.0	0.0	0.0	0.0	0.0	0.0
Frontier	0.0	0.0	0.0	0.0	0.0	0.0	0.0	0.0	0.0	0.0	0.0	0.0
Nuckolls	0.0	0.0	0.0	0.0	0.0	0.0	0.0	0.0	0.0	0.0	0.0	0.0
Kimball	0.0	0.0	9.0	0.0	0.0	0.0	0.0	0.0	0.00248756	0.0	0.0	0.0
Knox	0.0	0.0	2.0	0.0	0.0	0.0	0.0	0.0	0.00023756	0.0	0.0	0.0
Thomas	0.0	0.0	0.0	0.0	0.0	0.0	0.0	0.0	0.0	0.0	0.0	0.0
Saunders	0.052	1.502	7.822	0.0	0.0	0.0	2.44e-06	7.051e-05	0.00036718	0.0	0.0	0.0
Johnson	0.0	0.0	2.0	0.0	0.0	0.0	0.0	0.0	0.00038956	0.0	0.0	0.0
Red Willow	0.0	0.0	1.0	0.0	0.0	0.0	0.0	0.0	9.323e-05	0.0	0.0	0.0
Hall	49.852	816.493	1438.529	0.566	5.376	9.57	0.00080919	0.01325325	0.02335009	9.19e-06	8.726e-05	0.00015534
Phelps	0.0	0.0	1.0	0.566	5.376	5.57	0.0	0.0	0.00011116	6.292e-05	0.0005976	0.00061916
Cedar	0.0	0.0	0.0	0.0	0.0	0.0	0.0	0.0	0.0	0.0	0.0	0.0
Garfield	0.0	0.0	0.0	0.0	0.0	0.0	0.0	0.0	0.0	0.0	0.0	0.0
York	0.349	6.754	14.671	0.566	5.376	5.57	2.534e-05	0.00049042	0.00106528	4.11e-05	0.00039036	0.00040444
Boyd	0.0	0.0	0.0	0.0	0.0	0.0	0.0	0.0	0.0	0.0	0.0	0.0
Banner	0.0	0.0	0.0	0.0	0.0	0.0	0.0	0.0	0.0	0.0	0.0	0.0
Polk	0.0	0.0	6.0	0.566	5.376	5.57	0.0	0.0	0.00113679	0.00010724	0.00101857	0.00105532
McPherson	0.0	0.0	0.0	0.0	0.0	0.0	0.0	0.0	0.0	0.0	0.0	0.0
Thurston	0.0	0.0	0.0	0.0	0.0	0.0	0.0	0.0	0.0	0.0	0.0	0.0
Grant	0.0	0.0	0.0	0.0	0.0	0.0	0.0	0.0	0.0	0.0	0.0	0.0
