Name	Confirmed	Deaths	Recovered	Active	Confirmed_per_capita	Deaths_per_capita	IFR_0.30_expected	IFR_0.65_expected	IFR_1.0_expected	IFR_0.30_expected_per_capita	IFR_0.65_expected_per_capita	IFR_1.0_expected_per_capita	Date
Irwin	0.0	0.0	0.0	0.0	0.0	0.0	0.0	0.0	0.0	0.0	0.0	0.0	2020-03-22
Irwin	0	0	0	0	0.0	0.0	0	0	0	0.0	0.0	0.0	0	0	2020-03-23
Irwin	1	0	0	0	0.00010641	0.0	5	2	1.25	0.00053205	0.00021282	0.0001330125	1	0	0	0	2020-03-24
Irwin	2	0	0	0	0.00021281	0.0	10	4	2.5	0.00106405	0.00042562	0.0002660125	1	0	0	0	2020-03-25
Irwin	2	0	0	0	0.00021281	0.0	10	4	2.5	0.00106405	0.00042562	0.0002660125	0	0	0	0	2020-03-26
Irwin	3	0	0	0	0.00031922	0.0	15	6	3.75	0.0015961	0.00063844	0.000399025	1	0	0	0	2020-03-27
Irwin	3	0	0	0	0.00031922	0.0	15	6	3.75	0.0015961	0.00063844	0.000399025	0	0	0	0	2020-03-28
Irwin	3	0	0	0	0.00031922	0.0	15	6	3.75	0.0015961	0.00063844	0.000399025	0	0	0	0	2020-03-29
Irwin	3	0	0	0	0.00031922	0.0	15	6	3.75	0.0015961	0.00063844	0.000399025	0	0	0	0	2020-03-30
Irwin	3	0	0	0	0.00031922	0.0	15	6	3.75	0.0015961	0.00063844	0.000399025	0	0	100	0	2020-03-31
Irwin	3	0	0	0	0.00031922	0.0	15	6	3.75	0.0015961	0.00063844	0.000399025	0	0	100	0	2020-04-01
Irwin	5	0	0	0	0.00053203	0.0	25	10	6.25	0.00266015	0.00106406	0.0006650375	2	0	100	100	2020-04-02
Irwin	6	0	0	0	0.00063843	0.0	30	12	7.5	0.00319215	0.00127686	0.0007980375	1	0	0	0	2020-04-03
Irwin	6	0	0	0	0.00063843	0.0	30	12	7.5	0.00319215	0.00127686	0.0007980375	0	0	0	0	2020-04-04
Irwin	6	0	0	0	0.00063843	0.0	30	12	7.5	0.00319215	0.00127686	0.0007980375	0	0	0	0	2020-04-05
