Name	Predicted_New_Cases	Total_Predicted_New_Cases	Total_Predicted_Cases	Predicted_New_Deaths	Total_Predicted_New_Deaths	Total_Predicted_Deaths	Predicted_New_per_capita	Predicted_Total_New_per_capita	Predicted_Total_Cases_per_capita	Predicted_New_Deaths_per_capita	Total_Predicted_New_Deaths_per_capita	Total_Predicted_Deaths_per_capita
Wright	0.0	6.559	421.559	3.979	295.228	296.228	0.0	0.00051686	0.03321978	0.00031355	0.02326462	0.02334342
Floyd	0.528	39.16	133.16	0.464	34.415	36.415	3.35e-05	0.00248461	0.0084487	2.944e-05	0.00218355	0.00231045
Black Hawk	0.0	56.348	2748.348	9.327	691.975	751.975	0.0	0.00042556	0.02075666	7.044e-05	0.00522608	0.00567923
Linn	707.473	13412.48	14989.48	5.703	423.094	510.094	0.00313167	0.05937116	0.06635185	2.524e-05	0.00187285	0.00225796
Jones	0.229	17.017	110.017	0.544	40.336	41.336	1.104e-05	0.00082033	0.00530356	2.622e-05	0.00194447	0.00199267
Wayne	0.026	1.921	12.921	0.047	3.494	4.494	4.06e-06	0.00030011	0.00201859	7.34e-06	0.00054585	0.00070208
Davis	20.159	382.184	427.184	0.192	14.263	15.263	0.00223567	0.04238483	0.0473754	2.129e-05	0.00158179	0.00169269
Cherokee	40.168	761.522	849.522	0.766	56.867	57.867	0.0035481	0.06726632	0.07503948	6.766e-05	0.00502314	0.00511147
Montgomery	7.693	145.848	164.848	0.045	3.369	5.369	0.00076907	0.01458043	0.01647986	4.5e-06	0.0003368	0.00053674
Winneshiek	0.17	12.628	69.628	0.291	21.565	22.565	8.49e-06	0.00063049	0.00347636	1.453e-05	0.00107669	0.00112662
Webster	2.229	161.049	691.049	1.914	96.902	101.902	6.144e-05	0.00443942	0.01904923	5.276e-05	0.00267117	0.002809
Page	11.201	212.344	243.344	0.0	0.0	0.961	0.00073454	0.01392511	0.01595803	0.0	0.0	6.302e-05
Van Buren	0.088	6.495	28.495	0.166	12.325	13.325	1.254e-05	0.00092521	0.00405912	2.365e-05	0.0017557	0.00189815
Mitchell	19.566	370.932	438.932	0.0	0.0	3.162	0.00185126	0.03509622	0.04153014	0.0	0.0	0.00029918
Hamilton	97.006	1839.073	2051.073	2.015	149.493	150.493	0.00648783	0.12299846	0.13717717	0.00013476	0.00999819	0.01006507
Lee	0.0	1.028	59.028	0.207	15.357	17.357	0.0	3.019e-05	0.00173331	6.08e-06	0.00045095	0.00050968
Louisa	84.045	1965.332	2335.332	0.0	21.367	34.367	0.00752485	0.17596311	0.20909052	0.0	0.00191306	0.003077
Washington	119.602	2267.439	2530.439	0.0	14.347	23.347	0.00540183	0.10240906	0.11428748	0.0	0.00064798	0.00105447
Dubuque	5.226	387.723	1576.723	5.81	308.053	331.053	5.396e-05	0.00400317	0.01627938	5.999e-05	0.00318059	0.00341806
Sac	0.297	22.026	95.026	0.0	0.0	4.489	3.056e-05	0.00226628	0.00977734	0.0	0.0	0.00046188
Hardin	0.4	29.663	134.663	0.0	0.0	14.011	2.371e-05	0.00175854	0.00798334	0.0	0.0	0.00083063
Des Moines	51.449	975.375	1091.375	0.427	31.687	33.687	0.00131455	0.02492143	0.0278853	1.091e-05	0.00080962	0.00086072
Clayton	0.125	9.269	66.269	0.162	12.021	15.021	7.12e-06	0.00052797	0.00377472	9.23e-06	0.00068472	0.0008556
Fayette	0.193	14.344	79.344	0.0	0.0	2.657	9.82e-06	0.0007296	0.00403581	0.0	0.0	0.00013515
Cass	12.743	241.587	271.587	0.0	0.0	0.782	0.00098554	0.01868422	0.02100441	0.0	0.0	6.048e-05
Jefferson	0.0	1.252	67.252	0.0	0.0	4.229	0.0	6.811e-05	0.00365878	0.0	0.0	0.00023007
Ringgold	0.033	2.422	19.422	0.118	8.789	9.789	6.64e-06	0.00048752	0.00390942	2.375e-05	0.00176912	0.00197041
Decatur	0.038	2.847	17.847	0.0	0.0	0.791	4.82e-06	0.00036084	0.00226198	0.0	0.0	0.00010025
Guthrie	41.699	790.544	890.544	0.0	4.156	9.156	0.00388983	0.07374478	0.08307313	0.0	0.00038769	0.0008541
Lyon	0.19	14.072	83.072	0.0	0.0	3.272	1.609e-05	0.00119143	0.00703344	0.0	0.0	0.00027703
Monroe	26.247	497.59	556.59	0.0	3.043	10.043	0.00336932	0.06387548	0.07144929	0.0	0.00039063	0.00128922
Marion	0.257	19.062	120.062	0.0	0.0	5.101	7.69e-06	0.0005706	0.00359392	0.0	0.0	0.00015269
Delaware	0.156	11.55	74.55	0.0	2.079	3.079	9.14e-06	0.00067667	0.00436757	0.0	0.0001218	0.00018039
Winnebago	0.18	13.374	70.374	0.0	0.0	2.44	1.711e-05	0.00127153	0.00669082	0.0	0.0	0.00023198
Fremont	0.043	3.205	17.205	0.0	0.0	0.722	6.15e-06	0.00045832	0.00246032	0.0	0.0	0.00010325
Iowa	0.243	18.044	83.044	3.611	141.377	142.377	1.505e-05	0.0011179	0.00514491	0.00022372	0.00875887	0.00882083
Dickinson	0.721	53.487	386.487	1.072	79.499	82.499	4.203e-05	0.00311823	0.02253174	6.25e-05	0.0046347	0.0048096
Benton	0.218	16.171	109.171	0.26	19.32	20.32	8.5e-06	0.00063065	0.00425751	1.014e-05	0.00075345	0.00079245
Cerro Gordo	89.32	1952.354	2386.354	0.0	2.18	14.18	0.0020944	0.0457794	0.05595596	0.0	5.112e-05	0.0003325
Humboldt	0.293	21.764	91.764	0.0	2.375	3.375	3.069e-05	0.00227967	0.00961182	0.0	0.00024877	0.00035351
Poweshiek	52.173	989.117	1103.117	0.0	6.435	14.435	0.00279015	0.05289679	0.05899337	0.0	0.00034414	0.00077197
Henry	45.194	856.807	956.807	0.42	31.149	34.149	0.00225216	0.04269731	0.04768062	2.093e-05	0.00155225	0.00170175
Palo Alto	0.195	14.49	75.49	0.0	0.0	2.286	2.184e-05	0.0016228	0.00845447	0.0	0.0	0.00025602
Mahaska	56.34	1068.111	1196.111	0.0	6.995	23.995	0.00256091	0.0485505	0.05436868	0.0	0.00031795	0.00109068
Madison	30.203	572.59	644.59	0.181	13.407	15.407	0.00185876	0.03523848	0.03966952	1.114e-05	0.0008251	0.00094818
Boone	0.387	28.678	213.678	0.607	45.03	46.03	1.469e-05	0.00108851	0.00811045	2.304e-05	0.00170918	0.00174713
Appanoose	0.238	17.658	51.658	0.233	17.271	20.271	1.914e-05	0.0014198	0.00415357	1.873e-05	0.00138868	0.00162989
Mills	0.162	12.028	70.028	0.0	0.0	2.686	1.075e-05	0.00079851	0.00464901	0.0	0.0	0.00017832
Allamakee	94.416	1550.798	1689.798	0.0	7.485	11.485	0.00682591	0.11211669	0.12216585	0.0	0.00054114	0.00083032
Buchanan	0.188	13.93	87.93	0.0	2.09	3.09	8.87e-06	0.00065711	0.00414784	0.0	9.859e-05	0.00014576
Emmet	0.291	21.586	136.586	0.0	0.0	6.712	3.145e-05	0.00233287	0.01476127	0.0	0.0	0.00072539
Scott	4.29	318.294	1607.294	5.762	305.492	315.492	2.476e-05	0.00183684	0.00927554	3.325e-05	0.00176297	0.00182067
Tama	173.433	3532.997	4041.997	0.0	30.436	59.436	0.01025988	0.20900361	0.23911482	0.0	0.00180052	0.00351609
Woodbury	972.762	21262.674	24723.674	0.0	209.113	255.113	0.00948675	0.20736182	0.24111483	0.0	0.00203935	0.00248796
Howard	0.139	10.329	52.329	0.0	0.0	2.499	1.513e-05	0.00112431	0.00569598	0.0	0.0	0.00027201
Calhoun	0.211	15.64	83.64	0.389	28.89	30.89	2.175e-05	0.00161254	0.00862357	4.011e-05	0.00297866	0.00318486
Clarke	0.0	3.036	155.036	0.551	40.857	43.857	0.0	0.00032219	0.01645293	5.847e-05	0.00433588	0.00465425
Ida	0.0	0.365	24.365	0.0	0.0	1.734	0.0	5.335e-05	0.00356161	0.0	0.0	0.00025347
Marshall	525.936	9970.84	11154.84	0.0	68.315	88.315	0.01315465	0.24938946	0.27900353	0.0	0.00170869	0.00220892
O'Brien	0.0	2.251	108.251	0.37	27.477	28.477	0.0	0.00016264	0.0078216	2.673e-05	0.00198533	0.00205759
Unassigned	0.126	9.322	38.322	0.0	0.037	0.238	N/A	N/A	N/A	N/A	N/A	N/A
Plymouth	172.286	3266.246	3643.246	0.0	24.924	30.924	0.00686535	0.13015525	0.14517816	0.0	0.00099319	0.00123228
Osceola	0.148	11.012	82.012	0.0	0.0	4.486	2.45e-05	0.00182318	0.01357815	0.0	0.0	0.00074272
Adams	5.391	102.201	114.201	0.0	0.0	0.387	0.00147901	0.02803868	0.03133086	0.0	0.0	0.00010617
Dallas	0.0	33.002	1577.002	0.0	109.613	143.613	0.0	0.00036596	0.01748727	0.0	0.00121549	0.00159251
Clay	0.324	24.07	183.07	1.292	95.832	96.832	2.008e-05	0.00149188	0.01134685	8.008e-05	0.00593975	0.00600174
Chickasaw	0.091	6.758	44.758	0.0	0.0	1.996	7.61e-06	0.00056486	0.00374106	0.0	0.0	0.00016683
Shelby	57.707	1094.029	1219.029	0.0	0.0	44.938	0.00498419	0.09449205	0.10528839	0.0	0.0	0.00388133
Franklin	57.924	1098.148	1232.148	0.0	0.0	32.598	0.00572145	0.10846977	0.12170565	0.0	0.0	0.00321987
Sioux	242.391	4595.318	5130.318	0.0	0.0	21.347	0.00694351	0.13163706	0.14696262	0.0	0.0	0.0006115
Butler	0.237	17.582	98.582	0.0	2.18	4.18	1.63e-05	0.0012093	0.00678052	0.0	0.00014994	0.0002875
Greene	15.422	292.375	329.375	0.0	0.0	1.242	0.00171718	0.03255484	0.03667465	0.0	0.0	0.00013829
Hancock	0.204	15.131	91.131	0.429	31.805	33.805	1.904e-05	0.00141253	0.00850737	4.005e-05	0.0029691	0.00315581
Union	0.408	23.574	79.574	0.231	17.112	18.112	3.301e-05	0.00190744	0.00643855	1.869e-05	0.00138458	0.00146549
Audubon	8.375	158.768	179.768	0.086	6.35	7.35	0.00152107	0.02883545	0.03264947	1.562e-05	0.00115329	0.00133491
Pocahontas	0.319	23.641	132.641	0.0	2.308	3.308	4.733e-05	0.00350757	0.01967967	0.0	0.00034243	0.0004908
Worth	4.036	100.686	139.686	0.0	0.0	1.407	0.00054153	0.01350946	0.01874225	0.0	0.0	0.00018878
Buena Vista	401.072	9378.751	11132.751	0.0	103.015	115.015	0.02018074	0.47191059	0.5601666	0.0	0.00518341	0.00578721
Muscatine	331.144	6277.926	7008.926	0.0	38.248	83.248	0.00771376	0.14623974	0.16326786	0.0	0.00089096	0.0019392
Carroll	0.542	40.231	172.231	0.0	3.452	4.452	2.689e-05	0.00199618	0.00854575	0.0	0.00017128	0.0002209
Wapello	167.681	3921.097	4659.097	0.0	40.86	71.86	0.00476299	0.11137898	0.13234191	0.0	0.00116063	0.00204119
Keokuk	0.0	0.484	24.484	0.086	6.393	7.393	0.0	4.733e-05	0.00239452	8.41e-06	0.00062523	0.00072303
Warren	1.075	79.737	483.737	0.0	12.176	13.176	2.106e-05	0.00156176	0.00947464	0.0	0.00023848	0.00025807
Monona	0.0	1.454	82.454	0.0	0.0	5.88	0.0	0.00016753	0.0095004	0.0	0.0	0.0006775
Johnson	4.232	313.998	1941.998	10.154	538.355	548.355	2.798e-05	0.00207588	0.01283881	6.713e-05	0.00355914	0.00362525
Lucas	16.975	321.82	358.82	0.0	1.676	5.676	0.00196356	0.03722614	0.04150607	0.0	0.00019387	0.00065656
Harrison	0.154	11.449	80.449	0.0	0.0	4.237	1.09e-05	0.00081003	0.00569188	0.0	0.0	0.00029977
Cedar	0.399	29.606	132.606	0.0	0.645	1.645	2.142e-05	0.00158941	0.00711902	0.0	3.463e-05	8.831e-05
Taylor	58.537	961.479	1042.479	0.0	0.0	3.576	0.00945518	0.1553027	0.16838621	0.0	0.0	0.00057761
Clinton	0.5	37.094	212.094	0.0	4.687	6.687	1.075e-05	0.00079741	0.0045594	0.0	0.00010076	0.00014375
Crawford	197.162	4309.577	4997.577	3.562	264.244	267.244	0.01149097	0.25117012	0.29126804	0.0002076	0.01540063	0.01557547
Grundy	0.157	11.675	68.675	0.0	0.0	2.424	1.276e-05	0.00094888	0.00558152	0.0	0.0	0.00019701
Jasper	174.802	3313.951	3706.951	0.0	20.036	37.036	0.00470568	0.08921181	0.0997914	0.0	0.00053937	0.00099701
Bremer	59.204	1122.401	1257.401	0.0	5.433	12.433	0.00237319	0.04499142	0.05040289	0.0	0.00021778	0.00049838
Story	2.129	157.943	1091.943	7.097	376.269	384.269	2.17e-05	0.00160994	0.01113035	7.234e-05	0.00383537	0.00391692
Polk	3755.762	71202.796	79556.796	29.76	2207.973	2396.973	0.00770881	0.14614575	0.16329258	6.108e-05	0.00453193	0.00491985
Pottawattamie	0.0	20.268	939.268	0.0	64.225	79.225	0.0	0.00021669	0.0100421	0.0	0.00068666	0.00084703
Kossuth	0.196	14.565	82.565	0.0	0.0	2.856	1.315e-05	0.00097699	0.0055383	0.0	0.0	0.00019157
Adair	0.046	3.382	23.382	0.0	0.0	1.342	6.51e-06	0.00047883	0.00331049	0.0	0.0	0.00019
Jackson	0.429	30.21	124.21	0.0	0.0	1.866	2.208e-05	0.00155465	0.00639203	0.0	0.0	9.603e-05
