Name	Predicted_New_Cases	Total_Predicted_New_Cases	Predicted_New_per_capita	Predicted_Total_per_capita
Wright	0.256	12.857	2.015e-05	0.00101312
Black Hawk	0.994	46.214	7.51e-06	0.00034902
Linn	1.155	99.227	5.11e-06	0.00043923
Jones	0.088	4.688	4.26e-06	0.00022598
Montgomery	0.256	12.857	2.557e-05	0.00128527
Winneshiek	0.044	2.024	2.17e-06	0.00010105
Webster	0.034	1.714	9.4e-07	4.725e-05
Page	0.0	0.0	0.0	0.0
Van Buren	0.0	0.0	0.0	0.0
Mitchell	0.0	0.0	0.0	0.0
Hamilton	0.0	0.0	0.0	0.0
Lee	0.256	12.857	7.51e-06	0.00037752
Louisa	0.0	0.0	0.0	0.0
Washington	1.321	61.393	5.965e-05	0.00277283
Dubuque	0.435	20.24	4.5e-06	0.00020897
Hardin	0.256	12.857	1.516e-05	0.00076218
Des Moines	0.078	3.735	1.98e-06	9.543e-05
Clayton	0.128	6.267	7.26e-06	0.00035697
Fayette	0.029	1.349	1.48e-06	6.863e-05
Jefferson	3.823	98.085	0.00020796	0.00533623
Guthrie	0.0	0.0	0.0	0.0
Lyon	0.82	40.288	6.942e-05	0.00341104
Marion	0.0	0.0	0.0	0.0
Delaware	0.511	25.713	2.997e-05	0.00150642
Winnebago	0.442	23.439	4.201e-05	0.00222842
Iowa	0.051	2.571	3.17e-06	0.0001593
Dickinson	0.256	12.857	1.491e-05	0.00074952
Benton	0.33	15.874	1.285e-05	0.00061906
Cerro Gordo	0.056	3.352	1.31e-06	7.86e-05
Poweshiek	0.0	0.0	0.0	0.0
Henry	0.53	24.625	2.64e-05	0.00122713
Mahaska	0.018	0.895	8.3e-07	4.07e-05
Madison	3.918	96.05	0.0002411	0.00591116
Boone	0.048	2.457	1.81e-06	9.327e-05
Appanoose	0.273	13.429	2.197e-05	0.00107979
Mills	0.256	12.857	1.698e-05	0.00085352
Allamakee	0.203	9.445	1.469e-05	0.00068284
Buchanan	0.001	1.742	6e-08	8.215e-05
Scott	3.324	154.495	1.918e-05	0.00089158
Tama	2.155	100.186	0.0001275	0.00592674
Woodbury	0.319	14.842	3.11e-06	0.00014475
Howard	0.256	12.857	2.784e-05	0.00139943
Clarke	0.476	24.573	5.055e-05	0.00260772
Marshall	0.58	29.141	1.45e-05	0.00072888
O'Brien	0.0	0.0	0.0	0.0
Unassigned	0.0	0.0	N/A	N/A
Plymouth	0.0	0.0	0.0	0.0
Osceola	0.0	0.0	0.0	0.0
Dallas	0.011	2.778	1.3e-07	3.08e-05
Clay	0.0	0.0	0.0	0.0
Chickasaw	0.442	23.439	3.693e-05	0.00195909
Shelby	0.0	0.0	0.0	0.0
Franklin	0.221	11.719	2.182e-05	0.00115758
Sioux	0.0	0.0	0.0	0.0
Butler	0.256	12.857	1.759e-05	0.00088428
Greene	0.0	0.0	0.0	0.0
Hancock	0.0	0.0	0.0	0.0
Union	0.0	0.0	0.0	0.0
Audubon	0.0	0.0	0.0	0.0
Worth	0.0	0.0	0.0	0.0
Buena Vista	0.0	0.0	0.0	0.0
Muscatine	2.779	129.196	6.474e-05	0.00300952
Carroll	0.327	15.18	1.62e-05	0.00075318
Wapello	0.087	4.048	2.47e-06	0.00011498
Keokuk	0.0	0.0	0.0	0.0
Warren	0.003	3.929	5e-08	7.695e-05
Monona	0.0	0.0	0.0	0.0
Johnson	4.652	216.226	3.075e-05	0.0014295
Harrison	0.08	3.711	5.65e-06	0.00026253
Cedar	0.418	19.777	2.245e-05	0.00106176
Taylor	0.238	12.286	3.847e-05	0.00198454
Clinton	0.426	21.428	9.16e-06	0.00046063
Crawford	0.0	0.0	0.0	0.0
Grundy	0.256	12.857	2.079e-05	0.00104491
Jasper	0.069	3.242	1.85e-06	8.728e-05
Bremer	3.823	98.085	0.00015323	0.00393174
Story	0.109	5.06	1.11e-06	5.158e-05
Polk	1.505	81.968	3.09e-06	0.00016824
Pottawattamie	0.225	10.457	2.41e-06	0.0001118
Kossuth	0.327	15.18	2.191e-05	0.00101822
Adair	0.327	15.18	4.624e-05	0.00214918
Jackson	0.0	0.0	0.0	0.0
