Name	Predicted_New_Cases	Total_Predicted_New_Cases	Total_Predicted_Cases	Predicted_New_Deaths	Total_Predicted_New_Deaths	Total_Predicted_Deaths	Predicted_New_per_capita	Predicted_Total_New_per_capita	Predicted_Total_Cases_per_capita	Predicted_New_Deaths_per_capita	Total_Predicted_New_Deaths_per_capita	Total_Predicted_Deaths_per_capita
Floyd	0.002	20.54	46.54	0.0	0.0	1.0	1.3e-07	0.00130322	0.00295286	0.0	0.0	6.345e-05
Louisa	0.0	14.083	368.083	0.0	4.694	17.694	0.0	0.0012609	0.03295577	0.0	0.00042027	0.00158421
Dubuque	0.0	70.866	467.866	0.0	3.836	25.836	0.0	0.00073168	0.00483063	0.0	3.961e-05	0.00026675
Sac	0.0	11.994	52.994	0.0	3.836	3.836	0.0	0.00123408	0.00545262	0.0	0.00039469	0.00039469
Hardin	0.0	26.677	77.677	0.0	3.836	3.836	0.0	0.00158152	0.00460499	0.0	0.00022741	0.00022741
Guthrie	1.21	792.435	853.435	0.0	0.0	4.0	0.00011287	0.07392118	0.07961147	0.0	0.0	0.00037313
Lyon	0.002	59.515	91.515	0.0	0.0	0.0	1.7e-07	0.00503895	0.00774829	0.0	0.0	0.0
Cerro Gordo	0.002	97.486	151.486	0.0	0.0	1.0	5e-08	0.00228588	0.00355209	0.0	0.0	2.345e-05
Mahaska	0.0	21.621	129.621	0.0	4.266	19.266	0.0	0.00098277	0.00589186	0.0	0.00019391	0.00087573
Madison	0.003	59.361	93.361	0.0	0.0	2.0	1.8e-07	0.00365321	0.00574565	0.0	0.0	0.00012308
Boone	0.001	124.782	228.782	0.0	0.0	1.0	4e-08	0.00473628	0.00868375	0.0	0.0	3.796e-05
Allamakee	0.0	3.041	124.041	0.0	0.0	4.0	0.0	0.00021985	0.00896768	0.0	0.0	0.00028918
Buchanan	0.0	8.905	43.905	0.0	0.0	1.0	0.0	0.00042007	0.00207109	0.0	0.0	4.717e-05
Tama	0.0	46.521	475.521	0.0	0.0	29.0	0.0	0.00275207	0.02813068	0.0	0.0	0.00171557
Ida	0.0	15.643	34.643	0.0	25.338	25.338	0.0	0.00228665	0.00506403	0.0	0.00370384	0.00370384
Plymouth	0.0	126.594	338.594	0.0	4.723	8.723	0.0	0.00504459	0.01349249	0.0	0.0001882	0.0003476
Osceola	0.0	34.578	83.578	0.0	4.723	4.723	0.0	0.00572483	0.01383742	0.0	0.00078195	0.00078195
Adams	0.086	68.031	75.031	0.0	4.723	4.723	2.359e-05	0.0186642	0.02058464	0.0	0.00129575	0.00129575
Dallas	0.003	372.353	1422.353	0.002	8.03	36.03	3e-08	0.004129	0.01577238	2e-08	8.904e-05	0.00039953
Clay	0.004	301.559	394.559	0.002	8.03	8.03	2.5e-07	0.0186909	0.02445513	1.2e-07	0.00049771	0.00049771
Chickasaw	0.0	0.154	16.154	0.002	8.03	8.03	0.0	1.287e-05	0.00135022	1.7e-07	0.00067118	0.00067118
Shelby	0.001	58.726	120.726	0.002	8.03	8.03	9e-08	0.00507221	0.01042719	1.7e-07	0.00069356	0.00069356
Franklin	0.0	15.36	70.36	0.002	8.03	8.03	0.0	0.00151719	0.00694982	2e-07	0.00079316	0.00079316
Sioux	0.0	139.32	511.32	0.002	8.03	8.03	0.0	0.00399095	0.01464723	6e-08	0.00023003	0.00023003
Butler	0.015	103.763	134.763	0.0	0.0	2.0	1.03e-06	0.00713687	0.00926907	0.0	0.0	0.00013756
Greene	0.001	58.364	84.364	0.0	0.0	0.0	1.1e-07	0.00649861	0.00939361	0.0	0.0	0.0
Audubon	0.137	108.042	122.042	0.0	0.0	1.0	2.488e-05	0.01962259	0.02216527	0.0	0.0	0.00018162
Worth	0.0	6.95	12.95	0.0	0.0	0.0	0.0	0.00093251	0.00173756	0.0	0.0	0.0
Buena Vista	0.0	1417.769	3041.769	0.001	42.532	52.532	0.0	0.07133788	0.15305268	5e-08	0.00214008	0.00264325
Muscatine	0.0	40.308	617.308	0.007	29.818	72.818	0.0	0.00093895	0.01437974	1.6e-07	0.00069459	0.00169624
Carroll	0.68	1199.031	1262.031	0.0	0.0	1.0	3.374e-05	0.05949345	0.06261938	0.0	0.0	4.962e-05
Monona	3.331	2629.035	2684.035	0.0	25.338	25.338	0.0003838	0.30291912	0.30925625	0.0	0.00291946	0.00291946
Johnson	0.0	69.416	755.416	0.0	0.0	8.0	0.0	0.00045892	0.00499416	0.0	0.0	5.289e-05
Lucas	0.416	328.128	353.128	0.0	3.375	6.375	4.812e-05	0.03795581	0.04084766	0.0	0.0003904	0.00073742
Story	0.014	810.648	1152.648	0.0	0.626	3.626	1.4e-07	0.00826307	0.01174913	0.0	6.38e-06	3.696e-05
Pottawattamie	0.0	512.465	1063.465	0.0	6.382	17.382	0.0	0.00547898	0.01136994	0.0	6.823e-05	0.00018584
Kossuth	0.0	8.333	31.333	0.0	6.382	6.382	0.0	0.00055896	0.00210176	0.0	0.00042809	0.00042809
Adair	0.0	7.656	19.656	0.0	6.382	6.382	0.0	0.00108396	0.00278295	0.0	0.00090358	0.00090358
Jackson	0.0	0.0	14.0	0.0	6.382	6.382	0.0	0.0	0.00072046	0.0	0.00032843	0.00032843
