Name	Predicted_New_Cases	Total_Predicted_New_Cases	Total_Predicted_Cases	Predicted_New_Deaths	Total_Predicted_New_Deaths	Total_Predicted_Deaths	Predicted_New_per_capita	Predicted_Total_New_per_capita	Predicted_Total_Cases_per_capita	Predicted_New_Deaths_per_capita	Total_Predicted_New_Deaths_per_capita	Total_Predicted_Deaths_per_capita
Wright	0.0	112.067	405.067	0.004	133.791	133.791	0.0	0.00883113	0.03192017	3.2e-07	0.01054303	0.01054303
Floyd	0.726	99.691	119.691	0.0	0.0	1.0	4.606e-05	0.00632517	0.00759412	0.0	0.0	6.345e-05
Black Hawk	0.0	88.191	1924.191	0.0	11.284	65.284	0.0	0.00066605	0.01453229	0.0	8.522e-05	0.00049305
Linn	0.159	128.793	1147.793	0.0	0.508	80.508	7e-07	0.00057011	0.00508078	0.0	2.25e-06	0.00035637
Jones	2.23	306.459	347.459	0.0	0.508	0.508	0.0001075	0.01477338	0.01674986	0.0	2.449e-05	2.449e-05
Wayne	0.018	10.971	15.971	0.0	0.508	0.508	2.81e-06	0.00171395	0.00249508	0.0	7.936e-05	7.936e-05
Davis	0.02	15.791	49.791	0.0	0.0	1.0	2.22e-06	0.00175125	0.0055219	0.0	0.0	0.0001109
Cherokee	0.033	44.791	103.791	0.0	0.0	0.0	2.91e-06	0.00395645	0.00916801	0.0	0.0	0.0
Montgomery	0.0	0.056	9.056	0.0	0.0	2.0	0.0	5.6e-06	0.00090533	0.0	0.0	0.00019994
Winneshiek	0.002	1.79	25.79	0.0	0.0	0.0	1e-07	8.937e-05	0.00128763	0.0	0.0	0.0
Webster	0.0	12.619	111.619	0.0	0.0	1.0	0.0	0.00034785	0.00307685	0.0	0.0	2.757e-05
Page	0.0	0.748	16.748	0.0	0.0	0.0	0.0	4.905e-05	0.0010983	0.0	0.0	0.0
Van Buren	0.008	6.834	17.834	0.0	0.0	0.0	1.14e-06	0.0009735	0.00254046	0.0	0.0	0.0
Mitchell	2.177	299.074	307.074	0.0	0.0	0.0	0.00020598	0.02829728	0.02905422	0.0	0.0	0.0
Hamilton	0.003	106.459	229.459	0.0	0.0	0.0	2e-07	0.00712005	0.01534638	0.0	0.0	0.0
Lee	0.068	38.196	78.196	0.0	0.0	1.0	2e-06	0.0011216	0.00229617	0.0	0.0	2.936e-05
Louisa	0.026	21.058	376.058	0.0	0.0	12.0	2.33e-06	0.0018854	0.0336698	0.0	0.0	0.0010744
Washington	0.001	26.472	234.472	0.002	2.711	11.711	5e-08	0.00119561	0.01058995	9e-08	0.00012244	0.00052893
Dubuque	0.096	77.615	464.615	0.001	0.234	22.234	9.9e-07	0.00080136	0.00479707	1e-08	2.42e-06	0.00022956
Sac	0.0	19.548	57.548	0.001	0.234	0.234	0.0	0.00201132	0.00592119	1e-07	2.408e-05	2.408e-05
Hardin	0.061	53.573	98.573	0.001	0.234	0.234	3.62e-06	0.00317601	0.00584379	6e-08	1.387e-05	1.387e-05
Des Moines	0.0	0.014	66.014	0.0	0.62	2.62	0.0	3.6e-07	0.0016867	0.0	1.584e-05	6.694e-05
Clayton	0.726	99.691	134.691	0.0	0.0	3.0	4.135e-05	0.00567846	0.00767208	0.0	0.0	0.00017088
Fayette	0.004	3.025	31.025	0.0	0.0	0.0	2e-07	0.00015387	0.00157808	0.0	0.0	0.0
Cass	0.004	3.138	17.138	0.0	0.0	0.0	3.1e-07	0.00024269	0.00132544	0.0	0.0	0.0
Jefferson	0.048	33.098	80.098	0.0	0.0	0.0	2.61e-06	0.00180066	0.00435765	0.0	0.0	0.0
Ringgold	1.247	233.646	241.646	0.0	0.0	0.0	0.00025101	0.04703019	0.0486405	0.0	0.0	0.0
Decatur	0.01	7.84	14.84	0.0	0.0	0.0	1.27e-06	0.00099366	0.00188086	0.0	0.0	0.0
Guthrie	0.008	6.721	65.721	0.0	0.0	3.0	7.5e-07	0.00062696	0.00613069	0.0	0.0	0.00027985
Lyon	0.061	26.186	57.186	0.0	0.0	0.0	5.16e-06	0.00221709	0.00484176	0.0	0.0	0.0
Monroe	0.001	13.014	60.014	0.001	1.771	7.771	1.3e-07	0.0016706	0.00770398	1.3e-07	0.00022734	0.00099756
Marion	0.182	63.175	105.175	0.001	1.771	1.771	5.45e-06	0.00189107	0.00314829	3e-08	5.301e-05	5.301e-05
Delaware	2.949	513.019	540.019	0.0	0.0	1.0	0.00017277	0.0300556	0.03163741	0.0	0.0	5.859e-05
Winnebago	0.005	3.807	16.807	0.0	0.0	0.0	4.8e-07	0.00036195	0.00159793	0.0	0.0	0.0
Fremont	0.0	0.0	4.0	0.0	0.0	0.0	0.0	0.0	0.000572	0.0	0.0	0.0
Iowa	0.914	125.538	159.538	0.0	0.0	0.0	5.663e-05	0.00777759	0.00988402	0.0	0.0	0.0
Dickinson	3.137	1020.996	1171.996	0.0	0.0	0.0	0.00018288	0.05952288	0.06832601	0.0	0.0	0.0
Benton	0.014	10.974	56.974	0.0	0.0	1.0	5.5e-07	0.00042797	0.0022219	0.0	0.0	3.9e-05
Cerro Gordo	0.038	26.332	70.332	0.0	0.0	1.0	8.9e-07	0.00061744	0.00164917	0.0	0.0	2.345e-05
Humboldt	0.627	178.688	212.688	0.0	0.0	1.0	6.568e-05	0.01871666	0.02227799	0.0	0.0	0.00010474
Poweshiek	0.012	10.104	105.104	0.0	0.0	8.0	6.4e-07	0.00054035	0.00562084	0.0	0.0	0.00042783
Henry	0.0	0.085	74.085	0.0	0.0	2.0	0.0	4.24e-06	0.00369188	0.0	0.0	9.967e-05
Palo Alto	4.568	627.692	643.692	0.0	0.0	0.0	0.00051159	0.07029813	0.07209004	0.0	0.0	0.0
Mahaska	0.066	37.19	145.19	0.059	19.096	33.096	3e-06	0.00169045	0.00659955	2.68e-06	0.000868	0.00150436
Madison	2.042	280.613	314.613	0.0	0.0	2.0	0.00012567	0.01726956	0.01936199	0.0	0.0	0.00012308
Boone	0.121	72.915	173.915	0.0	0.0	0.0	4.59e-06	0.00276759	0.00660119	0.0	0.0	0.0
Appanoose	0.003	2.464	19.464	0.0	0.0	3.0	2.4e-07	0.00019812	0.00156501	0.0	0.0	0.00024122
Mills	0.066	24.36	48.36	0.0	0.0	0.0	4.38e-06	0.00161721	0.00321052	0.0	0.0	0.0
Allamakee	0.505	81.112	201.112	0.0	0.0	4.0	3.651e-05	0.00586408	0.01453962	0.0	0.0	0.00028918
Buchanan	0.0	0.626	35.626	0.0	0.0	1.0	0.0	2.953e-05	0.00168055	0.0	0.0	4.717e-05
Emmet	0.0	9.212	48.212	0.0	0.0	0.0	0.0	0.00099557	0.00521042	0.0	0.0	0.0
Scott	0.0	18.979	425.979	0.0	0.0	10.0	0.0	0.00010953	0.00245829	0.0	0.0	5.771e-05
Tama	0.053	42.891	471.891	0.003	1.157	30.157	3.14e-06	0.00253733	0.02791594	1.8e-07	6.845e-05	0.00178402
Woodbury	0.0	127.177	3135.177	0.0	3.573	42.573	0.0	0.00124028	0.03057546	0.0	3.485e-05	0.00041519
Howard	0.0	0.0	12.0	0.0	3.574	3.574	0.0	0.0	0.00130619	0.0	0.00038903	0.00038903
Calhoun	0.0	16.62	40.62	0.0	3.574	3.574	0.0	0.00171358	0.00418806	0.0	0.00036849	0.00036849
Clarke	0.062	58.248	147.248	0.0	0.0	1.0	6.58e-06	0.00618147	0.01562645	0.0	0.0	0.00010612
Ida	0.029	13.005	31.005	0.0	0.0	0.0	4.24e-06	0.00190104	0.00453223	0.0	0.0	0.0
Marshall	0.0	41.274	982.274	0.0	0.122	18.122	0.0	0.00103234	0.02456852	0.0	3.05e-06	0.00045327
O'Brien	0.093	74.924	140.924	0.0	0.0	1.0	6.72e-06	0.00541358	0.01018237	0.0	0.0	7.225e-05
Unassigned	0.0	0.841	6.841	0.0	23.276	29.276	N/A	N/A	N/A	N/A	N/A	N/A
Plymouth	0.187	140.468	341.468	0.0	0.0	4.0	7.45e-06	0.00559745	0.01360701	0.0	0.0	0.00015939
Osceola	0.153	72.434	121.434	0.0	0.0	0.0	2.533e-05	0.01199238	0.02010497	0.0	0.0	0.0
Adams	0.0	0.0	8.0	0.0	0.0	0.0	0.0	0.0	0.00219479	0.0	0.0	0.0
Dallas	0.21	170.009	1199.009	0.008	3.245	29.245	2.33e-06	0.00188522	0.01329573	9e-08	3.598e-05	0.0003243
Clay	0.682	265.567	342.567	0.008	3.245	3.245	4.227e-05	0.01646008	0.02123261	5e-07	0.00020113	0.00020113
Chickasaw	0.0	3.482	18.482	0.008	3.245	3.245	0.0	0.00029104	0.0015448	6.7e-07	0.00027123	0.00027123
Shelby	3.732	599.707	648.707	0.008	3.245	3.245	0.00032234	0.05179712	0.05602928	6.9e-07	0.00028027	0.00028027
Franklin	0.092	74.367	123.367	0.008	3.245	3.245	9.09e-06	0.00734561	0.0121856	7.9e-07	0.00032053	0.00032053
Sioux	0.182	146.718	505.718	0.008	3.245	3.245	5.21e-06	0.00420287	0.01448675	2.3e-07	9.296e-05	9.296e-05
Butler	2.929	402.46	425.46	0.002	1.681	3.681	0.00020146	0.02768141	0.02926336	1.4e-07	0.00011562	0.00025318
Greene	0.241	68.598	89.598	0.002	1.681	1.681	2.683e-05	0.00763812	0.00997639	2.2e-07	0.00018717	0.00018717
Hancock	0.035	28.11	60.11	0.002	1.681	1.681	3.27e-06	0.00262416	0.00561146	1.9e-07	0.00015693	0.00015693
Union	0.0	0.013	10.013	0.002	1.681	1.681	0.0	1.05e-06	0.00081018	1.6e-07	0.00013601	0.00013601
Audubon	0.001	0.449	14.449	0.0	0.0	1.0	1.8e-07	8.155e-05	0.00262423	0.0	0.0	0.00018162
Pocahontas	0.084	50.704	80.704	0.0	0.0	0.0	1.246e-05	0.00752285	0.01197389	0.0	0.0	0.0
Worth	0.726	99.691	103.691	0.0	0.0	0.0	9.741e-05	0.01337596	0.01391265	0.0	0.0	0.0
Buena Vista	2.374	1651.864	3246.864	0.0	0.0	6.0	0.00011945	0.08311684	0.16337245	0.0	0.0	0.0003019
Muscatine	0.022	18.038	592.038	0.035	14.83	57.83	5.1e-07	0.00042018	0.0137911	8.2e-07	0.00034545	0.00134711
Carroll	1.167	312.895	360.895	0.0	0.0	1.0	5.79e-05	0.01552521	0.01790687	0.0	0.0	4.962e-05
Wapello	0.0	37.226	712.226	0.0	14.307	40.307	0.0	0.00105741	0.02023082	0.0	0.00040639	0.00114492
Keokuk	0.002	2.014	17.014	0.0	14.31	14.31	2e-07	0.00019697	0.00166396	0.0	0.00139951	0.00139951
Warren	0.0	52.567	249.567	0.0	0.0	1.0	0.0	0.00102959	0.0048881	0.0	0.0	1.959e-05
Monona	11.743	1399.991	1448.991	0.0	0.0	0.0	0.00135304	0.16130787	0.16695368	0.0	0.0	0.0
Johnson	0.064	51.294	694.294	0.005	2.319	10.319	4.2e-07	0.00033911	0.00459007	3e-08	1.533e-05	6.822e-05
Lucas	0.0	0.425	25.425	0.0	0.0	3.0	0.0	4.916e-05	0.00294101	0.0	0.0	0.00034702
Harrison	6.853	941.537	981.537	0.0	0.0	0.0	0.00048486	0.06661504	0.0694451	0.0	0.0	0.0
Cedar	0.014	11.198	65.198	0.0	0.0	1.0	7.5e-07	0.00060117	0.00350019	0.0	0.0	5.369e-05
Taylor	0.0	4.588	78.588	0.0	0.0	0.0	0.0	0.00074108	0.01269391	0.0	0.0	0.0
Clinton	0.011	8.848	76.848	0.0	0.0	1.0	2.4e-07	0.00019021	0.00165201	0.0	0.0	2.15e-05
Crawford	0.004	109.526	731.526	0.0	0.0	2.0	2.3e-07	0.00638338	0.04263469	0.0	0.0	0.00011656
Grundy	3.171	435.689	458.689	0.0	0.0	0.0	0.00025772	0.03541035	0.03727967	0.0	0.0	0.0
Jasper	0.0	14.58	296.58	0.0	0.0	17.0	0.0	0.00039249	0.00798396	0.0	0.0	0.00045764
Bremer	0.015	12.209	86.209	0.0	0.0	6.0	6e-07	0.0004894	0.00345569	0.0	0.0	0.00024051
Story	2.97	966.624	1221.624	0.005	3.807	5.807	3.027e-05	0.00985295	0.01245221	5e-08	3.881e-05	5.919e-05
Polk	0.0	820.578	5995.578	0.094	65.11	228.11	0.0	0.00168426	0.01230609	1.9e-07	0.00013364	0.0004682
Pottawattamie	1.724	860.957	1370.957	0.012	3.323	14.323	1.843e-05	0.00920485	0.01465747	1.3e-07	3.553e-05	0.00015313
Kossuth	0.0	0.558	19.558	0.012	3.323	3.323	0.0	3.743e-05	0.00131191	8e-07	0.0002229	0.0002229
Adair	1.397	191.998	202.998	0.012	3.323	3.323	0.00019779	0.02718363	0.02874104	1.7e-06	0.00047048	0.00047048
Jackson	0.0	0.141	14.141	0.012	3.323	3.323	0.0	7.26e-06	0.00072772	6.2e-07	0.00017101	0.00017101
