Name	Predicted_New_Cases	Total_Predicted_New_Cases	Total_Predicted_Cases	Predicted_New_Deaths	Total_Predicted_New_Deaths	Total_Predicted_Deaths	Predicted_New_per_capita	Predicted_Total_New_per_capita	Predicted_Total_Cases_per_capita	Predicted_New_Deaths_per_capita	Total_Predicted_New_Deaths_per_capita	Total_Predicted_Deaths_per_capita
Floyd	0.001	137.092	158.092	0.0	0.0	1.0	6e-08	0.00869818	0.01003058	0.0	0.0	6.345e-05
Jones	0.002	427.405	468.405	0.0	0.338	0.338	1e-07	0.02060379	0.02258026	0.0	1.629e-05	1.629e-05
Clayton	0.001	137.092	172.092	0.0	0.0	3.0	6e-08	0.00780884	0.00980246	0.0	0.0	0.00017088
Cerro Gordo	0.017	1724.378	1772.378	0.0	0.0	1.0	4e-07	0.04043375	0.04155927	0.0	0.0	2.345e-05
Madison	0.002	443.541	477.541	0.0	0.0	2.0	1.2e-07	0.02729651	0.02938895	0.0	0.0	0.00012308
Ida	0.002	318.541	336.541	0.0	0.0	0.0	2.9e-07	0.04656351	0.04919471	0.0	0.0	0.0
Butler	0.003	600.798	623.798	0.0	0.0	2.0	2.1e-07	0.0413232	0.04290515	0.0	0.0	0.00013756
Greene	0.004	729.829	750.829	0.0	0.0	0.0	4.5e-07	0.08126367	0.08360194	0.0	0.0	0.0
Worth	0.001	137.092	142.092	0.0	0.0	0.0	1.3e-07	0.0183942	0.01906507	0.0	0.0	0.0
Carroll	0.015	2810.434	2859.434	0.0	0.0	1.0	7.4e-07	0.13944795	0.14187923	0.0	0.0	4.962e-05
Monona	0.008	1540.293	1589.293	0.0	0.0	0.0	9.2e-07	0.17747356	0.18311937	0.0	0.0	0.0
Harrison	0.007	1366.908	1406.908	0.0	0.0	0.0	5e-07	0.09671063	0.09954068	0.0	0.0	0.0
