Name	Predicted_New_Cases	Total_Predicted_New_Cases	Total_Predicted_Cases	Predicted_New_Deaths	Total_Predicted_New_Deaths	Total_Predicted_Deaths	Predicted_New_per_capita	Predicted_Total_New_per_capita	Predicted_Total_Cases_per_capita	Predicted_New_Deaths_per_capita	Total_Predicted_New_Deaths_per_capita	Total_Predicted_Deaths_per_capita
Wright	0.847	131.593	422.593	0.731	119.279	119.279	6.675e-05	0.01036982	0.03330126	5.76e-05	0.00939945	0.00939945
Floyd	2.888	82.494	103.494	0.0	0.0	1.0	0.00018324	0.00523406	0.00656646	0.0	0.0	6.345e-05
Black Hawk	0.637	99.029	1937.029	0.0	4.137	59.137	4.81e-06	0.00074791	0.01462924	0.0	3.124e-05	0.00044663
Linn	0.779	100.452	1121.452	0.0	0.338	80.338	3.45e-06	0.00044466	0.00496418	0.0	1.5e-06	0.00035562
Jones	9.004	257.186	298.186	0.0	0.338	0.338	0.00043405	0.01239809	0.01437457	0.0	1.629e-05	1.629e-05
Wayne	0.07	8.369	13.369	0.0	0.338	0.338	1.094e-05	0.00130745	0.00208858	0.0	5.28e-05	5.28e-05
Davis	0.214	20.938	54.938	0.0	0.0	1.0	2.373e-05	0.00232206	0.00609271	0.0	0.0	0.0001109
Cherokee	0.328	42.376	101.376	0.0	0.0	0.0	2.897e-05	0.00374313	0.00895469	0.0	0.0	0.0
Montgomery	0.0	0.014	9.014	0.0	0.0	2.0	0.0	1.4e-06	0.00090113	0.0	0.0	0.00019994
Winneshiek	0.008	1.02	25.02	0.0	0.0	0.0	4e-07	5.093e-05	0.00124919	0.0	0.0	0.0
Webster	0.0	9.403	110.403	0.0	0.0	1.0	0.0	0.0002592	0.00304333	0.0	0.0	2.757e-05
Page	0.0	0.273	17.273	0.0	0.0	0.0	0.0	1.79e-05	0.00113273	0.0	0.0	0.0
Van Buren	0.047	5.613	17.613	0.0	0.0	0.0	6.7e-06	0.00079957	0.00250897	0.0	0.0	0.0
Mitchell	0.434	28.347	36.347	0.0	0.0	0.0	4.106e-05	0.00268209	0.00343902	0.0	0.0	0.0
Hamilton	0.447	89.773	214.773	0.0	0.0	0.0	2.99e-05	0.00600408	0.01436417	0.0	0.0	0.0
Lee	0.225	27.046	67.046	0.0	0.0	1.0	6.61e-06	0.00079419	0.00196876	0.0	0.0	2.936e-05
Louisa	0.158	18.979	373.979	0.01	0.807	12.807	1.415e-05	0.00169926	0.03348366	9e-07	7.225e-05	0.00114666
Washington	0.112	21.433	229.433	0.01	1.46	10.46	5.06e-06	0.00096802	0.01036236	4.5e-07	6.594e-05	0.00047243
Dubuque	0.583	70.111	460.111	0.01	0.807	22.807	6.02e-06	0.00072388	0.00475056	1e-07	8.33e-06	0.00023548
Sac	0.089	17.928	55.928	0.01	0.807	0.807	9.16e-06	0.00184463	0.0057545	1.03e-06	8.303e-05	8.303e-05
Hardin	0.208	34.588	79.588	0.01	0.807	0.807	1.233e-05	0.00205051	0.00471828	5.9e-07	4.784e-05	4.784e-05
Des Moines	0.0	0.253	66.253	0.0	0.124	2.124	0.0	6.46e-06	0.0016928	0.0	3.17e-06	5.427e-05
Clayton	2.888	82.494	117.494	0.0	0.0	3.0	0.0001645	0.00469891	0.00669253	0.0	0.0	0.00017088
Fayette	0.0	0.62	28.62	0.0	0.0	0.0	0.0	3.154e-05	0.00145575	0.0	0.0	0.0
Cass	0.026	3.164	17.164	0.0	0.0	0.0	2.01e-06	0.0002447	0.00132746	0.0	0.0	0.0
Jefferson	0.251	29.107	75.107	0.0	0.0	0.0	1.366e-05	0.00158354	0.00408612	0.0	0.0	0.0
Ringgold	0.149	15.876	23.876	0.0	0.0	0.0	2.999e-05	0.00319565	0.00480596	0.0	0.0	0.0
Decatur	0.064	7.754	16.754	0.0	0.0	0.0	8.11e-06	0.00098276	0.00212345	0.0	0.0	0.0
Guthrie	0.069	8.267	67.267	0.0	0.0	3.0	6.44e-06	0.00077118	0.00627491	0.0	0.0	0.00027985
Lyon	0.764	47.248	78.248	0.0	0.0	0.0	6.469e-05	0.00400034	0.00662501	0.0	0.0	0.0
Monroe	0.0	7.166	54.166	0.0	0.601	6.601	0.0	0.0009199	0.00695327	0.0	7.715e-05	0.00084737
Marion	0.77	52.976	93.976	0.0	0.601	0.601	2.305e-05	0.00158578	0.00281306	0.0	1.799e-05	1.799e-05
Delaware	0.524	45.45	72.45	0.0	0.0	1.0	3.07e-05	0.00266272	0.00424454	0.0	0.0	5.859e-05
Winnebago	0.026	3.164	16.164	0.0	0.0	0.0	2.47e-06	0.00030082	0.00153679	0.0	0.0	0.0
Fremont	0.0	0.0	4.0	0.0	0.0	0.0	0.0	0.0	0.000572	0.0	0.0	0.0
Iowa	0.071	6.161	40.161	0.0	0.0	0.0	4.4e-06	0.0003817	0.00248814	0.0	0.0	0.0
Dickinson	9.249	669.09	827.09	0.0	0.0	0.0	0.00053921	0.03900717	0.04821839	0.0	0.0	0.0
Benton	0.067	8.062	54.062	0.0	0.0	1.0	2.61e-06	0.00031441	0.00210834	0.0	0.0	3.9e-05
Cerro Gordo	38.156	965.298	1013.298	0.0	0.0	1.0	0.00089469	0.02263461	0.02376012	0.0	0.0	2.345e-05
Humboldt	1.208	87.421	121.421	0.0	0.0	1.0	0.00012653	0.00915691	0.01271824	0.0	0.0	0.00010474
Poweshiek	0.01	5.011	100.011	0.0	0.0	8.0	5.3e-07	0.00026798	0.00534847	0.0	0.0	0.00042783
Henry	0.008	0.92	74.92	0.0	0.0	2.0	4e-07	4.585e-05	0.00373349	0.0	0.0	9.967e-05
Palo Alto	2.002	104.427	120.427	0.0	0.0	0.0	0.00022421	0.01169526	0.01348718	0.0	0.0	0.0
Mahaska	0.218	26.224	134.224	0.079	6.242	21.242	9.91e-06	0.001192	0.00610109	3.59e-06	0.00028373	0.00096555
Madison	9.344	266.892	300.892	0.0	0.0	2.0	0.00057505	0.01642513	0.01851757	0.0	0.0	0.00012308
Boone	2.184	157.994	258.994	0.0	0.0	1.0	8.29e-05	0.00599689	0.00983049	0.0	0.0	3.796e-05
Appanoose	0.017	2.043	19.043	0.0	0.0	3.0	1.37e-06	0.00016427	0.00153116	0.0	0.0	0.00024122
Mills	0.723	39.973	63.973	0.0	0.0	0.0	4.8e-05	0.00265372	0.00424703	0.0	0.0	0.0
Allamakee	0.047	4.622	125.622	0.0	0.0	4.0	3.4e-06	0.00033415	0.00908198	0.0	0.0	0.00028918
Buchanan	0.019	2.245	37.245	0.0	0.0	1.0	9e-07	0.0001059	0.00175692	0.0	0.0	4.717e-05
Emmet	0.0	5.352	46.352	0.0	0.0	0.0	0.0	0.00057841	0.0050094	0.0	0.0	0.0
Scott	0.0	21.466	429.466	0.0	0.0	10.0	0.0	0.00012388	0.00247841	0.0	0.0	5.771e-05
Tama	0.343	41.328	470.328	0.003	0.202	29.202	2.029e-05	0.00244487	0.02782347	1.8e-07	1.195e-05	0.00172752
Woodbury	0.0	98.207	3113.207	0.0	4.143	44.143	0.0	0.00095775	0.0303612	0.0	4.04e-05	0.0004305
Howard	0.0	0.0	12.0	0.0	4.144	4.144	0.0	0.0	0.00130619	0.0	0.00045107	0.00045107
Calhoun	0.233	29.551	53.551	0.0	4.144	4.144	2.402e-05	0.00304681	0.00552129	0.0	0.00042726	0.00042726
Clarke	0.397	50.377	139.377	0.0	0.0	1.0	4.213e-05	0.00534617	0.01479115	0.0	0.0	0.00010612
Ida	6.711	191.677	209.677	0.0	0.0	0.0	0.000981	0.02801886	0.03065005	0.0	0.0	0.0
Marshall	0.0	22.065	964.065	0.0	0.0	18.0	0.0	0.00055189	0.02411308	0.0	0.0	0.00045021
O'Brien	0.304	47.253	113.253	0.0	0.0	1.0	2.197e-05	0.00341423	0.00818302	0.0	0.0	7.225e-05
Unassigned	0.0	0.708	5.708	0.0	23.276	29.276	N/A	N/A	N/A	N/A	N/A	N/A
Plymouth	1.024	123.277	326.277	0.137	10.868	14.868	4.08e-05	0.00491241	0.01300167	5.46e-06	0.00043307	0.00059247
Osceola	0.383	42.545	91.545	0.137	10.868	10.868	6.341e-05	0.00704387	0.01515646	2.268e-05	0.00179934	0.00179934
Adams	0.003	0.408	8.408	0.137	10.868	10.868	8.2e-07	0.00011193	0.00230672	3.759e-05	0.00298162	0.00298162
Dallas	1.717	190.956	1219.956	0.017	1.22	28.22	1.904e-05	0.0021175	0.01352801	1.9e-07	1.353e-05	0.00031293
Clay	9.092	502.564	585.564	0.017	1.22	1.22	0.00056353	0.03114937	0.03629379	1.05e-06	7.562e-05	7.562e-05
Chickasaw	0.0	1.806	16.806	0.017	1.22	1.22	0.0	0.00015095	0.00140471	1.42e-06	0.00010197	0.00010197
Shelby	1.9	111.16	161.16	0.017	1.22	1.22	0.0001641	0.00960097	0.0139195	1.47e-06	0.00010537	0.00010537
Franklin	0.444	57.319	107.319	0.017	1.22	1.22	4.386e-05	0.00566169	0.01060045	1.68e-06	0.00012051	0.00012051
Sioux	1.206	139.942	501.942	0.017	1.22	1.22	3.455e-05	0.00400877	0.01437858	4.9e-07	3.495e-05	3.495e-05
Butler	12.657	361.522	384.522	0.0	0.0	2.0	0.00087056	0.02486567	0.02644762	0.0	0.0	0.00013756
Greene	15.375	439.162	460.162	0.0	0.0	0.0	0.00171195	0.04889901	0.05123728	0.0	0.0	0.0
Hancock	0.215	25.82	57.82	0.0	0.0	0.0	2.007e-05	0.00241038	0.00539768	0.0	0.0	0.0
Union	0.0	0.212	10.212	0.0	0.0	0.0	0.0	1.715e-05	0.00082628	0.0	0.0	0.0
Audubon	0.008	1.02	15.02	0.0	0.0	1.0	1.45e-06	0.00018525	0.00272793	0.0	0.0	0.00018162
Pocahontas	0.315	37.862	67.862	0.0	0.0	0.0	4.674e-05	0.00561751	0.01006855	0.0	0.0	0.0
Worth	2.888	82.494	87.494	0.0	0.0	0.0	0.00038749	0.01106856	0.01173943	0.0	0.0	0.0
Buena Vista	13.653	1518.14	3118.14	1.519	109.885	117.885	0.00068698	0.07638825	0.15689544	7.643e-05	0.00552908	0.00593162
Muscatine	0.158	18.979	592.979	0.172	13.687	56.687	3.68e-06	0.0004421	0.01381302	4.01e-06	0.00031883	0.00132048
Carroll	59.207	1691.134	1740.134	0.0	0.0	1.0	0.00293773	0.08391059	0.08634187	0.0	0.0	4.962e-05
Wapello	0.0	28.176	703.176	0.0	12.225	38.225	0.0	0.00080034	0.01997375	0.0	0.00034725	0.00108578
Keokuk	0.0	0.151	16.151	0.0	12.225	12.225	0.0	1.477e-05	0.00157956	0.0	0.0011956	0.0011956
Warren	0.623	74.906	271.906	0.0	0.0	1.0	1.22e-05	0.00146713	0.00532564	0.0	0.0	1.959e-05
Monona	32.449	926.852	975.852	0.0	0.0	0.0	0.00373879	0.10679249	0.1124383	0.0	0.0	0.0
Johnson	0.389	46.841	696.841	0.01	0.807	8.807	2.57e-06	0.00030967	0.00460691	7e-08	5.34e-06	5.822e-05
Lucas	0.037	4.49	29.49	0.0	0.0	3.0	4.28e-06	0.00051938	0.00341122	0.0	0.0	0.00034702
Harrison	28.796	822.519	862.519	0.0	0.0	0.0	0.00203736	0.05819435	0.06102441	0.0	0.0	0.0
Cedar	0.081	9.693	63.693	0.0	0.0	1.0	4.35e-06	0.00052037	0.00341939	0.0	0.0	5.369e-05
Taylor	0.1	15.565	89.565	0.0	0.0	0.0	1.615e-05	0.00251413	0.01446697	0.0	0.0	0.0
Clinton	0.049	6.549	74.549	0.0	0.0	1.0	1.05e-06	0.00014078	0.00160258	0.0	0.0	2.15e-05
Crawford	1.1	136.36	758.36	0.0	0.0	2.0	6.411e-05	0.00794731	0.04419862	0.0	0.0	0.00011656
Grundy	0.283	23.478	46.478	0.0	0.0	0.0	2.3e-05	0.00190816	0.00377747	0.0	0.0	0.0
Jasper	0.094	20.762	302.762	0.0	0.0	17.0	2.53e-06	0.00055891	0.00815038	0.0	0.0	0.00045764
Bremer	0.0	2.407	76.407	0.0	0.0	6.0	0.0	9.648e-05	0.00306277	0.0	0.0	0.00024051
Story	27.233	1420.633	1679.633	0.023	2.757	5.757	0.00027759	0.01448074	0.01712077	2.3e-07	2.81e-05	5.868e-05
Polk	4.759	910.746	6109.746	0.538	59.822	222.822	9.77e-06	0.00186933	0.01254043	1.1e-06	0.00012279	0.00045735
Pottawattamie	6.129	624.479	1141.479	0.047	3.049	14.049	6.553e-05	0.00667656	0.01220402	5e-07	3.26e-05	0.0001502
Kossuth	0.021	3.03	22.03	0.047	3.049	3.049	1.41e-06	0.00020325	0.00147773	3.15e-06	0.00020452	0.00020452
Adair	3.392	108.769	119.769	0.047	3.049	3.049	0.00048025	0.01539983	0.01695724	6.65e-06	0.00043169	0.00043169
Jackson	0.0	0.056	14.056	0.047	3.049	3.049	0.0	2.88e-06	0.00072334	2.42e-06	0.00015691	0.00015691
