Name	Predicted_New_Cases	Total_Predicted_New_Cases	Total_Predicted_Cases	Predicted_New_Deaths	Total_Predicted_New_Deaths	Total_Predicted_Deaths	Predicted_New_per_capita	Predicted_Total_New_per_capita	Predicted_Total_Cases_per_capita	Predicted_New_Deaths_per_capita	Total_Predicted_New_Deaths_per_capita	Total_Predicted_Deaths_per_capita
Linn	0.0	962.781	2600.781	0.004	210.424	297.424	0.0	0.00426181	0.01151252	2e-08	0.00093145	0.00131657
Van Buren	0.006	72.569	94.569	0.0	0.0	1.0	8.5e-07	0.01033746	0.01347137	0.0	0.0	0.00014245
Lee	0.031	362.829	425.829	0.0	0.0	2.0	9.1e-07	0.01065421	0.01250416	0.0	0.0	5.873e-05
Monroe	0.0	129.66	190.66	0.0	0.0	7.0	0.0	0.01664442	0.02447497	0.0	0.0	0.00089859
Marion	0.0	85.248	195.248	0.0	0.0	0.0	0.0	0.0025518	0.00584452	0.0	0.0	0.0
Mahaska	0.0	115.542	244.542	0.0	0.0	17.0	0.0	0.00525191	0.01111555	0.0	0.0	0.00077273
Marshall	0.0	790.197	1996.197	0.001	50.047	71.047	0.0	0.01976431	0.04992864	3e-08	0.00125177	0.00177702
Adams	0.042	491.838	503.838	0.0	1.216	1.216	1.152e-05	0.13493498	0.13822716	0.0	0.00033361	0.00033361
Wapello	0.206	2398.7	3155.7	0.0	0.0	31.0	5.85e-06	0.06813521	0.08963784	0.0	0.0	0.00088056
Clinton	0.0	125.275	309.275	0.003	40.315	42.315	0.0	0.00269304	0.0066485	6e-08	0.00086665	0.00090965
Adair	0.03	350.734	370.734	0.0	14.885	14.885	4.25e-06	0.04965794	0.05248959	0.0	0.00210746	0.00210746
