Monroe	1.0	0.0	0.0	0.0	3.634e-05	0.0	5.0	2.0	1.25	0.0001817	7.268e-05	4.5425e-05	2020-03-22
Monroe	1.0	0.0	0.0	0.0	3.634e-05	0.0	5.0	2.0	1.25	0.0001817	7.268e-05	4.5425e-05	2020-03-23
Monroe	3.0	0.0	0.0	0.0	0.00010901	0.0	15.0	6.0	3.75	0.00054505	0.00021802	0.0001362625	2020-03-24
Monroe	3.0	0.0	0.0	0.0	0.00010901	0.0	15.0	6.0	3.75	0.00054505	0.00021802	0.0001362625	2020-03-25
Monroe	3.0	0.0	0.0	0.0	0.00010901	0.0	15.0	6.0	3.75	0.00054505	0.00021802	0.0001362625	2020-03-26
Monroe	3.0	0.0	0.0	0.0	0.00010901	0.0	15.0	6.0	3.75	0.00054505	0.00021802	0.0001362625	2020-03-27
Monroe	3.0	0.0	0.0	0.0	0.00010901	0.0	15.0	6.0	3.75	0.00054505	0.00021802	0.0001362625	2020-03-28
Monroe	3.0	0.0	0.0	0.0	0.00010901	0.0	15.0	6.0	3.75	0.00054505	0.00021802	0.0001362625	2020-03-29
Monroe	3.0	0.0	0.0	0.0	0.00010901	0.0	15.0	6.0	3.75	0.00054505	0.00021802	0.0001362625	2020-03-30
Monroe	4.0	0.0	0.0	0.0	0.00014535	0.0	20.0	8.0	5.0	0.00072675	0.0002907	0.0001816875	2020-03-31
Monroe	6.0	0.0	0.0	0.0	0.00021802	0.0	30.0	12.0	7.5	0.0010901	0.00043604	0.000272525	2020-04-01
Monroe	6.0	0.0	0.0	0.0	0.00021802	0.0	30.0	12.0	7.5	0.0010901	0.00043604	0.000272525	2020-04-02
Monroe	6.0	0.0	0.0	0.0	0.00021802	0.0	30.0	12.0	7.5	0.0010901	0.00043604	0.000272525	2020-04-03
Monroe	3	0	0	0	_2020-3-24
Monroe	3	0	0	0	_2020-3-25
Monroe	3	0	0	0	_2020-3-26
