Name	Predicted_New_Cases	Total_Predicted_New_Cases	Total_Predicted_Cases	Predicted_New_Deaths	Total_Predicted_New_Deaths	Total_Predicted_Deaths	Predicted_New_per_capita	Predicted_Total_New_per_capita	Predicted_Total_Cases_per_capita	Predicted_New_Deaths_per_capita	Total_Predicted_New_Deaths_per_capita	Total_Predicted_Deaths_per_capita
Lewis	0.001	6.643	27.643	0.0	0.0	2.0	1e-08	8.345e-05	0.00034726	0.0	0.0	2.512e-05
Skagit	0.108	179.203	424.203	0.016	9.735	17.735	8.4e-07	0.00139777	0.00330876	1.2e-07	7.593e-05	0.00013833
Walla Walla	0.002	26.207	59.207	0.016	9.735	9.735	3e-08	0.00043017	0.00097185	2.6e-07	0.00015979	0.00015979
Pacific	0.007	50.67	53.67	0.016	9.735	9.735	3.2e-07	0.00229942	0.00243556	7.3e-07	0.00044178	0.00044178
Pierce	0.0	492.729	1680.729	0.001	32.82	66.82	0.0	0.00055282	0.00188571	0.0	3.682e-05	7.497e-05
Lincoln	0.0	0.62	2.62	0.001	32.82	32.82	0.0	5.773e-05	0.00024395	9e-08	0.00305587	0.00305587
Pend Oreille	0.001	5.073	7.073	0.001	32.82	32.82	7e-08	0.00037296	0.00052	7e-08	0.00241288	0.00241288
Clallam	0.001	13.107	27.107	0.001	32.82	32.82	1e-08	0.0001708	0.00035325	1e-08	0.00042769	0.00042769
Asotin	0.026	43.496	56.496	0.001	32.82	32.82	1.15e-06	0.00192375	0.00249872	4e-08	0.00145157	0.00145157
Stevens	0.0	1.344	9.344	0.0	0.0	1.0	0.0	2.97e-05	0.00020645	0.0	0.0	2.209e-05
Wahkiakum	0.0	0.0	2.0	0.0	0.0	0.0	0.0	0.0	0.00045188	0.0	0.0	0.0
Jefferson	0.0	0.14	28.14	0.0	0.0	0.0	0.0	4.41e-06	0.00088689	0.0	0.0	0.0
Kitsap	0.0	3.726	141.726	0.0	0.0	1.0	0.0	1.381e-05	0.00052529	0.0	0.0	3.71e-06
Douglas	0.059	97.287	129.287	0.0	0.0	1.0	1.38e-06	0.00226739	0.00301319	0.0	0.0	2.331e-05
San Juan	0.0	1.253	16.253	0.0	0.0	0.0	0.0	7.316e-05	0.00094891	0.0	0.0	0.0
Benton	0.0	71.49	385.49	0.0	15.159	49.159	0.0	0.00035413	0.00190953	0.0	7.509e-05	0.00024351
Columbia	0.0	0.0	1.0	0.0	15.159	15.159	0.0	0.0	0.00024637	0.0	0.00373466	0.00373466
Okanogan	0.0	1.022	15.022	0.0	15.159	15.159	0.0	2.426e-05	0.00035655	0.0	0.0003598	0.0003598
Whitman	0.791	204.897	217.897	0.0	15.161	15.161	1.589e-05	0.00411514	0.00437623	0.0	0.00030449	0.00030449
Chelan	0.0	20.29	95.29	0.0	2.619	7.619	0.0	0.00026338	0.00123695	0.0	3.4e-05	9.89e-05
Unassigned	1.116	2178.604	2337.604	0.0	2.619	2.619	N/A	N/A	N/A	N/A	N/A	N/A
Mason	0.001	10.468	32.468	0.0	2.619	2.619	2e-08	0.0001598	0.00049564	0.0	3.998e-05	3.998e-05
Adams	0.005	34.568	75.568	0.0	2.619	2.619	2.5e-07	0.00174948	0.00382449	0.0	0.00013255	0.00013255
Klickitat	0.002	13.4	29.4	0.776	201.029	204.029	9e-08	0.00060614	0.0013299	3.51e-05	0.00909345	0.00922916
Yakima	0.558	1088.762	1923.762	0.224	150.168	186.168	2.22e-06	0.00433	0.0076508	8.9e-07	0.00059722	0.00074039
Whatcom	0.0	11.289	289.289	0.0	3.451	30.451	0.0	5.002e-05	0.00128183	0.0	1.529e-05	0.00013493
Franklin	0.124	299.394	490.394	0.04	29.356	33.356	1.31e-06	0.00317333	0.00519777	4.2e-07	0.00031115	0.00035355
Ferry	0.0	0.0	1.0	0.04	29.356	29.356	0.0	0.0	0.00013074	5.23e-06	0.00383789	0.00383789
Walla Walla County	0.0	0.0	1.0	0.04	29.356	29.356	N/A	N/A	N/A	N/A	N/A	N/A
Grays Harbor	0.001	13.757	25.757	0.04	29.356	29.356	1e-08	0.00018615	0.00034853	5.4e-07	0.00039723	0.00039723
Spokane	0.0	103.385	416.385	0.0	10.143	27.143	0.0	0.00020089	0.00080909	0.0	1.971e-05	5.274e-05
Clark	0.03	230.934	526.934	0.014	13.166	29.166	6e-08	0.00047926	0.00109355	3e-08	2.732e-05	6.053e-05
Kittitas	0.0	2.14	16.14	0.0	0.0	1.0	0.0	4.518e-05	0.00034077	0.0	0.0	2.111e-05
Island	0.0	5.677	171.677	0.0	1.449	9.449	0.0	6.722e-05	0.00203264	0.0	1.716e-05	0.00011188
Cowlitz	0.002	15.759	47.759	0.0	1.45	1.45	2e-08	0.0001446	0.00043821	0.0	1.33e-05	1.33e-05
Garfield County	0.0	0.0	0.0	0.0	0.0	0.0	N/A	N/A	N/A	N/A	N/A	N/A
Skamania	0.0	0.478	3.478	0.0	1.449	1.449	0.0	4.009e-05	0.00029168	0.0	0.00012152	0.00012152
King	0.0	793.393	5967.393	0.0	129.615	475.615	0.0	0.00035528	0.00267217	0.0	5.804e-05	0.00021298
Garfield	0.0	0.0	0.0	0.0	0.0	0.0	0.0	0.0	0.0	0.0	0.0	0.0
Thurston	0.004	29.726	123.726	0.0	0.0	1.0	1e-08	0.00010379	0.00043198	0.0	0.0	3.49e-06
Grant	0.003	96.794	239.794	0.0	0.0	2.0	3e-08	0.00099448	0.0024637	0.0	0.0	2.055e-05
Snohomish	0.025	857.616	3020.616	0.145	154.494	251.494	3e-08	0.00105242	0.00370673	1.8e-07	0.00018959	0.00030862
