Name	Predicted_New_Cases	Total_Predicted_New_Cases	Total_Predicted_Cases	Predicted_New_Deaths	Total_Predicted_New_Deaths	Total_Predicted_Deaths	Predicted_New_per_capita	Predicted_Total_New_per_capita	Predicted_Total_Cases_per_capita	Predicted_New_Deaths_per_capita	Total_Predicted_New_Deaths_per_capita	Total_Predicted_Deaths_per_capita
Valley	0.001	18.343	65.343	0.0	0.0	1.0	9e-08	0.00166135	0.00591821	0.0	0.0	9.057e-05
Kootenai	0.228	1209.144	2829.144	0.101	91.866	104.866	1.41e-06	0.00748673	0.01751738	6.3e-07	0.00056881	0.0006493
Ada	0.158	3913.841	11982.841	0.003	54.95	118.95	3.4e-07	0.00832792	0.02549725	1e-08	0.00011692	0.0002531
Power	0.199	163.899	206.899	0.003	54.95	54.95	2.562e-05	0.02109925	0.02663478	3.9e-07	0.00707389	0.00707389
Lewis	0.0	0.0	1.0	0.003	54.95	54.95	0.0	0.0	0.000259	7.8e-07	0.01423206	0.01423206
Bonner	0.007	127.368	283.368	0.003	54.95	54.95	1.6e-07	0.00284768	0.0063355	7e-08	0.00122856	0.00122856
Lincoln	0.001	13.736	66.736	0.003	54.95	54.95	1.9e-07	0.00256269	0.01245075	5.6e-07	0.01025187	0.01025187
Washington	0.041	106.655	297.655	0.0	0.0	2.0	4.04e-06	0.01049651	0.02929387	0.0	0.0	0.00019683
Teton	0.043	52.978	113.978	0.0	0.0	0.0	3.69e-06	0.00455137	0.00979192	0.0	0.0	0.0
Shoshone	0.009	116.373	194.373	0.0	0.0	2.0	7e-07	0.00909448	0.01519014	0.0	0.0	0.0001563
Canyon	0.172	3173.526	8132.526	0.07	85.01	122.01	7.7e-07	0.01419929	0.0363873	3.1e-07	0.00038036	0.00054591
Jefferson	0.024	202.74	348.74	0.0	0.0	1.0	8.2e-07	0.00688678	0.01184619	0.0	0.0	3.397e-05
Gooding	0.004	81.531	223.531	0.0	0.0	1.0	2.6e-07	0.00536529	0.01470986	0.0	0.0	6.581e-05
Blaine	0.049	54.286	624.286	0.002	1.089	7.089	2.17e-06	0.00240193	0.02762205	9e-08	4.818e-05	0.00031366
Bonneville	0.066	841.47	1615.47	0.237	70.081	72.081	5.6e-07	0.00720104	0.01382469	2.03e-06	0.00059973	0.00061685
Bingham	0.03	158.581	345.581	0.0	0.0	2.0	6.5e-07	0.00342982	0.00747428	0.0	0.0	4.326e-05
Lemhi	0.296	141.827	153.827	0.0	0.0	0.0	3.718e-05	0.01781522	0.01932257	0.0	0.0	0.0
Fremont	0.002	40.766	103.766	0.0	0.0	0.0	1.5e-07	0.00309584	0.00788016	0.0	0.0	0.0
Elmore	0.684	620.836	821.836	0.237	70.081	73.081	2.509e-05	0.02277545	0.03014916	8.69e-06	0.00257093	0.00268099
Madison	0.004	70.945	205.945	0.237	70.081	70.081	1e-07	0.00180503	0.0052398	6.03e-06	0.00178305	0.00178305
Minidoka	0.014	264.072	708.072	0.0	0.0	2.0	6.7e-07	0.01268053	0.03400106	0.0	0.0	9.604e-05
Benewah	0.003	44.279	101.279	0.0	0.0	0.0	3.3e-07	0.00479937	0.01097756	0.0	0.0	0.0
Clearwater	0.0	0.271	15.271	0.0	0.0	0.0	0.0	3.094e-05	0.00174366	0.0	0.0	0.0
Bear Lake	0.0	0.374	7.374	0.0	0.0	0.0	0.0	6.182e-05	0.00121884	0.0	0.0	0.0
Unassigned	0.0	0.0	1.0	0.0	0.0	0.0	N/A	N/A	N/A	N/A	N/A	N/A
Cassia	0.116	299.952	782.952	0.0	0.0	1.0	4.86e-06	0.01256923	0.03280892	0.0	0.0	4.19e-05
Adams	0.001	10.697	28.697	0.0	0.0	0.0	2.4e-07	0.00251694	0.00675224	0.0	0.0	0.0
Franklin	0.002	27.93	74.93	0.0	0.0	0.0	1.5e-07	0.00203482	0.00545898	0.0	0.0	0.0
Nez Perce	0.009	32.821	166.821	0.0	0.0	19.0	2.2e-07	0.00081224	0.00412842	0.0	0.0	0.0004702
Owyhee	0.093	239.731	477.731	0.0	0.0	1.0	7.95e-06	0.0205021	0.04085615	0.0	0.0	8.552e-05
Clark	0.003	50.677	53.677	0.0	0.0	0.0	3.52e-06	0.05948005	0.06300117	0.0	0.0	0.0
Bannock	0.014	255.74	567.74	0.0	3.827	5.827	1.6e-07	0.00293488	0.00651541	0.0	4.392e-05	6.687e-05
Idaho	0.001	16.891	46.891	0.0	3.827	3.827	6e-08	0.00102289	0.00283964	0.0	0.00023176	0.00023176
Jerome	0.376	414.735	847.735	0.0	0.0	6.0	1.566e-05	0.01726983	0.03530023	0.0	0.0	0.00024984
Twin Falls	0.148	781.285	2019.285	0.053	48.058	80.058	1.72e-06	0.00907616	0.02345796	6.2e-07	0.00055829	0.00093003
Payette	0.064	223.789	566.789	0.0	0.0	2.0	2.72e-06	0.00950231	0.02406645	0.0	0.0	8.492e-05
Oneida	0.0	3.041	12.041	0.0	0.0	0.0	0.0	0.00067758	0.00268293	0.0	0.0	0.0
Caribou	0.684	202.443	225.443	0.0	0.0	0.0	9.688e-05	0.02867465	0.03193244	0.0	0.0	0.0
Gem	0.015	125.1	284.1	0.0	0.0	0.0	8.5e-07	0.00709425	0.01611092	0.0	0.0	0.0
