Name	Predicted_New_Cases	Total_Predicted_New_Cases	Total_Predicted_Cases	Predicted_New_Deaths	Total_Predicted_New_Deaths	Total_Predicted_Deaths	Predicted_New_per_capita	Predicted_Total_New_per_capita	Predicted_Total_Cases_per_capita	Predicted_New_Deaths_per_capita	Total_Predicted_New_Deaths_per_capita	Total_Predicted_Deaths_per_capita
Valley	0.0	0.0	2.0	0.455	2.92	2.92	0.0	0.0	0.00018114	4.121e-05	0.00026447	0.00026447
Kootenai	0.501	2.018	75.018	0.455	2.92	2.92	3.1e-06	1.249e-05	0.00046449	2.82e-06	1.808e-05	1.808e-05
Ada	1.615	10.154	828.154	0.238	1.21	23.21	3.44e-06	2.161e-05	0.00176216	5.1e-07	2.57e-06	4.939e-05
Power	0.319	1.284	7.284	0.238	1.21	1.21	4.107e-05	0.00016529	0.00093769	3.064e-05	0.00015577	0.00015577
Lewis	0.0	0.0	1.0	0.238	1.21	1.21	0.0	0.0	0.000259	6.164e-05	0.00031339	0.00031339
Butte	0.0	0.0	0.0	0.0	0.0	0.0	0.0	0.0	0.0	0.0	0.0	0.0
Bonner	0.41	1.65	7.65	0.238	1.21	1.21	9.17e-06	3.689e-05	0.00017104	5.32e-06	2.705e-05	2.705e-05
Lincoln	0.57	3.271	36.271	0.238	1.21	1.21	0.00010634	0.00061026	0.00676698	4.44e-05	0.00022575	0.00022575
Washington	0.459	2.886	45.886	0.238	1.21	1.21	4.517e-05	0.00028403	0.00451589	2.342e-05	0.00011908	0.00011908
Teton	0.0	0.0	11.0	0.238	1.21	1.21	0.0	0.0	0.00094502	2.045e-05	0.00010395	0.00010395
Shoshone	0.0	0.0	0.0	0.0	0.0	0.0	0.0	0.0	0.0	0.0	0.0	0.0
Canyon	5.128	21.157	331.157	0.0	0.0	6.0	2.294e-05	9.466e-05	0.00148169	0.0	0.0	2.685e-05
Jefferson	0.0	0.0	7.0	0.0	0.0	0.0	0.0	0.0	0.00023778	0.0	0.0	0.0
Gooding	1.226	8.39	57.39	0.0	0.0	0.0	8.068e-05	0.00055212	0.00377665	0.0	0.0	0.0
Boundary	0.0	0.0	1.0	0.0	0.0	0.0	0.0	0.0	8.37e-05	0.0	0.0	0.0
Custer	0.0	0.0	2.0	0.0	0.0	0.0	0.0	0.0	0.00046729	0.0	0.0	0.0
Blaine	0.309	1.902	513.902	0.0	0.0	5.0	1.367e-05	8.416e-05	0.02273802	0.0	0.0	0.00022123
Boise	0.0	0.0	0.0	0.0	0.0	0.0	0.0	0.0	0.0	0.0	0.0	0.0
Bonneville	3.111	12.52	63.52	0.0	0.0	0.0	2.662e-05	0.00010714	0.00054358	0.0	0.0	0.0
Bingham	0.0	0.0	8.0	0.0	0.0	0.0	0.0	0.0	0.00017303	0.0	0.0	0.0
Lemhi	0.0	0.0	1.0	0.0	0.0	0.0	0.0	0.0	0.00012561	0.0	0.0	0.0
Fremont	0.0	0.0	3.0	0.0	0.0	0.0	0.0	0.0	0.00022783	0.0	0.0	0.0
Elmore	0.0	0.0	31.0	0.0	0.0	2.0	0.0	0.0	0.00113724	0.0	0.0	7.337e-05
Madison	0.178	1.044	22.044	0.0	0.0	0.0	4.53e-06	2.656e-05	0.00056086	0.0	0.0	0.0
Minidoka	3.259	19.539	77.539	0.0	0.0	0.0	0.00015649	0.00093825	0.00372336	0.0	0.0	0.0
Benewah	0.0	0.0	12.0	0.0	0.0	0.0	0.0	0.0	0.00130067	0.0	0.0	0.0
Clearwater	0.0	0.0	0.0	0.0	0.0	0.0	0.0	0.0	0.0	0.0	0.0	0.0
Bear Lake	0.0	0.0	0.0	0.0	0.0	0.0	0.0	0.0	0.0	0.0	0.0	0.0
Unassigned	0.0	0.0	1.0	0.0	0.0	0.0	N/A	N/A	N/A	N/A	N/A	N/A
Cassia	7.699	40.189	125.189	0.0	0.0	1.0	0.00032262	0.00168408	0.00524594	0.0	0.0	4.19e-05
Adams	0.0	0.0	3.0	0.0	0.0	0.0	0.0	0.0	0.00070588	0.0	0.0	0.0
Franklin	0.0	0.0	9.0	0.0	0.0	0.0	0.0	0.0	0.00065569	0.0	0.0	0.0
Camas	0.0	0.0	1.0	0.0	0.0	0.0	0.0	0.0	0.00088731	0.0	0.0	0.0
Latah	0.005	0.06	7.06	0.0	0.0	0.0	1.2e-07	1.49e-06	0.00017591	0.0	0.0	0.0
Nez Perce	0.152	0.953	82.953	0.0	0.0	19.0	3.76e-06	2.358e-05	0.00205289	0.0	0.0	0.0004702
Owyhee	0.0	0.0	8.0	0.0	0.0	0.0	0.0	0.0	0.00068417	0.0	0.0	0.0
Clark	0.0	0.0	0.0	0.0	0.0	0.0	0.0	0.0	0.0	0.0	0.0	0.0
Bannock	3.033	12.491	46.491	0.0	0.0	0.0	3.481e-05	0.00014335	0.00053353	0.0	0.0	0.0
Idaho	0.0	0.0	3.0	0.0	0.0	0.0	0.0	0.0	0.00018168	0.0	0.0	0.0
Jerome	2.166	18.809	193.809	0.0	0.0	2.0	9.019e-05	0.00078322	0.00807033	0.0	0.0	8.328e-05
Twin Falls	4.9	33.666	461.666	0.561	3.73	26.73	5.692e-05	0.0003911	0.00536316	6.52e-06	4.333e-05	0.00031052
Payette	0.003	0.048	23.048	0.0	0.0	2.0	1.3e-07	2.04e-06	0.00097864	0.0	0.0	8.492e-05
Oneida	0.0	0.0	0.0	0.0	0.0	0.0	0.0	0.0	0.0	0.0	0.0	0.0
Caribou	0.0	0.0	1.0	0.0	0.0	0.0	0.0	0.0	0.00014164	0.0	0.0	0.0
Gem	0.005	0.06	17.06	0.0	0.0	0.0	2.8e-07	3.4e-06	0.00096745	0.0	0.0	0.0
