Name	Predicted_New_Cases	Total_Predicted_New_Cases	Total_Predicted_Cases	Predicted_New_Deaths	Total_Predicted_New_Deaths	Total_Predicted_Deaths	Predicted_New_per_capita	Predicted_Total_New_per_capita	Predicted_Total_Cases_per_capita	Predicted_New_Deaths_per_capita	Total_Predicted_New_Deaths_per_capita	Total_Predicted_Deaths_per_capita
Valley	0.019	3.629	6.629	7.297	324.542	324.542	1.72e-06	0.00032868	0.0006004	0.0006609	0.02939426	0.02939426
Kootenai	0.302	57.86	155.86	7.297	324.542	324.542	1.87e-06	0.00035826	0.00096505	4.518e-05	0.00200949	0.00200949
Ada	0.841	148.745	1040.745	0.0	0.0	22.0	1.79e-06	0.0003165	0.00221451	0.0	0.0	4.681e-05
Power	0.047	8.967	17.967	0.0	0.0	0.0	6.05e-06	0.00115435	0.00231295	0.0	0.0	0.0
Lewis	0.0	0.0	1.0	0.0	0.0	0.0	0.0	0.0	0.000259	0.0	0.0	0.0
Butte	0.0	0.0	0.0	0.0	0.0	0.0	0.0	0.0	0.0	0.0	0.0	0.0
Bonner	0.045	6.551	13.551	0.0	0.0	0.0	1.01e-06	0.00014647	0.00030297	0.0	0.0	0.0
Lincoln	0.02	3.843	38.843	0.0	0.0	0.0	3.73e-06	0.00071698	0.00724683	0.0	0.0	0.0
Washington	0.091	17.507	72.507	0.0	0.0	0.0	8.96e-06	0.00172296	0.00713581	0.0	0.0	0.0
Teton	0.0	0.0	11.0	0.0	0.0	0.0	0.0	0.0	0.00094502	0.0	0.0	0.0
Shoshone	0.0	0.0	0.0	0.0	0.0	0.0	0.0	0.0	0.0	0.0	0.0	0.0
Canyon	0.0	15.932	371.932	0.0	0.0	6.0	0.0	7.128e-05	0.00166413	0.0	0.0	2.685e-05
Jefferson	0.019	3.629	15.629	0.0	0.0	0.0	6.5e-07	0.00012327	0.00053089	0.0	0.0	0.0
Gooding	0.0	1.929	60.929	0.0	0.0	0.0	0.0	0.00012694	0.00400954	0.0	0.0	0.0
Boundary	0.0	0.0	1.0	0.0	0.0	0.0	0.0	0.0	8.37e-05	0.0	0.0	0.0
Custer	0.0	0.0	2.0	0.0	0.0	0.0	0.0	0.0	0.00046729	0.0	0.0	0.0
Blaine	0.0	1.042	516.042	0.0	0.0	5.0	0.0	4.61e-05	0.02283271	0.0	0.0	0.00022123
Boise	0.0	0.0	0.0	0.0	0.0	0.0	0.0	0.0	0.0	0.0	0.0	0.0
Bonneville	0.213	45.172	124.172	0.0	0.0	0.0	1.82e-06	0.00038657	0.00106263	0.0	0.0	0.0
Bingham	0.0	3.181	27.181	0.0	0.0	0.0	0.0	6.88e-05	0.00058788	0.0	0.0	0.0
Lemhi	0.0	0.0	1.0	0.0	0.0	0.0	0.0	0.0	0.00012561	0.0	0.0	0.0
Fremont	0.0	0.067	4.067	0.0	0.0	0.0	0.0	5.09e-06	0.00030885	0.0	0.0	0.0
Elmore	0.054	8.655	42.655	0.0	0.0	2.0	1.98e-06	0.00031751	0.0015648	0.0	0.0	7.337e-05
Madison	0.0	0.556	29.556	0.0	0.0	0.0	0.0	1.415e-05	0.00075198	0.0	0.0	0.0
Minidoka	0.458	87.962	188.962	0.0	0.0	0.0	2.199e-05	0.00422387	0.00907381	0.0	0.0	0.0
Benewah	0.017	3.2	22.2	0.0	0.0	0.0	1.84e-06	0.00034685	0.00240624	0.0	0.0	0.0
Clearwater	0.0	0.0	0.0	0.0	0.0	0.0	0.0	0.0	0.0	0.0	0.0	0.0
Bear Lake	0.0	0.0	0.0	0.0	0.0	0.0	0.0	0.0	0.0	0.0	0.0	0.0
Unassigned	0.0	0.0	1.0	0.0	0.0	0.0	N/A	N/A	N/A	N/A	N/A	N/A
Cassia	0.0	15.23	151.23	0.0	0.0	1.0	0.0	0.0006382	0.00633716	0.0	0.0	4.19e-05
Adams	1.194	53.108	57.108	0.0	0.0	0.0	0.00028094	0.012496	0.01343718	0.0	0.0	0.0
Franklin	0.298	38.783	52.783	0.0	0.0	0.0	2.171e-05	0.00282551	0.00384548	0.0	0.0	0.0
Camas	0.0	0.0	1.0	0.0	0.0	0.0	0.0	0.0	0.00088731	0.0	0.0	0.0
Latah	0.0	0.0	7.0	0.0	0.0	0.0	0.0	0.0	0.00017442	0.0	0.0	0.0
Nez Perce	0.021	4.056	88.056	0.0	0.0	19.0	5.2e-07	0.00010038	0.00217917	0.0	0.0	0.0004702
Owyhee	0.0	0.0	8.0	0.0	0.0	0.0	0.0	0.0	0.00068417	0.0	0.0	0.0
Clark	0.0	0.0	0.0	0.0	0.0	0.0	0.0	0.0	0.0	0.0	0.0	0.0
Bannock	0.048	30.993	93.993	0.0	0.0	1.0	5.5e-07	0.00035568	0.00107867	0.0	0.0	1.148e-05
Idaho	0.0	0.0	3.0	0.0	0.0	0.0	0.0	0.0	0.00018168	0.0	0.0	0.0
Jerome	0.0	9.372	215.372	1.194	53.108	56.108	0.0	0.00039026	0.00896823	4.972e-05	0.00221145	0.00233637
Twin Falls	0.69	132.475	611.475	0.152	19.822	45.822	8.02e-06	0.00153896	0.00710348	1.77e-06	0.00023027	0.00053231
Payette	0.0	0.278	27.278	0.0	0.0	2.0	0.0	1.18e-05	0.00115825	0.0	0.0	8.492e-05
Oneida	0.0	0.0	0.0	0.0	0.0	0.0	0.0	0.0	0.0	0.0	0.0	0.0
Caribou	0.0	0.071	5.071	0.0	0.0	0.0	0.0	1.006e-05	0.00071827	0.0	0.0	0.0
Gem	0.0	0.0	17.0	0.0	0.0	0.0	0.0	0.0	0.00096405	0.0	0.0	0.0
