Name	Predicted_New_Cases	Total_Predicted_New_Cases	Total_Predicted_Cases	Predicted_New_Deaths	Total_Predicted_New_Deaths	Total_Predicted_Deaths	Predicted_New_per_capita	Predicted_Total_New_per_capita	Predicted_Total_Cases_per_capita	Predicted_New_Deaths_per_capita	Total_Predicted_New_Deaths_per_capita	Total_Predicted_Deaths_per_capita
Valley	0.0	0.0	2.0	3.789	32.717	35.606	0.0	0.0	0.00018114	0.00034318	0.00296323	0.00322489
Kootenai	1.469	10.791	62.587	3.789	32.717	35.606	9.1e-06	6.682e-05	0.00038752	2.346e-05	0.00020258	0.00022046
Ada	6.041	81.049	691.845	0.328	3.943	14.534	1.285e-05	0.00017246	0.00147212	7e-07	8.39e-06	3.093e-05
Power	0.0	0.0	2.0	0.328	3.943	4.534	0.0	0.0	0.00025747	4.222e-05	0.0005076	0.00058368
Lewis	0.0	0.0	1.0	0.328	3.943	4.534	0.0	0.0	0.000259	8.495e-05	0.00102124	0.00117431
Butte	0.0	0.0	0.0	0.0	0.0	0.0	0.0	0.0	0.0	0.0	0.0	0.0
Bonner	0.0	0.18	4.26	0.328	3.943	4.534	0.0	4.02e-06	9.524e-05	7.33e-06	8.816e-05	0.00010137
Lincoln	0.013	0.812	18.114	0.328	3.943	4.534	2.43e-06	0.00015149	0.00337948	6.119e-05	0.00073563	0.0008459
Washington	0.0	0.0	1.0	0.328	3.943	4.534	0.0	0.0	9.842e-05	3.228e-05	0.00038805	0.00044622
Teton	0.151	1.504	9.686	0.328	3.943	4.534	1.297e-05	0.00012921	0.00083213	2.818e-05	0.00033875	0.00038952
Shoshone	0.0	0.0	0.0	0.0	0.0	0.0	0.0	0.0	0.0	0.0	0.0	0.0
Canyon	4.49	49.272	243.041	0.098	0.985	6.109	2.009e-05	0.00022046	0.00108744	4.4e-07	4.41e-06	2.733e-05
Jefferson	0.598	3.016	8.136	0.098	0.985	1.109	2.031e-05	0.00010245	0.00027637	3.33e-06	3.346e-05	3.767e-05
Gooding	0.331	3.299	11.699	0.098	0.985	1.109	2.178e-05	0.0002171	0.00076987	6.45e-06	6.482e-05	7.298e-05
Boundary	0.0	0.0	1.0	0.098	0.985	1.109	0.0	0.0	8.37e-05	8.2e-06	8.244e-05	9.282e-05
Custer	0.0	0.0	2.0	0.098	0.985	1.109	0.0	0.0	0.00046729	2.29e-05	0.00023014	0.00025911
Blaine	1.345	21.342	501.271	0.014	0.173	5.2	5.951e-05	0.00094429	0.02217915	6.2e-07	7.65e-06	0.00023008
Boise	0.0	0.0	0.0	0.0	0.0	0.0	0.0	0.0	0.0	0.0	0.0	0.0
Bonneville	3.765	26.529	52.409	0.014	0.173	0.2	3.222e-05	0.00022703	0.0004485	1.2e-07	1.48e-06	1.71e-06
Bingham	0.398	2.01	5.09	0.014	0.173	0.2	8.61e-06	4.347e-05	0.00011009	3e-07	3.74e-06	4.33e-06
Lemhi	0.0	0.0	0.0	0.0	0.0	0.0	0.0	0.0	0.0	0.0	0.0	0.0
Fremont	0.0	0.0	2.0	0.014	0.173	0.2	0.0	0.0	0.00015188	1.06e-06	1.314e-05	1.519e-05
Elmore	0.497	4.95	27.55	0.014	0.173	0.2	1.823e-05	0.00018159	0.00101068	5.1e-07	6.35e-06	7.34e-06
Madison	2.014	10.163	18.567	0.014	0.173	0.2	5.124e-05	0.00025857	0.00047239	3.6e-07	4.4e-06	5.09e-06
Minidoka	0.718	7.151	18.018	0.014	0.173	0.2	3.448e-05	0.00034339	0.00086521	6.7e-07	8.31e-06	9.6e-06
Benewah	0.0	0.0	0.0	0.0	0.0	0.0	0.0	0.0	0.0	0.0	0.0	0.0
Clearwater	0.0	0.0	0.0	0.0	0.0	0.0	0.0	0.0	0.0	0.0	0.0	0.0
Bear Lake	0.0	0.0	0.0	0.0	0.0	0.0	0.0	0.0	0.0	0.0	0.0	0.0
Unassigned	0.0	0.0	0.0	0.0	0.0	0.0	N/A	N/A	N/A	N/A	N/A	N/A
Cassia	0.501	4.986	15.59	0.0	0.0	1.0	2.099e-05	0.00020893	0.00065329	0.0	0.0	4.19e-05
Adams	0.0	0.0	1.0	0.0	0.0	0.0	0.0	0.0	0.00023529	0.0	0.0	0.0
Franklin	0.0	0.0	0.0	0.0	0.0	0.0	0.0	0.0	0.0	0.0	0.0	0.0
Camas	0.0	0.0	1.0	0.0	0.0	0.0	0.0	0.0	0.00088731	0.0	0.0	0.0
Latah	0.0	0.0	3.0	0.0	0.0	0.0	0.0	0.0	7.475e-05	0.0	0.0	0.0
Nez Perce	1.843	15.332	46.612	2.78	17.005	28.921	4.561e-05	0.00037943	0.00115353	6.88e-05	0.00042083	0.00071572
Owyhee	0.0	0.161	4.25	2.78	17.005	17.921	0.0	1.377e-05	0.00036347	0.00023775	0.00145429	0.00153263
Clark	0.0	0.0	0.0	0.0	0.0	0.0	0.0	0.0	0.0	0.0	0.0	0.0
Bannock	1.793	9.047	17.407	2.78	17.005	17.921	2.058e-05	0.00010382	0.00019976	3.19e-05	0.00019515	0.00020566
Idaho	0.0	0.0	3.0	2.78	17.005	17.921	0.0	0.0	0.00018168	0.00016835	0.00102979	0.00108527
Jerome	2.044	20.352	66.819	0.0	0.0	2.0	8.511e-05	0.00084747	0.00278239	0.0	0.0	8.328e-05
Twin Falls	3.977	39.602	161.402	1.462	11.699	22.632	4.62e-05	0.00046006	0.001875	1.698e-05	0.00013591	0.00026292
Payette	0.293	2.955	13.328	0.0	0.0	1.0	1.244e-05	0.00012547	0.00056592	0.0	0.0	4.246e-05
Oneida	0.0	0.0	0.0	0.0	0.0	0.0	0.0	0.0	0.0	0.0	0.0	0.0
Caribou	0.0	0.0	1.0	0.0	0.0	0.0	0.0	0.0	0.00014164	0.0	0.0	0.0
Gem	0.155	1.577	11.777	0.0	0.0	0.0	8.79e-06	8.943e-05	0.00066786	0.0	0.0	0.0
