Name	Predicted_New_Cases	Total_Predicted_New_Cases	Total_Predicted_Cases	Predicted_New_Deaths	Total_Predicted_New_Deaths	Total_Predicted_Deaths	Predicted_New_per_capita	Predicted_Total_New_per_capita	Predicted_Total_Cases_per_capita	Predicted_New_Deaths_per_capita	Total_Predicted_New_Deaths_per_capita	Total_Predicted_Deaths_per_capita
Wright	0.883	16.586	37.586	0.0	0.0	1.0	6.48e-06	0.00012164	0.00027566	0.0	0.0	7.33e-06
Brown	0.0	0.0	7.0	0.0	0.0	1.0	0.0	0.0	0.00027876	0.0	0.0	3.982e-05
Winona	2.05	37.11	88.11	0.0	0.0	6.0	4.033e-05	0.00073015	0.0017336	0.0	0.0	0.00011805
Nobles	0.0	0.0	2.0	0.0	0.0	0.0	0.0	0.0	9.122e-05	0.0	0.0	0.0
Todd	0.0	0.0	2.0	0.0	0.0	0.0	0.0	0.0	8.136e-05	0.0	0.0	0.0
Cottonwood	0.137	2.752	8.752	0.0	0.0	0.0	1.215e-05	0.00024404	0.00077609	0.0	0.0	0.0
Lincoln	0.0	0.0	2.0	0.0	0.0	0.0	0.0	0.0	0.00035255	0.0	0.0	0.0
Freeborn	0.0	0.0	27.0	0.0	0.0	0.0	0.0	0.0	0.00088687	0.0	0.0	0.0
Crow Wing	0.0	0.0	17.0	0.0	0.0	0.0	0.0	0.0	0.00026199	0.0	0.0	0.0
LeSeur	0.0	0.0	0.0	0.0	0.0	0.0	N/A	N/A	N/A	N/A	N/A	N/A
Norman	0.0	0.0	0.0	0.0	0.0	0.0	0.0	0.0	0.0	0.0	0.0	0.0
Roseau	0.0	0.0	1.0	0.0	0.0	0.0	0.0	0.0	6.601e-05	0.0	0.0	0.0
Washington	0.059	17.297	105.297	0.0	0.0	3.0	2.3e-07	6.673e-05	0.00040624	0.0	0.0	1.157e-05
Pipestone	0.0	0.0	1.0	0.0	0.0	0.0	0.0	0.0	0.00011053	0.0	0.0	0.0
Goodhue	0.402	10.96	27.96	0.0	0.0	0.0	8.66e-06	0.00023619	0.00060255	0.0	0.0	0.0
Watonwan	0.0	0.0	4.0	0.0	0.0	0.0	0.0	0.0	0.0003643	0.0	0.0	0.0
Sherburne	0.058	1.163	12.163	0.0	0.0	0.0	6e-07	1.211e-05	0.00012665	0.0	0.0	0.0
Stevens	0.0	0.0	0.0	0.0	0.0	0.0	0.0	0.0	0.0	0.0	0.0	0.0
Rice	0.0	0.036	5.036	0.0	0.0	0.0	0.0	5.4e-07	7.57e-05	0.0	0.0	0.0
Sibley	0.0	0.0	1.0	0.0	0.0	0.0	0.0	0.0	6.654e-05	0.0	0.0	0.0
Martin	0.513	10.273	49.273	0.0	0.0	4.0	2.593e-05	0.00051923	0.00249042	0.0	0.0	0.00020217
Steele	0.003	1.037	10.037	0.0	0.0	0.0	8e-08	2.818e-05	0.00027272	0.0	0.0	0.0
Cass	0.22	4.401	8.401	0.0	0.0	0.0	7.45e-06	0.00014909	0.0002846	0.0	0.0	0.0
Saint Louis	2.452	48.249	91.249	0.0	0.0	6.0	1.228e-05	0.00024154	0.00045681	0.0	0.0	3.004e-05
Big Stone	0.0	0.0	1.0	0.0	0.0	0.0	0.0	0.0	0.00020044	0.0	0.0	0.0
Lyon	0.0	0.116	5.116	0.0	0.0	0.0	0.0	4.53e-06	0.00019962	0.0	0.0	0.0
Chippewa	0.0	0.0	0.0	0.0	0.0	0.0	0.0	0.0	0.0	0.0	0.0	0.0
Douglas	0.0	0.0	1.0	0.0	0.0	0.0	0.0	0.0	2.634e-05	0.0	0.0	0.0
Mahnomen	0.0	0.0	1.0	0.0	0.0	0.0	0.0	0.0	0.00018119	0.0	0.0	0.0
Faribault	0.046	0.917	4.917	0.0	0.0	0.0	3.34e-06	6.665e-05	0.00035739	0.0	0.0	0.0
Anoka	4.066	71.655	147.655	0.0	0.0	0.0	1.149e-05	0.00020252	0.00041732	0.0	0.0	0.0
Pennington	0.0	0.0	0.0	0.0	0.0	0.0	0.0	0.0	0.0	0.0	0.0	0.0
Red Lake	0.0	0.0	1.0	0.0	0.0	0.0	0.0	0.0	0.00025006	0.0	0.0	0.0
Aitkin	0.0	0.0	0.0	0.0	0.0	0.0	0.0	0.0	0.0	0.0	0.0	0.0
Yellow Medicine	0.0	0.0	3.0	0.0	0.0	0.0	0.0	0.0	0.00030628	0.0	0.0	0.0
Benton	0.0	0.0	1.0	0.0	0.0	0.0	0.0	0.0	2.466e-05	0.0	0.0	0.0
Houston	0.0	0.0	1.0	0.0	0.0	0.0	0.0	0.0	5.383e-05	0.0	0.0	0.0
Hubbard	0.0	0.0	0.0	0.0	0.0	0.0	0.0	0.0	0.0	0.0	0.0	0.0
Nicollet	0.251	4.858	11.858	0.0	0.0	1.0	7.33e-06	0.00014196	0.00034652	0.0	0.0	2.922e-05
Dakota	3.103	61.044	164.044	0.0	0.0	5.0	7.29e-06	0.00014349	0.0003856	0.0	0.0	1.175e-05
Scott	0.651	13.023	33.023	0.0	0.0	1.0	4.42e-06	8.836e-05	0.00022407	0.0	0.0	6.79e-06
Pine	0.0	0.0	6.0	0.0	0.0	0.0	0.0	0.0	0.00020351	0.0	0.0	0.0
Meeker	0.046	0.917	3.917	0.0	0.0	0.0	1.99e-06	3.963e-05	0.00016927	0.0	0.0	0.0
Koochiching	0.0	0.0	1.0	0.0	0.0	0.0	0.0	0.0	8.039e-05	0.0	0.0	0.0
Blue Earth	0.054	7.234	30.234	0.0	0.0	0.0	8e-07	0.00010729	0.0004484	0.0	0.0	0.0
Le Sueur	0.0	0.389	21.389	0.0	0.0	0.0	0.0	1.365e-05	0.00075065	0.0	0.0	0.0
Olmsted	4.615	92.378	245.378	0.0	0.0	2.0	2.953e-05	0.00059112	0.00157015	0.0	0.0	1.28e-05
Clearwater	0.0	0.0	3.0	0.0	0.0	0.0	0.0	0.0	0.00034052	0.0	0.0	0.0
Dodge	0.732	13.257	29.257	0.0	0.0	0.0	3.516e-05	0.00063668	0.0014051	0.0	0.0	0.0
Marshall	0.0	0.0	0.0	0.0	0.0	0.0	0.0	0.0	0.0	0.0	0.0	0.0
Itasca	0.0	0.0	2.0	0.0	0.0	0.0	0.0	0.0	4.434e-05	0.0	0.0	0.0
Renville	0.082	1.651	4.651	0.0	0.0	0.0	5.61e-06	0.00011299	0.0003183	0.0	0.0	0.0
Lake	0.0	0.0	0.0	0.0	0.0	0.0	0.0	0.0	0.0	0.0	0.0	0.0
Unassigned	22.677	453.944	455.944	1.374	27.513	28.513	N/A	N/A	N/A	N/A	N/A	N/A
McLeod	0.0	0.0	2.0	1.374	27.513	27.513	0.0	0.0	5.575e-05	3.83e-05	0.00076696	0.00076696
Waseca	0.0	0.0	3.0	1.374	27.513	27.513	0.0	0.0	0.00016051	7.351e-05	0.00147199	0.00147199
Wadena	0.0	0.0	0.0	0.0	0.0	0.0	0.0	0.0	0.0	0.0	0.0	0.0
Cook	0.0	0.0	0.0	0.0	0.0	0.0	0.0	0.0	0.0	0.0	0.0	0.0
Becker	13.631	86.855	87.855	1.374	27.513	27.513	0.00039658	0.00252698	0.00255608	3.998e-05	0.00080047	0.00080047
Clay	4.378	68.608	111.608	1.374	27.513	27.513	6.845e-05	0.00107275	0.0017451	2.148e-05	0.00043019	0.00043019
Swift	0.0	0.0	1.0	0.0	0.0	0.0	0.0	0.0	0.00010701	0.0	0.0	0.0
Stearns	0.082	1.961	8.961	1.374	27.513	27.513	5.1e-07	1.231e-05	5.627e-05	8.63e-06	0.00017276	0.00017276
Redwood	0.0	0.0	1.0	0.0	0.0	0.0	0.0	0.0	6.558e-05	0.0	0.0	0.0
Wilkin	0.367	7.336	14.336	0.0	0.0	2.0	5.868e-05	0.00117301	0.00229229	0.0	0.0	0.0003198
Rock	0.0	0.0	2.0	0.0	0.0	0.0	0.0	0.0	0.00021245	0.0	0.0	0.0
Fillmore	0.0	0.129	10.129	0.0	0.0	0.0	0.0	6.13e-06	0.000481	0.0	0.0	0.0
Pope	0.0	0.0	0.0	0.0	0.0	0.0	0.0	0.0	0.0	0.0	0.0	0.0
Otter Tail	0.183	3.67	7.67	0.0	0.0	0.0	3.11e-06	6.24e-05	0.00013042	0.0	0.0	0.0
Traverse	0.0	0.0	2.0	0.0	0.0	0.0	0.0	0.0	0.00060459	0.0	0.0	0.0
Murray	0.0	0.0	1.0	0.0	0.0	0.0	0.0	0.0	0.00012083	0.0	0.0	0.0
Kandiyohi	0.0	0.0	2.0	0.0	0.0	0.0	0.0	0.0	4.667e-05	0.0	0.0	0.0
Chisago	0.217	4.342	11.342	0.0	0.0	1.0	3.88e-06	7.764e-05	0.00020282	0.0	0.0	1.788e-05
Ramsey	5.615	110.482	274.482	0.881	13.162	20.162	1.021e-05	0.0002008	0.00049887	1.6e-06	2.392e-05	3.664e-05
Mower	2.168	29.32	54.32	0.881	13.162	13.162	5.419e-05	0.0007328	0.00135763	2.202e-05	0.00032896	0.00032896
Kittson	0.0	0.0	0.0	0.0	0.0	0.0	0.0	0.0	0.0	0.0	0.0	0.0
Hennepin	81.178	1038.509	1689.509	22.19	174.91	220.91	6.446e-05	0.00082459	0.00134149	1.762e-05	0.00013888	0.00017541
Wabasha	0.012	0.245	7.245	22.19	174.91	174.91	5.5e-07	1.132e-05	0.00033472	0.00102518	0.00808085	0.00808085
Carlton	1.374	27.513	54.513	22.19	174.91	174.91	3.834e-05	0.00076773	0.00152114	0.00061919	0.00488071	0.00488071
Lake of the Woods	0.0	0.0	0.0	0.0	0.0	0.0	0.0	0.0	0.0	0.0	0.0	0.0
Beltrami	0.046	0.917	5.917	22.19	174.91	174.91	9.8e-07	1.957e-05	0.0001263	0.00047367	0.00373364	0.00373364
Kanabec	0.0	0.0	0.0	0.0	0.0	0.0	0.0	0.0	0.0	0.0	0.0	0.0
Polk	0.0	0.0	1.0	0.0	0.0	0.0	0.0	0.0	3.172e-05	0.0	0.0	0.0
Mille Lacs	0.0	0.0	0.0	0.0	0.0	0.0	0.0	0.0	0.0	0.0	0.0	0.0
Morrison	0.0	0.0	0.0	0.0	0.0	0.0	0.0	0.0	0.0	0.0	0.0	0.0
Grant	0.0	0.0	0.0	0.0	0.0	0.0	0.0	0.0	0.0	0.0	0.0	0.0
Isanti	0.0	0.0	4.0	22.19	174.91	174.91	0.0	0.0	0.00010009	0.00055522	0.00437647	0.00437647
Carver	4.347	29.433	43.433	22.19	174.91	174.91	4.198e-05	0.00028424	0.00041944	0.00021429	0.00168912	0.00168912
Lac qui Parle	0.0	0.0	1.0	0.0	0.0	0.0	0.0	0.0	0.0001502	0.0	0.0	0.0
Jackson	0.0	0.0	1.0	0.0	0.0	0.0	0.0	0.0	0.0001009	0.0	0.0	0.0
