Kossuth	1.0	0.0	0.0	0.0	6.708e-05	0.0	5.0	2.0	1.25	0.0003354	0.00013416	8.385e-05	2020-03-22
Kossuth	1.0	0.0	0.0	0.0	6.708e-05	0.0	5.0	2.0	1.25	0.0003354	0.00013416	8.385e-05	2020-03-23
Kossuth	1.0	0.0	0.0	0.0	6.708e-05	0.0	5.0	2.0	1.25	0.0003354	0.00013416	8.385e-05	2020-03-24
Kossuth	1.0	0.0	0.0	0.0	6.708e-05	0.0	5.0	2.0	1.25	0.0003354	0.00013416	8.385e-05	2020-03-25
Kossuth	1.0	0.0	0.0	0.0	6.708e-05	0.0	5.0	2.0	1.25	0.0003354	0.00013416	8.385e-05	2020-03-26
Kossuth	1.0	0.0	0.0	0.0	6.708e-05	0.0	5.0	2.0	1.25	0.0003354	0.00013416	8.385e-05	2020-03-27
Kossuth	1.0	0.0	0.0	0.0	6.708e-05	0.0	5.0	2.0	1.25	0.0003354	0.00013416	8.385e-05	2020-03-28
Kossuth	1.0	0.0	0.0	0.0	6.708e-05	0.0	5.0	2.0	1.25	0.0003354	0.00013416	8.385e-05	2020-03-29
Kossuth	1.0	0.0	0.0	0.0	6.708e-05	0.0	5.0	2.0	1.25	0.0003354	0.00013416	8.385e-05	2020-03-30
Kossuth	1.0	0.0	0.0	0.0	6.708e-05	0.0	5.0	2.0	1.25	0.0003354	0.00013416	8.385e-05	2020-03-31
Kossuth	1.0	0.0	0.0	0.0	6.708e-05	0.0	5.0	2.0	1.25	0.0003354	0.00013416	8.385e-05	2020-04-01
Kossuth	1.0	0.0	0.0	0.0	6.708e-05	0.0	5.0	2.0	1.25	0.0003354	0.00013416	8.385e-05	2020-04-02
Kossuth	1.0	0.0	0.0	0.0	6.708e-05	0.0	5.0	2.0	1.25	0.0003354	0.00013416	8.385e-05	2020-04-03
Kossuth	1	0	0	0	_2020-3-24
Kossuth	1	0	0	0	_2020-3-25
Kossuth	1	0	0	0	_2020-3-26
