Name	Predicted_New_Cases	Total_Predicted_New_Cases	Total_Predicted_Cases	Predicted_New_Deaths	Total_Predicted_New_Deaths	Total_Predicted_Deaths	Predicted_New_per_capita	Predicted_Total_New_per_capita	Predicted_Total_Cases_per_capita	Predicted_New_Deaths_per_capita	Total_Predicted_New_Deaths_per_capita	Total_Predicted_Deaths_per_capita
Hardy	0.0	2.032	41.032	0.0	3.215	3.215	0.0	0.00014751	0.00297873	0.0	0.00023339	0.00023339
Mingo	0.054	14.931	21.931	0.0	0.0	1.0	2.27e-06	0.00062775	0.00092205	0.0	0.0	4.204e-05
Monongalia	16.171	1217.466	1350.466	0.0	0.0	5.0	0.00015195	0.0114402	0.01268996	0.0	0.0	4.698e-05
Logan	0.007	3.314	20.314	0.0	0.0	1.0	2.1e-07	0.00010163	0.000623	0.0	0.0	3.067e-05
Cabell	0.076	22.051	88.051	0.0	0.0	0.0	8.2e-07	0.00023654	0.00094451	0.0	0.0	0.0
Gilmer	0.004	3.063	13.063	0.0	0.0	0.0	5e-07	0.00038163	0.00162759	0.0	0.0	0.0
Tyler	0.0	0.0	3.0	0.0	0.0	0.0	0.0	0.0	0.00034301	0.0	0.0	0.0
Wood	0.153	36.541	89.541	0.0	0.0	2.0	1.82e-06	0.00043396	0.00106339	0.0	0.0	2.375e-05
Berkeley	0.157	135.715	443.715	0.0	0.0	6.0	1.34e-06	0.00115874	0.00378845	0.0	0.0	5.123e-05
Wayne	0.006	3.238	102.238	0.0	0.0	9.0	1.5e-07	8.106e-05	0.00255953	0.0	0.0	0.00022532
Pendleton	0.062	20.021	32.021	0.0	0.0	0.0	8.86e-06	0.00286137	0.00457639	0.0	0.0	0.0
Lewis	1.842	138.66	147.66	0.0	0.0	1.0	0.00011495	0.00865327	0.00921493	0.0	0.0	6.241e-05
Webster	0.0	0.0	0.0	0.0	0.0	0.0	0.0	0.0	0.0	0.0	0.0	0.0
Lincoln	0.001	0.44	6.44	0.0	0.0	0.0	5e-08	2.136e-05	0.00031264	0.0	0.0	0.0
Doddridge	0.0	0.0	0.0	0.0	0.0	0.0	0.0	0.0	0.0	0.0	0.0	0.0
Wetzel	0.0	0.478	8.478	0.0	0.0	0.0	0.0	3.13e-05	0.00055521	0.0	0.0	0.0
Greenbrier	0.0	0.0	9.0	0.0	0.0	0.0	0.0	0.0	0.00025872	0.0	0.0	0.0
Roane	0.007	2.53	11.53	0.0	0.0	0.0	5e-07	0.0001816	0.00082759	0.0	0.0	0.0
Fayette	0.06	20.58	68.58	0.0	0.0	4.0	1.39e-06	0.0004784	0.00159422	0.0	0.0	9.298e-05
Jefferson	0.0	81.579	263.579	0.0	0.0	1.0	0.0	0.00143597	0.00463958	0.0	0.0	1.76e-05
Ohio	0.346	53.601	95.601	0.0	0.0	1.0	8.29e-06	0.0012837	0.00228957	0.0	0.0	2.395e-05
Barbour	2.426	182.617	191.617	0.0	0.0	1.0	0.00014672	0.01104427	0.01158857	0.0	0.0	6.048e-05
McDowell	0.0	0.0	6.0	0.0	0.0	0.0	0.0	0.0	0.00032925	0.0	0.0	0.0
Monroe	0.011	3.74	10.74	0.0	0.0	0.0	8.3e-07	0.00028163	0.00080873	0.0	0.0	0.0
Braxton	0.0	0.0	2.0	0.0	0.0	0.0	0.0	0.0	0.00014195	0.0	0.0	0.0
Raleigh	0.0	1.836	17.836	0.0	0.0	0.0	0.0	2.473e-05	0.0002402	0.0	0.0	0.0
Marion	0.12	25.181	76.181	0.0	0.0	2.0	2.14e-06	0.00044888	0.00135802	0.0	0.0	3.565e-05
Mercer	0.0	0.0	13.0	0.0	0.0	0.0	0.0	0.0	0.00021985	0.0	0.0	0.0
Summers	0.002	0.771	1.771	0.0	0.0	0.0	1.6e-07	6.042e-05	0.00013879	0.0	0.0	0.0
Hampshire	2.012	289.5	318.5	0.0	0.0	1.0	8.618e-05	0.01239988	0.01364201	0.0	0.0	4.283e-05
Tucker	0.0	0.0	4.0	0.0	0.0	0.0	0.0	0.0	0.00057513	0.0	0.0	0.0
Boone	0.629	47.348	56.348	0.0	0.0	0.0	2.865e-05	0.00215699	0.00256699	0.0	0.0	0.0
Upshur	0.011	3.74	10.74	0.0	0.0	0.0	4.5e-07	0.00015318	0.00043989	0.0	0.0	0.0
Kanawha	0.104	35.431	264.431	0.014	3.154	21.154	5.8e-07	0.00019634	0.00146537	8e-08	1.748e-05	0.00011723
Calhoun	0.0	0.0	2.0	0.014	3.154	3.154	0.0	0.0	0.00027571	1.93e-06	0.00043479	0.00043479
Mineral	0.08	28.005	74.005	0.0	0.0	1.0	2.97e-06	0.00103953	0.00274703	0.0	0.0	3.712e-05
Marshall	0.0	1.845	31.845	0.0	0.0	0.0	0.0	5.993e-05	0.00103443	0.0	0.0	0.0
Preston	0.098	30.514	55.514	0.0	0.0	1.0	2.9e-06	0.00090174	0.00164053	0.0	0.0	2.955e-05
Unassigned	615.623	40712.098	40713.098	0.0	0.0	20.0	N/A	N/A	N/A	N/A	N/A	N/A
Randolph	127.658	9611.22	9742.22	0.0	0.0	0.0	0.00442903	0.33345661	0.3380016	0.0	0.0	0.0
Pleasants	0.017	5.721	9.721	0.0	0.0	0.0	2.26e-06	0.00076209	0.00129492	0.0	0.0	0.0
Mason	0.002	0.771	15.771	0.0	0.0	0.0	7e-08	2.886e-05	0.00059028	0.0	0.0	0.0
Wyoming	0.0	0.0	3.0	0.0	0.0	0.0	0.0	0.0	0.00014433	0.0	0.0	0.0
Clay	0.003	0.878	4.878	0.0	0.0	0.0	3.5e-07	0.00010171	0.00056511	0.0	0.0	0.0
Putnam	0.16	33.486	67.486	0.0	0.0	0.0	2.82e-06	0.00059077	0.00119061	0.0	0.0	0.0
Wirt	0.0	0.067	4.067	0.0	0.0	0.0	0.0	1.149e-05	0.0006976	0.0	0.0	0.0
Hancock	0.04	13.752	31.752	0.0	0.0	0.0	1.37e-06	0.00047267	0.00109136	0.0	0.0	0.0
Pocahontas	0.0	1.251	22.251	0.0	0.0	0.0	0.0	0.00014868	0.00264452	0.0	0.0	0.0
Ritchie	0.0	0.0	1.0	0.0	0.0	0.0	0.0	0.0	0.00010287	0.0	0.0	0.0
Nicholas	0.0	0.08	8.08	0.0	0.0	1.0	0.0	3.22e-06	0.00032526	0.0	0.0	4.025e-05
Morgan	0.027	6.824	24.824	0.0	0.0	0.0	1.52e-06	0.00038365	0.00139563	0.0	0.0	0.0
Brooke	1.392	104.835	109.835	0.0	0.0	0.0	6.269e-05	0.00472166	0.00494685	0.0	0.0	0.0
Harrison	0.0	5.423	46.423	0.0	0.0	1.0	0.0	8.028e-05	0.0006872	0.0	0.0	1.48e-05
Taylor	0.0	0.0	8.0	0.0	0.0	0.0	0.0	0.0	0.00047444	0.0	0.0	0.0
Grant	0.058	19.807	31.807	0.0	0.0	0.0	4.99e-06	0.00170368	0.00273585	0.0	0.0	0.0
Jackson	0.003	0.878	137.878	0.018	4.054	22.054	1e-07	3.059e-05	0.00480311	6.3e-07	0.00014122	0.00076827
