Name	Predicted_New_Cases	Total_Predicted_New_Cases	Total_Predicted_Cases	Predicted_New_Deaths	Total_Predicted_New_Deaths	Total_Predicted_Deaths	Predicted_New_per_capita	Predicted_Total_New_per_capita	Predicted_Total_Cases_per_capita	Predicted_New_Deaths_per_capita	Total_Predicted_New_Deaths_per_capita	Total_Predicted_Deaths_per_capita
Hardy	3.54	53.333	56.67	1.459	59.573	62.948	0.00025699	0.00387172	0.00411397	0.00010592	0.00432472	0.00456973
Mingo	0.0	0.0	2.0	1.459	59.573	62.948	0.0	0.0	8.409e-05	6.134e-05	0.00250465	0.00264654
Monongalia	0.0	1.389	91.925	0.0	0.0	2.0	0.0	1.305e-05	0.00086379	0.0	0.0	1.879e-05
Logan	0.0	0.0	8.0	0.0	0.0	1.0	0.0	0.0	0.00024535	0.0	0.0	3.067e-05
Cabell	0.0	9.727	46.39	0.0	0.0	0.0	0.0	0.00010434	0.00049762	0.0	0.0	0.0
Gilmer	0.0	0.0	0.0	0.0	0.0	0.0	0.0	0.0	0.0	0.0	0.0	0.0
Tyler	0.0	0.0	3.0	0.0	0.0	0.0	0.0	0.0	0.00034301	0.0	0.0	0.0
Wood	2.023	75.964	110.555	0.0	0.0	0.0	2.403e-05	0.00090215	0.00131296	0.0	0.0	0.0
Berkeley	0.0	9.613	127.545	0.0	0.0	1.0	0.0	8.208e-05	0.00108898	0.0	0.0	8.54e-06
Wayne	0.0	0.0	78.0	0.0	0.0	0.0	0.0	0.0	0.00195273	0.0	0.0	0.0
Pendleton	0.069	3.733	6.131	0.0	0.0	0.0	9.86e-06	0.00053351	0.00087623	0.0	0.0	0.0
Lewis	0.0	0.0	2.0	0.0	0.0	0.0	0.0	0.0	0.00012481	0.0	0.0	0.0
Webster	0.0	0.0	0.0	0.0	0.0	0.0	0.0	0.0	0.0	0.0	0.0	0.0
Lincoln	0.0	0.0	1.0	0.0	0.0	0.0	0.0	0.0	4.855e-05	0.0	0.0	0.0
Doddridge	0.0	0.0	0.0	0.0	0.0	0.0	0.0	0.0	0.0	0.0	0.0	0.0
Wetzel	0.0	0.0	3.0	0.0	0.0	0.0	0.0	0.0	0.00019646	0.0	0.0	0.0
Greenbrier	0.0	0.0	3.0	0.0	0.0	0.0	0.0	0.0	8.624e-05	0.0	0.0	0.0
Roane	1.041	15.686	18.785	0.0	0.0	0.0	7.472e-05	0.0011259	0.00134833	0.0	0.0	0.0
Fayette	0.0	0.0	5.0	0.0	0.0	0.0	0.0	0.0	0.00011623	0.0	0.0	0.0
Jefferson	0.395	27.616	92.36	0.0	0.0	0.0	6.95e-06	0.0004861	0.00162574	0.0	0.0	0.0
Ohio	0.0	0.0	22.098	0.0	0.0	0.0	0.0	0.0	0.00052923	0.0	0.0	0.0
Barbour	0.0	0.0	4.0	0.0	0.0	0.0	0.0	0.0	0.00024191	0.0	0.0	0.0
McDowell	0.0	0.0	6.0	0.0	0.0	0.0	0.0	0.0	0.00032925	0.0	0.0	0.0
Monroe	0.0	0.0	5.0	0.0	0.0	0.0	0.0	0.0	0.00037651	0.0	0.0	0.0
Braxton	0.0	0.0	1.0	0.0	0.0	0.0	0.0	0.0	7.098e-05	0.0	0.0	0.0
Raleigh	0.134	6.469	14.032	0.0	0.0	0.0	1.8e-06	8.712e-05	0.00018897	0.0	0.0	0.0
Marion	0.523	28.282	75.3	0.0	0.0	1.0	9.32e-06	0.00050416	0.00134232	0.0	0.0	1.783e-05
Mercer	0.0	0.034	8.07	0.0	0.0	0.0	0.0	5.7e-07	0.00013648	0.0	0.0	0.0
Summers	0.0	0.0	1.0	0.0	0.0	0.0	0.0	0.0	7.837e-05	0.0	0.0	0.0
Hampshire	0.0	0.0	6.0	0.0	0.0	0.0	0.0	0.0	0.00025699	0.0	0.0	0.0
Tucker	0.0	0.467	4.62	0.0	0.0	0.0	0.0	6.715e-05	0.00066427	0.0	0.0	0.0
Boone	0.0	0.0	2.0	0.0	0.0	0.0	0.0	0.0	9.111e-05	0.0	0.0	0.0
Upshur	0.049	2.655	6.938	0.0	0.0	0.0	2.01e-06	0.00010874	0.00028417	0.0	0.0	0.0
Kanawha	1.416	76.554	217.721	0.0	0.0	0.0	7.85e-06	0.00042423	0.00120652	0.0	0.0	0.0
Calhoun	0.0	0.0	0.0	0.0	0.0	0.0	0.0	0.0	0.0	0.0	0.0	0.0
Mineral	0.161	8.708	17.637	0.0	0.0	0.0	5.98e-06	0.00032324	0.00065468	0.0	0.0	0.0
Marshall	0.311	12.196	20.828	0.0	0.0	0.0	1.01e-05	0.00039617	0.00067656	0.0	0.0	0.0
Preston	4.997	75.292	85.768	0.0	0.0	0.0	0.00014767	0.00222501	0.00253459	0.0	0.0	0.0
Unassigned	0.0	0.0	19.0	0.0	0.0	0.0	N/A	N/A	N/A	N/A	N/A	N/A
Randolph	0.0	0.045	4.124	0.0	0.0	0.0	0.0	1.56e-06	0.00014308	0.0	0.0	0.0
Pleasants	0.006	0.331	2.367	0.0	0.0	0.0	8e-07	4.409e-05	0.00031531	0.0	0.0	0.0
Mason	0.146	8.079	19.962	0.0	0.0	0.0	5.46e-06	0.00030238	0.00074714	0.0	0.0	0.0
Wyoming	0.0	0.0	1.0	0.0	0.0	0.0	0.0	0.0	4.811e-05	0.0	0.0	0.0
Clay	0.0	0.0	0.0	0.0	0.0	0.0	0.0	0.0	0.0	0.0	0.0	0.0
Putnam	0.178	9.62	24.647	0.0	0.0	0.0	3.14e-06	0.00016972	0.00043483	0.0	0.0	0.0
Wirt	0.0	0.036	2.067	0.0	0.0	0.0	0.0	6.17e-06	0.00035455	0.0	0.0	0.0
Hancock	0.0	0.0	7.0	0.0	0.0	0.0	0.0	0.0	0.0002406	0.0	0.0	0.0
Pocahontas	0.0	0.0	0.0	0.0	0.0	0.0	0.0	0.0	0.0	0.0	0.0	0.0
Ritchie	0.0	0.0	0.0	0.0	0.0	0.0	0.0	0.0	0.0	0.0	0.0	0.0
Nicholas	0.0	0.0	4.0	0.0	0.0	0.0	0.0	0.0	0.00016102	0.0	0.0	0.0
Morgan	0.121	6.551	16.25	0.0	0.0	0.0	6.8e-06	0.0003683	0.00091359	0.0	0.0	0.0
Brooke	0.0	0.0	3.0	0.0	0.0	0.0	0.0	0.0	0.00013512	0.0	0.0	0.0
Harrison	0.025	1.326	31.467	0.0	0.0	1.0	3.7e-07	1.963e-05	0.00046581	0.0	0.0	1.48e-05
Taylor	0.069	3.733	9.131	0.0	0.0	0.0	4.09e-06	0.00022139	0.00054151	0.0	0.0	0.0
Grant	0.0	0.0	1.0	0.0	0.0	0.0	0.0	0.0	8.601e-05	0.0	0.0	0.0
Jackson	120.562	1816.457	1928.956	0.0	0.0	1.0	0.00419989	0.06327796	0.06719696	0.0	0.0	3.484e-05
