Name	Predicted_New_Cases	Total_Predicted_New_Cases	Total_Predicted_Cases	Predicted_New_Deaths	Total_Predicted_New_Deaths	Total_Predicted_Deaths	Predicted_New_per_capita	Predicted_Total_New_per_capita	Predicted_Total_Cases_per_capita	Predicted_New_Deaths_per_capita	Total_Predicted_New_Deaths_per_capita	Total_Predicted_Deaths_per_capita
Hardy	0.0	0.124	40.124	0.0	4.72	4.72	0.0	9e-06	0.00291281	0.0	0.00034265	0.00034265
Mingo	5.212	97.511	109.511	1.891	26.539	28.539	0.00021913	0.00409968	0.0046042	7.95e-05	0.00111579	0.00119987
Monongalia	0.0	3.312	148.312	0.0	0.161	5.161	0.0	3.112e-05	0.00139365	0.0	1.51e-06	4.85e-05
Logan	0.0	0.811	21.811	0.0	0.0	1.0	0.0	2.487e-05	0.00066891	0.0	0.0	3.067e-05
Cabell	0.0	0.906	75.906	0.0	0.0	0.0	0.0	9.72e-06	0.00081423	0.0	0.0	0.0
Gilmer	0.0	0.0	10.0	0.0	0.0	0.0	0.0	0.0	0.00124595	0.0	0.0	0.0
Tyler	0.0	0.0	3.0	0.0	0.0	0.0	0.0	0.0	0.00034301	0.0	0.0	0.0
Wood	0.047	2.62	58.62	0.0	0.0	2.0	5.6e-07	3.112e-05	0.00069617	0.0	0.0	2.375e-05
Berkeley	1.939	108.032	503.032	0.117	4.727	13.727	1.656e-05	0.00092238	0.0042949	1e-06	4.036e-05	0.0001172
Wayne	0.042	2.347	108.347	0.0	0.0	9.0	1.05e-06	5.876e-05	0.00271247	0.0	0.0	0.00022532
Pendleton	0.0	0.0	13.0	0.0	0.0	1.0	0.0	0.0	0.00185794	0.0	0.0	0.00014292
Lewis	0.011	1.065	9.065	0.0	0.0	1.0	6.9e-07	6.646e-05	0.00056571	0.0	0.0	6.241e-05
Webster	0.0	0.0	0.0	0.0	0.0	0.0	0.0	0.0	0.0	0.0	0.0	0.0
Lincoln	0.0	0.0	5.0	0.0	0.0	0.0	0.0	0.0	0.00024273	0.0	0.0	0.0
Doddridge	0.0	0.0	0.0	0.0	0.0	0.0	0.0	0.0	0.0	0.0	0.0	0.0
Wetzel	0.0	0.0	9.0	0.0	0.0	0.0	0.0	0.0	0.00058939	0.0	0.0	0.0
Greenbrier	9.247	129.753	159.753	0.0	0.0	0.0	0.00026583	0.00373004	0.00459245	0.0	0.0	0.0
Roane	0.044	2.437	13.437	0.0	0.0	1.0	3.16e-06	0.00017492	0.00096447	0.0	0.0	7.178e-05
Fayette	0.0	0.361	54.361	0.0	0.0	4.0	0.0	8.39e-06	0.00126368	0.0	0.0	9.298e-05
Jefferson	0.0	1.253	210.253	0.0	0.622	4.622	0.0	2.206e-05	0.00370092	0.0	1.095e-05	8.136e-05
Ohio	0.316	17.599	74.599	0.0	0.0	1.0	7.57e-06	0.00042148	0.00178659	0.0	0.0	2.395e-05
Barbour	0.097	5.417	15.417	0.0	0.0	1.0	5.87e-06	0.00032761	0.00093239	0.0	0.0	6.048e-05
McDowell	0.0	0.0	6.0	0.0	0.0	0.0	0.0	0.0	0.00032925	0.0	0.0	0.0
Monroe	0.029	1.624	10.624	0.0	0.0	0.0	2.18e-06	0.00012229	0.0008	0.0	0.0	0.0
Braxton	2.837	39.809	42.809	0.0	0.0	0.0	0.00020136	0.00282554	0.00303847	0.0	0.0	0.0
Raleigh	22.235	269.314	295.314	0.0	0.0	0.0	0.00029945	0.00362693	0.00397708	0.0	0.0	0.0
Marion	0.0	0.696	53.696	0.0	0.0	2.0	0.0	1.241e-05	0.0009572	0.0	0.0	3.565e-05
Mercer	1.051	14.744	28.744	0.0	0.0	0.0	1.777e-05	0.00024934	0.00048611	0.0	0.0	0.0
Summers	0.0	0.0	1.0	0.0	0.0	0.0	0.0	0.0	7.837e-05	0.0	0.0	0.0
Hampshire	0.207	11.552	50.552	0.0	0.0	1.0	8.87e-06	0.0004948	0.00216525	0.0	0.0	4.283e-05
Tucker	0.0	0.23	5.23	0.0	0.0	0.0	0.0	3.307e-05	0.00075198	0.0	0.0	0.0
Boone	0.287	15.977	33.977	0.0	0.0	0.0	1.307e-05	0.00072785	0.00154786	0.0	0.0	0.0
Upshur	0.0	0.0	7.0	0.0	0.0	0.0	0.0	0.0	0.00028671	0.0	0.0	0.0
Kanawha	0.567	31.589	278.589	0.143	5.745	25.745	3.14e-06	0.00017505	0.00154382	7.9e-07	3.184e-05	0.00014267
Calhoun	0.0	0.0	2.0	0.143	5.745	5.745	0.0	0.0	0.00027571	1.971e-05	0.00079198	0.00079198
Mineral	0.0	0.874	51.874	0.073	4.062	6.062	0.0	3.244e-05	0.00192554	2.71e-06	0.00015078	0.00022502
Marshall	10.107	176.34	213.34	0.073	4.062	4.062	0.00032831	0.00572811	0.00693	2.37e-06	0.00013195	0.00013195
Preston	0.0	0.0	24.0	0.0	0.0	2.0	0.0	0.0	0.00070924	0.0	0.0	5.91e-05
Unassigned	0.0	0.0	1.0	0.0	0.0	20.0	N/A	N/A	N/A	N/A	N/A	N/A
Randolph	1.809	63.221	203.221	0.0	0.0	0.0	6.276e-05	0.00219342	0.00705065	0.0	0.0	0.0
Pleasants	0.0	0.0	4.0	0.0	0.0	0.0	0.0	0.0	0.00053284	0.0	0.0	0.0
Mason	0.0	0.0	15.0	0.0	0.0	0.0	0.0	0.0	0.00056142	0.0	0.0	0.0
Wyoming	1.179	32.074	37.074	0.0	0.0	0.0	5.672e-05	0.00154306	0.0017836	0.0	0.0	0.0
Clay	0.079	4.423	14.423	0.0	0.0	0.0	9.15e-06	0.0005124	0.00167088	0.0	0.0	0.0
Putnam	0.121	8.227	50.227	0.0	0.0	0.0	2.13e-06	0.00014514	0.00088612	0.0	0.0	0.0
Wirt	0.0	0.0	4.0	0.0	0.0	0.0	0.0	0.0	0.00068611	0.0	0.0	0.0
Hancock	0.0	0.056	20.056	0.0	0.0	0.0	0.0	1.92e-06	0.00068935	0.0	0.0	0.0
Pocahontas	0.0	0.0	21.0	0.0	0.0	0.0	0.0	0.0	0.00249584	0.0	0.0	0.0
Ritchie	3.573	50.13	52.13	0.0	0.0	0.0	0.00036755	0.00515688	0.00536262	0.0	0.0	0.0
Nicholas	0.07	3.88	10.88	0.0	0.0	1.0	2.82e-06	0.00015619	0.00043797	0.0	0.0	4.025e-05
Morgan	0.0	0.0	19.0	0.0	0.0	0.0	0.0	0.0	0.0010682	0.0	0.0	0.0
Brooke	0.0	0.0	6.0	0.0	0.0	0.0	0.0	0.0	0.00027023	0.0	0.0	0.0
Harrison	12.399	173.983	221.983	0.0	0.0	1.0	0.00018354	0.00257547	0.00328601	0.0	0.0	1.48e-05
Taylor	2.837	39.809	49.809	0.0	0.0	0.0	0.00016825	0.00236087	0.00295392	0.0	0.0	0.0
Grant	0.67	24.568	40.568	0.0	0.0	0.0	5.763e-05	0.00211319	0.00348942	0.0	0.0	0.0
Jackson	0.177	9.838	150.838	0.0	0.0	18.0	6.17e-06	0.00034272	0.00525458	0.0	0.0	0.00062705
