Name	Predicted_New_Cases	Total_Predicted_New_Cases	Total_Predicted_Cases	Predicted_New_Deaths	Total_Predicted_New_Deaths	Total_Predicted_Deaths	Predicted_New_per_capita	Predicted_Total_New_per_capita	Predicted_Total_Cases_per_capita	Predicted_New_Deaths_per_capita	Total_Predicted_New_Deaths_per_capita	Total_Predicted_Deaths_per_capita
Hardy	0.129	4.912	46.912	0.061	2.724	2.724	9.36e-06	0.00035659	0.00340559	4.43e-06	0.00019775	0.00019775
Mingo	0.139	6.213	21.213	0.0	0.014	2.014	5.84e-06	0.00026122	0.00089186	0.0	5.9e-07	8.468e-05
Monongalia	1.218	39.716	198.716	0.0	0.0	5.0	1.145e-05	0.0003732	0.00186728	0.0	0.0	4.698e-05
Logan	0.0	0.0	21.0	0.0	0.0	1.0	0.0	0.0	0.00064403	0.0	0.0	3.067e-05
Cabell	1.022	38.962	138.962	0.0	0.0	0.0	1.096e-05	0.00041794	0.00149062	0.0	0.0	0.0
Gilmer	0.0	0.0	10.0	0.0	0.0	0.0	0.0	0.0	0.00124595	0.0	0.0	0.0
Tyler	0.0	0.0	3.0	0.0	0.0	0.0	0.0	0.0	0.00034301	0.0	0.0	0.0
Wood	0.0	0.646	61.646	0.0	0.0	2.0	0.0	7.67e-06	0.00073211	0.0	0.0	2.375e-05
Berkeley	2.719	121.81	561.81	0.091	2.959	12.959	2.321e-05	0.00104002	0.00479675	7.8e-07	2.526e-05	0.00011064
Wayne	0.0	0.475	108.475	0.0	0.0	9.0	0.0	1.189e-05	0.00271568	0.0	0.0	0.00022532
Pendleton	0.0	0.0	13.0	0.0	0.0	1.0	0.0	0.0	0.00185794	0.0	0.0	0.00014292
Lewis	1.58	47.16	62.16	0.008	0.341	2.341	9.86e-05	0.00294309	0.00387918	5e-07	2.128e-05	0.00014609
Webster	0.0	0.0	0.0	0.0	0.0	0.0	0.0	0.0	0.0	0.0	0.0	0.0
Lincoln	0.0	0.0	5.0	0.008	0.341	0.341	0.0	0.0	0.00024273	3.9e-07	1.655e-05	1.655e-05
Doddridge	0.0	0.0	0.0	0.0	0.0	0.0	0.0	0.0	0.0	0.0	0.0	0.0
Wetzel	0.0	0.0	9.0	0.008	0.341	0.341	0.0	0.0	0.00058939	5.2e-07	2.233e-05	2.233e-05
Greenbrier	1.517	69.424	121.424	0.008	0.341	0.341	4.361e-05	0.00199575	0.0034906	2.3e-07	9.8e-06	9.8e-06
Roane	0.078	3.49	14.49	0.0	0.0	1.0	5.6e-06	0.0002505	0.00104005	0.0	0.0	7.178e-05
Fayette	12.739	142.581	204.581	0.0	0.0	4.0	0.00029613	0.00331445	0.00475571	0.0	0.0	9.298e-05
Jefferson	0.464	20.77	237.77	0.0	0.0	4.0	8.17e-06	0.0003656	0.00418528	0.0	0.0	7.041e-05
Ohio	4.885	127.624	203.624	0.0	0.0	1.0	0.00011699	0.0030565	0.00487664	0.0	0.0	2.395e-05
Barbour	0.169	6.862	21.862	0.0	0.0	1.0	1.022e-05	0.000415	0.00132217	0.0	0.0	6.048e-05
McDowell	0.0	0.0	6.0	0.0	0.0	0.0	0.0	0.0	0.00032925	0.0	0.0	0.0
Monroe	0.0	0.014	9.014	0.0	0.0	0.0	0.0	1.05e-06	0.00067877	0.0	0.0	0.0
Braxton	0.0	0.0	3.0	0.0	0.0	0.0	0.0	0.0	0.00021293	0.0	0.0	0.0
Raleigh	0.416	18.642	53.642	0.0	0.0	0.0	5.6e-06	0.00025106	0.00072241	0.0	0.0	0.0
Marion	0.04	1.786	55.786	0.0	0.0	2.0	7.1e-07	3.184e-05	0.00099446	0.0	0.0	3.565e-05
Mercer	21.75	243.427	270.427	0.0	0.0	0.0	0.00036783	0.00411674	0.00457335	0.0	0.0	0.0
Summers	0.0	0.0	1.0	0.0	0.0	0.0	0.0	0.0	7.837e-05	0.0	0.0	0.0
Hampshire	0.0	0.191	40.191	0.0	0.0	1.0	0.0	8.18e-06	0.00172146	0.0	0.0	4.283e-05
Tucker	0.009	0.424	6.424	0.0	0.0	0.0	1.29e-06	6.096e-05	0.00092365	0.0	0.0	0.0
Boone	0.102	5.22	24.22	0.0	0.0	0.0	4.65e-06	0.0002378	0.00110337	0.0	0.0	0.0
Upshur	0.27	12.086	26.086	0.0	0.0	0.0	1.106e-05	0.00049502	0.00106844	0.0	0.0	0.0
Kanawha	3.463	108.041	379.041	0.0	0.0	20.0	1.919e-05	0.00059872	0.00210049	0.0	0.0	0.00011083
Calhoun	0.0	0.0	2.0	0.0	0.0	0.0	0.0	0.0	0.00027571	0.0	0.0	0.0
Mineral	0.444	13.262	67.262	0.008	0.341	3.341	1.648e-05	0.00049228	0.00249673	3e-07	1.266e-05	0.00012402
Marshall	0.042	1.871	40.871	0.008	0.341	0.341	1.36e-06	6.078e-05	0.00132763	2.6e-07	1.108e-05	1.108e-05
Preston	109.062	1220.612	1284.612	0.0	0.0	2.0	0.00322297	0.03607116	0.03796247	0.0	0.0	5.91e-05
Unassigned	0.0	0.0	2.0	0.0	0.0	20.0	N/A	N/A	N/A	N/A	N/A	N/A
Randolph	2.499	68.289	222.289	0.0	0.0	0.0	8.67e-05	0.00236925	0.00771221	0.0	0.0	0.0
Pleasants	1.036	11.591	16.591	0.0	0.0	0.0	0.000138	0.00154403	0.00221007	0.0	0.0	0.0
Mason	0.008	0.341	16.341	0.0	0.0	0.0	3e-07	1.276e-05	0.00061161	0.0	0.0	0.0
Wyoming	0.438	13.082	20.082	0.0	0.0	0.0	2.107e-05	0.00062937	0.00096613	0.0	0.0	0.0
Clay	0.0	0.12	10.12	0.0	0.0	1.0	0.0	1.39e-05	0.00117238	0.0	0.0	0.00011585
Putnam	0.091	4.086	49.086	0.0	0.0	0.0	1.61e-06	7.209e-05	0.00086599	0.0	0.0	0.0
Wirt	0.0	0.0	4.0	0.0	0.0	0.0	0.0	0.0	0.00068611	0.0	0.0	0.0
Hancock	0.063	2.813	22.813	0.0	0.0	0.0	2.17e-06	9.669e-05	0.00078411	0.0	0.0	0.0
Pocahontas	9.425	105.485	129.485	0.0	0.0	0.0	0.00112016	0.01253684	0.01538923	0.0	0.0	0.0
Ritchie	2.693	30.14	32.14	0.0	0.0	0.0	0.00027703	0.0031005	0.00330624	0.0	0.0	0.0
Nicholas	0.0	0.0	8.0	0.0	0.0	1.0	0.0	0.0	0.00032204	0.0	0.0	4.025e-05
Morgan	3.521	39.411	59.411	0.0	0.0	0.0	0.00019795	0.00221572	0.00334014	0.0	0.0	0.0
Brooke	0.0	0.761	11.761	0.0	0.0	0.0	0.0	3.427e-05	0.0005297	0.0	0.0	0.0
Harrison	0.0	1.062	54.062	0.0	0.0	1.0	0.0	1.572e-05	0.00080028	0.0	0.0	1.48e-05
Taylor	0.238	9.934	23.934	0.0	0.0	0.0	1.411e-05	0.00058914	0.0014194	0.0	0.0	0.0
Grant	0.0	0.0	16.0	0.0	0.0	0.0	0.0	0.0	0.00137623	0.0	0.0	0.0
Jackson	0.0	0.0	142.0	0.0	0.0	18.0	0.0	0.0	0.0049467	0.0	0.0	0.00062705
