Name	Predicted_New_Cases	Total_Predicted_New_Cases	Total_Predicted_Cases	Predicted_New_Deaths	Total_Predicted_New_Deaths	Total_Predicted_Deaths	Predicted_New_per_capita	Predicted_Total_New_per_capita	Predicted_Total_Cases_per_capita	Predicted_New_Deaths_per_capita	Total_Predicted_New_Deaths_per_capita	Total_Predicted_Deaths_per_capita
Hardy	0.0	0.808	40.808	1.186	27.243	27.243	0.0	5.866e-05	0.00296247	8.61e-05	0.00197771	0.00197771
Mingo	0.066	3.316	11.316	0.0	0.0	1.0	2.77e-06	0.00013942	0.00047576	0.0	0.0	4.204e-05
Monongalia	0.0	5.054	145.054	0.001	0.912	5.912	0.0	4.749e-05	0.00136303	1e-08	8.57e-06	5.555e-05
Logan	0.184	5.378	25.378	0.0	0.0	1.0	5.64e-06	0.00016493	0.0007783	0.0	0.0	3.067e-05
Cabell	0.585	19.3	89.3	0.0	0.0	0.0	6.28e-06	0.00020703	0.00095791	0.0	0.0	0.0
Gilmer	0.0	0.0	10.0	0.0	0.0	0.0	0.0	0.0	0.00124595	0.0	0.0	0.0
Tyler	0.0	0.0	3.0	0.0	0.0	0.0	0.0	0.0	0.00034301	0.0	0.0	0.0
Wood	0.0	0.056	54.056	0.0	0.0	2.0	0.0	6.7e-07	0.00064197	0.0	0.0	2.375e-05
Berkeley	2.405	79.356	422.356	0.17	4.203	12.203	2.053e-05	0.00067754	0.00360609	1.45e-06	3.589e-05	0.00010419
Wayne	7.299	79.947	182.947	0.0	0.0	9.0	0.00018273	0.00200148	0.00458009	0.0	0.0	0.00022532
Pendleton	0.002	2.861	15.861	0.0	0.0	1.0	2.9e-07	0.00040889	0.00226683	0.0	0.0	0.00014292
Lewis	0.249	8.228	16.228	0.0	0.0	1.0	1.554e-05	0.00051348	0.00101273	0.0	0.0	6.241e-05
Webster	0.0	0.0	0.0	0.0	0.0	0.0	0.0	0.0	0.0	0.0	0.0	0.0
Lincoln	0.016	0.538	5.538	0.0	0.0	0.0	7.8e-07	2.612e-05	0.00026885	0.0	0.0	0.0
Doddridge	0.0	0.0	0.0	0.0	0.0	0.0	0.0	0.0	0.0	0.0	0.0	0.0
Wetzel	2.916	26.019	35.019	0.0	0.0	0.0	0.00019096	0.00170393	0.00229332	0.0	0.0	0.0
Greenbrier	0.0	0.0	9.0	0.0	0.0	0.0	0.0	0.0	0.00025872	0.0	0.0	0.0
Roane	0.0	0.124	9.124	0.0	0.0	1.0	0.0	8.9e-06	0.0006549	0.0	0.0	7.178e-05
Fayette	1.201	28.668	82.668	0.0	0.0	4.0	2.792e-05	0.00066642	0.00192171	0.0	0.0	9.298e-05
Jefferson	2.566	84.659	288.659	0.066	1.626	5.626	4.517e-05	0.00149019	0.00508104	1.16e-06	2.862e-05	9.903e-05
Ohio	0.414	12.773	60.773	0.0	0.0	1.0	9.91e-06	0.0003059	0.00145547	0.0	0.0	2.395e-05
Barbour	0.0	0.009	8.009	0.0	0.0	1.0	0.0	5.4e-07	0.00048437	0.0	0.0	6.048e-05
McDowell	0.0	0.0	6.0	0.0	0.0	0.0	0.0	0.0	0.00032925	0.0	0.0	0.0
Monroe	0.063	2.076	10.076	0.0	0.0	0.0	4.74e-06	0.00015633	0.00075873	0.0	0.0	0.0
Braxton	0.0	0.0	2.0	0.0	0.0	0.0	0.0	0.0	0.00014195	0.0	0.0	0.0
Raleigh	0.041	1.74	18.74	0.0	0.0	0.0	5.5e-07	2.343e-05	0.00025238	0.0	0.0	0.0
Marion	0.038	1.617	54.617	0.0	0.0	2.0	6.8e-07	2.883e-05	0.00097362	0.0	0.0	3.565e-05
Mercer	0.0	0.0	13.0	0.0	0.0	0.0	0.0	0.0	0.00021985	0.0	0.0	0.0
Summers	0.013	0.601	1.601	0.0	0.0	0.0	1.02e-06	4.71e-05	0.00012547	0.0	0.0	0.0
Hampshire	0.0	3.163	37.163	0.0	0.0	1.0	0.0	0.00013548	0.00159177	0.0	0.0	4.283e-05
Tucker	0.0	0.0	6.0	0.0	0.0	0.0	0.0	0.0	0.00086269	0.0	0.0	0.0
Boone	0.0	0.056	11.056	0.0	0.0	0.0	0.0	2.55e-06	0.00050367	0.0	0.0	0.0
Upshur	0.0	0.0	7.0	0.0	0.0	0.0	0.0	0.0	0.00028671	0.0	0.0	0.0
Kanawha	1.142	37.68	273.68	0.148	3.661	22.661	6.33e-06	0.00020881	0.00151662	8.2e-07	2.029e-05	0.00012558
Calhoun	0.0	0.0	2.0	0.148	3.661	3.661	0.0	0.0	0.00027571	2.04e-05	0.00050469	0.00050469
Mineral	0.034	9.356	60.356	0.0	0.0	1.0	1.26e-06	0.00034729	0.00224039	0.0	0.0	3.712e-05
Marshall	0.189	6.228	37.228	0.0	0.0	0.0	6.14e-06	0.00020231	0.00120929	0.0	0.0	0.0
Preston	0.0	1.294	25.294	0.0	0.0	2.0	0.0	3.824e-05	0.00074748	0.0	0.0	5.91e-05
Unassigned	901.549	7493.262	7494.262	0.0	0.0	20.0	N/A	N/A	N/A	N/A	N/A	N/A
Randolph	0.0	19.546	151.546	0.0	0.0	0.0	0.0	0.00067814	0.00525781	0.0	0.0	0.0
Pleasants	0.0	0.0	4.0	0.0	0.0	0.0	0.0	0.0	0.00053284	0.0	0.0	0.0
Mason	0.013	0.601	15.601	0.0	0.0	0.0	4.9e-07	2.249e-05	0.00058391	0.0	0.0	0.0
Wyoming	2.315	20.664	22.664	0.0	0.0	0.0	0.00011137	0.00099413	0.00109035	0.0	0.0	0.0
Clay	0.855	19.639	26.639	0.0	0.0	0.0	9.905e-05	0.00227514	0.00308608	0.0	0.0	0.0
Putnam	0.254	8.382	47.382	0.0	0.0	0.0	4.48e-06	0.00014788	0.00083593	0.0	0.0	0.0
Wirt	0.0	0.0	4.0	0.0	0.0	0.0	0.0	0.0	0.00068611	0.0	0.0	0.0
Hancock	0.333	8.538	28.538	0.0	0.0	0.0	1.145e-05	0.00029346	0.00098089	0.0	0.0	0.0
Pocahontas	0.0	0.494	21.494	0.0	0.0	0.0	0.0	5.871e-05	0.00255455	0.0	0.0	0.0
Ritchie	0.0	0.0	1.0	0.0	0.0	0.0	0.0	0.0	0.00010287	0.0	0.0	0.0
Nicholas	0.0	0.502	8.502	0.0	0.0	1.0	0.0	2.021e-05	0.00034224	0.0	0.0	4.025e-05
Morgan	0.065	2.154	21.154	0.0	0.0	0.0	3.65e-06	0.0001211	0.0011893	0.0	0.0	0.0
Brooke	0.103	3.384	8.384	0.0	0.0	0.0	4.64e-06	0.00015241	0.00037761	0.0	0.0	0.0
Harrison	0.0	0.09	40.09	0.0	0.0	1.0	0.0	1.33e-06	0.00059345	0.0	0.0	1.48e-05
Taylor	2.916	26.019	35.019	0.0	0.0	0.0	0.00017293	0.00154306	0.0020768	0.0	0.0	0.0
Grant	0.0	0.278	12.278	0.0	0.0	0.0	0.0	2.391e-05	0.00105608	0.0	0.0	0.0
Jackson	0.182	5.997	143.997	0.0	0.0	18.0	6.34e-06	0.00020891	0.00501627	0.0	0.0	0.00062705
