Name	Predicted_New_Cases	Total_Predicted_New_Cases	Total_Predicted_Cases	Predicted_New_Deaths	Total_Predicted_New_Deaths	Total_Predicted_Deaths	Predicted_New_per_capita	Predicted_Total_New_per_capita	Predicted_Total_Cases_per_capita	Predicted_New_Deaths_per_capita	Total_Predicted_New_Deaths_per_capita	Total_Predicted_Deaths_per_capita
Hardy	0.033	916.866	965.866	0.0	43.07	45.09	2.4e-06	0.06656015	0.07011731	0.0	0.00312668	0.00327332
Berkeley	0.372	10381.174	10947.174	0.0	30.062	40.062	3.18e-06	0.0886348	0.09346733	0.0	0.00025667	0.00034205
Wayne	0.095	2656.933	2807.933	0.0	7.012	16.012	2.38e-06	0.06651645	0.07029674	0.0	0.00017555	0.00040086
Roane	0.003	134.578	146.578	0.0	5.125	6.125	2.2e-07	0.00965963	0.01052096	0.0	0.00036786	0.00043964
Fayette	0.065	1826.992	1927.992	0.0	4.047	8.047	1.51e-06	0.04247041	0.04481826	0.0	9.408e-05	0.00018706
Jefferson	0.179	5013.756	5285.756	0.0	14.701	18.701	3.15e-06	0.08825326	0.09304107	0.0	0.00025877	0.00032918
Hampshire	0.031	863.554	911.554	0.0	18.53	19.53	1.33e-06	0.03698779	0.03904373	0.0	0.00079368	0.00083651
Tucker	0.005	126.173	133.173	0.0	0.0	0.289	7.2e-07	0.01814134	0.01914781	0.0	0.0	4.155e-05
Boone	0.035	982.936	1039.936	0.0	0.0	0.927	1.59e-06	0.04477864	0.04737534	0.0	0.0	4.223e-05
Mineral	0.048	1331.064	1404.064	0.0	24.243	27.243	1.78e-06	0.04940846	0.05211819	0.0	0.00089989	0.00101125
Marshall	0.05	1407.583	1488.583	0.0	0.0	1.936	1.62e-06	0.04572301	0.04835417	0.0	0.0	6.289e-05
Randolph	0.131	3651.751	3849.751	0.0	0.0	7.44	4.54e-06	0.12669573	0.13356524	0.0	0.0	0.00025813
Pleasants	0.003	91.529	96.529	0.0	0.0	0.235	4e-07	0.01219249	0.01285853	0.0	0.0	3.13e-05
Wyoming	0.0	35.341	42.341	0.0	0.0	0.309	0.0	0.00170023	0.002037	0.0	0.0	1.487e-05
Pocahontas	0.025	685.405	723.405	0.0	0.0	1.136	2.97e-06	0.08146007	0.08597635	0.0	0.0	0.00013501
Morgan	0.003	208.112	229.112	0.0	0.0	0.884	1.7e-07	0.01170023	0.01288087	0.0	0.0	4.97e-05
Jackson	0.024	1481.953	1630.953	0.0	7.701	26.701	8.4e-07	0.0516252	0.05681575	0.0	0.00026827	0.00093015
