Name	Predicted_New_Cases	Total_Predicted_New_Cases	Total_Predicted_Cases	Predicted_New_Deaths	Total_Predicted_New_Deaths	Total_Predicted_Deaths	Predicted_New_per_capita	Predicted_Total_New_per_capita	Predicted_Total_Cases_per_capita	Predicted_New_Deaths_per_capita	Total_Predicted_New_Deaths_per_capita	Total_Predicted_Deaths_per_capita
Hardy	0.012	4.072	44.072	0.425	84.959	84.959	8.7e-07	0.00029561	0.00319942	3.085e-05	0.00616762	0.00616762
Mingo	0.0	3.206	12.206	0.0	0.0	1.0	0.0	0.00013479	0.00051318	0.0	0.0	4.204e-05
Monongalia	0.068	23.219	164.219	0.007	1.58	6.58	6.4e-07	0.00021818	0.00154312	7e-08	1.485e-05	6.183e-05
Logan	0.189	35.757	55.757	0.0	0.0	1.0	5.8e-06	0.00109661	0.00170997	0.0	0.0	3.067e-05
Cabell	0.0	9.842	79.842	0.0	0.0	0.0	0.0	0.00010557	0.00085645	0.0	0.0	0.0
Gilmer	0.0	0.0	10.0	0.0	0.0	0.0	0.0	0.0	0.00124595	0.0	0.0	0.0
Tyler	0.0	0.0	3.0	0.0	0.0	0.0	0.0	0.0	0.00034301	0.0	0.0	0.0
Wood	0.0	0.056	53.056	0.0	0.0	2.0	0.0	6.7e-07	0.0006301	0.0	0.0	2.375e-05
Berkeley	0.444	142.867	492.867	0.081	16.884	24.884	3.79e-06	0.0012198	0.00420811	6.9e-07	0.00014416	0.00021246
Wayne	0.048	16.287	119.287	0.0	0.0	9.0	1.2e-06	0.00040775	0.00298636	0.0	0.0	0.00022532
Pendleton	0.0	0.571	13.571	0.0	0.0	1.0	0.0	8.161e-05	0.00193955	0.0	0.0	0.00014292
Lewis	0.0	0.062	8.062	0.0	0.0	1.0	0.0	3.87e-06	0.00050312	0.0	0.0	6.241e-05
Webster	0.0	0.0	0.0	0.0	0.0	0.0	0.0	0.0	0.0	0.0	0.0	0.0
Lincoln	0.008	2.639	7.639	0.0	0.0	0.0	3.9e-07	0.00012811	0.00037084	0.0	0.0	0.0
Doddridge	0.0	0.0	0.0	0.0	0.0	0.0	0.0	0.0	0.0	0.0	0.0	0.0
Wetzel	0.009	2.972	11.972	0.0	0.0	0.0	5.9e-07	0.00019463	0.00078402	0.0	0.0	0.0
Greenbrier	0.0	0.0	9.0	0.0	0.0	0.0	0.0	0.0	0.00025872	0.0	0.0	0.0
Roane	0.003	1.099	11.099	0.0	0.0	1.0	2.2e-07	7.888e-05	0.00079666	0.0	0.0	7.178e-05
Fayette	0.071	23.99	77.99	0.01	2.254	6.254	1.65e-06	0.00055767	0.00181296	2.3e-07	5.24e-05	0.00014538
Jefferson	0.108	72.525	276.525	0.023	8.431	12.431	1.9e-06	0.0012766	0.00486746	4e-07	0.0001484	0.00021881
Ohio	0.203	48.587	99.587	0.0	0.0	1.0	4.86e-06	0.00116362	0.00238503	0.0	0.0	2.395e-05
Barbour	0.012	4.072	12.072	0.0	0.0	1.0	7.3e-07	0.00024627	0.00073009	0.0	0.0	6.048e-05
McDowell	0.0	0.0	6.0	0.0	0.0	0.0	0.0	0.0	0.00032925	0.0	0.0	0.0
Monroe	0.011	3.74	11.74	0.0	0.0	0.0	8.3e-07	0.00028163	0.00088404	0.0	0.0	0.0
Braxton	0.0	0.0	2.0	0.0	0.0	0.0	0.0	0.0	0.00014195	0.0	0.0	0.0
Raleigh	0.105	18.799	36.799	0.0	0.0	0.0	1.41e-06	0.00025317	0.00049558	0.0	0.0	0.0
Marion	2.65	199.53	252.53	0.0	0.0	2.0	4.724e-05	0.00355687	0.00450167	0.0	0.0	3.565e-05
Mercer	0.0	0.0	13.0	0.0	0.0	0.0	0.0	0.0	0.00021985	0.0	0.0	0.0
Summers	0.0	0.0	1.0	0.0	0.0	0.0	0.0	0.0	7.837e-05	0.0	0.0	0.0
Hampshire	0.0	2.141	35.141	0.0	0.0	1.0	0.0	9.17e-05	0.00150516	0.0	0.0	4.283e-05
Tucker	1.617	121.744	127.744	0.0	0.0	0.0	0.00023249	0.01750453	0.01836722	0.0	0.0	0.0
Boone	4.447	334.805	350.805	0.0	0.0	0.0	0.00020259	0.01525238	0.01598128	0.0	0.0	0.0
Upshur	0.0	0.0	7.0	0.0	0.0	0.0	0.0	0.0	0.00028671	0.0	0.0	0.0
Kanawha	0.0	10.198	251.198	0.0	1.643	20.643	0.0	5.651e-05	0.00139203	0.0	9.1e-06	0.00011439
Calhoun	0.0	0.0	2.0	0.0	1.643	1.643	0.0	0.0	0.00027571	0.0	0.0002265	0.0002265
Mineral	0.0	7.056	57.056	0.0	0.0	1.0	0.0	0.00026192	0.00211789	0.0	0.0	3.712e-05
Marshall	0.0	0.939	32.939	0.0	0.0	0.0	0.0	3.05e-05	0.00106997	0.0	0.0	0.0
Preston	0.0	0.056	24.056	0.0	0.0	2.0	0.0	1.65e-06	0.0007109	0.0	0.0	5.91e-05
Unassigned	615.623	40712.098	40713.098	0.0	0.0	20.0	N/A	N/A	N/A	N/A	N/A	N/A
Randolph	0.0	2.0	139.0	0.0	0.0	0.0	0.0	6.939e-05	0.00482254	0.0	0.0	0.0
Pleasants	0.0	0.0	4.0	0.0	0.0	0.0	0.0	0.0	0.00053284	0.0	0.0	0.0
Mason	0.0	0.0	15.0	0.0	0.0	0.0	0.0	0.0	0.00056142	0.0	0.0	0.0
Wyoming	0.008	2.639	5.639	0.0	0.0	0.0	3.8e-07	0.00012696	0.00027129	0.0	0.0	0.0
Clay	0.036	12.214	19.214	0.0	0.0	0.0	4.17e-06	0.00141497	0.0022259	0.0	0.0	0.0
Putnam	0.07	20.363	60.363	0.0	0.0	0.0	1.23e-06	0.00035925	0.00106494	0.0	0.0	0.0
Wirt	0.0	0.0	4.0	0.0	0.0	0.0	0.0	0.0	0.00068611	0.0	0.0	0.0
Hancock	0.023	7.813	27.813	0.0	0.0	0.0	7.9e-07	0.00026854	0.00095597	0.0	0.0	0.0
Pocahontas	0.0	0.36	21.36	0.0	0.0	0.0	0.0	4.279e-05	0.00253863	0.0	0.0	0.0
Ritchie	0.0	0.0	1.0	0.0	0.0	0.0	0.0	0.0	0.00010287	0.0	0.0	0.0
Nicholas	0.0	0.056	7.056	0.0	0.0	1.0	0.0	2.25e-06	0.00028404	0.0	0.0	4.025e-05
Morgan	0.011	3.74	22.74	0.0	0.0	0.0	6.2e-07	0.00021027	0.00127846	0.0	0.0	0.0
Brooke	0.0	0.129	5.129	0.0	0.0	0.0	0.0	5.81e-06	0.000231	0.0	0.0	0.0
Harrison	0.003	0.878	40.878	0.0	0.0	1.0	4e-08	1.3e-05	0.00060512	0.0	0.0	1.48e-05
Taylor	0.009	2.972	11.972	0.0	0.0	0.0	5.3e-07	0.00017625	0.00071	0.0	0.0	0.0
Grant	0.0	0.537	14.537	0.0	0.0	0.0	0.0	4.619e-05	0.00125039	0.0	0.0	0.0
Jackson	0.001	4.569	145.569	0.0	0.0	18.0	3e-08	0.00015917	0.00507103	0.0	0.0	0.00062705
