Name	Predicted_New_Cases	Total_Predicted_New_Cases	Total_Predicted_Cases	Predicted_New_Deaths	Total_Predicted_New_Deaths	Total_Predicted_Deaths	Predicted_New_per_capita	Predicted_Total_New_per_capita	Predicted_Total_Cases_per_capita	Predicted_New_Deaths_per_capita	Total_Predicted_New_Deaths_per_capita	Total_Predicted_Deaths_per_capita
Hardy	0.398	36.176	61.176	1.385	83.287	83.287	2.889e-05	0.00262621	0.00444109	0.00010054	0.00604624	0.00604624
Mingo	3.396	85.664	89.664	0.0	0.0	1.0	0.00014278	0.0036016	0.00376977	0.0	0.0	4.204e-05
Monongalia	0.0	4.173	121.173	0.0	0.189	5.189	0.0	3.921e-05	0.00113863	0.0	1.78e-06	4.876e-05
Logan	0.017	1.71	16.71	0.0	0.0	1.0	5.2e-07	5.244e-05	0.00051247	0.0	0.0	3.067e-05
Cabell	0.233	23.771	80.771	0.0	0.0	0.0	2.5e-06	0.00025499	0.00086642	0.0	0.0	0.0
Gilmer	0.151	15.443	23.443	0.0	0.0	0.0	1.881e-05	0.00192412	0.00292088	0.0	0.0	0.0
Tyler	0.0	0.0	3.0	0.0	0.0	0.0	0.0	0.0	0.00034301	0.0	0.0	0.0
Wood	0.07	7.121	54.121	0.0	0.0	2.0	8.3e-07	8.457e-05	0.00064274	0.0	0.0	2.375e-05
Berkeley	0.43	59.463	269.463	0.076	8.754	14.754	3.67e-06	0.0005077	0.00230068	6.5e-07	7.474e-05	0.00012597
Wayne	0.0	1.475	97.475	0.0	0.993	9.993	0.0	3.693e-05	0.00244029	0.0	2.486e-05	0.00025018
Pendleton	0.0	0.03	5.03	0.0	0.993	0.993	0.0	4.29e-06	0.00071888	0.0	0.00014192	0.00014192
Lewis	0.0	0.0	5.0	0.0	0.993	0.993	0.0	0.0	0.00031203	0.0	6.197e-05	6.197e-05
Webster	0.0	0.0	0.0	0.0	0.0	0.0	0.0	0.0	0.0	0.0	0.0	0.0
Lincoln	0.035	4.767	9.767	0.0	0.993	0.993	1.7e-06	0.00023142	0.00047415	0.0	4.821e-05	4.821e-05
Doddridge	0.0	0.0	0.0	0.0	0.0	0.0	0.0	0.0	0.0	0.0	0.0	0.0
Wetzel	0.081	8.224	15.224	0.0	0.993	0.993	5.3e-06	0.00053857	0.00099699	0.0	6.503e-05	6.503e-05
Greenbrier	0.0	0.129	9.129	0.0	0.993	0.993	0.0	3.71e-06	0.00026243	0.0	2.855e-05	2.855e-05
Roane	0.0	0.405	9.405	0.0	0.993	0.993	0.0	2.907e-05	0.00067506	0.0	7.127e-05	7.127e-05
Fayette	0.0	6.491	44.491	0.0	0.993	0.993	0.0	0.00015089	0.00103424	0.0	2.308e-05	2.308e-05
Jefferson	0.35	31.802	131.802	0.0	0.0	1.0	6.16e-06	0.00055979	0.00232001	0.0	0.0	1.76e-05
Ohio	0.072	8.296	46.296	0.0	0.0	1.0	1.72e-06	0.00019868	0.00110875	0.0	0.0	2.395e-05
Barbour	0.0	0.272	7.272	0.0	0.0	1.0	0.0	1.645e-05	0.00043979	0.0	0.0	6.048e-05
McDowell	0.0	0.0	6.0	0.0	0.0	0.0	0.0	0.0	0.00032925	0.0	0.0	0.0
Monroe	0.0	0.014	6.014	0.0	0.0	0.0	0.0	1.05e-06	0.00045286	0.0	0.0	0.0
Braxton	0.0	0.0	2.0	0.0	0.0	0.0	0.0	0.0	0.00014195	0.0	0.0	0.0
Raleigh	0.029	3.007	13.007	0.0	0.0	0.0	3.9e-07	4.05e-05	0.00017517	0.0	0.0	0.0
Marion	0.894	22.544	70.544	0.0	0.0	2.0	1.594e-05	0.00040188	0.00125754	0.0	0.0	3.565e-05
Mercer	0.11	7.314	19.314	0.0	0.0	0.0	1.86e-06	0.00012369	0.00032663	0.0	0.0	0.0
Summers	0.0	0.0	1.0	0.0	0.0	0.0	0.0	0.0	7.837e-05	0.0	0.0	0.0
Hampshire	13.817	304.429	316.429	0.0	0.0	1.0	0.00059181	0.01303932	0.0135533	0.0	0.0	4.283e-05
Tucker	0.0	0.0	4.0	0.0	0.0	0.0	0.0	0.0	0.00057513	0.0	0.0	0.0
Boone	0.069	7.02	16.02	0.0	0.0	0.0	3.14e-06	0.0003198	0.00072981	0.0	0.0	0.0
Upshur	0.11	7.314	13.314	0.0	0.0	0.0	4.51e-06	0.00029957	0.00054532	0.0	0.0	0.0
Kanawha	1.12	91.654	298.654	0.814	41.69	56.69	6.21e-06	0.00050791	0.00165501	4.51e-06	0.00023103	0.00031415
Calhoun	0.221	22.564	24.564	0.814	41.69	41.69	3.047e-05	0.00311056	0.00338627	0.00011221	0.00574717	0.00574717
Mineral	0.216	20.39	48.39	0.814	41.69	41.69	8.02e-06	0.00075687	0.00179621	3.022e-05	0.00154751	0.00154751
Marshall	0.0	4.937	28.937	0.814	41.69	41.69	0.0	0.00016037	0.00093997	2.644e-05	0.00135423	0.00135423
Preston	0.0	0.626	15.626	0.814	41.69	41.69	0.0	1.85e-05	0.00046177	2.406e-05	0.00123201	0.00123201
Unassigned	0.0	0.0	20.0	0.814	41.69	41.69	N/A	N/A	N/A	N/A	N/A	N/A
Randolph	0.0	0.014	7.014	0.814	41.69	41.69	0.0	4.9e-07	0.00024335	2.824e-05	0.00144641	0.00144641
Pleasants	0.0	0.0	2.0	0.814	41.69	41.69	0.0	0.0	0.00026642	0.00010843	0.00555348	0.00555348
Mason	0.069	6.271	21.271	0.814	41.69	41.69	2.58e-06	0.00023471	0.00079613	3.047e-05	0.00156037	0.00156037
Wyoming	0.004	0.401	2.401	0.814	41.69	41.69	1.9e-07	1.929e-05	0.00011551	3.916e-05	0.00200568	0.00200568
Clay	0.0	0.0	2.0	0.814	41.69	41.69	0.0	0.0	0.0002317	9.43e-05	0.0048297	0.0048297
Putnam	0.052	5.317	34.317	0.814	41.69	41.69	9.2e-07	9.38e-05	0.00060543	1.436e-05	0.00073551	0.00073551
Wirt	0.0	0.0	3.0	0.814	41.69	41.69	0.0	0.0	0.00051458	0.00013962	0.00715094	0.00715094
Hancock	0.0	0.478	12.478	0.814	41.69	41.69	0.0	1.643e-05	0.00042889	2.798e-05	0.00143294	0.00143294
Pocahontas	0.884	90.264	98.264	0.814	41.69	41.69	0.00010506	0.01072783	0.01167863	9.674e-05	0.00495484	0.00495484
Ritchie	0.0	0.0	1.0	0.814	41.69	41.69	0.0	0.0	0.00010287	8.374e-05	0.00428865	0.00428865
Nicholas	0.02	2.008	11.008	0.0	0.0	1.0	8.1e-07	8.083e-05	0.00044312	0.0	0.0	4.025e-05
Morgan	0.0	0.925	17.925	0.0	0.0	0.0	0.0	5.2e-05	0.00100776	0.0	0.0	0.0
Brooke	0.0	0.0	3.0	0.0	0.0	0.0	0.0	0.0	0.00013512	0.0	0.0	0.0
Harrison	0.0	1.908	36.908	0.0	0.0	1.0	0.0	2.824e-05	0.00054635	0.0	0.0	1.48e-05
Taylor	0.016	1.603	9.603	0.0	0.0	0.0	9.5e-07	9.507e-05	0.00056951	0.0	0.0	0.0
Grant	0.233	15.493	21.493	0.0	0.0	0.0	2.004e-05	0.00133262	0.0018487	0.0	0.0	0.0
Jackson	0.0	0.186	136.186	0.0	0.664	17.664	0.0	6.48e-06	0.00474416	0.0	2.313e-05	0.00061534
