Name	Predicted_New_Cases	Total_Predicted_New_Cases	Total_Predicted_Cases	Predicted_New_Deaths	Total_Predicted_New_Deaths	Total_Predicted_Deaths	Predicted_New_per_capita	Predicted_Total_New_per_capita	Predicted_Total_Cases_per_capita	Predicted_New_Deaths_per_capita	Total_Predicted_New_Deaths_per_capita	Total_Predicted_Deaths_per_capita
Hardy	0.424	71.863	125.863	1.48	250.594	250.594	3.078e-05	0.00521691	0.00913706	0.00010744	0.01819194	0.01819194
Mingo	0.352	139.055	273.055	0.0	0.0	2.0	1.48e-05	0.00584633	0.01148013	0.0	0.0	8.409e-05
Monongalia	0.746	294.812	1219.812	0.0	0.0	5.0	7.01e-06	0.00277027	0.01146224	0.0	0.0	4.698e-05
Logan	0.779	260.159	414.159	1.454	124.732	127.732	2.389e-05	0.00797862	0.01270154	4.459e-05	0.00382531	0.00391732
Cabell	0.493	194.923	532.923	0.0	0.0	2.0	5.29e-06	0.00209091	0.00571659	0.0	0.0	2.145e-05
Gilmer	0.013	5.09	21.09	0.0	0.0	0.0	1.62e-06	0.00063419	0.00262771	0.0	0.0	0.0
Tyler	0.008	3.1	15.1	0.0	0.0	0.0	9.1e-07	0.00035445	0.0017265	0.0	0.0	0.0
Wood	0.023	36.037	272.037	0.008	3.683	7.683	2.7e-07	0.00042798	0.00323073	1e-07	4.374e-05	9.124e-05
Berkeley	0.384	166.285	823.285	0.024	6.873	17.873	3.28e-06	0.00141975	0.00702923	2e-07	5.868e-05	0.0001526
Pendleton	0.135	46.773	84.773	0.0	0.0	1.0	1.929e-05	0.00668472	0.01211562	0.0	0.0	0.00014292
Lewis	0.889	76.228	103.228	0.0	0.0	2.0	5.548e-05	0.00475711	0.00644209	0.0	0.0	0.00012481
Webster	0.0	0.067	3.067	0.0	0.0	0.0	0.0	8.09e-06	0.00037019	0.0	0.0	0.0
Lincoln	0.0	18.989	86.989	0.0	0.0	0.0	0.0	0.00092184	0.00422297	0.0	0.0	0.0
Doddridge	0.0	0.0	4.0	0.0	0.0	0.0	0.0	0.0	0.00047585	0.0	0.0	0.0
Wetzel	0.0	0.795	41.795	0.0	0.0	0.0	0.0	5.206e-05	0.00273707	0.0	0.0	0.0
Greenbrier	0.027	10.509	97.509	0.0	0.0	3.0	7.8e-07	0.0003021	0.00280311	0.0	0.0	8.624e-05
Fayette	0.148	58.408	189.408	0.003	0.911	5.911	3.44e-06	0.00135776	0.00440299	7e-08	2.118e-05	0.00013741
Jefferson	0.083	32.747	324.747	0.0	0.0	4.0	1.46e-06	0.00057642	0.00571627	0.0	0.0	7.041e-05
McDowell	16.644	1427.52	1471.52	0.0	0.0	0.0	0.00091335	0.07833617	0.0807507	0.0	0.0	0.0
Raleigh	0.601	200.807	396.807	0.0	0.0	1.0	8.09e-06	0.00270433	0.00534391	0.0	0.0	1.347e-05
Marion	0.137	62.561	241.561	0.0	0.0	2.0	2.44e-06	0.00111523	0.00430613	0.0	0.0	3.565e-05
Mercer	5.764	1046.309	1211.309	0.0	0.0	3.0	9.748e-05	0.01769476	0.02048518	0.0	0.0	5.073e-05
Summers	0.03	11.727	18.727	0.0	0.0	0.0	2.35e-06	0.00091904	0.00146763	0.0	0.0	0.0
Hampshire	0.212	73.126	147.126	0.0	0.0	1.0	9.08e-06	0.00313214	0.00630171	0.0	0.0	4.283e-05
Tucker	0.03	9.509	20.509	0.0	0.0	0.0	4.31e-06	0.00136722	0.00294881	0.0	0.0	0.0
Kanawha	0.234	364.476	1215.476	0.001	0.395	21.395	1.3e-06	0.00201977	0.00673566	1e-08	2.19e-06	0.00011856
Calhoun	0.01	3.76	9.76	0.001	0.395	0.395	1.38e-06	0.00051833	0.00134546	1.4e-07	5.445e-05	5.445e-05
Marshall	0.336	119.659	246.659	0.0	2.169	2.169	1.091e-05	0.00388693	0.00801231	0.0	7.046e-05	7.046e-05
Preston	0.055	21.681	145.681	1.374	117.805	120.805	1.63e-06	0.00064071	0.00430512	4.06e-05	0.00348134	0.00356999
Unassigned	0.0	0.0	5.0	0.0	0.0	20.0	N/A	N/A	N/A	N/A	N/A	N/A
Randolph	0.0	2.204	209.204	0.0	0.0	0.0	0.0	7.647e-05	0.00725823	0.0	0.0	0.0
Pleasants	0.0	0.834	8.834	0.0	0.0	0.0	0.0	0.0001111	0.00117677	0.0	0.0	0.0
Wyoming	0.055	21.791	44.791	0.0	0.0	1.0	2.65e-06	0.00104835	0.00215486	0.0	0.0	4.811e-05
Putnam	0.077	74.284	246.284	0.0	0.0	0.0	1.36e-06	0.00131054	0.00434501	0.0	0.0	0.0
Wirt	0.0	0.0	6.0	0.0	0.0	0.0	0.0	0.0	0.00102916	0.0	0.0	0.0
Pocahontas	0.005	3.434	44.434	0.0	0.0	0.0	5.9e-07	0.00040813	0.00528096	0.0	0.0	0.0
Ritchie	0.0	0.0	3.0	0.0	0.0	0.0	0.0	0.0	0.00030861	0.0	0.0	0.0
Nicholas	4.869	504.691	536.691	0.0	0.0	1.0	0.000196	0.02031604	0.02160418	0.0	0.0	4.025e-05
Brooke	0.177	61.134	123.134	0.0	0.0	1.0	7.97e-06	0.00275341	0.00554583	0.0	0.0	4.504e-05
Harrison	0.351	121.348	319.348	0.0	0.0	1.0	5.2e-06	0.00179631	0.0047273	0.0	0.0	1.48e-05
Taylor	0.118	44.8	97.8	0.0	0.0	0.0	7e-06	0.00265686	0.00580002	0.0	0.0	0.0
Grant	1.279	302.067	383.067	0.0	0.0	0.0	0.00011001	0.02598202	0.03294917	0.0	0.0	0.0
Jackson	0.046	18.143	175.143	0.0	0.0	19.0	1.6e-06	0.00063203	0.00610127	0.0	0.0	0.00066188
