Name	Predicted_New_Cases	Total_Predicted_New_Cases	Total_Predicted_Cases	Predicted_New_Deaths	Total_Predicted_New_Deaths	Total_Predicted_Deaths	Predicted_New_per_capita	Predicted_Total_New_per_capita	Predicted_Total_Cases_per_capita	Predicted_New_Deaths_per_capita	Total_Predicted_New_Deaths_per_capita	Total_Predicted_Deaths_per_capita
Baltimore City	46.534	3316.79	12960.79	0.573	45.839	434.839	N/A	N/A	N/A	N/A	N/A	N/A
Somerset	0.005	15.42	125.42	0.0	0.0	3.0	1.9e-07	0.00060058	0.00488491	0.0	0.0	0.00011685
Montgomery	27.122	2047.152	18567.152	0.397	31.756	805.756	2.577e-05	0.00194491	0.01763988	3.8e-07	3.017e-05	0.00076552
Caroline	1.029	75.53	442.53	0.0	0.0	3.0	3.09e-05	0.0022679	0.01328759	0.0	0.0	9.008e-05
Queen Anne's	0.655	70.203	405.203	0.002	0.182	23.182	1.303e-05	0.00139705	0.00806358	4e-08	3.62e-06	0.00046132
Frederick	17.572	863.332	3648.332	0.0	0.0	120.0	6.874e-05	0.00337703	0.01427092	0.0	0.0	0.0004694
Washington	2.514	179.211	995.211	0.0	0.0	29.0	1.666e-05	0.00118741	0.00659403	0.0	0.0	0.00019215
Prince George's	39.54	2901.627	23768.627	0.0	13.495	738.495	4.348e-05	0.00319103	0.02613925	0.0	1.484e-05	0.00081215
Calvert	1.816	133.234	628.234	0.0	0.0	27.0	1.974e-05	0.00144815	0.00682841	0.0	0.0	0.00029347
Garrett	0.05	17.988	51.988	0.0	0.0	1.0	1.71e-06	0.00061681	0.00178267	0.0	0.0	3.429e-05
Worcester	132.852	3116.4	3544.4	0.0	0.158	18.158	0.00256357	0.06013546	0.06839434	0.0	3.05e-06	0.00035038
Talbot	4.12	265.455	530.455	0.0	0.0	4.0	0.00011145	0.00718067	0.01434903	0.0	0.0	0.0001082
Harford	5.206	392.928	1844.928	0.0	0.467	66.467	2.05e-05	0.00154723	0.00726475	0.0	1.84e-06	0.00026173
Kent	42.642	870.623	1094.623	0.0	0.0	23.0	0.00219997	0.04491683	0.05647335	0.0	0.0	0.00118661
Howard	13.555	936.541	4113.541	0.0	3.103	102.103	4.194e-05	0.00289775	0.0127277	0.0	9.6e-06	0.00031592
Dorchester	1.596	110.257	356.257	0.0	0.0	5.0	4.988e-05	0.00344575	0.01113373	0.0	0.0	0.00015626
Unassigned	1.008	44.588	60.588	0.0	0.0	0.0	N/A	N/A	N/A	N/A	N/A	N/A
Wicomico	1.53	140.666	1335.666	0.035	2.348	44.348	1.483e-05	0.00136311	0.01294313	3.4e-07	2.275e-05	0.00042975
Charles	4.242	311.309	1953.309	0.0	0.084	90.084	2.627e-05	0.00192757	0.01209457	0.0	5.2e-07	0.00055779
Baltimore	47.732	3297.985	13291.985	0.513	40.982	557.982	5.762e-05	0.003981	0.01604477	6.2e-07	4.947e-05	0.00067354
Saint Mary's	3.41	250.254	1035.254	0.005	0.388	52.388	3.027e-05	0.00222124	0.00918886	4e-08	3.44e-06	0.00046499
Cecil	0.968	77.401	643.401	0.0	0.0	30.0	9.41e-06	0.00075274	0.00625718	0.0	0.0	0.00029176
Carroll	1.843	147.325	1443.325	0.0	0.331	116.331	1.094e-05	0.0008747	0.00856934	0.0	1.97e-06	0.00069068
Allegany	3.739	165.486	405.486	0.0	0.0	18.0	5.268e-05	0.00233161	0.00571308	0.0	0.0	0.00025361
Anne Arundel	23.178	1601.488	7663.488	7.075	144.442	357.442	4.024e-05	0.00278021	0.01330395	1.228e-05	0.00025075	0.00062053
