Name	Predicted_New_Cases	Total_Predicted_New_Cases	Total_Predicted_Cases	Predicted_New_Deaths	Total_Predicted_New_Deaths	Total_Predicted_Deaths	Predicted_New_per_capita	Predicted_Total_New_per_capita	Predicted_Total_Cases_per_capita	Predicted_New_Deaths_per_capita	Total_Predicted_New_Deaths_per_capita	Total_Predicted_Deaths_per_capita
Baltimore City	10.076	9142.866	14030.866	0.0	71.516	305.516	N/A	N/A	N/A	N/A	N/A	N/A
Somerset	0.021	72.392	144.392	0.001	25.335	27.335	8.2e-07	0.00281955	0.00562384	4e-08	0.00098676	0.00106465
Montgomery	0.342	6302.68	16413.68	0.018	328.487	890.487	3.2e-07	0.00598791	0.01559395	2e-08	0.00031208	0.00084601
Caroline	0.007	126.802	367.802	0.018	328.487	328.487	2.1e-07	0.00380741	0.01104378	5.4e-07	0.00986329	0.00986329
Queen Anne's	0.006	114.415	265.415	0.016	19.315	31.315	1.2e-07	0.00227687	0.00528179	3.2e-07	0.00038437	0.00062317
Frederick	0.309	1088.154	2819.154	0.0	6.143	105.143	1.21e-06	0.00425645	0.01102748	0.0	2.403e-05	0.00041128
Washington	0.013	248.982	661.982	0.007	8.946	19.946	9e-08	0.0016497	0.00438614	5e-08	5.927e-05	0.00013216
Prince George's	0.696	8822.585	22548.585	0.006	212.344	709.344	7.7e-07	0.00970253	0.02479752	1e-08	0.00023352	0.00078009
Calvert	0.353	430.929	737.929	0.11	56.245	72.245	3.84e-06	0.00468386	0.00802071	1.2e-06	0.00061134	0.00078525
Garrett	0.0	3.041	13.041	0.11	56.245	56.245	0.0	0.00010428	0.00044718	3.77e-06	0.00192864	0.00192864
Worcester	0.01	177.143	362.143	0.021	25.194	36.194	1.9e-07	0.00341823	0.00698807	4.1e-07	0.00048615	0.00069842
Talbot	0.001	26.576	112.576	0.0	0.0	1.0	3e-08	0.00071889	0.00304523	0.0	0.0	2.705e-05
Harford	0.016	296.85	1085.85	0.073	89.01	137.01	6e-08	0.0011689	0.00427574	2.9e-07	0.00035049	0.0005395
Kent	0.0	12.463	167.463	0.0	0.754	14.754	0.0	0.00064299	0.00863968	0.0	3.89e-05	0.00076118
Howard	0.489	1260.322	2976.322	0.0	17.697	69.697	1.51e-06	0.00389956	0.00920903	0.0	5.476e-05	0.00021565
Dorchester	0.004	65.091	193.091	0.0	0.0	2.0	1.3e-07	0.00203422	0.00603447	0.0	0.0	6.25e-05
Unassigned	0.082	143.988	200.988	0.0	0.0	0.0	N/A	N/A	N/A	N/A	N/A	N/A
Wicomico	0.0	36.423	928.423	0.0	3.054	25.054	0.0	0.00035295	0.00899678	0.0	2.959e-05	0.00024278
Charles	0.04	505.208	1502.208	0.001	22.749	91.749	2.5e-07	0.00312816	0.00930142	1e-08	0.00014086	0.00056809
Baltimore	0.157	2896.722	8372.722	0.012	212.725	519.725	1.9e-07	0.00349664	0.01010672	1e-08	0.00025678	0.00062736
Saint Mary's	0.0	228.828	623.828	0.002	14.483	29.483	0.0	0.00203107	0.00553707	2e-08	0.00012855	0.00026169
Cecil	0.0	39.947	387.947	0.0	5.656	26.656	0.0	0.00038849	0.00377285	0.0	5.501e-05	0.00025923
Carroll	0.025	454.619	1256.619	0.001	31.228	110.228	1.5e-07	0.00269917	0.00746082	1e-08	0.00018541	0.00065445
Allegany	0.0	35.678	211.678	0.0	3.609	17.609	0.0	0.00050268	0.00298243	0.0	5.085e-05	0.0002481
Anne Arundel	0.217	1797.161	5154.161	0.0	11.95	168.95	3.8e-07	0.0031199	0.00894771	0.0	2.075e-05	0.0002933
