Name	Predicted_New_Cases	Total_Predicted_New_Cases	Total_Predicted_Cases	Predicted_New_Deaths	Total_Predicted_New_Deaths	Total_Predicted_Deaths	Predicted_New_per_capita	Predicted_Total_New_per_capita	Predicted_Total_Cases_per_capita	Predicted_New_Deaths_per_capita	Total_Predicted_New_Deaths_per_capita	Total_Predicted_Deaths_per_capita
Baltimore City	127.56	2239.38	13645.38	0.803	19.844	428.844	N/A	N/A	N/A	N/A	N/A	N/A
Somerset	0.429	9.29	130.29	0.0	0.0	3.0	1.671e-05	0.00036183	0.00507459	0.0	0.0	0.00011685
Montgomery	81.149	1442.882	19107.882	0.094	11.023	800.023	7.71e-05	0.00137082	0.0181536	9e-08	1.047e-05	0.00076007
Caroline	5.406	97.399	527.399	0.0	0.0	3.0	0.00016232	0.00292454	0.01583591	0.0	0.0	9.008e-05
Queen Anne's	3.522	68.367	454.367	0.086	1.44	26.44	7.009e-05	0.00136051	0.00904195	1.71e-06	2.866e-05	0.00052616
Frederick	13.737	266.683	3255.683	0.811	5.25	126.25	5.373e-05	0.00104316	0.01273502	3.17e-06	2.054e-05	0.00049384
Washington	14.021	239.034	1206.034	0.4	4.421	34.421	9.29e-05	0.00158378	0.0079909	2.65e-06	2.929e-05	0.00022807
Prince George's	125.681	2206.387	24812.387	1.031	17.581	758.581	0.00013822	0.00242645	0.02728711	1.13e-06	1.933e-05	0.00083424
Calvert	7.459	127.156	739.156	0.047	0.52	28.52	8.107e-05	0.00138209	0.00803404	5.1e-07	5.65e-06	0.00030999
Garrett	0.746	14.061	57.061	0.0	0.0	1.0	2.558e-05	0.00048215	0.00195662	0.0	0.0	3.429e-05
Worcester	7.46	142.726	725.726	0.0	0.0	19.0	0.00014395	0.00275411	0.01400394	0.0	0.0	0.00036663
Talbot	5.772	105.478	466.478	0.0	0.0	4.0	0.00015614	0.00285322	0.01261843	0.0	0.0	0.0001082
Harford	20.405	372.892	2152.892	0.086	1.569	68.569	8.035e-05	0.00146833	0.00847742	3.4e-07	6.18e-06	0.00027
Kent	0.007	2.173	237.173	0.0	0.0	23.0	3.6e-07	0.00011211	0.01223613	0.0	0.0	0.00118661
Howard	24.223	442.651	4012.651	0.394	7.204	113.204	7.495e-05	0.00136961	0.01241553	1.22e-06	2.229e-05	0.00035026
Dorchester	0.283	45.544	394.544	0.0	0.0	5.0	8.84e-06	0.00142334	0.01233027	0.0	0.0	0.00015626
Unassigned	0.115	3.532	19.532	0.0	0.0	0.0	N/A	N/A	N/A	N/A	N/A	N/A
Wicomico	6.501	117.129	1404.129	0.204	2.794	46.794	6.3e-05	0.00113503	0.01360656	1.98e-06	2.707e-05	0.00045345
Charles	14.642	260.348	2115.348	0.013	0.233	91.233	9.066e-05	0.00161203	0.01309789	8e-08	1.44e-06	0.0005649
Baltimore	129.473	2366.013	14363.013	2.274	39.918	588.918	0.00015629	0.00285602	0.01733761	2.74e-06	4.819e-05	0.00071088
Saint Mary's	10.071	171.69	1075.69	0.076	1.394	53.394	8.939e-05	0.00152391	0.00954777	6.7e-07	1.237e-05	0.00047392
Cecil	4.196	76.672	706.672	0.026	0.377	30.377	4.081e-05	0.00074565	0.0068725	2.5e-07	3.67e-06	0.00029542
Carroll	12.103	215.2	1682.2	0.0	0.04	116.04	7.186e-05	0.00127769	0.00998759	0.0	2.4e-07	0.00068895
Allegany	2.219	40.542	307.542	0.0	0.0	18.0	3.126e-05	0.00057122	0.0043331	0.0	0.0	0.00025361
Anne Arundel	57.3	1005.925	7860.925	0.095	1.741	218.741	9.947e-05	0.0017463	0.0136467	1.6e-07	3.02e-06	0.00037974
