Bullitt	0.0	0.0	0.0	0.0	0.0	0.0	0.0	0.0	0.0	0.0	0.0	0.0	2020-03-22
Bullitt	0.0	0.0	0.0	0.0	0.0	0.0	0.0	0.0	0.0	0.0	0.0	0.0	2020-03-23
Bullitt	0.0	0.0	0.0	0.0	0.0	0.0	0.0	0.0	0.0	0.0	0.0	0.0	2020-03-24
Bullitt	0.0	0.0	0.0	0.0	0.0	0.0	0.0	0.0	0.0	0.0	0.0	0.0	2020-03-25
Bullitt	0.0	0.0	0.0	0.0	0.0	0.0	0.0	0.0	0.0	0.0	0.0	0.0	2020-03-26
Bullitt	0.0	0.0	0.0	0.0	0.0	0.0	0.0	0.0	0.0	0.0	0.0	0.0	2020-03-27
Bullitt	0.0	0.0	0.0	0.0	0.0	0.0	0.0	0.0	0.0	0.0	0.0	0.0	2020-03-28
Bullitt	2.0	0.0	0.0	0.0	2.467e-05	0.0	10.0	4.0	2.5	0.00012335	4.934e-05	3.08375e-05	2020-03-29
Bullitt	2.0	0.0	0.0	0.0	2.467e-05	0.0	10.0	4.0	2.5	0.00012335	4.934e-05	3.08375e-05	2020-03-30
Bullitt	6.0	0.0	0.0	0.0	7.401e-05	0.0	30.0	12.0	7.5	0.00037005	0.00014802	9.25125e-05	2020-03-31
Bullitt	6.0	1.0	0.0	0.0	7.401e-05	1.234e-05	333.333333333	153.846153846	100.0	0.00411333333333	0.00189846153846	0.001234	2020-04-01
Bullitt	6.0	1.0	0.0	0.0	7.401e-05	1.234e-05	333.333333333	153.846153846	100.0	0.00411333333333	0.00189846153846	0.001234	2020-04-02
Bullitt	6.0	1.0	0.0	0.0	7.401e-05	1.234e-05	333.333333333	153.846153846	100.0	0.00411333333333	0.00189846153846	0.001234	2020-04-03
Bullitt	0	0	0	0	_2020-3-24
Bullitt	0	0	0	0	_2020-3-25
Bullitt	0	0	0	0	_2020-3-26
