Name	Predicted_New_Cases	Total_Predicted_New_Cases	Total_Predicted_Cases	Predicted_New_Deaths	Total_Predicted_New_Deaths	Total_Predicted_Deaths	Predicted_New_per_capita	Predicted_Total_New_per_capita	Predicted_Total_Cases_per_capita	Predicted_New_Deaths_per_capita	Total_Predicted_New_Deaths_per_capita	Total_Predicted_Deaths_per_capita
Lincoln	0.0	0.0	1.0	0.0	126.138	126.138	0.0	0.0	0.00019227	0.0	0.02425264	0.02425264
Lander	0.0	0.0	0.0	0.0	0.0	0.0	0.0	0.0	0.0	0.0	0.0	0.0
Eureka	0.0	0.0	0.0	0.0	0.0	0.0	0.0	0.0	0.0	0.0	0.0	0.0
Elko County	0.0	0.0	2.0	0.003	126.141	126.141	N/A	N/A	N/A	N/A	N/A	N/A
Esmeralda	0.0	0.0	0.0	0.0	0.0	0.0	0.0	0.0	0.0	0.0	0.0	0.0
Lyon	0.04	27.665	45.665	0.003	126.141	126.141	7.2e-07	0.00049572	0.00081825	5e-08	0.00226027	0.00226027
Douglas	0.038	21.106	36.106	0.003	126.141	126.141	7.8e-07	0.00043547	0.00074496	6e-08	0.00260262	0.00260262
Carson City	0.054	43.567	71.567	0.003	126.141	126.141	9.7e-07	0.00078621	0.0012915	5e-08	0.00227634	0.00227634
Humboldt	0.031	24.976	51.976	0.0	0.0	2.0	1.85e-06	0.00148791	0.00309639	0.0	0.0	0.00011915
Mineral	0.0	0.0	0.0	0.0	0.0	0.0	0.0	0.0	0.0	0.0	0.0	0.0
Unassigned	0.182	146.938	182.938	52.426	6249.945	6250.945	N/A	N/A	N/A	N/A	N/A	N/A
Pershing	0.0	0.0	0.0	0.0	0.0	0.0	0.0	0.0	0.0	0.0	0.0	0.0
Clark	0.0	1410.219	4408.219	0.192	167.684	304.684	0.0	0.00063192	0.00197532	9e-08	7.514e-05	0.00013653
Washoe	0.984	794.711	1456.711	0.105	44.956	62.956	2.11e-06	0.00170636	0.00312777	2.3e-07	9.653e-05	0.00013518
Nye	7.483	1110.131	1138.131	0.105	44.956	44.956	0.00016502	0.02448134	0.02509882	2.32e-06	0.0009914	0.0009914
Storey	0.0	0.0	0.0	0.0	0.0	0.0	0.0	0.0	0.0	0.0	0.0	0.0
Churchill	0.0	0.0	3.0	0.105	44.956	44.956	0.0	0.0	0.00012275	4.3e-06	0.00183944	0.00183944
Elko	0.0	0.526	12.526	0.0	0.0	1.0	0.0	1.003e-05	0.00023877	0.0	0.0	1.906e-05
White Pine	0.004	3.357	6.357	0.0	0.0	0.0	4.2e-07	0.0003543	0.00067092	0.0	0.0	0.0
