Name	Predicted_New_Cases	Total_Predicted_New_Cases	Total_Predicted_Cases	Predicted_New_Deaths	Total_Predicted_New_Deaths	Total_Predicted_Deaths	Predicted_New_per_capita	Predicted_Total_New_per_capita	Predicted_Total_Cases_per_capita	Predicted_New_Deaths_per_capita	Total_Predicted_New_Deaths_per_capita	Total_Predicted_Deaths_per_capita
Czech Republic	26.182	7213.098	9730.64	2.516	471.856	398.186	2.46e-06	0.00067884	0.00091577	2.4e-07	4.441e-05	3.747e-05
West Bank And Gaza	1.296	263.482	440.389	0.127	17.513	10.82	2.6e-07	5.27e-05	8.808e-05	3e-08	3.5e-06	2.16e-06
Poland	82.286	16727.642	15606.964	5.509	961.595	746.552	2.17e-06	0.00044045	0.00041094	1.5e-07	2.532e-05	1.966e-05
Belarus	2117.338	132890.528	70784.933	0.0	0.0	33.0	0.00022322	0.01401003	0.00746253	0.0	0.0	3.48e-06
Sweden	147.053	26581.783	24809.418	18.891	3542.561	2813.726	1.444e-05	0.00261036	0.00243631	1.86e-06	0.00034788	0.00027631
Russia	1782.612	191093.952	117540.282	11.465	1297.569	824.517	1.234e-05	0.00132265	0.00081355	8e-08	8.98e-06	5.71e-06
Norway	0.0	1667.054	7456.527	0.0	284.508	281.254	0.0	0.00031369	0.0014031	0.0	5.354e-05	5.292e-05
Luxembourg	0.0	1214.3	3914.15	0.0	185.256	159.628	0.0	0.0019981	0.00644063	0.0	0.00030483	0.00026266
Cyprus	5.821	1230.913	1313.367	0.042	6.048	15.045	4.98e-06	0.00105206	0.00112254	4e-08	5.17e-06	1.286e-05
Ukraine	136.472	17992.64	12436.556	4.51	594.558	397.534	3.06e-06	0.00040322	0.00027871	1e-07	1.332e-05	8.91e-06
France	731.911	210215.869	236834.89	204.35	41541.448	36620.899	1.093e-05	0.00313815	0.00353552	3.05e-06	0.00062014	0.00054668
Jersey	0.0	0.0	2.0	0.0	0.0	0.0	0.0	0.0	2.049e-05	0.0	0.0	0.0
Moldova	27.036	5273.19	4584.113	1.976	260.548	171.262	7.62e-06	0.00148713	0.0012928	5.6e-07	7.348e-05	4.83e-05
San Marino	13.435	1602.781	1179.108	3.342	222.584	148.963	0.00039766	0.04744061	0.03490034	9.892e-05	0.00658825	0.00440915
Georgia	2.269	496.377	549.323	0.0	0.0	3.0	6.1e-07	0.00013304	0.00014723	0.0	0.0	8e-07
Bosnia and Herzegovina	12.384	2322.348	2250.366	1.939	243.387	162.663	3.73e-06	0.00069868	0.00067702	5.8e-07	7.322e-05	4.894e-05
Belgium	355.114	66593.766	64593.44	207.331	27334.723	17928.027	3.109e-05	0.00583027	0.00565514	1.815e-05	0.00239315	0.0015696
Turkey	1323.694	223160.336	177353.015	25.813	4505.629	3668.721	1.608e-05	0.0027109	0.00215444	3.1e-07	5.473e-05	4.457e-05
Netherlands	276.103	51777.027	53606.565	31.948	6494.524	6218.236	1.602e-05	0.00300487	0.00311105	1.85e-06	0.00037691	0.00036087
Estonia	0.0	385.148	1565.574	0.0	14.156	38.078	0.0	0.00029158	0.00118525	0.0	1.072e-05	2.883e-05
Spain	513.592	164455.916	255025.754	83.108	22896.482	29545.795	1.099e-05	0.00351975	0.00545816	1.78e-06	0.00049004	0.00063235
Montenegro	0.0	72.384	319.192	0.0	0.672	4.336	0.0	0.00011631	0.00051289	0.0	1.08e-06	6.97e-06
Guernsey	0.0	0.0	1.0	0.0	0.0	0.0	0.0	0.0	1.491e-05	0.0	0.0	0.0
Croatia	13.048	2652.542	3036.795	0.902	124.59	93.746	3.19e-06	0.00064864	0.0007426	2.2e-07	3.047e-05	2.292e-05
Azerbaijan	19.619	3679.207	3046.413	0.574	72.03	49.302	1.97e-06	0.00037005	0.00030641	6e-08	7.24e-06	4.96e-06
Latvia	3.167	712.237	1014.702	0.0	0.0	5.0	1.64e-06	0.0003697	0.0005267	0.0	0.0	2.6e-06
Germany	501.435	140655.007	201937.221	45.704	9290.988	7962.346	6.05e-06	0.00169611	0.00243509	5.5e-07	0.00011204	9.602e-05
Albania	0.0	200.204	575.102	0.0	12.452	30.226	0.0	6.985e-05	0.00020064	0.0	4.34e-06	1.055e-05
Slovakia	8.59	1746.14	1712.365	0.0	0.0	2.0	1.58e-06	0.00032057	0.00031437	0.0	0.0	3.7e-07
Republic of Serbia	57.81	11275.498	10131.654	0.0	65.764	126.882	8.28e-06	0.00161492	0.00145109	0.0	9.42e-06	1.817e-05
Portugal	195.496	36660.952	35876.224	8.08	1460.574	1301.327	1.901e-05	0.00356563	0.00348931	7.9e-07	0.00014205	0.00012657
Ireland	494.754	62093.208	42772.981	7.632	1332.088	1075.86	0.00010194	0.01279348	0.0088128	1.57e-06	0.00027446	0.00022167
Macedonia	8.467	1721.185	1772.826	1.578	218.038	153.808	4.06e-06	0.00082632	0.00085111	7.6e-07	0.00010468	7.384e-05
Switzerland	80.708	22470.956	37211.832	12.364	2513.416	2436.89	9.48e-06	0.00263851	0.00436936	1.45e-06	0.00029512	0.00028614
Vatican	0.037	7.585	11.811	12.364	2513.416	1262.89	4.619e-05	0.00946941	0.01474532	0.01543571	3.13784769	1.5766417
Liechtenstein	0.0	0.782	79.391	0.0	0.0	1.0	0.0	2.063e-05	0.0020942	0.0	0.0	2.638e-05
Lithuania	0.0	772.288	1456.144	0.0	38.128	48.064	0.0	0.00027685	0.000522	0.0	1.367e-05	1.723e-05
Kosovo	148.891	9344.831	5133.861	0.0	2.626	9.313	8.069e-05	0.00506413	0.00278213	0.0	1.42e-06	5.05e-06
United Kingdom	1544.893	269654.187	230444.54	264.391	44573.463	34547.927	2.324e-05	0.00405562	0.00346591	3.98e-06	0.00067039	0.0005196
Slovenia	3.903	1059.487	1751.695	0.817	166.077	139.447	1.89e-06	0.00051248	0.00084731	4e-07	8.033e-05	6.745e-05
Hungary	143.095	14508.817	8837.956	9.469	1071.653	662.561	1.465e-05	0.00148522	0.00090471	9.7e-07	0.0001097	6.782e-05
Monaco	0.398	109.604	148.001	0.0	0.0	1.0	1.029e-05	0.00283346	0.00382609	0.0	0.0	2.585e-05
Bulgaria	2.636	726.362	1077.499	0.259	59.547	64.903	3.8e-07	0.00010341	0.0001534	4e-08	8.48e-06	9.24e-06
Romania	94.947	17162.825	15507.886	7.102	1197.262	953.182	4.88e-06	0.00088132	0.00079634	3.6e-07	6.148e-05	4.895e-05
Italy	807.828	170837.226	248310.527	77.169	20561.515	31386.342	1.337e-05	0.00282697	0.00410897	1.28e-06	0.00034025	0.00051937
Denmark	54.386	11899.522	12682.954	2.361	564.899	582.63	9.38e-06	0.00205255	0.00218768	4.1e-07	9.744e-05	0.0001005
Andorra	2.664	709.934	1015.299	0.269	58.821	60.545	3.459e-05	0.0092192	0.01318467	3.49e-06	0.00076385	0.00078624
Austria	34.949	9628.417	19057.683	5.917	1069.639	921.778	3.95e-06	0.00108832	0.00215413	6.7e-07	0.0001209	0.00010419
Finland	33.101	6729.057	6542.079	1.298	218.762	174.03	6e-06	0.00121946	0.00118558	2.4e-07	3.964e-05	3.154e-05
Malta	5.544	1039.58	915.562	0.0	0.0	3.0	1.147e-05	0.00214998	0.0018935	0.0	0.0	6.2e-06
Greece	9.834	2291.252	3320.543	0.051	99.917	150.984	9.2e-07	0.00021358	0.00030953	0.0	9.31e-06	1.407e-05
Armenia	0.275	790.345	1462.31	0.072	27.768	29.92	9e-08	0.00026775	0.0004954	2e-08	9.41e-06	1.014e-05
Israel	39.039	12500.435	18315.737	2.422	422.714	335.568	4.39e-06	0.0014071	0.0020617	2.7e-07	4.758e-05	3.777e-05
Iceland	0.0	409.282	1924.641	0.0	8.344	12.172	0.0	0.00115756	0.00544339	0.0	2.36e-05	3.443e-05
