Name	Predicted_New_Cases	Total_Predicted_New_Cases	Total_Predicted_Cases	Predicted_New_Deaths	Total_Predicted_New_Deaths	Total_Predicted_Deaths	Predicted_New_per_capita	Predicted_Total_New_per_capita	Predicted_Total_Cases_per_capita	Predicted_New_Deaths_per_capita	Total_Predicted_New_Deaths_per_capita	Total_Predicted_Deaths_per_capita
Czech Republic	2.575	5365.385	10228.23	0.0	113.352	284.766	2.4e-07	0.00050494	0.00096259	0.0	1.067e-05	2.68e-05
West Bank And Gaza	0.434	904.006	992.413	0.016	16.166	12.628	9e-08	0.0001808	0.00019848	0.0	3.23e-06	2.53e-06
Poland	11.857	19141.357	21222.368	0.413	861.403	942.263	3.1e-07	0.000504	0.0005588	1e-08	2.268e-05	2.481e-05
Belarus	13.317	21497.327	20051.752	0.037	124.073	131.052	1.4e-06	0.00226636	0.00211396	0.0	1.308e-05	1.382e-05
Sweden	17.627	28455.305	32678.388	2.675	4661.231	4641.74	1.73e-06	0.00279435	0.00320906	2.6e-07	0.00045774	0.00045582
Russia	476.187	450604.217	301787.109	5.028	4523.72	2940.955	3.3e-06	0.00311884	0.00208881	3e-08	3.131e-05	2.036e-05
Norway	1.001	3335.223	9310.981	0.003	185.737	304.054	1.9e-07	0.00062759	0.00175205	0.0	3.495e-05	5.721e-05
Luxembourg	0.873	1818.311	4695.663	0.0	16.582	94.813	1.44e-06	0.00299198	0.00772659	0.0	2.729e-05	0.00015601
Cyprus	0.0	135.382	905.048	0.0	1.29	13.87	0.0	0.00011571	0.00077355	0.0	1.1e-06	1.185e-05
Ukraine	12.264	19797.466	18248.521	0.239	415.875	420.822	2.7e-07	0.00044367	0.00040895	1e-08	9.32e-06	9.43e-06
France	68.831	143435.197	240762.552	15.692	32700.964	40424.701	1.03e-06	0.00214123	0.00359416	2.3e-07	0.00048817	0.00060347
Jersey	0.0	0.0	2.0	0.285	197.313	101.606	0.0	0.0	2.049e-05	2.92e-06	0.00202192	0.00104118
Moldova	1.344	4478.346	5490.612	0.098	204.7	196.029	3.8e-07	0.00126297	0.00154845	3e-08	5.773e-05	5.528e-05
San Marino	0.335	698.711	897.046	0.059	58.533	71.243	9.92e-06	0.0206811	0.02655161	1.75e-06	0.00173251	0.00210872
Georgia	0.393	819.593	889.564	0.02	19.65	15.488	1.1e-07	0.00021967	0.00023843	1e-08	5.27e-06	4.15e-06
Bosnia and Herzegovina	0.351	1572.401	2316.105	0.055	82.047	99.674	1.1e-07	0.00047305	0.0006968	2e-08	2.468e-05	2.999e-05
Belgium	28.099	58554.523	75987.125	3.432	11438.886	13040.702	2.46e-06	0.00512644	0.00665266	3e-07	0.00100147	0.00114171
Turkey	78.134	183260.446	206042.686	3.773	6091.133	5899.554	9.5e-07	0.0022262	0.00250296	5e-08	7.399e-05	7.167e-05
Netherlands	18.357	43056.381	60414.792	2.921	6087.281	7642.419	1.07e-06	0.00249877	0.00350617	1.7e-07	0.00035327	0.00044353
Estonia	0.609	1268.625	2311.087	0.172	171.234	136.396	4.6e-07	0.00096044	0.00174965	1.3e-07	0.00012964	0.00010326
Spain	95.341	198678.447	325639.768	0.183	14008.791	30483.122	2.04e-06	0.00425219	0.00696947	0.0	0.00029982	0.00065241
Montenegro	0.002	152.642	406.723	0.002	10.35	10.943	0.0	0.00024527	0.00065353	0.0	1.663e-05	1.758e-05
Guernsey	0.0	0.0	1.0	0.002	10.35	5.943	0.0	0.0	1.491e-05	3e-08	0.00015436	8.863e-05
Croatia	0.0	247.558	2195.926	0.059	123.453	119.976	0.0	6.054e-05	0.00053698	1e-08	3.019e-05	2.934e-05
Azerbaijan	0.0	973.478	2152.416	0.0	29.256	37.632	0.0	9.791e-05	0.00021649	0.0	2.94e-06	3.79e-06
Latvia	0.263	548.707	1089.021	0.026	26.208	24.989	1.4e-07	0.00028481	0.00056527	1e-08	1.36e-05	1.297e-05
Germany	21.901	98127.631	209488.337	5.002	10423.612	11483.357	2.6e-07	0.00118329	0.00252615	6e-08	0.00012569	0.00013847
Albania	0.557	899.097	1166.129	0.06	51.07	53.793	1.9e-07	0.00031367	0.00040683	2e-08	1.782e-05	1.877e-05
Slovakia	1.393	2636.601	2813.701	0.173	163.559	101.756	2.6e-07	0.00048405	0.00051656	3e-08	3.003e-05	1.868e-05
Republic of Serbia	7.372	15361.96	15337.532	0.114	237.002	259.339	1.06e-06	0.0022002	0.0021967	2e-08	3.394e-05	3.714e-05
Portugal	9.899	23216.775	35560.493	0.253	1133.201	1470.852	9.6e-07	0.00225805	0.0034586	2e-08	0.00011021	0.00014305
Ireland	0.0	20754.72	30046.66	1.807	2512.053	2184.056	0.0	0.00427623	0.00619071	3.7e-07	0.00051757	0.00045
Macedonia	1.103	2299.061	2603.162	0.001	59.131	91.245	5.3e-07	0.00110375	0.00124974	0.0	2.839e-05	4.381e-05
Switzerland	0.162	9985.998	34412.97	0.04	1433.588	2389.149	2e-08	0.00117254	0.00404072	0.0	0.00016833	0.00028053
Vatican	0.388	134.452	76.72	0.04	1433.588	840.149	0.00048439	0.16785518	0.09578027	4.994e-05	1.78974782	1.04887516
Liechtenstein	1.163	403.335	284.149	0.0	0.0	1.0	3.068e-05	0.01063928	0.00749536	0.0	0.0	2.638e-05
Lithuania	6.061	5198.203	4125.114	2.053	978.747	535.693	2.17e-06	0.00186347	0.00147878	7.4e-07	0.00035086	0.00019204
Kosovo	0.588	1224.62	1204.145	0.069	68.575	48.602	3.2e-07	0.00066364	0.00065255	4e-08	3.716e-05	2.634e-05
United Kingdom	109.264	227694.038	268308.509	11.75	32027.078	37073.235	1.64e-06	0.00342454	0.00403538	1.8e-07	0.00048169	0.00055758
Slovenia	0.278	758.638	1799.058	0.096	154.646	165.539	1.3e-07	0.00036696	0.00087021	5e-08	7.48e-05	8.007e-05
Hungary	1.678	3495.94	4265.584	0.406	654.746	605.391	1.7e-07	0.00035787	0.00043665	4e-08	6.702e-05	6.197e-05
Monaco	0.0	0.0	94.191	0.0	0.438	4.7	0.0	0.0	0.00243501	0.0	1.132e-05	0.0001215
Bulgaria	1.275	1909.647	2160.071	0.001	52.511	83.114	1.8e-07	0.00027187	0.00030752	0.0	7.48e-06	1.183e-05
Romania	7.396	15412.096	18831.95	0.43	895.876	1052.805	3.8e-07	0.00079142	0.00096703	2e-08	4.6e-05	5.406e-05
Italy	18.515	122944.317	260783.656	7.962	21701.04	37936.753	3.1e-07	0.00203445	0.00431538	1.3e-07	0.0003591	0.00062777
Denmark	3.18	7457.618	12513.469	0.065	433.139	643.47	5.5e-07	0.00128636	0.00215845	1e-08	7.471e-05	0.00011099
Andorra	0.0	102.654	802.424	0.0	16.77	48.129	0.0	0.00133306	0.01042028	0.0	0.00021778	0.000625
Austria	0.0	611.374	15590.197	0.323	673.151	903.558	0.0	6.91e-05	0.00176219	4e-08	7.609e-05	0.00010213
Finland	3.766	6079.54	7686.068	0.609	643.621	517.895	6.8e-07	0.00110176	0.0013929	1.1e-07	0.00011664	9.385e-05
Malta	0.0	61.842	495.269	0.0	0.0	3.0	0.0	0.0001279	0.00102428	0.0	0.0	6.2e-06
Greece	0.46	958.496	3006.299	0.053	110.967	187.899	4e-08	8.935e-05	0.00028024	0.0	1.034e-05	1.752e-05
Armenia	1.853	2575.907	2948.389	0.243	189.273	122.316	6.3e-07	0.00087266	0.00099885	8e-08	6.412e-05	4.144e-05
Israel	0.0	4504.382	17909.73	0.194	403.84	420.908	0.0	0.00050703	0.002016	2e-08	4.546e-05	4.738e-05
Iceland	0.0	203.798	1916.988	0.0	6.492	13.955	0.0	0.00057639	0.00542174	0.0	1.836e-05	3.947e-05
