Name	Predicted_New_Cases	Total_Predicted_New_Cases	Total_Predicted_Cases	Predicted_New_Deaths	Total_Predicted_New_Deaths	Total_Predicted_Deaths	Predicted_New_per_capita	Predicted_Total_New_per_capita	Predicted_Total_Cases_per_capita	Predicted_New_Deaths_per_capita	Total_Predicted_New_Deaths_per_capita	Total_Predicted_Deaths_per_capita
Czech Republic	0.0	256.88	14201.88	4.358	4478.785	4837.785	0.0	2.418e-05	0.00133656	4.1e-07	0.00042151	0.00045529
West Bank And Gaza	625.567	100797.714	109346.714	0.0	71.222	133.222	0.00012511	0.02015954	0.02186934	0.0	1.424e-05	2.664e-05
Poland	4273.699	688621.887	728725.887	14.461	14863.34	16487.34	0.00011253	0.01813186	0.01918783	3.8e-07	0.00039136	0.00043412
Belarus	7100.016	1144026.775	1210121.775	27.679	28448.0	28947.0	0.00074852	0.12060941	0.12757749	2.92e-06	0.00299914	0.00305175
Sweden	0.0	1347.108	78628.108	22.958	23595.983	29214.983	0.0	0.00013229	0.00772137	2.25e-06	0.00231715	0.00286895
Russia	82780.646	13338460.221	14108771.221	273.486	281088.592	293411.592	0.00057296	0.09232171	0.09765339	1.89e-06	0.00194555	0.00203084
Norway	421.148	84937.558	93965.558	4.034	4146.643	4401.643	7.925e-05	0.01598272	0.01768152	7.6e-07	0.00078027	0.00082826
Luxembourg	579.982	93452.573	99057.573	1.864	1915.311	2026.311	0.00095434	0.15377368	0.16299656	3.07e-06	0.00315159	0.00333424
Cyprus	48.377	9756.802	10794.802	0.0	60.174	79.174	4.135e-05	0.00833915	0.00922633	0.0	5.143e-05	6.767e-05
Ukraine	6387.332	1029191.88	1089268.88	25.163	25862.182	27366.182	0.00014314	0.02306441	0.02441075	5.6e-07	0.00057958	0.00061328
France	9653.133	1946853.996	2158796.996	82.338	84626.819	114781.819	0.0001441	0.02906306	0.03222699	1.23e-06	0.00126333	0.00171349
Moldova	0.0	436.018	21416.018	6.081	6250.515	6934.515	0.0	0.00012296	0.00603969	1.71e-06	0.00176275	0.00195565
San Marino	13.256	3381.906	4080.906	0.0	12.641	54.641	0.00039236	0.10010081	0.12079047	0.0	0.00037416	0.00161732
Georgia	61.252	11523.214	12551.214	0.0	61.484	76.484	1.642e-05	0.00308851	0.00336403	0.0	1.648e-05	2.05e-05
Bosnia and Herzegovina	2.114	2172.275	10512.275	0.0	208.633	457.633	6.4e-07	0.00065353	0.00316261	0.0	6.277e-05	0.00013768
Belgium	2973.793	599757.735	663463.735	24.341	25017.422	34817.422	0.00026036	0.05250868	0.05808613	2.13e-06	0.00219027	0.00304826
Turkey	23562.775	3796674.168	4016315.168	86.551	88956.935	94447.935	0.00028623	0.04612108	0.04878922	1.05e-06	0.00108063	0.00114733
Netherlands	2419.906	488049.236	540004.236	20.847	21426.946	27581.946	0.00014044	0.02832388	0.03133908	1.21e-06	0.00124351	0.00160071
Estonia	74.774	16066.327	18087.327	0.904	929.297	998.297	5.661e-05	0.01216331	0.01369335	6.8e-07	0.00070354	0.00075578
Spain	12085.808	2437478.598	2697733.598	104.292	107191.167	135611.167	0.00025867	0.05216787	0.05773795	2.23e-06	0.00229415	0.0029024
Montenegro	3.773	1762.927	3950.927	4.822	1230.058	1262.058	6.06e-06	0.00283272	0.00634845	7.75e-06	0.00197649	0.00202791
Guernsey	0.0	0.0	1.0	4.822	1230.058	1230.058	0.0	0.0	1.491e-05	7.191e-05	0.01834484	0.01834484
Croatia	0.948	974.805	5319.805	0.0	109.153	229.153	2.3e-07	0.00023837	0.00130088	0.0	2.669e-05	5.604e-05
Azerbaijan	6.13	6300.652	33821.652	0.0	856.794	1210.794	6.2e-07	0.00063372	0.00340178	0.0	8.618e-05	0.00012178
Latvia	26.351	6344.233	7536.233	0.0	38.453	69.453	1.368e-05	0.00329307	0.00391179	0.0	1.996e-05	3.605e-05
Germany	9482.519	1912444.415	2115179.415	86.552	88957.917	98049.917	0.00011435	0.02306153	0.02550624	1.04e-06	0.00107271	0.00118235
Albania	1.466	1506.412	5596.412	0.0	121.167	233.167	5.1e-07	0.00052555	0.00195243	0.0	4.227e-05	8.135e-05
Slovakia	209.593	33771.795	35750.795	0.0	111.037	139.037	3.848e-05	0.00620006	0.00656338	0.0	2.038e-05	2.553e-05
Republic of Serbia	3.985	4095.948	24989.948	5.316	5463.816	5935.816	5.7e-07	0.00058664	0.00357915	7.6e-07	0.00078255	0.00085015
Portugal	5203.753	838481.72	887117.72	17.847	18343.252	20032.252	0.00050611	0.08155039	0.08628071	1.74e-06	0.00178406	0.00194833
Ireland	300.729	86862.913	112622.913	11.503	11822.722	13575.722	6.196e-05	0.01789694	0.02320444	2.37e-06	0.00243591	0.0027971
Macedonia	1.871	1922.593	11075.593	0.0	241.593	663.593	9e-07	0.00092301	0.00531724	0.0	0.00011599	0.00031858
Switzerland	1523.688	307298.91	340889.91	14.218	14612.8	16581.8	0.00017891	0.03608259	0.04002679	1.67e-06	0.00171581	0.00194701
Vatican	0.0	0.0	12.0	14.218	14612.8	14612.8	0.0	0.0	0.01498127	0.01775031	18.243196	18.243196
Liechtenstein	0.76	234.797	320.797	0.041	42.06	43.06	2.005e-05	0.00619354	0.00846207	1.08e-06	0.00110947	0.00113585
Lithuania	89.079	17965.57	19897.57	0.814	837.053	917.053	3.193e-05	0.00644035	0.00713294	2.9e-07	0.00030007	0.00032875
Kosovo	1.635	1680.486	7415.486	0.0	26.999	161.999	8.9e-07	0.00091068	0.00401858	0.0	1.463e-05	8.779e-05
United Kingdom	233.941	240444.39	536802.39	149.133	153279.218	198664.218	3.52e-06	0.0036163	0.00807355	2.24e-06	0.00230533	0.00298793
Slovenia	205.999	33192.642	35138.642	0.665	683.339	795.339	9.964e-05	0.01605548	0.01699677	3.2e-07	0.00033054	0.00038471
Hungary	201.438	40626.171	44959.171	1.674	1720.281	2316.281	2.062e-05	0.00415877	0.00460233	1.7e-07	0.0001761	0.00023711
Monaco	20.319	2796.725	2905.725	0.0	5.937	9.937	0.00052528	0.07230042	0.07511827	0.0	0.00015348	0.00025689
Bulgaria	3.205	3293.939	12026.939	0.0	236.776	536.776	4.6e-07	0.00046894	0.00171221	0.0	3.371e-05	7.642e-05
Romania	6.673	6858.01	44316.01	9.558	9823.76	11849.76	3.4e-07	0.00035216	0.00227566	4.9e-07	0.00050446	0.00060849
Italy	9052.165	1944997.158	2189431.158	97.356	100062.904	135107.904	0.00014979	0.03218527	0.0362301	1.61e-06	0.00165581	0.00223573
Denmark	627.061	126466.42	139843.42	5.729	5888.348	6499.348	0.00010816	0.02181416	0.02412156	9.9e-07	0.00101568	0.00112107
Andorra	0.011	11.221	891.221	0.0	0.0	52.0	1.4e-07	0.00014572	0.0115734	0.0	0.0	0.00067527
Austria	1153.253	216960.428	236615.428	8.04	8264.024	8975.024	0.00013035	0.02452351	0.02674516	9.1e-07	0.0009341	0.00101447
Finland	270.793	58184.051	65519.051	3.239	3328.734	3656.734	4.907e-05	0.01054431	0.01187359	5.9e-07	0.00060324	0.00066269
Malta	25.036	5379.325	6056.325	0.0	35.467	44.467	5.178e-05	0.01112511	0.01252523	0.0	7.335e-05	9.196e-05
Greece	422.482	68074.621	72081.621	1.458	1498.276	1692.276	3.938e-05	0.00634571	0.00671923	1.4e-07	0.00013966	0.00015775
Armenia	12.026	12359.932	47236.932	0.0	1035.293	1676.293	4.07e-06	0.00418729	0.01600289	0.0	0.00035074	0.00056789
Israel	26.878	21665.998	71954.998	0.0	1038.005	1447.005	3.03e-06	0.00243882	0.00809957	0.0	0.00011684	0.00016288
Iceland	69.451	14922.72	16852.72	0.0	99.962	109.962	0.00019643	0.04220537	0.04766391	0.0	0.00028272	0.000311
