Name	Predicted_New_Cases	Total_Predicted_New_Cases	Total_Predicted_Cases	Predicted_New_Deaths	Total_Predicted_New_Deaths	Total_Predicted_Deaths	Predicted_New_per_capita	Predicted_Total_New_per_capita	Predicted_Total_Cases_per_capita	Predicted_New_Deaths_per_capita	Total_Predicted_New_Deaths_per_capita	Total_Predicted_Deaths_per_capita
Czech Republic	54.594	165.734	10327.734	0.274	0.831	333.831	5.14e-06	1.56e-05	0.00097196	3e-08	8e-08	3.142e-05
West Bank And Gaza	3.529	10.714	565.714	0.0	0.0	3.0	7.1e-07	2.14e-06	0.00011314	0.0	0.0	6e-07
Poland	368.206	1151.45	31852.45	12.331	37.433	1323.433	9.7e-06	3.032e-05	0.0008387	3.2e-07	9.9e-07	3.485e-05
Belarus	716.422	2217.805	58249.805	5.294	16.071	340.071	7.553e-05	0.00023381	0.00614101	5.6e-07	1.69e-06	3.585e-05
Sweden	1046.1	3117.634	57679.634	30.236	92.368	5133.368	0.00010273	0.00030616	0.00566421	2.97e-06	9.07e-06	0.0005041
Russia	8477.168	25734.552	578283.552	157.585	478.388	7946.388	5.867e-05	0.00017812	0.00400257	1.09e-06	3.31e-06	5.5e-05
Norway	11.713	36.834	8728.834	0.561	1.702	244.702	2.2e-06	6.93e-06	0.00164251	1.1e-07	3.2e-07	4.605e-05
Luxembourg	4.265	12.592	4097.592	0.0	0.0	110.0	7.02e-06	2.072e-05	0.00674248	0.0	0.0	0.000181
Cyprus	2.404	7.297	992.297	0.021	0.058	18.058	2.05e-06	6.24e-06	0.00084812	2e-08	5e-08	1.543e-05
Ukraine	632.718	1868.009	35854.009	15.086	45.798	998.798	1.418e-05	4.186e-05	0.0008035	3.4e-07	1.03e-06	2.238e-05
France	448.6	1324.426	196129.426	31.922	100.526	29678.526	6.7e-06	1.977e-05	0.00292786	4.8e-07	1.5e-06	0.00044305
Jersey	0.0	0.0	2.0	0.0	0.0	0.0	0.0	0.0	2.049e-05	0.0	0.0	0.0
Moldova	314.33	916.423	13648.423	8.541	25.927	458.927	8.865e-05	0.00025845	0.00384909	2.41e-06	7.31e-06	0.00012943
San Marino	1.461	4.585	700.585	0.0	0.0	42.0	4.324e-05	0.00013571	0.02073657	0.0	0.0	0.00124316
Georgia	9.831	26.072	914.072	0.172	0.437	14.437	2.63e-06	6.99e-06	0.00024499	5e-08	1.2e-07	3.87e-06
Bosnia and Herzegovina	45.388	134.002	3275.002	0.744	2.134	170.134	1.365e-05	4.031e-05	0.00098528	2.2e-07	6.4e-07	5.118e-05
Belgium	109.691	337.669	60581.669	6.514	22.961	9697.961	9.6e-06	2.956e-05	0.00530391	5.7e-07	2.01e-06	0.00084905
Turkey	1178.984	3480.782	186207.782	15.354	48.181	4909.181	1.432e-05	4.228e-05	0.00226201	1.9e-07	5.9e-07	5.964e-05
Netherlands	171.057	522.564	49934.564	6.108	19.135	6112.135	9.93e-06	3.033e-05	0.00289795	3.5e-07	1.11e-06	0.00035472
Estonia	4.012	14.616	1991.616	0.0	0.0	69.0	3.04e-06	1.107e-05	0.00150779	0.0	0.0	5.224e-05
Spain	352.375	1040.336	245723.336	0.028	0.137	27136.137	7.54e-06	2.227e-05	0.00525907	0.0	0.0	0.00058078
Montenegro	0.189	0.467	333.467	0.0	0.0	9.0	3e-07	7.5e-07	0.00053582	0.0	0.0	1.446e-05
Guernsey	0.0	0.0	1.0	0.0	0.0	0.0	0.0	0.0	1.491e-05	0.0	0.0	0.0
Croatia	1.106	2.735	2260.735	0.4	1.214	108.214	2.7e-07	6.7e-07	0.00055283	1e-07	3e-07	2.646e-05
Azerbaijan	341.819	1025.523	12016.523	4.246	12.89	145.89	3.438e-05	0.00010315	0.00120862	4.3e-07	1.3e-06	1.467e-05
Latvia	1.343	4.208	1108.208	0.333	1.026	31.026	7e-07	2.18e-06	0.00057523	1.7e-07	5.3e-07	1.61e-05
Germany	224.497	717.807	189321.807	15.053	47.073	8898.073	2.71e-06	8.66e-06	0.00228297	1.8e-07	5.7e-07	0.0001073
Albania	49.595	134.123	1856.123	0.49	1.256	39.256	1.73e-05	4.679e-05	0.00064755	1.7e-07	4.4e-07	1.37e-05
Slovakia	3.428	9.434	1570.434	0.0	0.0	28.0	6.3e-07	1.73e-06	0.00028831	0.0	0.0	5.14e-06
Republic of Serbia	67.667	205.98	12727.98	0.704	2.143	259.143	9.69e-06	2.95e-05	0.00182295	1e-07	3.1e-07	3.712e-05
Portugal	283.036	872.418	38544.418	4.503	14.552	1537.552	2.753e-05	8.485e-05	0.00374881	4.4e-07	1.42e-06	0.00014954
Ireland	14.808	44.953	25385.953	3.568	11.13	1721.13	3.05e-06	9.26e-06	0.00523044	7.4e-07	2.29e-06	0.00035462
Macedonia	149.065	440.093	4922.093	6.006	16.079	226.079	7.156e-05	0.00021128	0.00236303	2.88e-06	7.72e-06	0.00010854
Switzerland	23.899	68.54	31255.54	2.356	7.152	1963.152	2.81e-06	8.05e-06	0.00366998	2.8e-07	8.4e-07	0.00023051
Vatican	0.0	0.0	12.0	2.356	7.152	7.152	0.0	0.0	0.01498127	0.00294132	0.00892884	0.00892884
Liechtenstein	0.0	0.0	82.0	0.0	0.0	1.0	0.0	0.0	0.00216302	0.0	0.0	2.638e-05
Lithuania	7.919	24.04	1802.04	0.588	1.764	77.764	2.84e-06	8.62e-06	0.000646	2.1e-07	6.3e-07	2.788e-05
Kosovo	35.648	106.239	1592.239	0.298	0.813	33.813	1.932e-05	5.757e-05	0.00086286	1.6e-07	4.4e-07	1.832e-05
United Kingdom	1307.333	3993.779	304710.779	161.379	497.874	42735.874	1.966e-05	6.007e-05	0.00458288	2.43e-06	7.49e-06	0.00064275
Slovenia	1.413	4.288	1507.288	0.0	0.0	109.0	6.8e-07	2.07e-06	0.00072908	0.0	0.0	5.272e-05
Hungary	8.684	27.592	4105.592	2.047	6.214	573.214	8.9e-07	2.82e-06	0.00042028	2.1e-07	6.4e-07	5.868e-05
Monaco	0.0	0.0	99.0	0.0	0.0	4.0	0.0	0.0	0.00255933	0.0	0.0	0.00010341
Bulgaria	79.673	240.65	3782.65	1.663	5.278	189.278	1.134e-05	3.426e-05	0.00053852	2.4e-07	7.5e-07	2.695e-05
Romania	220.263	650.295	23410.295	11.261	33.246	1484.246	1.131e-05	3.339e-05	0.00120213	5.8e-07	1.71e-06	7.622e-05
Italy	269.29	817.496	238645.496	57.98	178.825	34626.825	4.46e-06	1.353e-05	0.00394904	9.6e-07	2.96e-06	0.000573
Denmark	33.11	100.515	12594.515	0.7	2.551	600.551	5.71e-06	1.734e-05	0.00217242	1.2e-07	4.4e-07	0.00010359
Andorra	0.165	0.501	854.501	0.017	0.053	52.053	2.14e-06	6.51e-06	0.01109655	2.2e-07	6.9e-07	0.00067596
Austria	25.051	78.71	17281.71	1.072	2.822	689.822	2.83e-06	8.9e-06	0.00195339	1.2e-07	3.2e-07	7.797e-05
Finland	15.774	48.62	7165.62	0.382	1.187	327.187	2.86e-06	8.81e-06	0.00129858	7e-08	2.2e-07	5.929e-05
Malta	3.198	9.324	671.324	0.0	0.0	9.0	6.61e-06	1.928e-05	0.00138838	0.0	0.0	1.861e-05
Greece	15.297	47.141	3250.141	0.3	0.962	187.962	1.43e-06	4.39e-06	0.00030297	3e-08	9e-08	1.752e-05
Armenia	507.786	1541.51	19574.51	10.627	31.883	333.883	0.00017203	0.00052223	0.00663143	3.6e-06	1.08e-05	0.00011311
Israel	179.13	533.85	20316.85	0.321	1.35	304.35	2.016e-05	6.009e-05	0.00228695	4e-08	1.5e-07	3.426e-05
Iceland	0.439	1.198	1816.198	0.0	0.0	10.0	1.24e-06	3.39e-06	0.00513668	0.0	0.0	2.828e-05
