Name	Predicted_New_Cases	Total_Predicted_New_Cases	Total_Predicted_Cases	Predicted_New_Deaths	Total_Predicted_New_Deaths	Total_Predicted_Deaths	Predicted_New_per_capita	Predicted_Total_New_per_capita	Predicted_Total_Cases_per_capita	Predicted_New_Deaths_per_capita	Total_Predicted_New_Deaths_per_capita	Total_Predicted_Deaths_per_capita
Czech Republic	1.409	5377.357	10233.633	0.0	113.352	284.766	1.3e-07	0.00050607	0.0009631	0.0	1.067e-05	2.68e-05
West Bank And Gaza	0.237	906.023	993.323	0.012	16.252	12.669	5e-08	0.0001812	0.00019866	0.0	3.25e-06	2.53e-06
Poland	8.131	19201.139	21250.396	0.226	863.324	943.13	2.1e-07	0.00050558	0.00055954	1e-08	2.273e-05	2.483e-05
Belarus	9.132	21564.466	20083.229	0.01	124.206	131.105	9.6e-07	0.00227344	0.00211728	0.0	1.309e-05	1.382e-05
Sweden	12.088	28544.176	32720.054	1.752	4674.506	4647.916	1.19e-06	0.00280307	0.00321315	1.7e-07	0.00045904	0.00045643
Russia	372.989	453151.883	303009.343	4.012	4550.84	2954.007	2.58e-06	0.00313648	0.00209727	3e-08	3.15e-05	2.045e-05
Norway	0.282	3338.842	9312.431	0.0	185.748	304.058	5e-08	0.00062827	0.00175232	0.0	3.495e-05	5.721e-05
Luxembourg	0.478	1822.368	4697.494	0.0	16.582	94.813	7.9e-07	0.00299866	0.0077296	0.0	2.729e-05	0.00015601
Cyprus	0.0	135.382	905.048	0.0	1.29	13.87	0.0	0.00011571	0.00077355	0.0	1.1e-06	1.185e-05
Ukraine	8.41	19859.298	18277.51	0.156	417.06	421.373	1.9e-07	0.00044505	0.0004096	0.0	9.35e-06	9.44e-06
France	37.669	143755.241	240906.993	8.588	32773.928	40457.631	5.6e-07	0.00214601	0.00359631	1.3e-07	0.00048926	0.00060396
Jersey	0.0	0.0	2.0	0.233	198.859	102.353	0.0	0.0	2.049e-05	2.39e-06	0.00203776	0.00104884
Moldova	0.378	4483.204	5492.558	0.054	205.158	196.236	1.1e-07	0.00126434	0.001549	2e-08	5.786e-05	5.534e-05
San Marino	0.183	700.269	897.749	0.045	58.845	71.392	5.42e-06	0.02072722	0.02657241	1.33e-06	0.00174175	0.00211313
Georgia	0.215	821.421	890.389	0.015	19.755	15.538	6e-08	0.00022016	0.00023865	0.0	5.29e-06	4.16e-06
Bosnia and Herzegovina	0.088	1573.57	2316.558	0.039	82.327	99.806	3e-08	0.00047341	0.00069693	1e-08	2.477e-05	3.003e-05
Belgium	15.378	58685.174	76046.09	0.967	11451.295	13045.674	1.35e-06	0.00513788	0.00665782	8e-08	0.00100256	0.00114215
Turkey	35.681	183603.395	206192.934	2.588	6110.156	5908.473	4.3e-07	0.00223037	0.00250478	3e-08	7.422e-05	7.177e-05
Netherlands	8.383	43136.955	60450.092	1.599	6100.865	7648.55	4.9e-07	0.00250345	0.00350821	9e-08	0.00035406	0.00044388
Estonia	0.333	1271.455	2312.364	0.131	172.143	136.83	2.5e-07	0.00096258	0.00175062	1e-07	0.00013032	0.00010359
Spain	52.177	199121.755	325839.84	0.0	14009.244	30483.257	1.12e-06	0.00426168	0.00697375	0.0	0.00029983	0.00065241
Montenegro	0.0	152.646	406.724	0.001	10.357	10.946	0.0	0.00024528	0.00065353	0.0	1.664e-05	1.759e-05
Guernsey	0.0	0.0	1.0	0.001	10.357	5.946	0.0	0.0	1.491e-05	1e-08	0.00015446	8.868e-05
Croatia	0.0	247.558	2195.926	0.032	123.726	120.099	0.0	6.054e-05	0.00053698	1e-08	3.026e-05	2.937e-05
Azerbaijan	0.0	973.478	2152.416	0.0	29.256	37.632	0.0	9.791e-05	0.00021649	0.0	2.94e-06	3.79e-06
Latvia	0.144	549.93	1089.573	0.02	26.346	25.055	7e-08	0.00028545	0.00056556	1e-08	1.368e-05	1.301e-05
Germany	5.476	98200.566	209516.592	2.737	10446.869	11493.853	7e-08	0.00118417	0.00252649	3e-08	0.00012598	0.0001386
Albania	0.382	901.906	1167.446	0.048	51.394	53.949	1.3e-07	0.00031465	0.00040729	2e-08	1.793e-05	1.882e-05
Slovakia	0.85	2643.334	2816.796	0.135	164.483	102.199	1.6e-07	0.00048528	0.00051713	2e-08	3.02e-05	1.876e-05
Republic of Serbia	4.034	15396.236	15353.001	0.062	237.532	259.578	5.8e-07	0.00220511	0.00219891	1e-08	3.402e-05	3.718e-05
Portugal	4.52	23260.222	35579.527	0.063	1134.043	1471.178	4.4e-07	0.00226228	0.00346045	1e-08	0.0001103	0.00014309
Ireland	0.0	20754.72	30046.66	1.287	2521.273	2188.406	0.0	0.00427623	0.00619071	2.7e-07	0.00051947	0.00045089
Macedonia	0.604	2304.192	2605.478	0.0	59.132	91.245	2.9e-07	0.00110621	0.00125085	0.0	2.839e-05	4.381e-05
Switzerland	0.0	9986.588	34413.184	0.02	1433.762	2389.226	0.0	0.00117261	0.00404075	0.0	0.00016835	0.00028054
Vatican	0.318	136.556	77.737	0.02	1433.762	840.226	0.000397	0.1704819	0.09704994	2.497e-05	1.78996504	1.04897129
Liechtenstein	0.953	409.643	287.198	0.0	0.0	1.0	2.514e-05	0.01080567	0.00757578	0.0	0.0	2.638e-05
Lithuania	4.915	5231.131	4141.005	1.708	990.03	541.162	1.76e-06	0.00187527	0.00148448	6.1e-07	0.00035491	0.000194
Kosovo	0.322	1227.354	1205.379	0.053	68.939	48.776	1.7e-07	0.00066512	0.00065322	3e-08	3.736e-05	2.643e-05
United Kingdom	59.797	228202.085	268537.799	4.194	32074.424	37093.13	9e-07	0.00343218	0.00403883	6e-08	0.0004824	0.00055788
Slovenia	0.099	759.757	1799.528	0.066	155.128	165.765	5e-08	0.0003675	0.00087044	3e-08	7.504e-05	8.018e-05
Hungary	0.918	3503.74	4269.104	0.278	656.79	606.349	9e-08	0.00035867	0.00043701	3e-08	6.723e-05	6.207e-05
Monaco	0.0	0.0	94.191	0.0	0.438	4.7	0.0	0.0	0.00243501	0.0	1.132e-05	0.0001215
Bulgaria	0.897	1916.125	2163.121	0.0	52.514	83.115	1.3e-07	0.00027279	0.00030795	0.0	7.48e-06	1.183e-05
Romania	4.048	15446.486	18847.471	0.235	897.875	1053.707	2.1e-07	0.00079319	0.00096783	1e-08	4.611e-05	5.411e-05
Italy	4.754	123004.816	260807.025	2.842	21733.12	37950.233	8e-08	0.00203545	0.00431576	5e-08	0.00035963	0.00062799
Denmark	1.452	7471.574	12519.583	0.017	433.351	643.552	2.5e-07	0.00128877	0.0021595	0.0	7.475e-05	0.00011101
Andorra	0.0	102.654	802.424	0.0	16.77	48.129	0.0	0.00133306	0.01042028	0.0	0.00021778	0.000625
Austria	0.0	611.374	15590.197	0.177	674.653	904.236	0.0	6.91e-05	0.00176219	2e-08	7.626e-05	0.00010221
Finland	2.583	6098.529	7694.971	0.456	646.814	519.415	4.7e-07	0.0011052	0.00139451	8e-08	0.00011722	9.413e-05
Malta	0.0	61.842	495.269	0.0	0.0	3.0	0.0	0.0001279	0.00102428	0.0	0.0	6.2e-06
Greece	0.252	960.634	3007.264	0.029	111.213	188.01	2e-08	8.955e-05	0.00028033	0.0	1.037e-05	1.753e-05
Armenia	1.32	2585.362	2952.85	0.201	190.603	122.96	4.5e-07	0.00087587	0.00100036	7e-08	6.457e-05	4.166e-05
Israel	0.0	4504.382	17909.73	0.106	404.742	421.315	0.0	0.00050703	0.002016	1e-08	4.556e-05	4.743e-05
Iceland	0.0	203.798	1916.988	0.0	6.492	13.955	0.0	0.00057639	0.00542174	0.0	1.836e-05	3.947e-05
