Name	Predicted_New_Cases	Total_Predicted_New_Cases	Total_Predicted_Cases	Predicted_New_Deaths	Total_Predicted_New_Deaths	Total_Predicted_Deaths	Predicted_New_per_capita	Predicted_Total_New_per_capita	Predicted_Total_Cases_per_capita	Predicted_New_Deaths_per_capita	Total_Predicted_New_Deaths_per_capita	Total_Predicted_Deaths_per_capita
Czech Republic	0.125	5222.91	5383.217	0.0	10.669	2940.145	1e-08	0.00049154	0.00050662	0.0	1e-06	0.0002767
West Bank And Gaza	0.192	8037.214	8268.341	0.004	88.247	4197.819	4e-08	0.00160744	0.00165367	0.0	1.765e-05	0.00083956
Poland	0.208	10525.648	11021.427	0.007	296.648	9356.615	1e-08	0.00027715	0.0002902	0.0	7.81e-06	0.00024637
Belarus	0.09	3764.392	3820.524	0.003	125.35	1291.287	1e-08	0.00039686	0.00040278	0.0	1.322e-05	0.00013613
Sweden	0.35	14651.3	14848.301	0.0	30.443	3630.488	3e-08	0.00143878	0.00145812	0.0	2.99e-06	0.00035652
Russia	0.16	6682.454	10191.393	0.061	2544.373	67678.092	0.0	4.625e-05	7.054e-05	0.0	1.761e-05	0.00046843
Norway	0.0	17.518	54.985	0.0	0.122	684.805	0.0	3.3e-06	1.035e-05	0.0	2e-08	0.00012886
Luxembourg	0.06	2512.846	2529.77	0.0	0.0	418.478	1e-07	0.00413482	0.00416267	0.0	0.0	0.00068859
Cyprus	0.002	118.887	128.759	0.0	0.0	180.405	0.0	0.00010161	0.00011005	0.0	0.0	0.00015419
Ukraine	0.694	35058.752	36095.391	0.033	931.104	19363.146	2e-08	0.00078567	0.00080891	0.0	2.087e-05	0.00043393
France	1.963	82094.804	83776.76	0.0	151.385	29296.483	3e-08	0.00122553	0.00125064	0.0	2.26e-06	0.00043734
Jersey	0.0	0.0	2.0	0.0	0.0	0.0	0.0	0.0	2.049e-05	0.0	0.0	0.0
Moldova	0.197	8218.04	8463.731	0.011	224.774	4714.593	6e-08	0.00231763	0.00238692	0.0	6.339e-05	0.0013296
San Marino	0.002	29.048	739.048	0.0	0.0	42.0	6e-08	0.00085979	0.02187503	0.0	0.0	0.00124316
Georgia	0.001	78.31	96.857	0.0	7.997	273.67	0.0	2.099e-05	2.596e-05	0.0	2.14e-06	7.335e-05
Bosnia and Herzegovina	0.087	4378.391	4589.388	0.009	259.491	4011.145	3e-08	0.00131723	0.00138071	0.0	7.807e-05	0.00120675
Belgium	0.0	1038.579	1473.284	0.014	590.492	8534.393	0.0	9.093e-05	0.00012899	0.0	5.17e-05	0.00074718
Turkey	0.112	4679.217	5557.995	0.023	647.026	16479.362	0.0	5.684e-05	6.752e-05	0.0	7.86e-06	0.00020019
Netherlands	0.125	6301.033	6865.174	0.0	87.849	9991.611	1e-08	0.00036568	0.00039842	0.0	5.1e-06	0.00057986
Estonia	0.002	84.356	87.357	0.0	3.827	78.178	0.0	6.386e-05	6.614e-05	0.0	2.9e-06	5.919e-05
Spain	3.466	144936.102	147664.027	0.016	682.942	50533.636	7e-08	0.00310198	0.00316036	0.0	1.462e-05	0.00108154
Montenegro	0.019	803.804	842.949	0.014	53.147	768.498	3e-08	0.00129157	0.00135447	2e-08	8.54e-05	0.00123484
Guernsey	0.0	0.0	1.0	0.014	53.147	53.147	0.0	0.0	1.491e-05	2.1e-07	0.00079262	0.00079262
Croatia	0.134	5614.241	5850.287	0.07	99.434	2705.818	3e-08	0.00137288	0.0014306	2e-08	2.432e-05	0.00066167
Azerbaijan	0.007	305.768	311.797	0.001	50.713	755.608	0.0	3.075e-05	3.136e-05	0.0	5.1e-06	7.6e-05
Latvia	0.0	0.093	0.242	0.003	5.717	36.958	0.0	5e-08	1.3e-07	0.0	2.97e-06	1.918e-05
Germany	0.136	5686.779	6494.856	0.0	52.263	14238.442	0.0	6.857e-05	7.832e-05	0.0	6.3e-07	0.0001717
Albania	0.066	2766.512	2869.969	0.004	115.753	1955.279	2e-08	0.00096516	0.00100125	0.0	4.038e-05	0.00068214
Slovakia	0.012	1225.112	1251.153	0.0	0.03	475.904	0.0	0.00022491	0.0002297	0.0	1e-08	8.737e-05
Portugal	0.0	12.731	162.675	0.003	87.875	2753.957	0.0	1.24e-06	1.582e-05	0.0	8.55e-06	0.00026785
Ireland	0.009	355.889	409.871	0.0	5.932	992.414	0.0	7.333e-05	8.445e-05	0.0	1.22e-06	0.00020447
Macedonia	0.025	1281.484	1378.418	0.046	178.014	1924.398	1e-08	0.00061522	0.00066176	2e-08	8.546e-05	0.00092388
Switzerland	0.057	2375.171	2528.784	0.0	2.967	2664.793	1e-08	0.00027889	0.00029693	0.0	3.5e-07	0.0003129
Vatican	0.0	0.0	12.0	0.0	2.967	2.967	0.0	0.0	0.01498127	0.0	0.00370412	0.00370412
Liechtenstein	0.0	13.142	14.809	0.279	519.794	530.586	0.0	0.00034666	0.00039064	7.36e-06	0.01371126	0.01399594
Lithuania	0.012	519.948	535.691	0.0	4.152	291.837	0.0	0.00018639	0.00019204	0.0	1.49e-06	0.00010462
United Kingdom	0.197	8235.025	8848.507	0.0	393.183	11604.08	0.0	0.00012386	0.00013308	0.0	5.91e-06	0.00017453
Slovenia	0.0	319.234	333.228	0.0	10.81	249.37	0.0	0.00015442	0.00016118	0.0	5.23e-06	0.00012062
Hungary	0.02	823.757	848.08	0.0	6.135	433.129	0.0	8.433e-05	8.682e-05	0.0	6.3e-07	4.434e-05
Bulgaria	0.04	1684.523	1744.793	0.02	285.208	1774.421	1e-08	0.00023982	0.0002484	0.0	4.06e-05	0.00025261
Romania	0.37	18676.607	19547.728	0.044	1213.351	17132.401	2e-08	0.00095906	0.00100379	0.0	6.231e-05	0.00087976
Italy	0.03	1250.322	1587.406	0.076	3171.265	9088.933	0.0	2.069e-05	2.627e-05	0.0	5.248e-05	0.0001504
Denmark	0.0	120.039	252.34	0.0	8.897	2264.354	0.0	2.071e-05	4.353e-05	0.0	1.53e-06	0.00039058
Andorra	0.004	155.293	159.116	0.0	0.0	67.112	5e-08	0.00201664	0.00206628	0.0	0.0	0.00087152
Austria	0.056	3472.004	3583.333	0.0	3.647	1932.759	1e-08	0.00039245	0.00040503	0.0	4.1e-07	0.00021846
Finland	0.0	222.128	237.564	0.0	2.988	277.457	0.0	4.025e-05	4.305e-05	0.0	5.4e-07	5.028e-05
Malta	0.019	781.356	811.138	0.0	0.537	530.082	4e-08	0.00161594	0.00167753	0.0	1.11e-06	0.00109628
Greece	0.109	4537.3	4697.903	0.058	127.916	2865.855	1e-08	0.00042295	0.00043792	1e-08	1.192e-05	0.00026715
Israel	0.665	27813.136	28850.764	0.0	99.334	19061.178	7e-08	0.00313077	0.00324757	0.0	1.118e-05	0.00214561
