Name	Predicted_New_Cases	Total_Predicted_New_Cases	Total_Predicted_Cases	Predicted_New_Deaths	Total_Predicted_New_Deaths	Total_Predicted_Deaths	Predicted_New_per_capita	Predicted_Total_New_per_capita	Predicted_Total_Cases_per_capita	Predicted_New_Deaths_per_capita	Total_Predicted_New_Deaths_per_capita	Total_Predicted_Deaths_per_capita
Czech Republic	1.315	988.127	10256.127	0.0	10.069	330.069	1.2e-07	9.299e-05	0.00096522	0.0	9.5e-07	3.106e-05
West Bank And Gaza	0.0	28.981	476.981	0.009	2.972	5.972	0.0	5.8e-06	9.54e-05	0.0	5.9e-07	1.19e-06
Poland	25.925	9100.995	32886.995	0.708	240.992	1304.992	6.8e-07	0.00023964	0.00086594	2e-08	6.35e-06	3.436e-05
Belarus	67.233	22875.824	65431.824	0.353	120.057	355.057	7.09e-06	0.00241169	0.00689817	4e-08	1.266e-05	3.743e-05
Sweden	36.955	12573.89	50115.89	5.005	1563.838	5958.838	3.63e-06	0.00123477	0.00492144	4.9e-07	0.00015357	0.00058517
Russia	637.601	216942.753	622785.753	14.517	4377.26	9070.26	4.41e-06	0.00150156	0.00431059	1e-07	3.03e-05	6.278e-05
Norway	0.76	317.695	8757.695	0.0	0.483	236.483	1.4e-07	5.978e-05	0.00164794	0.0	9e-08	4.45e-05
Luxembourg	0.0	27.74	4045.74	0.0	0.517	110.517	0.0	4.565e-05	0.00665716	0.0	8.5e-07	0.00018185
Cyprus	0.183	62.39	1006.39	0.0	0.0	17.0	1.6e-07	5.332e-05	0.00086016	0.0	0.0	1.453e-05
Ukraine	25.601	8987.171	32659.171	0.894	313.811	1021.811	5.7e-07	0.0002014	0.0007319	2e-08	7.03e-06	2.29e-05
France	37.334	12702.857	201711.857	6.755	2036.779	30841.779	5.6e-07	0.00018963	0.0030112	1e-07	3.041e-05	0.00046041
Jersey	0.0	0.0	2.0	0.0	0.0	0.0	0.0	0.0	2.049e-05	0.0	0.0	0.0
Moldova	10.352	3522.38	11773.38	0.685	206.528	501.528	2.92e-06	0.00099337	0.0033203	1.9e-07	5.824e-05	0.00014144
San Marino	0.079	31.229	702.229	0.015	4.113	46.113	2.34e-06	0.00092435	0.02078523	4.4e-07	0.00012174	0.0013649
Georgia	0.0	42.069	825.069	0.0	0.0	12.0	0.0	1.128e-05	0.00022114	0.0	0.0	3.22e-06
Bosnia and Herzegovina	1.049	356.98	2866.98	0.141	47.868	200.868	3.2e-07	0.0001074	0.00086253	4e-08	1.44e-05	6.043e-05
Belgium	11.669	4878.742	63259.742	1.713	678.78	10145.78	1.02e-06	0.00042713	0.00553838	1.5e-07	5.943e-05	0.00088826
Turkey	76.258	25946.694	189888.694	2.307	762.948	5302.948	9.3e-07	0.00031519	0.00230672	3e-08	9.27e-06	6.442e-05
Netherlands	13.075	4448.726	51093.726	1.35	459.212	6434.212	7.6e-07	0.00025818	0.00296522	8e-08	2.665e-05	0.00037341
Estonia	0.514	170.025	2039.025	3.324	250.257	318.257	3.9e-07	0.00012872	0.00154368	2.52e-06	0.00018946	0.00024094
Spain	7.007	9751.199	249230.199	13.882	4723.283	31850.283	1.5e-07	0.0002087	0.00533412	3e-07	0.00010109	0.00068167
Montenegro	0.0	0.0	324.0	0.0	0.0	9.0	0.0	0.0	0.00052061	0.0	0.0	1.446e-05
Guernsey	0.0	0.0	1.0	0.0	0.0	0.0	0.0	0.0	1.491e-05	0.0	0.0	0.0
Croatia	0.0	2.961	2248.961	0.047	16.066	119.066	0.0	7.2e-07	0.00054995	1e-08	3.93e-06	2.912e-05
Azerbaijan	14.369	4332.6	9826.6	0.118	40.273	103.273	1.45e-06	0.00043577	0.00098836	1e-08	4.05e-06	1.039e-05
Latvia	0.041	83.693	1149.693	0.011	5.34	29.34	2e-08	4.344e-05	0.00059677	1e-08	2.77e-06	1.523e-05
Germany	12.496	8425.314	191835.314	2.854	971.136	9511.136	1.5e-07	0.0001016	0.00231328	3e-08	1.171e-05	0.00011469
Albania	6.067	1149.19	2286.19	1.136	110.086	143.086	2.12e-06	0.00040092	0.00079759	4e-07	3.841e-05	4.992e-05
Slovakia	0.184	62.615	1583.615	0.0	0.0	28.0	3e-08	1.15e-05	0.00029073	0.0	0.0	5.14e-06
Republic of Serbia	0.0	417.692	11829.692	0.0	4.792	247.792	0.0	5.982e-05	0.00169429	0.0	6.9e-07	3.549e-05
Portugal	17.002	5784.979	38284.979	0.911	319.899	1729.899	1.65e-06	0.00056264	0.00372358	9e-08	3.111e-05	0.00016825
Ireland	0.765	1064.7	26054.7	0.186	139.419	1791.419	1.6e-07	0.00021937	0.00536822	4e-08	2.873e-05	0.0003691
Macedonia	1.946	662.022	2888.022	0.117	39.837	172.837	9.3e-07	0.00031783	0.0013865	6e-08	1.913e-05	8.298e-05
Switzerland	0.0	237.803	31099.803	0.037	51.791	1971.791	0.0	2.792e-05	0.00365169	0.0	6.08e-06	0.00023152
Vatican	0.0	0.0	12.0	0.037	51.791	51.791	0.0	0.0	0.01498127	4.619e-05	0.06465793	0.06465793
Liechtenstein	0.0	0.0	82.0	0.0	0.0	1.0	0.0	0.0	0.00216302	0.0	0.0	2.638e-05
Lithuania	0.0	89.643	1764.643	0.066	22.447	92.447	0.0	3.214e-05	0.00063259	2e-08	8.05e-06	3.314e-05
Kosovo	0.0	50.694	1114.694	0.0	1.827	31.827	0.0	2.747e-05	0.00060407	0.0	9.9e-07	1.725e-05
United Kingdom	181.262	61674.157	337830.157	6.753	4553.213	43124.213	2.73e-06	0.00092758	0.00508099	1e-07	6.848e-05	0.00064859
Slovenia	0.13	29.739	1502.739	0.006	6.5	114.5	6e-08	1.438e-05	0.00072688	0.0	3.14e-06	5.538e-05
Hungary	0.0	338.547	4214.547	0.476	148.618	674.618	0.0	3.466e-05	0.00043143	5e-08	1.521e-05	6.906e-05
Monaco	0.0	1.87	100.87	0.0	0.0	4.0	0.0	4.834e-05	0.00260767	0.0	0.0	0.00010341
Bulgaria	0.0	130.057	2643.057	0.0	13.169	153.169	0.0	1.852e-05	0.00037628	0.0	1.87e-06	2.181e-05
Romania	13.685	4526.629	23783.629	0.907	299.94	1565.94	7e-07	0.00023245	0.00122131	5e-08	1.54e-05	8.041e-05
Italy	0.549	8058.091	241055.091	0.0	776.283	34191.283	1e-08	0.00013334	0.00398891	0.0	1.285e-05	0.00056579
Denmark	0.076	808.571	12677.571	0.0	6.84	580.84	1e-08	0.00013947	0.00218675	0.0	1.18e-06	0.00010019
Andorra	0.02	6.331	770.331	0.0	0.0	51.0	2.6e-07	8.221e-05	0.01000352	0.0	0.0	0.00066229
Austria	0.028	489.214	17220.214	57.61	3809.848	4477.848	0.0	5.53e-05	0.00194644	6.51e-06	0.00043064	0.00050614
Finland	2.458	836.326	7695.326	0.092	31.365	351.365	4.5e-07	0.00015156	0.00139457	2e-08	5.68e-06	6.368e-05
Malta	0.0	8.244	626.244	0.0	0.706	9.706	0.0	1.705e-05	0.00129515	0.0	1.46e-06	2.007e-05
Greece	0.111	116.211	3033.211	0.0	11.543	186.543	1e-08	1.083e-05	0.00028275	0.0	1.08e-06	1.739e-05
Armenia	32.851	10264.58	19546.58	2.312	437.87	568.87	1.113e-05	0.00347743	0.00662197	7.8e-07	0.00014834	0.00019272
Israel	13.802	2461.014	19532.014	0.043	14.745	299.745	1.55e-06	0.00027702	0.00219861	0.0	1.66e-06	3.374e-05
Iceland	0.02	6.819	1812.819	0.0	0.0	10.0	6e-08	1.929e-05	0.00512713	0.0	0.0	2.828e-05
