Name	Predicted_New_Cases	Total_Predicted_New_Cases	Total_Predicted_Cases	Predicted_New_Deaths	Total_Predicted_New_Deaths	Total_Predicted_Deaths	Predicted_New_per_capita	Predicted_Total_New_per_capita	Predicted_Total_Cases_per_capita	Predicted_New_Deaths_per_capita	Total_Predicted_New_Deaths_per_capita	Total_Predicted_Deaths_per_capita
Czech Republic	42.965	221.804	8696.804	2.303	14.094	312.094	4.04e-06	2.087e-05	0.00081847	2.2e-07	1.33e-06	2.937e-05
West Bank And Gaza	0.036	0.401	381.401	0.0	0.0	2.0	1e-08	8e-08	7.628e-05	0.0	0.0	4e-07
Poland	367.91	1847.956	20376.956	17.037	87.951	1012.951	9.69e-06	4.866e-05	0.00053654	4.5e-07	2.32e-06	2.667e-05
Belarus	901.237	4616.531	34266.531	4.738	24.272	189.272	9.501e-05	0.0004867	0.00361256	5e-07	2.56e-06	1.995e-05
Sweden	506.392	2653.137	32796.137	62.202	321.114	4000.114	4.973e-05	0.00026054	0.00322062	6.11e-06	3.153e-05	0.00039282
Russia	10154.001	52419.388	334171.388	95.22	483.82	3114.82	7.028e-05	0.00036282	0.00231296	6.6e-07	3.35e-06	2.156e-05
Norway	15.074	95.097	8344.097	2.858	12.227	244.227	2.84e-06	1.789e-05	0.00157011	5.4e-07	2.3e-06	4.596e-05
Luxembourg	6.336	34.467	3979.467	0.362	2.284	109.284	1.043e-05	5.671e-05	0.00654811	6e-07	3.76e-06	0.00017982
Cyprus	2.232	12.888	928.888	0.206	1.181	18.181	1.91e-06	1.102e-05	0.00079392	1.8e-07	1.01e-06	1.554e-05
Ukraine	420.515	2187.968	20478.968	15.913	80.854	594.854	9.42e-06	4.903e-05	0.00045894	3.6e-07	1.81e-06	1.333e-05
France	172.899	1893.1	181586.1	181.74	938.221	29049.221	2.58e-06	2.826e-05	0.00271076	2.71e-06	1.401e-05	0.00043365
Jersey	0.0	0.0	2.0	0.0	0.0	0.0	0.0	0.0	2.049e-05	0.0	0.0	0.0
Moldova	133.634	671.225	6731.225	6.469	33.136	244.136	3.769e-05	0.0001893	0.00189832	1.82e-06	9.34e-06	6.885e-05
San Marino	2.799	17.767	671.767	0.0	0.0	41.0	8.285e-05	0.00052588	0.01988359	0.0	0.0	0.00121356
Georgia	6.071	31.341	726.341	0.444	1.917	13.917	1.63e-06	8.4e-06	0.00019468	1.2e-07	5.1e-07	3.73e-06
Bosnia and Herzegovina	20.121	115.304	2405.304	4.324	22.324	155.324	6.05e-06	3.469e-05	0.00072363	1.3e-06	6.72e-06	4.673e-05
Belgium	378.134	1967.456	57247.456	27.602	247.706	9299.706	3.311e-05	0.00017225	0.005012	2.42e-06	2.169e-05	0.00081419
Turkey	1356.356	7341.892	156776.892	48.546	252.587	4392.587	1.648e-05	8.919e-05	0.00190449	5.9e-07	3.07e-06	5.336e-05
Netherlands	190.175	1074.673	45269.673	28.87	179.11	5878.11	1.104e-05	6.237e-05	0.00262722	1.68e-06	1.039e-05	0.00034114
Estonia	5.025	25.943	1799.943	0.768	3.965	66.965	3.8e-06	1.964e-05	0.00136268	5.8e-07	3e-06	5.07e-05
Spain	1106.728	5713.416	236411.416	142.854	782.484	28345.484	2.369e-05	0.00012228	0.00505977	3.06e-06	1.675e-05	0.00060666
Montenegro	0.001	0.011	324.011	0.093	0.605	9.605	0.0	2e-08	0.00052063	1.5e-07	9.7e-07	1.543e-05
Guernsey	0.0	0.0	1.0	0.093	0.605	0.605	0.0	0.0	1.491e-05	1.39e-06	9.02e-06	9.02e-06
Croatia	10.735	55.419	2281.419	1.112	5.871	100.871	2.63e-06	1.355e-05	0.00055789	2.7e-07	1.44e-06	2.467e-05
Azerbaijan	92.838	471.719	3745.719	1.39	5.905	44.905	9.34e-06	4.745e-05	0.00037674	1.4e-07	5.9e-07	4.52e-06
Latvia	6.185	33.477	1041.477	0.155	0.812	19.812	3.21e-06	1.738e-05	0.00054059	8e-08	4.2e-07	1.028e-05
Germany	570.123	3261.572	179630.572	46.05	292.306	8254.306	6.87e-06	3.933e-05	0.0021661	5.6e-07	3.52e-06	9.954e-05
Albania	7.737	39.943	985.943	0.0	0.0	31.0	2.7e-06	1.394e-05	0.00034397	0.0	0.0	1.082e-05
Slovakia	3.146	19.517	1513.517	0.161	0.928	28.928	5.8e-07	3.58e-06	0.00027786	3e-08	1.7e-07	5.31e-06
Republic of Serbia	63.389	343.12	10953.12	1.85	10.681	240.681	9.08e-06	4.914e-05	0.00156875	2.6e-07	1.53e-06	3.447e-05
Portugal	150.267	941.376	29977.376	10.404	54.927	1272.927	1.461e-05	9.156e-05	0.00291559	1.01e-06	5.34e-06	0.0001238
Ireland	175.43	905.646	25017.646	9.803	61.845	1604.845	3.615e-05	0.0001866	0.00515455	2.02e-06	1.274e-05	0.00033066
Macedonia	20.017	103.338	1895.338	0.852	4.399	105.399	9.61e-06	4.961e-05	0.00090993	4.1e-07	2.11e-06	5.06e-05
Switzerland	36.48	208.695	30795.695	8.27	43.03	1924.03	4.28e-06	2.45e-05	0.00361599	9.7e-07	5.05e-06	0.00022592
Vatican	0.006	0.055	12.055	8.27	43.03	43.03	7.49e-06	6.866e-05	0.01504994	0.01032459	0.05372035	0.05372035
Liechtenstein	0.0	0.0	82.0	0.0	0.0	1.0	0.0	0.0	0.00216302	0.0	0.0	2.638e-05
Lithuania	11.66	58.569	1599.569	0.757	3.745	59.745	4.18e-06	2.1e-05	0.00057342	2.7e-07	1.34e-06	2.142e-05
Kosovo	21.695	79.923	1034.923	0.0	0.887	29.887	1.176e-05	4.331e-05	0.00056084	0.0	4.8e-07	1.62e-05
United Kingdom	3120.428	17387.825	262382.825	361.228	1955.31	36671.31	4.693e-05	0.00026151	0.00394626	5.43e-06	2.941e-05	0.00055154
Slovenia	1.998	10.398	1476.398	0.266	1.898	105.898	9.7e-07	5.03e-06	0.00071414	1.3e-07	9.2e-07	5.122e-05
Hungary	30.283	159.876	3668.876	5.726	33.148	484.148	3.1e-06	1.637e-05	0.00037557	5.9e-07	3.39e-06	4.956e-05
Monaco	0.113	0.585	96.585	0.0	0.0	4.0	2.92e-06	1.512e-05	0.0024969	0.0	0.0	0.00010341
Bulgaria	31.728	176.939	2387.939	1.907	9.923	117.923	4.52e-06	2.519e-05	0.00033996	2.7e-07	1.41e-06	1.679e-05
Romania	187.994	1088.322	17959.322	20.455	107.991	1214.991	9.65e-06	5.589e-05	0.00092222	1.05e-06	5.55e-06	6.239e-05
Italy	835.901	4634.983	230069.983	168.377	922.282	32830.282	1.383e-05	7.67e-05	0.00380713	2.79e-06	1.526e-05	0.00054327
Denmark	70.627	403.239	11528.239	0.673	8.907	555.907	1.218e-05	6.955e-05	0.0019885	1.2e-07	1.54e-06	9.589e-05
Andorra	1.385	6.583	767.583	0.272	1.49	52.49	1.799e-05	8.549e-05	0.00996783	3.53e-06	1.935e-05	0.00068164
Austria	45.422	228.148	16470.148	1.781	10.063	639.063	5.13e-06	2.579e-05	0.00186166	2e-07	1.14e-06	7.223e-05
Finland	43.965	275.424	6622.424	4.24	21.891	319.891	7.97e-06	4.991e-05	0.00120014	7.7e-07	3.97e-06	5.797e-05
Malta	7.542	31.488	584.488	0.242	0.892	6.892	1.56e-05	6.512e-05	0.00120879	5e-07	1.84e-06	1.425e-05
Greece	14.041	71.343	2905.343	1.083	5.591	168.591	1.31e-06	6.65e-06	0.00027083	1e-07	5.2e-07	1.572e-05
Armenia	135.518	688.579	5160.579	1.083	5.591	65.591	4.591e-05	0.00023328	0.0017483	3.7e-07	1.89e-06	2.222e-05
Israel	18.093	113.348	16730.348	3.212	16.581	288.581	2.04e-06	1.276e-05	0.00188324	3.6e-07	1.87e-06	3.248e-05
Iceland	0.081	0.728	1802.728	0.0	0.0	10.0	2.3e-07	2.06e-06	0.00509859	0.0	0.0	2.828e-05
