Name	Predicted_New_Cases	Total_Predicted_New_Cases	Total_Predicted_Cases	Predicted_New_Deaths	Total_Predicted_New_Deaths	Total_Predicted_Deaths	Predicted_New_per_capita	Predicted_Total_New_per_capita	Predicted_Total_Cases_per_capita	Predicted_New_Deaths_per_capita	Total_Predicted_New_Deaths_per_capita	Total_Predicted_Deaths_per_capita
Czech Republic	10.42	1634.659	10355.659	0.005	37.083	341.083	9.8e-07	0.00015384	0.00097459	0.0	3.49e-06	3.21e-05
West Bank And Gaza	0.412	46.894	444.894	0.0	0.0	2.0	8e-08	9.38e-06	8.898e-05	0.0	0.0	4e-07
Poland	48.61	8694.147	28433.147	2.43	434.642	1396.642	1.28e-06	0.00022892	0.00074866	6e-08	1.144e-05	3.677e-05
Belarus	126.413	22609.54	55035.54	0.654	116.917	295.917	1.333e-05	0.00238362	0.00580214	7e-08	1.233e-05	3.12e-05
Sweden	72.856	13030.705	44553.705	9.029	1614.864	5445.864	7.15e-06	0.00127963	0.00437523	8.9e-07	0.00015858	0.00053479
Russia	1214.044	230262.819	538967.819	15.265	2600.003	5572.003	8.4e-06	0.00159376	0.00373045	1.1e-07	1.8e-05	3.857e-05
Norway	0.0	241.804	8522.804	0.213	38.015	272.015	0.0	4.55e-05	0.00160374	4e-08	7.15e-06	5.119e-05
Luxembourg	1.25	212.814	4183.814	0.096	17.102	126.102	2.06e-06	0.00035018	0.00688435	1.6e-07	2.814e-05	0.0002075
Cyprus	0.142	43.601	965.601	0.018	4.008	21.008	1.2e-07	3.727e-05	0.0008253	2e-08	3.43e-06	1.796e-05
Ukraine	51.704	9806.552	29036.552	2.806	467.092	1031.092	1.16e-06	0.00021977	0.00065072	6e-08	1.047e-05	2.311e-05
France	0.0	3154.196	184854.196	26.805	4794.141	32929.141	0.0	4.709e-05	0.00275954	4e-07	7.157e-05	0.00049157
Jersey	0.0	0.0	2.0	0.0	0.0	0.0	0.0	0.0	2.049e-05	0.0	0.0	0.0
Moldova	28.132	4563.488	11116.488	0.795	146.206	374.206	7.93e-06	0.00128698	0.00313504	2.2e-07	4.123e-05	0.00010553
San Marino	0.234	64.624	720.624	0.0	0.0	41.0	6.93e-06	0.0019128	0.0213297	0.0	0.0	0.00121356
Georgia	2.524	341.451	1054.451	0.409	31.754	43.754	6.8e-07	9.152e-05	0.00028262	1.1e-07	8.51e-06	1.173e-05
Bosnia and Herzegovina	2.922	554.129	2892.129	0.0	26.669	162.669	8.8e-07	0.00016671	0.00087009	0.0	8.02e-06	4.894e-05
Belgium	0.0	3698.111	59681.111	0.101	787.189	9937.189	0.0	0.00032377	0.00522507	1e-08	6.892e-05	0.00087
Turkey	206.362	36908.814	189495.814	6.232	1146.006	5368.006	2.51e-06	0.00044836	0.00230195	8e-08	1.392e-05	6.521e-05
Netherlands	5.301	3188.39	47835.39	0.087	502.081	6269.081	3.1e-07	0.00018504	0.00277612	1e-08	2.914e-05	0.00036383
Estonia	0.804	140.274	1934.274	0.0	2.161	66.161	6.1e-07	0.0001062	0.00146438	0.0	1.64e-06	5.009e-05
Spain	0.0	6350.561	238905.561	9.237	2555.715	30443.715	0.0	0.00013592	0.00511315	2e-07	5.47e-05	0.00065157
Montenegro	0.0	0.0	324.0	0.018	2.14	11.14	0.0	0.0	0.00052061	3e-08	3.44e-06	1.79e-05
Guernsey	0.0	0.0	1.0	0.018	2.14	2.14	0.0	0.0	1.491e-05	2.7e-07	3.192e-05	3.192e-05
Croatia	0.0	19.968	2253.968	0.001	11.59	107.59	0.0	4.88e-06	0.00055117	0.0	2.83e-06	2.631e-05
Azerbaijan	17.32	2883.417	6514.417	0.624	63.817	106.817	1.74e-06	0.00029001	0.00065522	6e-08	6.42e-06	1.074e-05
Latvia	1.56	253.132	1269.132	0.142	13.78	34.78	8.1e-07	0.00013139	0.00065876	7e-08	7.15e-06	1.805e-05
Germany	37.166	10841.95	189314.95	0.0	373.654	8517.654	4.5e-07	0.00013074	0.00228289	0.0	4.51e-06	0.00010271
Albania	3.201	433.06	1397.06	0.0	0.0	31.0	1.12e-06	0.00015108	0.0004874	0.0	0.0	1.082e-05
Slovakia	0.73	127.31	1623.31	0.112	12.721	40.721	1.3e-07	2.337e-05	0.00029802	2e-08	2.34e-06	7.48e-06
Republic of Serbia	9.715	1737.619	12570.619	0.052	31.265	266.265	1.39e-06	0.00024887	0.00180041	1e-08	4.48e-06	3.814e-05
Portugal	27.963	5001.323	34661.323	1.533	274.188	1537.188	2.72e-06	0.00048643	0.00337115	1.5e-07	2.667e-05	0.00014951
Ireland	23.189	4147.539	28462.539	0.0	155.511	1726.511	4.78e-06	0.00085454	0.00586433	0.0	3.204e-05	0.00035572
Macedonia	2.866	512.588	2370.588	1.086	105.338	215.338	1.38e-06	0.00024609	0.00113809	5.2e-07	5.057e-05	0.00010338
Switzerland	2.113	687.5	31345.5	0.0	71.682	1963.682	2.5e-07	8.073e-05	0.00368054	0.0	8.42e-06	0.00023057
Vatican	0.0	0.0	12.0	0.0	71.682	71.682	0.0	0.0	0.01498127	0.0	0.08949064	0.08949064
Liechtenstein	0.0	0.0	82.0	0.0	0.0	1.0	0.0	0.0	0.00216302	0.0	0.0	2.638e-05
Lithuania	1.094	221.279	1798.279	0.251	35.943	95.943	3.9e-07	7.932e-05	0.00064465	9e-08	1.288e-05	3.439e-05
Kosovo	1.508	269.729	1258.729	0.055	6.629	35.629	8.2e-07	0.00014617	0.00068213	3e-08	3.59e-06	1.931e-05
United Kingdom	246.219	62010.387	311629.387	50.938	9366.914	45152.914	3.7e-06	0.00093264	0.00468693	7.7e-07	0.00014088	0.0006791
Slovenia	0.0	6.012	1474.012	0.0	1.128	106.128	0.0	2.91e-06	0.00071299	0.0	5.5e-07	5.133e-05
Hungary	5.031	877.216	4475.216	0.0	73.935	543.935	5.2e-07	8.98e-05	0.00045811	0.0	7.57e-06	5.568e-05
Monaco	0.008	1.487	98.487	0.0	0.0	4.0	2.1e-07	3.844e-05	0.00254607	0.0	0.0	0.00010341
Bulgaria	3.249	716.103	3008.103	0.378	62.981	178.981	4.6e-07	0.00010195	0.00042825	5e-08	8.97e-06	2.548e-05
Romania	14.611	3844.779	21231.779	2.223	449.48	1596.48	7.5e-07	0.00019743	0.00109027	1.1e-07	2.308e-05	8.198e-05
Italy	53.158	15507.21	242871.21	24.406	4487.999	36817.999	8.8e-07	0.00025661	0.00401896	4e-07	7.427e-05	0.00060925
Denmark	0.068	962.076	12277.076	0.336	60.101	614.101	1e-08	0.00016595	0.00211767	6e-08	1.037e-05	0.00010593
Andorra	0.121	21.662	783.662	0.071	11.57	62.57	1.57e-06	0.0002813	0.01017664	9.2e-07	0.00015025	0.00081253
Austria	9.212	1494.419	17847.419	0.002	22.366	655.366	1.04e-06	0.00016892	0.00201733	0.0	2.53e-06	7.408e-05
Finland	7.086	1344.059	7787.059	0.591	105.77	409.77	1.28e-06	0.00024357	0.0014112	1.1e-07	1.917e-05	7.426e-05
Malta	5.125	523.941	1107.941	0.731	41.809	47.809	1.06e-05	0.00108357	0.00229136	1.51e-06	8.647e-05	9.887e-05
Greece	2.436	414.916	3264.916	0.968	104.399	270.399	2.3e-07	3.868e-05	0.00030435	9e-08	9.73e-06	2.521e-05
Armenia	33.765	5297.153	10568.153	1.728	158.816	225.816	1.144e-05	0.00179456	0.00358027	5.9e-07	5.38e-05	7.65e-05
Israel	0.0	159.82	16826.82	0.006	37.535	316.535	0.0	1.799e-05	0.0018941	0.0	4.23e-06	3.563e-05
Iceland	0.0	1.681	1804.681	0.0	0.0	10.0	0.0	4.75e-06	0.00510411	0.0	0.0	2.828e-05
