Name	Predicted_New_Cases	Total_Predicted_New_Cases	Total_Predicted_Cases	Predicted_New_Deaths	Total_Predicted_New_Deaths	Total_Predicted_Deaths	Predicted_New_per_capita	Predicted_Total_New_per_capita	Predicted_Total_Cases_per_capita	Predicted_New_Deaths_per_capita	Total_Predicted_New_Deaths_per_capita	Total_Predicted_Deaths_per_capita
Wexford	0.0	0.449	12.449	0.03	137.035	140.035	0.0	1.342e-05	0.00037199	9e-07	0.00409475	0.0041844
Roscommon	0.0	0.0	21.0	0.03	137.035	137.035	0.0	0.0	0.00087925	1.26e-06	0.00573752	0.00573752
Antrim	0.0	3.827	15.827	0.03	137.035	137.035	0.0	0.00016379	0.00067738	1.28e-06	0.00586497	0.00586497
Van Buren	0.0	165.64	312.64	0.0	0.0	6.0	0.0	0.00219542	0.00414378	0.0	0.0	7.952e-05
Michigan Department of Corrections (MDOC)	44.572	114220.98	118185.98	0.0	19.259	89.259	N/A	N/A	N/A	N/A	N/A	N/A
Branch	0.034	948.714	1072.714	0.0	0.0	2.0	7.8e-07	0.02174852	0.02459112	0.0	0.0	4.585e-05
Mecosta	0.015	169.567	190.567	0.0	0.0	2.0	3.4e-07	0.00389406	0.00437632	0.0	0.0	4.593e-05
Grand Traverse	0.079	362.747	389.747	0.0	0.0	5.0	8.5e-07	0.0039185	0.00421016	0.0	0.0	5.401e-05
Cass	0.0	3.223	86.223	0.024	108.826	111.826	0.0	6.24e-05	0.00166927	4.6e-07	0.00210687	0.00216495
Mackinac	0.059	274.077	282.077	0.0	0.0	0.0	5.47e-06	0.02540808	0.02614972	0.0	0.0	0.0
Unassigned	0.0	126.588	138.588	0.041	104.596	105.596	N/A	N/A	N/A	N/A	N/A	N/A
Osceola	0.0	7.112	18.112	0.041	104.596	104.596	0.0	0.0003047	0.00077597	1.76e-06	0.00448121	0.00448121
Huron	0.094	435.297	483.297	0.0	0.0	1.0	3.02e-06	0.01396705	0.01550719	0.0	0.0	3.209e-05
Jackson	0.0	451.959	907.959	0.002	80.332	108.332	0.0	0.00284568	0.0057168	1e-08	0.0005058	0.00068209
