Name	Predicted_New_Cases	Total_Predicted_New_Cases	Total_Predicted_Cases	Predicted_New_Deaths	Total_Predicted_New_Deaths	Total_Predicted_Deaths	Predicted_New_per_capita	Predicted_Total_New_per_capita	Predicted_Total_Cases_per_capita	Predicted_New_Deaths_per_capita	Total_Predicted_New_Deaths_per_capita	Total_Predicted_Deaths_per_capita
Schoolcraft	0.0	0.0	3.0	93.319	4313.143	4313.143	0.0	0.0	0.00037184	0.01156656	0.53459879	0.53459879
Eaton	0.0	15.287	89.287	0.0	0.0	5.0	0.0	0.00013919	0.00081299	0.0	0.0	4.553e-05
Delta	0.0	0.0	9.0	0.0	0.0	1.0	0.0	0.0	0.000251	0.0	0.0	2.789e-05
Wayne	192.194	12943.922	24591.922	38.916	1879.115	2639.115	0.00010958	0.00738011	0.01402134	2.219e-05	0.0010714	0.00150472
Wexford	0.167	10.72	17.72	0.0	0.0	1.0	4.99e-06	0.00032033	0.00052949	0.0	0.0	2.988e-05
Roscommon	0.27	17.34	26.34	0.0	0.0	0.0	1.13e-05	0.00072601	0.00110283	0.0	0.0	0.0
Antrim	0.0	0.0	8.0	0.0	0.0	0.0	0.0	0.0	0.00034239	0.0	0.0	0.0
Saginaw	17.209	795.39	1088.39	0.0	0.0	13.0	9.019e-05	0.00416871	0.00570435	0.0	0.0	6.813e-05
Houghton	0.0	0.0	1.0	0.0	0.0	0.0	0.0	0.0	2.761e-05	0.0	0.0	0.0
Berrien	2.089	124.578	229.578	0.0	0.0	4.0	1.355e-05	0.00080821	0.0014894	0.0	0.0	2.595e-05
Alpena	0.0	0.0	1.0	0.0	0.0	0.0	0.0	0.0	3.526e-05	0.0	0.0	0.0
Van Buren	0.261	16.781	37.781	0.0	0.0	1.0	3.46e-06	0.00022242	0.00050076	0.0	0.0	1.325e-05
Macomb	62.036	4079.212	7497.212	22.692	909.515	1149.515	7.092e-05	0.00466324	0.0085706	2.594e-05	0.00103973	0.00131409
Michigan Department of Corrections (MDOC)	0.0	0.0	0.0	0.0	0.0	0.0	N/A	N/A	N/A	N/A	N/A	N/A
Lapeer	2.787	179.019	285.019	0.0	0.0	6.0	3.166e-05	0.00203366	0.00323782	0.0	0.0	6.816e-05
Kalkaska	0.196	12.587	26.587	0.0	0.0	2.0	1.1e-05	0.00070618	0.00149164	0.0	0.0	0.00011221
Branch	0.0	0.0	29.0	0.0	0.0	2.0	0.0	0.0	0.0006648	0.0	0.0	4.585e-05
Ogemaw	0.044	2.796	6.796	0.0	0.0	0.0	2.1e-06	0.00013345	0.00032436	0.0	0.0	0.0
Tuscola	1.293	74.937	119.937	0.82	31.215	38.215	2.462e-05	0.00142694	0.00228382	1.561e-05	0.00059439	0.00072768
Allegan	0.527	33.847	56.847	0.82	31.215	31.215	4.49e-06	0.00028848	0.00048452	6.99e-06	0.00026605	0.00026605
Federal Correctional Institution (FCI)	0.0	0.0	0.0	0.0	0.0	0.0	N/A	N/A	N/A	N/A	N/A	N/A
Mecosta	0.239	15.383	26.383	0.0	0.0	1.0	5.49e-06	0.00035327	0.00060588	0.0	0.0	2.296e-05
Grand Traverse	0.122	11.577	28.577	0.0	0.0	3.0	1.32e-06	0.00012506	0.0003087	0.0	0.0	3.241e-05
Montmorency	0.0	0.0	0.0	0.0	0.0	0.0	0.0	0.0	0.0	0.0	0.0	0.0
Kalamazoo	1.691	108.621	199.621	0.0	0.0	7.0	6.38e-06	0.00041009	0.00075366	0.0	0.0	2.643e-05
Sanilac	0.37	23.776	46.776	0.0	0.0	2.0	8.98e-06	0.00057734	0.00113584	0.0	0.0	4.856e-05
Manistee	0.0	1.253	11.253	0.0	0.0	0.0	0.0	5.108e-05	0.00045878	0.0	0.0	0.0
Cass	0.196	12.587	23.587	0.0	0.0	1.0	3.79e-06	0.00024368	0.00045664	0.0	0.0	1.936e-05
Missaukee	0.0	0.0	1.0	0.0	0.0	1.0	0.0	0.0	6.617e-05	0.0	0.0	6.617e-05
Ontonagon	0.0	0.0	1.0	0.0	0.0	0.0	0.0	0.0	0.00017256	0.0	0.0	0.0
Keweenaw	0.0	0.0	0.0	0.0	0.0	0.0	0.0	0.0	0.0	0.0	0.0	0.0
Bay	1.503	89.634	148.634	0.0	0.0	2.0	1.446e-05	0.0008625	0.00143023	0.0	0.0	1.925e-05
Hillsdale	0.0	32.09	109.09	0.0	5.248	12.248	0.0	0.00070144	0.00238453	0.0	0.00011471	0.00026772
Muskegon	1.98	107.553	175.553	0.0	0.0	4.0	1.141e-05	0.00061959	0.00101132	0.0	0.0	2.304e-05
Monroe	4.356	266.649	456.649	0.0	0.0	7.0	2.896e-05	0.00177247	0.00303544	0.0	0.0	4.653e-05
Gratiot	0.109	6.987	13.987	0.0	0.0	0.0	2.68e-06	0.0001721	0.00034452	0.0	0.0	0.0
Chippewa	0.0	0.0	1.0	0.0	0.0	0.0	0.0	0.0	2.665e-05	0.0	0.0	0.0
Alger	0.0	0.0	0.0	0.0	0.0	0.0	0.0	0.0	0.0	0.0	0.0	0.0
Dickinson	0.0	0.0	3.0	0.0	0.0	2.0	0.0	0.0	0.00011819	0.0	0.0	7.879e-05
Washtenaw	6.205	500.434	1236.434	0.487	29.794	47.794	1.673e-05	0.00134901	0.00333304	1.31e-06	8.032e-05	0.00012884
Isabella	1.219	78.321	119.321	0.172	7.95	11.95	1.728e-05	0.00110996	0.00169101	2.44e-06	0.00011267	0.00016935
Livingston	3.461	222.371	447.371	0.115	5.304	10.304	1.81e-05	0.00116288	0.00233951	6e-07	2.774e-05	5.388e-05
Mackinac	0.0	0.0	4.0	0.115	5.304	5.304	0.0	0.0	0.00037082	1.066e-05	0.0004917	0.0004917
Alcona	0.0	0.0	0.0	0.0	0.0	0.0	0.0	0.0	0.0	0.0	0.0	0.0
Marquette	0.0	3.537	27.537	0.0	0.0	4.0	0.0	5.318e-05	0.00041399	0.0	0.0	6.014e-05
Oscoda	0.0	0.0	4.0	0.0	0.0	0.0	0.0	0.0	0.00048333	0.0	0.0	0.0
Lenawee	0.697	44.752	94.752	0.0	0.0	0.0	7.09e-06	0.00045542	0.00096424	0.0	0.0	0.0
Benzie	0.0	0.0	0.0	0.0	0.0	0.0	0.0	0.0	0.0	0.0	0.0	0.0
Cheboygan	0.0	0.752	12.752	0.0	0.0	1.0	0.0	2.959e-05	0.00050179	0.0	0.0	3.935e-05
Iosco	0.0	0.246	4.246	0.0	0.0	1.0	0.0	9.81e-06	0.00016929	0.0	0.0	3.987e-05
Kent	7.21	405.23	716.23	2.423	87.525	100.525	1.103e-05	0.00061982	0.00109551	3.71e-06	0.00013387	0.00015376
Emmet	0.489	31.419	52.419	0.0	0.0	2.0	1.468e-05	0.00094329	0.00157377	0.0	0.0	6.005e-05
Ionia	0.305	19.58	34.58	0.0	0.0	2.0	4.75e-06	0.00030494	0.00053855	0.0	0.0	3.115e-05
Midland	0.657	40.218	73.218	0.0	0.0	1.0	7.9e-06	0.00048334	0.00087993	0.0	0.0	1.202e-05
Calhoun	1.942	112.572	195.572	1.537	58.534	60.534	1.444e-05	0.00083705	0.00145421	1.143e-05	0.00043524	0.00045011
Gladwin	0.065	4.196	8.196	1.537	58.534	58.534	2.57e-06	0.00016561	0.00032348	6.066e-05	0.00231022	0.00231022
Oceana	0.0	0.0	3.0	0.0	0.0	1.0	0.0	0.0	0.00011268	0.0	0.0	3.756e-05
Lake	0.327	20.976	22.976	0.0	0.0	0.0	2.752e-05	0.00176551	0.00193384	0.0	0.0	0.0
Unassigned	18.723	1202.767	1280.767	2.581	119.311	123.311	N/A	N/A	N/A	N/A	N/A	N/A
Osceola	4.624	75.66	80.66	2.581	119.311	119.311	0.00019811	0.00324151	0.00345572	0.00011058	0.00511165	0.00511165
Gogebic	0.065	4.196	8.196	0.0	0.0	1.0	4.31e-06	0.00027795	0.00054293	0.0	0.0	6.624e-05
Mason	0.0	0.0	2.0	0.0	0.0	0.0	0.0	0.0	6.873e-05	0.0	0.0	0.0
Shiawassee	0.718	46.15	99.15	0.0	0.0	1.0	1.053e-05	0.00067677	0.00145398	0.0	0.0	1.466e-05
Barry	0.0	1.671	12.671	0.0	0.0	0.0	0.0	2.732e-05	0.00020719	0.0	0.0	0.0
Montcalm	0.234	19.869	41.869	0.0	0.0	1.0	3.66e-06	0.00031061	0.00065453	0.0	0.0	1.563e-05
Leelanau	0.24	13.056	17.056	0.0	0.0	0.0	1.103e-05	0.00059989	0.00078368	0.0	0.0	0.0
Ingham	3.064	224.756	478.756	0.462	25.985	29.985	1.047e-05	0.00076778	0.00163546	1.58e-06	8.877e-05	0.00010243
Charlevoix	0.187	12.027	23.027	0.0	0.0	1.0	7.13e-06	0.00045828	0.00087742	0.0	0.0	3.81e-05
Iron	0.0	0.0	0.0	0.0	0.0	0.0	0.0	0.0	0.0	0.0	0.0	0.0
Arenac	0.0	0.0	5.0	0.0	0.0	0.0	0.0	0.0	0.00033242	0.0	0.0	0.0
Clare	9.934	140.014	144.014	0.0	0.0	1.0	0.00032298	0.00455226	0.00468232	0.0	0.0	3.251e-05
Luce	0.0	0.0	1.0	0.0	0.0	0.0	0.0	0.0	0.00015916	0.0	0.0	0.0
Baraga	0.0	0.0	0.0	0.0	0.0	0.0	0.0	0.0	0.0	0.0	0.0	0.0
Otsego	0.441	28.342	62.342	0.0	0.0	2.0	1.788e-05	0.00114908	0.00252755	0.0	0.0	8.109e-05
Out of MI	2.9	200.4	348.4	0.0	0.0	1.0	N/A	N/A	N/A	N/A	N/A	N/A
Ottawa	1.472	85.352	154.352	0.0	0.0	2.0	5.07e-06	0.00029382	0.00053134	0.0	0.0	6.88e-06
Huron	7.707	126.098	132.098	0.0	0.0	0.0	0.00024729	0.00404601	0.00423853	0.0	0.0	0.0
Clinton	1.988	127.735	220.735	0.0	0.0	4.0	2.506e-05	0.00161013	0.00278242	0.0	0.0	5.042e-05
Crawford	3.446	111.733	123.733	0.0	0.0	1.0	0.0002479	0.00803777	0.00890101	0.0	0.0	7.194e-05
Presque Isle	0.0	0.0	2.0	0.0	0.0	0.0	0.0	0.0	0.00015701	0.0	0.0	0.0
Menominee	0.0	0.0	1.0	0.0	0.0	0.0	0.0	0.0	4.351e-05	0.0	0.0	0.0
Newaygo	0.397	16.724	22.724	0.0	0.0	0.0	8.12e-06	0.00034206	0.00046478	0.0	0.0	0.0
Saint Joseph	0.0	0.0	21.0	0.0	0.0	0.0	0.0	0.0	0.00034402	0.0	0.0	0.0
Genesee	21.203	1330.207	2318.207	2.177	139.856	216.856	5.211e-05	0.00326919	0.00569735	5.35e-06	0.00034372	0.00053296
Oakland	94.122	6046.551	11119.551	8.307	495.416	842.416	7.475e-05	0.0048019	0.00883064	6.6e-06	0.00039344	0.00066901
Saint Clair	5.962	355.537	561.537	0.0	0.0	7.0	3.742e-05	0.00223135	0.00352421	0.0	0.0	4.393e-05
Jackson	3.703	226.626	398.626	0.0	0.0	6.0	2.332e-05	0.00142691	0.00250988	0.0	0.0	3.778e-05
