Name	Confirmed	Deaths	Recovered	Active	Confirmed_per_capita	Deaths_per_capita	IFR_0.30_expected	IFR_0.65_expected	IFR_1.0_expected	IFR_0.30_expected_per_capita	IFR_0.65_expected_per_capita	IFR_1.0_expected_per_capita
Barry	145.0	2.0	0.0	143.0	0.00237095	3.27e-05	666.666666667	307.692307692	200.0	0.0109	0.00503076923077	0.00327
Presque Isle	14.0	0.0	0.0	14.0	0.00109907	0.0	70.0	28.0	17.5	0.00549535	0.00219814	0.0013738375
Allegan	404.0	7.0	0.0	397.0	0.00344337	5.966e-05	2333.33333333	1076.92307692	700.0	0.0198866666667	0.00917846153846	0.005966
Branch	289.0	2.0	0.0	287.0	0.0066251	4.585e-05	666.666666667	307.692307692	200.0	0.0152833333333	0.00705384615385	0.004585
Ionia	227.0	5.0	0.0	222.0	0.00353527	7.787e-05	1666.66666667	769.230769231	500.0	0.0259566666667	0.01198	0.007787
Lenawee	291.0	11.0	0.0	280.0	0.00296135	0.00011194	3666.66666667	1692.30769231	1100.0	0.0373133333333	0.0172215384615	0.011194
Mecosta	42.0	2.0	0.0	40.0	0.00096452	4.593e-05	666.666666667	307.692307692	200.0	0.01531	0.00706615384615	0.004593
Otsego	127.0	10.0	0.0	117.0	0.005149	0.00040543	3333.33333333	1538.46153846	1000.0	0.135143333333	0.0623738461538	0.040543
Alpena	124.0	13.0	0.0	111.0	0.00437236	0.00045839	4333.33333333	2000.0	1300.0	0.152796666667	0.0705215384615	0.045839
Lapeer	334.0	32.0	0.0	302.0	0.00379425	0.00036352	10666.6666667	4923.07692308	3200.0	0.121173333333	0.0559261538462	0.036352
Saginaw	1485.0	125.0	0.0	1360.0	0.00778302	0.00065514	41666.6666667	19230.7692308	12500.0	0.21838	0.100790769231	0.065514
Bay	455.0	31.0	0.0	424.0	0.00437824	0.0002983	10333.3333333	4769.23076923	3100.0	0.0994333333333	0.0458923076923	0.02983
Antrim	27.0	0.0	0.0	27.0	0.00115557	0.0	135.0	54.0	33.75	0.00577785	0.00231114	0.0014444625
Eaton	363.0	7.0	0.0	356.0	0.00330523	6.374e-05	2333.33333333	1076.92307692	700.0	0.0212466666667	0.00980615384615	0.006374
Chippewa	23.0	0.0	0.0	23.0	0.00061306	0.0	115.0	46.0	28.75	0.0030653	0.00122612	0.000766325
Wayne	24760.0	2770.0	0.0	21990.0	0.01411717	0.00157934	923333.333333	426153.846154	277000.0	0.526446666667	0.242975384615	0.157934
Shiawassee	288.0	28.0	0.0	260.0	0.00422337	0.00041061	9333.33333333	4307.69230769	2800.0	0.13687	0.0631707692308	0.041061
Huron	93.0	3.0	0.0	90.0	0.00298402	9.626e-05	1000.0	461.538461538	300.0	0.0320866666667	0.0148092307692	0.009626
Jackson	565.0	32.0	0.0	533.0	0.00355742	0.00020148	10666.6666667	4923.07692308	3200.0	0.06716	0.0309969230769	0.020148
Kent	6124.0	145.0	0.0	5979.0	0.00936698	0.00022179	48333.3333333	22307.6923077	14500.0	0.07393	0.0341215384615	0.022179
Lake	13.0	0.0	0.0	13.0	0.00109418	0.0	65.0	26.0	16.25	0.0054709	0.00218836	0.001367725
Leelanau	49.0	0.0	0.0	49.0	0.00225142	0.0	245.0	98.0	61.25	0.0112571	0.00450284	0.002814275
Mason	79.0	0.0	0.0	79.0	0.00271478	0.0	395.0	158.0	98.75	0.0135739	0.00542956	0.003393475
Isabella	180.0	8.0	0.0	172.0	0.00255095	0.00011338	2666.66666667	1230.76923077	800.0	0.0377933333333	0.0174430769231	0.011338
Saint Clair	623.0	53.0	0.0	570.0	0.00390995	0.00033263	17666.6666667	8153.84615385	5300.0	0.110876666667	0.0511738461538	0.033263
Tuscola	247.0	27.0	0.0	220.0	0.00470333	0.00051413	9000.0	4153.84615385	2700.0	0.171376666667	0.0790969230769	0.051413
Manistee	28.0	0.0	0.0	28.0	0.00114155	0.0	140.0	56.0	35.0	0.00570775	0.0022831	0.0014269375
Ogemaw	46.0	2.0	0.0	44.0	0.00219549	9.546e-05	666.666666667	307.692307692	200.0	0.03182	0.0146861538462	0.009546
Macomb	8138.0	932.0	0.0	7206.0	0.00930313	0.00106544	310666.666667	143384.615385	93200.0	0.355146666667	0.163913846154	0.106544
Kalkaska	42.0	3.0	0.0	39.0	0.00235637	0.00016831	1000.0	461.538461538	300.0	0.0561033333333	0.0258938461538	0.016831
Houghton	32.0	0.0	0.0	32.0	0.00088351	0.0	160.0	64.0	40.0	0.00441755	0.00176702	0.0011043875
Federal Correctional Institution (FCI)	187.0	5.0	0.0	182.0	N/A	N/A	1666.66666667	769.230769231	500.0	N/A	N/A	N/A
Washtenaw	2030.0	109.0	0.0	1921.0	0.00547224	0.00029383	36333.3333333	16769.2307692	10900.0	0.0979433333333	0.0452046153846	0.029383
Charlevoix	39.0	2.0	0.0	37.0	0.00148605	7.621e-05	666.666666667	307.692307692	200.0	0.0254033333333	0.0117246153846	0.007621
Benzie	17.0	1.0	0.0	16.0	0.00095758	5.633e-05	333.333333333	153.846153846	100.0	0.0187766666667	0.00866615384615	0.005633
Newaygo	205.0	0.0	0.0	205.0	0.00419291	0.0	1025.0	410.0	256.25	0.02096455	0.00838582	0.0052411375
Iosco	122.0	11.0	0.0	111.0	0.00486424	0.00043858	3666.66666667	1692.30769231	1100.0	0.146193333333	0.0674738461538	0.043858
Clinton	314.0	12.0	0.0	302.0	0.00395805	0.00015126	4000.0	1846.15384615	1200.0	0.05042	0.0232707692308	0.015126
Clare	35.0	3.0	0.0	32.0	0.00113795	9.754e-05	1000.0	461.538461538	300.0	0.0325133333333	0.0150061538462	0.009754
Genesee	3005.0	292.0	0.0	2713.0	0.00738525	0.00071764	97333.3333333	44923.0769231	29200.0	0.239213333333	0.110406153846	0.071764
Marquette	100.0	11.0	0.0	89.0	0.0015034	0.00016537	3666.66666667	1692.30769231	1100.0	0.0551233333333	0.0254415384615	0.016537
Missaukee	37.0	1.0	0.0	36.0	0.00244822	6.617e-05	333.333333333	153.846153846	100.0	0.0220566666667	0.01018	0.006617
Cass	210.0	7.0	0.0	203.0	0.00406559	0.00013552	2333.33333333	1076.92307692	700.0	0.0451733333333	0.0208492307692	0.013552
Midland	217.0	9.0	0.0	208.0	0.00260789	0.00010816	3000.0	1384.61538462	900.0	0.0360533333333	0.01664	0.010816
Ingham	1242.0	29.0	0.0	1213.0	0.00424275	9.907e-05	9666.66666667	4461.53846154	2900.0	0.0330233333333	0.0152415384615	0.009907
Gladwin	29.0	1.0	0.0	28.0	0.00114457	3.947e-05	333.333333333	153.846153846	100.0	0.0131566666667	0.00607230769231	0.003947
Keweenaw	2.0	0.0	0.0	2.0	0.00094652	0.0	10.0	4.0	2.5	0.0047326	0.00189304	0.00118315
Dickinson	27.0	2.0	0.0	25.0	0.0010637	7.879e-05	666.666666667	307.692307692	200.0	0.0262633333333	0.0121215384615	0.007879
Sanilac	60.0	6.0	0.0	54.0	0.00145695	0.00014569	2000.0	923.076923077	600.0	0.0485633333333	0.0224138461538	0.014569
Delta	42.0	3.0	0.0	39.0	0.00117132	8.367e-05	1000.0	461.538461538	300.0	0.02789	0.0128723076923	0.008367
Michigan Department of Corrections (MDOC)	4119.0	68.0	0.0	4051.0	N/A	N/A	22666.6666667	10461.5384615	6800.0	N/A	N/A	N/A
Emmet	46.0	2.0	0.0	44.0	0.00138105	6.005e-05	666.666666667	307.692307692	200.0	0.0200166666667	0.00923846153846	0.006005
Gratiot	110.0	14.0	0.0	96.0	0.00270943	0.00034484	4666.66666667	2153.84615385	1400.0	0.114946666667	0.0530523076923	0.034484
Ottawa	1384.0	53.0	0.0	1331.0	0.0047643	0.00018245	17666.6666667	8153.84615385	5300.0	0.0608166666667	0.0280692307692	0.018245
Osceola	57.0	0.0	0.0	57.0	0.00244205	0.0	285.0	114.0	71.25	0.01221025	0.0048841	0.0030525625
Livingston	641.0	28.0	0.0	613.0	0.00335209	0.00014643	9333.33333333	4307.69230769	2800.0	0.04881	0.0225276923077	0.014643
Montmorency	8.0	0.0	0.0	8.0	0.00086346	0.0	40.0	16.0	10.0	0.0043173	0.00172692	0.001079325
Alcona	24.0	1.0	0.0	23.0	0.00231616	9.651e-05	333.333333333	153.846153846	100.0	0.03217	0.0148476923077	0.009651
Kalamazoo	1277.0	72.0	0.0	1205.0	0.00482123	0.00027183	24000.0	11076.9230769	7200.0	0.09061	0.04182	0.027183
Schoolcraft	7.0	0.0	0.0	7.0	0.00086763	0.0	35.0	14.0	8.75	0.00433815	0.00173526	0.0010845375
Unassigned	3.0	0.0	0.0	3.0	N/A	N/A	15.0	6.0	3.75	N/A	N/A	N/A
Saint Joseph	417.0	5.0	0.0	412.0	0.00683125	8.191e-05	1666.66666667	769.230769231	500.0	0.0273033333333	0.0126015384615	0.008191
Ontonagon	1.0	0.0	0.0	1.0	0.00017256	0.0	5.0	2.0	1.25	0.0008628	0.00034512	0.0002157
Gogebic	21.0	1.0	0.0	20.0	0.0013911	6.624e-05	333.333333333	153.846153846	100.0	0.02208	0.0101907692308	0.006624
Calhoun	636.0	39.0	0.0	597.0	0.00472908	0.00028999	13000.0	6000.0	3900.0	0.0966633333333	0.0446138461538	0.028999
Grand Traverse	114.0	5.0	0.0	109.0	0.00123146	5.401e-05	1666.66666667	769.230769231	500.0	0.0180033333333	0.00830923076923	0.005401
Baraga	5.0	0.0	0.0	5.0	0.00060096	0.0	25.0	10.0	6.25	0.0030048	0.00120192	0.0007512
Crawford	84.0	5.0	0.0	79.0	0.00604273	0.00035969	1666.66666667	769.230769231	500.0	0.119896666667	0.0553369230769	0.035969
Oscoda	23.0	1.0	0.0	22.0	0.00277912	0.00012083	333.333333333	153.846153846	100.0	0.0402766666667	0.0185892307692	0.012083
Alger	4.0	0.0	0.0	4.0	0.00043971	0.0	20.0	8.0	5.0	0.00219855	0.00087942	0.0005496375
Van Buren	287.0	9.0	0.0	278.0	0.00380394	0.00011929	3000.0	1384.61538462	900.0	0.0397633333333	0.0183523076923	0.011929
Roscommon	41.0	0.0	0.0	41.0	0.00171663	0.0	205.0	82.0	51.25	0.00858315	0.00343326	0.0021457875
Muskegon	979.0	54.0	0.0	925.0	0.00563979	0.00031108	18000.0	8307.69230769	5400.0	0.103693333333	0.0478584615385	0.031108
Oceana	417.0	5.0	0.0	412.0	0.01566197	0.00018779	1666.66666667	769.230769231	500.0	0.0625966666667	0.0288907692308	0.018779
Berrien	1053.0	61.0	0.0	992.0	0.00683141	0.00039574	20333.3333333	9384.61538462	6100.0	0.131913333333	0.0608830769231	0.039574
Cheboygan	29.0	2.0	0.0	27.0	0.00114115	7.87e-05	666.666666667	307.692307692	200.0	0.0262333333333	0.0121076923077	0.00787
Hillsdale	215.0	25.0	0.0	190.0	0.00469956	0.00054646	8333.33333333	3846.15384615	2500.0	0.182153333333	0.0840707692308	0.054646
Luce	3.0	0.0	0.0	3.0	0.00047748	0.0	15.0	6.0	3.75	0.0023874	0.00095496	0.00059685
Iron	8.0	1.0	0.0	7.0	0.00071962	8.995e-05	333.333333333	153.846153846	100.0	0.0299833333333	0.0138384615385	0.008995
Mackinac	9.0	0.0	0.0	9.0	0.00083434	0.0	45.0	18.0	11.25	0.0041717	0.00166868	0.001042925
Montcalm	135.0	1.0	0.0	134.0	0.00211043	1.563e-05	333.333333333	153.846153846	100.0	0.00521	0.00240461538462	0.001563
Arenac	38.0	2.0	0.0	36.0	0.00252643	0.00013297	666.666666667	307.692307692	200.0	0.0443233333333	0.0204569230769	0.013297
Out of MI	84.0	0.0	0.0	84.0	N/A	N/A	420.0	168.0	105.0	N/A	N/A	N/A
Wexford	53.0	4.0	0.0	49.0	0.0015837	0.00011952	1333.33333333	615.384615385	400.0	0.03984	0.0183876923077	0.011952
Menominee	53.0	0.0	0.0	53.0	0.00230605	0.0	265.0	106.0	66.25	0.01153025	0.0046121	0.0028825625
Oakland	13171.0	1113.0	0.0	12058.0	0.01045981	0.00088389	371000.0	171230.769231	111300.0	0.29463	0.135983076923	0.088389
Monroe	706.0	23.0	0.0	683.0	0.00469293	0.00015289	7666.66666667	3538.46153846	2300.0	0.0509633333333	0.0235215384615	0.015289
