Name	Predicted_New_Cases	Total_Predicted_New_Cases	Total_Predicted_Cases	Predicted_New_Deaths	Total_Predicted_New_Deaths	Total_Predicted_Deaths	Predicted_New_per_capita	Predicted_Total_New_per_capita	Predicted_Total_Cases_per_capita	Predicted_New_Deaths_per_capita	Total_Predicted_New_Deaths_per_capita	Total_Predicted_Deaths_per_capita
Schoolcraft	0.0	0.0	3.0	1.555	3362.774	3495.85	0.0	0.0	0.00037184	0.00019274	0.41680392	0.43329822
Eaton	0.018	53.196	145.383	0.0	0.0	5.0	1.6e-07	0.00048437	0.00132376	0.0	0.0	4.553e-05
Delta	0.002	5.62	18.851	0.0	0.0	1.0	6e-08	0.00015673	0.00052573	0.0	0.0	2.789e-05
Wayne	0.0	6018.776	20305.643	0.315	1375.719	2582.119	0.0	0.00343167	0.01157747	1.8e-07	0.00078438	0.00147222
Wexford	0.0	0.0	7.0	0.0	0.0	1.0	0.0	0.0	0.00020917	0.0	0.0	2.988e-05
Roscommon	0.0	0.128	11.301	0.0	0.0	0.0	0.0	5.36e-06	0.00047316	0.0	0.0	0.0
Antrim	0.0	4.71	13.999	0.0	0.0	0.0	0.0	0.00020158	0.00059914	0.0	0.0	0.0
Saginaw	0.041	417.394	855.176	0.0	0.0	29.0	2.1e-07	0.0021876	0.00448205	0.0	0.0	0.00015199
Houghton	0.008	6.911	9.075	0.0	0.0	0.0	2.2e-07	0.00019081	0.00025056	0.0	0.0	0.0
Berrien	0.172	226.842	398.575	0.078	43.712	52.245	1.12e-06	0.00147165	0.00258578	5.1e-07	0.00028358	0.00033894
Alpena	0.0	0.0	15.0	0.0	0.0	1.0	0.0	0.0	0.00052891	0.0	0.0	3.526e-05
Van Buren	0.033	39.58	73.833	0.001	1.623	3.69	4.4e-07	0.0005246	0.00097859	1e-08	2.151e-05	4.891e-05
Macomb	0.891	3890.108	8480.246	0.492	737.964	1167.617	1.02e-06	0.00444706	0.00969438	5.6e-07	0.00084362	0.00133479
Michigan Department of Corrections (MDOC)	0.0	0.0	561.0	0.0	0.0	19.0	N/A	N/A	N/A	N/A	N/A	N/A
Lapeer	0.0	126.383	278.747	0.0	0.0	20.0	0.0	0.00143571	0.00316657	0.0	0.0	0.0002272
Kalkaska	0.007	19.785	37.598	0.0	0.0	2.0	3.9e-07	0.00111002	0.0021094	0.0	0.0	0.00011221
Branch	0.011	30.815	72.082	0.0	0.0	2.0	2.5e-07	0.00070641	0.00165242	0.0	0.0	4.585e-05
Ogemaw	0.005	6.389	12.607	0.0	0.0	0.0	2.4e-07	0.00030494	0.00060171	0.0	0.0	0.0
Tuscola	0.0	34.935	100.077	0.001	16.263	29.063	0.0	0.00066523	0.00190565	2e-08	0.00030968	0.00055341
Allegan	0.104	79.155	122.684	0.001	16.263	17.063	8.9e-07	0.00067465	0.00104566	1e-08	0.00013861	0.00014543
Federal Correctional Institution (FCI)	0.0	0.0	55.0	0.001	16.263	17.063	N/A	N/A	N/A	N/A	N/A	N/A
Mecosta	0.0	0.515	13.702	0.0	0.0	1.0	0.0	1.183e-05	0.00031466	0.0	0.0	2.296e-05
Grand Traverse	0.0	0.124	19.293	0.0	0.251	4.384	0.0	1.34e-06	0.00020841	0.0	2.71e-06	4.736e-05
Montmorency	0.0	0.0	4.0	0.0	0.254	0.387	0.0	0.0	0.00043173	0.0	2.742e-05	4.177e-05
Kalamazoo	1.172	654.234	847.216	0.406	119.088	128.386	4.42e-06	0.00247002	0.00319861	1.53e-06	0.00044961	0.00048471
Sanilac	0.006	18.595	51.359	0.001	3.241	6.374	1.5e-07	0.00045153	0.00124712	2e-08	7.87e-05	0.00015478
Manistee	0.0	5.197	16.437	0.001	3.241	3.374	0.0	0.00021188	0.00067013	4e-08	0.00013213	0.00013756
Cass	1.909	559.892	583.292	0.0	0.0	1.0	3.696e-05	0.01083949	0.01129251	0.0	0.0	1.936e-05
Missaukee	1.085	249.002	254.291	0.0	0.0	1.0	7.179e-05	0.01647601	0.01682598	0.0	0.0	6.617e-05
Ontonagon	0.0	0.0	1.0	0.0	0.0	0.0	0.0	0.0	0.00017256	0.0	0.0	0.0
Keweenaw	0.0	0.0	0.0	0.0	0.0	0.0	0.0	0.0	0.0	0.0	0.0	0.0
Bay	0.005	74.03	162.448	0.0	0.0	2.0	5e-08	0.00071235	0.00156316	0.0	0.0	1.925e-05
Hillsdale	0.0	12.332	104.634	0.0	5.92	17.56	0.0	0.00026956	0.00228713	0.0	0.0001294	0.00038383
Muskegon	3.328	1462.096	1621.038	0.685	157.067	164.249	1.917e-05	0.00842279	0.00933842	3.95e-06	0.00090483	0.0009462
Monroe	0.0	113.344	356.513	0.0	0.0	10.0	0.0	0.00075342	0.00236982	0.0	0.0	6.647e-05
Gratiot	0.0	0.075	8.177	0.0	0.0	1.0	0.0	1.85e-06	0.00020141	0.0	0.0	2.463e-05
Chippewa	0.008	24.324	27.324	0.0	0.0	0.0	2.1e-07	0.00064835	0.00072831	0.0	0.0	0.0
Alger	0.0	0.0	0.0	0.0	0.0	0.0	0.0	0.0	0.0	0.0	0.0	0.0
Dickinson	0.0	0.0	3.0	0.0	0.0	2.0	0.0	0.0	0.00011819	0.0	0.0	7.879e-05
Washtenaw	0.144	629.016	1533.718	0.087	72.262	104.809	3.9e-07	0.00169563	0.00413442	2.3e-07	0.0001948	0.00028253
Isabella	0.0	6.077	59.961	0.0	3.403	10.879	0.0	8.612e-05	0.00084976	0.0	4.823e-05	0.00015418
Livingston	0.091	265.961	564.894	0.063	48.322	60.255	4.8e-07	0.00139083	0.0029541	3.3e-07	0.0002527	0.0003151
Mackinac	0.0	0.0	4.0	0.063	48.322	49.255	0.0	0.0	0.00037082	5.84e-06	0.00447965	0.00456614
Alcona	0.025	72.979	79.979	0.063	48.322	49.255	2.41e-06	0.00704295	0.00771849	6.08e-06	0.00466339	0.00475343
Marquette	0.01	30.379	63.628	0.018	13.806	20.073	1.5e-07	0.00045672	0.00095658	2.7e-07	0.00020756	0.00030178
Oscoda	0.0	0.0	4.0	0.018	13.806	14.073	0.0	0.0	0.00048333	2.17e-06	0.0016682	0.00170046
Lenawee	0.023	68.111	135.911	0.018	13.806	14.073	2.3e-07	0.00069313	0.00138309	1.8e-07	0.0001405	0.00014321
Benzie	0.0	0.0	4.0	0.018	13.806	14.073	0.0	0.0	0.00022531	1.01e-06	0.00077767	0.00079271
Cheboygan	0.003	8.757	23.117	0.0	0.0	1.0	1.2e-07	0.00034459	0.00090965	0.0	0.0	3.935e-05
Iosco	2.004	459.695	473.228	0.008	24.324	27.324	7.99e-05	0.01832842	0.01886799	3.2e-07	0.00096982	0.00108943
Kent	0.656	779.235	1353.911	0.205	107.288	132.43	1e-06	0.00119188	0.00207088	3.1e-07	0.0001641	0.00020256
Emmet	0.0	0.863	22.25	0.0	0.0	2.0	0.0	2.591e-05	0.00066801	0.0	0.0	6.005e-05
Ionia	0.009	25.946	50.013	0.0	0.0	2.0	1.4e-07	0.00040408	0.0007789	0.0	0.0	3.115e-05
Midland	0.028	49.428	98.304	0.008	24.324	28.324	3.4e-07	0.00059402	0.00118141	1e-07	0.00029232	0.0003404
Calhoun	0.612	465.977	622.977	0.246	95.51	100.977	4.55e-06	0.00346485	0.00463225	1.83e-06	0.00071018	0.00075083
Gladwin	2.254	517.159	526.759	0.246	95.51	95.977	8.896e-05	0.02041122	0.02079011	9.71e-06	0.00376959	0.00378802
Oceana	0.0	0.0	3.0	0.0	0.0	1.0	0.0	0.0	0.00011268	0.0	0.0	3.756e-05
Lake	0.0	0.0	2.0	0.0	0.0	0.0	0.0	0.0	0.00016834	0.0	0.0	0.0
Unassigned	0.0	39.91	84.603	0.0	0.427	4.494	N/A	N/A	N/A	N/A	N/A	N/A
Osceola	0.003	8.542	15.893	0.0	0.427	0.494	1.3e-07	0.00036597	0.0006809	0.0	1.829e-05	2.116e-05
Gogebic	0.0	0.08	4.124	0.0	0.0	1.0	0.0	5.3e-06	0.00027318	0.0	0.0	6.624e-05
Mason	0.0	0.0	4.0	0.0	0.0	0.0	0.0	0.0	0.00013746	0.0	0.0	0.0
Shiawassee	0.142	187.47	302.861	0.0	0.0	2.0	2.08e-06	0.00274915	0.0044413	0.0	0.0	2.933e-05
Barry	0.363	189.949	217.971	0.0	0.0	1.0	5.94e-06	0.00310592	0.00356412	0.0	0.0	1.635e-05
Montcalm	0.0	1.438	27.954	0.0	0.0	1.0	0.0	2.248e-05	0.000437	0.0	0.0	1.563e-05
Leelanau	0.003	8.646	16.002	0.0	0.0	0.0	1.4e-07	0.00039726	0.00073525	0.0	0.0	0.0
Ingham	0.012	182.142	504.551	0.011	11.47	17.803	4e-08	0.00062221	0.00172358	4e-08	3.918e-05	6.082e-05
Charlevoix	0.0	0.339	12.526	0.0	0.0	1.0	0.0	1.292e-05	0.00047729	0.0	0.0	3.81e-05
Iron	0.0	0.0	0.0	0.0	0.0	0.0	0.0	0.0	0.0	0.0	0.0	0.0
Arenac	0.005	14.596	27.196	0.0	0.0	0.0	3.3e-07	0.00097041	0.00180812	0.0	0.0	0.0
Clare	0.031	26.164	35.724	0.0	0.0	1.0	1.01e-06	0.00085067	0.00116149	0.0	0.0	3.251e-05
Luce	0.0	0.0	1.0	0.0	0.0	0.0	0.0	0.0	0.00015916	0.0	0.0	0.0
Baraga	0.0	0.0	0.0	0.0	0.0	0.0	0.0	0.0	0.0	0.0	0.0	0.0
Otsego	4.458	1224.411	1298.998	0.0	1.34	6.94	0.00018074	0.04964164	0.05266564	0.0	5.433e-05	0.00028137
Out of MI	0.0	7.619	79.446	0.001	1.623	3.69	N/A	N/A	N/A	N/A	N/A	N/A
Ottawa	0.059	103.65	226.583	0.0	0.0	7.0	2e-07	0.00035681	0.00077999	0.0	0.0	2.41e-05
Huron	0.073	40.799	51.297	0.0	0.0	0.0	2.34e-06	0.00130909	0.00164593	0.0	0.0	0.0
Clinton	0.0	9.032	115.214	0.0	2.664	9.997	0.0	0.00011385	0.0014523	0.0	3.358e-05	0.00012601
Crawford	0.146	111.605	142.761	0.0	0.0	2.0	1.05e-05	0.00802856	0.01026984	0.0	0.0	0.00014387
Presque Isle	0.0	0.0	2.0	0.0	0.0	0.0	0.0	0.0	0.00015701	0.0	0.0	0.0
Menominee	0.0	0.0	1.0	0.0	0.0	0.0	0.0	0.0	4.351e-05	0.0	0.0	0.0
Newaygo	0.0	4.635	12.004	0.0	0.0	0.0	0.0	9.48e-05	0.00024552	0.0	0.0	0.0
Saint Joseph	0.0	1.674	27.274	0.0	0.0	1.0	0.0	2.742e-05	0.0004468	0.0	0.0	1.638e-05
Genesee	0.0	678.71	1983.839	0.059	172.228	302.308	0.0	0.00166803	0.00487559	1.5e-07	0.00042328	0.00074297
Oakland	0.0	2919.097	9295.884	0.032	477.216	978.247	0.0	0.00231821	0.00738237	3e-08	0.00037898	0.00077688
Saint Clair	0.0	31.141	291.603	0.0	4.034	15.567	0.0	0.00019544	0.0018301	0.0	2.532e-05	9.77e-05
Jackson	0.207	309.608	580.79	0.086	51.647	62.363	1.3e-06	0.00194939	0.00365684	5.4e-07	0.00032519	0.00039266
