Name	Predicted_New_Cases	Total_Predicted_New_Cases	Total_Predicted_Cases	Predicted_New_Deaths	Total_Predicted_New_Deaths	Total_Predicted_Deaths	Predicted_New_per_capita	Predicted_Total_New_per_capita	Predicted_Total_Cases_per_capita	Predicted_New_Deaths_per_capita	Total_Predicted_New_Deaths_per_capita	Total_Predicted_Deaths_per_capita
Schoolcraft	0.0	0.0	3.0	148.279	2751.903	2751.903	0.0	0.0	0.00037184	0.01837866	0.34108862	0.34108862
Eaton	0.0	15.287	89.287	0.0	0.0	5.0	0.0	0.00013919	0.00081299	0.0	0.0	4.553e-05
Delta	0.0	0.0	9.0	0.0	0.0	1.0	0.0	0.0	0.000251	0.0	0.0	2.789e-05
Wayne	380.985	9407.569	21055.569	63.126	1220.043	1980.043	0.00021722	0.00536382	0.01200505	3.599e-05	0.00069562	0.00112894
Wexford	0.323	7.69	14.69	0.0	0.0	1.0	9.65e-06	0.00022979	0.00043895	0.0	0.0	2.988e-05
Roscommon	0.522	12.438	21.438	0.0	0.0	0.0	2.186e-05	0.00052077	0.00089759	0.0	0.0	0.0
Antrim	0.0	0.0	8.0	0.0	0.0	0.0	0.0	0.0	0.00034239	0.0	0.0	0.0
Saginaw	27.344	507.479	800.479	0.0	0.0	13.0	0.00014331	0.00265974	0.00419538	0.0	0.0	6.813e-05
Houghton	0.0	0.0	1.0	0.0	0.0	0.0	0.0	0.0	2.761e-05	0.0	0.0	0.0
Berrien	3.886	87.23	192.23	0.0	0.0	4.0	2.521e-05	0.00056591	0.0012471	0.0	0.0	2.595e-05
Alpena	0.0	0.0	1.0	0.0	0.0	0.0	0.0	0.0	3.526e-05	0.0	0.0	0.0
Van Buren	0.505	12.037	33.037	0.0	0.0	1.0	6.69e-06	0.00015954	0.00043788	0.0	0.0	1.325e-05
Macomb	121.371	2945.757	6363.757	33.955	543.947	783.947	0.00013875	0.00336751	0.00727487	3.882e-05	0.00062182	0.00089619
Michigan Department of Corrections (MDOC)	0.0	0.0	0.0	0.0	0.0	0.0	N/A	N/A	N/A	N/A	N/A	N/A
Lapeer	5.387	128.397	234.397	0.0	0.0	6.0	6.12e-05	0.00145859	0.00266276	0.0	0.0	6.816e-05
Kalkaska	0.379	9.028	23.028	0.0	0.0	2.0	2.126e-05	0.00050651	0.00129197	0.0	0.0	0.00011221
Branch	0.0	0.0	29.0	0.0	0.0	2.0	0.0	0.0	0.0006648	0.0	0.0	4.585e-05
Ogemaw	0.084	2.005	6.005	0.0	0.0	0.0	4.01e-06	9.569e-05	0.00028661	0.0	0.0	0.0
Tuscola	2.363	51.97	96.97	1.198	18.178	25.178	4.5e-05	0.0009896	0.00184648	2.281e-05	0.00034614	0.00047943
Allegan	1.018	24.276	47.276	1.198	18.178	18.178	8.68e-06	0.00020691	0.00040294	1.021e-05	0.00015493	0.00015493
Federal Correctional Institution (FCI)	0.0	0.0	0.0	0.0	0.0	0.0	N/A	N/A	N/A	N/A	N/A	N/A
Mecosta	0.463	11.034	22.034	0.0	0.0	1.0	1.063e-05	0.00025339	0.00050601	0.0	0.0	2.296e-05
Grand Traverse	0.28	9.153	26.153	0.0	0.0	3.0	3.02e-06	9.887e-05	0.00028251	0.0	0.0	3.241e-05
Montmorency	0.0	0.0	0.0	0.0	0.0	0.0	0.0	0.0	0.0	0.0	0.0	0.0
Kalamazoo	3.269	77.906	168.906	0.0	0.0	7.0	1.234e-05	0.00029413	0.00063769	0.0	0.0	2.643e-05
Sanilac	0.715	17.052	40.052	0.0	0.0	2.0	1.736e-05	0.00041406	0.00097256	0.0	0.0	4.856e-05
Manistee	0.0	1.253	11.253	0.0	0.0	0.0	0.0	5.108e-05	0.00045878	0.0	0.0	0.0
Cass	0.379	9.028	20.028	0.0	0.0	1.0	7.34e-06	0.00017478	0.00038774	0.0	0.0	1.936e-05
Missaukee	0.0	0.0	1.0	0.0	0.0	1.0	0.0	0.0	6.617e-05	0.0	0.0	6.617e-05
Ontonagon	0.0	0.0	1.0	0.0	0.0	0.0	0.0	0.0	0.00017256	0.0	0.0	0.0
Keweenaw	0.0	0.0	0.0	0.0	0.0	0.0	0.0	0.0	0.0	0.0	0.0	0.0
Bay	2.796	62.763	121.763	0.0	0.0	2.0	2.69e-05	0.00060394	0.00117167	0.0	0.0	1.925e-05
Hillsdale	0.098	31.827	108.827	0.111	4.83	11.83	2.14e-06	0.00069569	0.00237878	2.43e-06	0.00010558	0.00025858
Muskegon	3.463	72.931	140.931	0.0	0.0	4.0	1.995e-05	0.00042014	0.00081187	0.0	0.0	2.304e-05
Monroe	8.214	188.343	378.343	0.0	0.0	7.0	5.46e-05	0.00125196	0.00251493	0.0	0.0	4.653e-05
Gratiot	0.21	5.012	12.012	0.0	0.0	0.0	5.17e-06	0.00012345	0.00029587	0.0	0.0	0.0
Chippewa	0.0	0.0	1.0	0.0	0.0	0.0	0.0	0.0	2.665e-05	0.0	0.0	0.0
Alger	0.0	0.0	0.0	0.0	0.0	0.0	0.0	0.0	0.0	0.0	0.0	0.0
Dickinson	0.0	0.0	3.0	0.0	0.0	2.0	0.0	0.0	0.00011819	0.0	0.0	7.879e-05
Washtenaw	13.9	376.57	1112.57	0.918	21.045	39.045	3.747e-05	0.00101511	0.00299914	2.47e-06	5.673e-05	0.00010525
Isabella	2.357	56.175	97.175	0.273	5.072	9.072	3.34e-05	0.00079611	0.00137716	3.87e-06	7.188e-05	0.00012857
Livingston	6.692	159.493	384.493	0.182	3.384	8.384	3.5e-05	0.00083406	0.00201069	9.5e-07	1.77e-05	4.384e-05
Mackinac	0.0	0.0	4.0	0.182	3.384	3.384	0.0	0.0	0.00037082	1.687e-05	0.00031371	0.00031371
Alcona	0.0	0.0	0.0	0.0	0.0	0.0	0.0	0.0	0.0	0.0	0.0	0.0
Marquette	0.0	3.537	27.537	0.0	0.0	4.0	0.0	5.318e-05	0.00041399	0.0	0.0	6.014e-05
Oscoda	0.0	0.0	4.0	0.0	0.0	0.0	0.0	0.0	0.00048333	0.0	0.0	0.0
Lenawee	1.347	32.098	82.098	0.0	0.0	0.0	1.371e-05	0.00032664	0.00083547	0.0	0.0	0.0
Benzie	0.0	0.0	0.0	0.0	0.0	0.0	0.0	0.0	0.0	0.0	0.0	0.0
Cheboygan	0.0	0.752	12.752	0.0	0.0	1.0	0.0	2.959e-05	0.00050179	0.0	0.0	3.935e-05
Iosco	0.0	0.246	4.246	0.0	0.0	1.0	0.0	9.81e-06	0.00016929	0.0	0.0	3.987e-05
Kent	12.912	278.056	589.056	3.449	49.483	62.483	1.975e-05	0.0004253	0.00090099	5.28e-06	7.569e-05	9.557e-05
Emmet	0.946	22.536	43.536	0.0	0.0	2.0	2.84e-05	0.00067659	0.00130707	0.0	0.0	6.005e-05
Ionia	0.589	14.043	29.043	0.0	0.0	2.0	9.17e-06	0.0002187	0.00045231	0.0	0.0	3.115e-05
Midland	1.239	28.408	61.408	0.0	0.0	1.0	1.489e-05	0.00034141	0.000738	0.0	0.0	1.202e-05
Calhoun	3.55	78.071	161.071	2.246	34.087	36.087	2.64e-05	0.00058051	0.00119767	1.67e-05	0.00025346	0.00026833
Gladwin	0.126	3.01	7.01	2.246	34.087	34.087	4.97e-06	0.0001188	0.00027667	8.865e-05	0.00134534	0.00134534
Oceana	0.0	0.0	3.0	0.0	0.0	1.0	0.0	0.0	0.00011268	0.0	0.0	3.756e-05
Lake	0.631	15.045	17.045	0.0	0.0	0.0	5.311e-05	0.00126631	0.00143464	0.0	0.0	0.0
Unassigned	36.194	862.662	940.662	4.102	76.122	80.122	N/A	N/A	N/A	N/A	N/A	N/A
Osceola	2.773	20.699	25.699	4.102	76.122	76.122	0.0001188	0.00088681	0.00110102	0.00017574	0.0032613	0.0032613
Gogebic	0.126	3.01	7.01	0.0	0.0	1.0	8.35e-06	0.00019939	0.00046436	0.0	0.0	6.624e-05
Mason	0.0	0.0	2.0	0.0	0.0	0.0	0.0	0.0	6.873e-05	0.0	0.0	0.0
Shiawassee	1.389	33.1	86.1	0.0	0.0	1.0	2.037e-05	0.00048539	0.00126261	0.0	0.0	1.466e-05
Barry	0.0	1.671	12.671	0.0	0.0	0.0	0.0	2.732e-05	0.00020719	0.0	0.0	0.0
Montcalm	0.537	15.255	37.255	0.0	0.0	1.0	8.39e-06	0.00023848	0.0005824	0.0	0.0	1.563e-05
Leelanau	0.42	8.853	12.853	0.0	0.0	0.0	1.93e-05	0.00040677	0.00059056	0.0	0.0	0.0
Ingham	6.42	166.278	420.278	0.828	17.831	21.831	2.193e-05	0.00056802	0.00143569	2.83e-06	6.091e-05	7.458e-05
Charlevoix	0.362	8.627	19.627	0.0	0.0	1.0	1.379e-05	0.00032872	0.00074787	0.0	0.0	3.81e-05
Iron	0.0	0.0	0.0	0.0	0.0	0.0	0.0	0.0	0.0	0.0	0.0	0.0
Arenac	0.0	0.0	5.0	0.0	0.0	0.0	0.0	0.0	0.00033242	0.0	0.0	0.0
Clare	4.779	32.972	36.972	0.0	0.0	1.0	0.00015538	0.00107202	0.00120207	0.0	0.0	3.251e-05
Luce	0.0	0.0	1.0	0.0	0.0	0.0	0.0	0.0	0.00015916	0.0	0.0	0.0
Baraga	0.0	0.0	0.0	0.0	0.0	0.0	0.0	0.0	0.0	0.0	0.0	0.0
Otsego	0.853	20.328	54.328	0.0	0.0	2.0	3.458e-05	0.00082416	0.00220264	0.0	0.0	8.109e-05
Out of MI	5.84	146.546	294.546	0.0	0.0	1.0	N/A	N/A	N/A	N/A	N/A	N/A
Ottawa	2.691	59.193	128.193	0.0	0.0	2.0	9.26e-06	0.00020377	0.00044129	0.0	0.0	6.88e-06
Huron	4.622	34.497	40.497	0.0	0.0	0.0	0.0001483	0.00110688	0.0012994	0.0	0.0	0.0
Clinton	3.844	91.616	184.616	0.0	0.0	4.0	4.845e-05	0.00115484	0.00232713	0.0	0.0	5.042e-05
Crawford	4.649	58.95	70.95	0.0	0.0	1.0	0.00033444	0.0042407	0.00510395	0.0	0.0	7.194e-05
Presque Isle	0.0	0.0	2.0	0.0	0.0	0.0	0.0	0.0	0.00015701	0.0	0.0	0.0
Menominee	0.0	0.0	1.0	0.0	0.0	0.0	0.0	0.0	4.351e-05	0.0	0.0	0.0
Newaygo	0.607	10.244	16.244	0.0	0.0	0.0	1.242e-05	0.00020952	0.00033224	0.0	0.0	0.0
Saint Joseph	0.0	0.0	21.0	0.0	0.0	0.0	0.0	0.0	0.00034402	0.0	0.0	0.0
Genesee	40.498	947.078	1935.078	4.209	100.309	177.309	9.953e-05	0.00232759	0.00475575	1.034e-05	0.00024652	0.00043576
Oakland	181.954	4336.775	9409.775	15.452	346.896	693.896	0.0001445	0.00344407	0.00747281	1.227e-05	0.00027549	0.00055106
Saint Clair	11.089	248.95	454.95	0.0	0.0	7.0	6.959e-05	0.00156241	0.00285527	0.0	0.0	4.393e-05
Jackson	6.982	160.072	332.072	0.0	0.0	6.0	4.396e-05	0.00100786	0.00209083	0.0	0.0	3.778e-05
