Name	Predicted_New_Cases	Total_Predicted_New_Cases	Total_Predicted_Cases	Predicted_New_Deaths	Total_Predicted_New_Deaths	Total_Predicted_Deaths	Predicted_New_per_capita	Predicted_Total_New_per_capita	Predicted_Total_Cases_per_capita	Predicted_New_Deaths_per_capita	Total_Predicted_New_Deaths_per_capita	Total_Predicted_Deaths_per_capita
Schoolcraft	0.0	0.0	4.0	41.925	185.836	185.836	0.0	0.0	0.00049579	0.00519646	0.02303371	0.02303371
Eaton	1.93	7.838	175.838	0.0	0.0	6.0	1.757e-05	7.137e-05	0.00160106	0.0	0.0	5.463e-05
Delta	0.0	0.0	16.0	0.0	0.0	2.0	0.0	0.0	0.00044622	0.0	0.0	5.578e-05
Wayne	146.43	594.542	20026.542	15.102	67.255	2351.255	8.349e-05	0.00033898	0.01141834	8.61e-06	3.835e-05	0.00134059
Wexford	0.012	0.111	11.111	0.0	0.0	2.0	3.6e-07	3.32e-06	0.00033201	0.0	0.0	5.976e-05
Roscommon	0.154	0.629	21.629	0.0	0.0	0.0	6.45e-06	2.634e-05	0.00090559	0.0	0.0	0.0
Antrim	0.22	0.67	11.67	0.0	0.0	0.0	9.42e-06	2.868e-05	0.00049947	0.0	0.0	0.0
Saginaw	17.026	67.863	1024.863	1.958	8.034	108.034	8.923e-05	0.00035568	0.0053714	1.026e-05	4.211e-05	0.00056622
Houghton	0.0	0.0	2.0	1.958	8.034	8.034	0.0	0.0	5.522e-05	5.406e-05	0.00022182	0.00022182
Berrien	19.712	76.454	628.454	1.312	4.477	38.477	0.00012788	0.000496	0.00407714	8.51e-06	2.904e-05	0.00024962
Alpena	0.786	2.754	93.754	0.198	0.627	9.627	2.772e-05	9.711e-05	0.00330585	6.98e-06	2.211e-05	0.00033946
Van Buren	3.343	13.647	129.647	0.346	1.232	7.232	4.431e-05	0.00018088	0.00171836	4.59e-06	1.633e-05	9.585e-05
Macomb	42.118	171.938	6563.938	5.565	23.661	786.661	4.815e-05	0.00019655	0.00750371	6.36e-06	2.705e-05	0.00089929
Michigan Department of Corrections (MDOC)	84.011	294.399	3489.399	0.516	2.408	62.408	N/A	N/A	N/A	N/A	N/A	N/A
Lapeer	1.066	3.469	185.469	0.15	0.451	30.451	1.211e-05	3.941e-05	0.00210693	1.7e-06	5.12e-06	0.00034592
Kalkaska	0.082	0.318	18.318	0.0	0.0	2.0	4.6e-06	1.784e-05	0.00102772	0.0	0.0	0.00011221
Branch	2.282	9.265	106.265	0.0	0.0	2.0	5.231e-05	0.00021239	0.00243604	0.0	0.0	4.585e-05
Ogemaw	0.554	1.688	21.688	0.0	0.0	0.0	2.644e-05	8.057e-05	0.00103513	0.0	0.0	0.0
Tuscola	4.199	17.232	191.232	0.257	0.923	22.923	7.996e-05	0.00032813	0.0036414	4.89e-06	1.758e-05	0.0004365
Allegan	3.564	15.871	206.871	0.015	0.066	5.066	3.038e-05	0.00013527	0.0017632	1.3e-07	5.6e-07	4.318e-05
Federal Correctional Institution (FCI)	0.416	2.355	124.355	0.0	0.0	3.0	N/A	N/A	N/A	N/A	N/A	N/A
Mecosta	0.449	1.574	20.574	0.0	0.0	2.0	1.031e-05	3.615e-05	0.00047248	0.0	0.0	4.593e-05
Grand Traverse	0.432	1.765	24.765	0.0	0.0	5.0	4.67e-06	1.907e-05	0.00026752	0.0	0.0	5.401e-05
Montmorency	0.0	0.0	5.0	0.0	0.0	0.0	0.0	0.0	0.00053967	0.0	0.0	0.0
Kalamazoo	14.593	59.888	810.888	2.278	8.179	53.179	5.509e-05	0.0002261	0.00306146	8.6e-06	3.088e-05	0.00020077
Sanilac	0.213	0.706	39.706	0.0	0.0	5.0	5.17e-06	1.714e-05	0.00096416	0.0	0.0	0.00012141
Manistee	0.0	0.0	11.0	0.0	0.0	0.0	0.0	0.0	0.00044847	0.0	0.0	0.0
Cass	3.057	10.584	76.584	0.0	0.0	2.0	5.918e-05	0.00020491	0.00148266	0.0	0.0	3.872e-05
Missaukee	0.0	0.0	16.0	0.0	0.0	1.0	0.0	0.0	0.00105869	0.0	0.0	6.617e-05
Ontonagon	0.0	0.0	1.0	0.0	0.0	0.0	0.0	0.0	0.00017256	0.0	0.0	0.0
Keweenaw	0.0	0.0	0.0	0.0	0.0	0.0	0.0	0.0	0.0	0.0	0.0	0.0
Bay	6.062	24.744	279.744	1.168	4.161	20.161	5.833e-05	0.0002381	0.00269184	1.124e-05	4.004e-05	0.000194
Hillsdale	2.091	8.422	175.422	0.283	1.001	25.001	4.571e-05	0.00018409	0.00383444	6.19e-06	2.188e-05	0.00054648
Muskegon	18.263	70.835	600.835	0.778	2.655	28.655	0.00010521	0.00040806	0.00346127	4.48e-06	1.529e-05	0.00016507
Monroe	5.072	20.942	458.942	0.25	0.912	18.912	3.371e-05	0.00013921	0.00305068	1.66e-06	6.06e-06	0.00012571
Gratiot	1.993	7.58	63.58	0.142	0.479	4.479	4.909e-05	0.0001867	0.00156605	3.5e-06	1.18e-05	0.00011032
Chippewa	0.0	0.0	2.0	0.142	0.479	0.479	0.0	0.0	5.331e-05	3.78e-06	1.277e-05	1.277e-05
Alger	0.0	0.0	0.0	0.0	0.0	0.0	0.0	0.0	0.0	0.0	0.0	0.0
Dickinson	0.001	0.01	5.01	0.0	0.0	2.0	4e-08	3.9e-07	0.00019738	0.0	0.0	7.879e-05
Washtenaw	7.548	32.76	1293.76	1.127	4.492	94.492	2.035e-05	8.831e-05	0.00348757	3.04e-06	1.211e-05	0.00025472
Isabella	0.086	0.35	65.35	0.0	0.0	7.0	1.22e-06	4.96e-06	0.00092614	0.0	0.0	9.92e-05
Livingston	1.207	4.928	391.928	0.647	2.303	28.303	6.31e-06	2.577e-05	0.00204958	3.38e-06	1.204e-05	0.00014801
Mackinac	0.0	0.0	6.0	0.647	2.303	2.303	0.0	0.0	0.00055623	5.998e-05	0.0002135	0.0002135
Alcona	0.472	1.567	9.567	0.0	0.0	1.0	4.555e-05	0.00015123	0.00092328	0.0	0.0	9.651e-05
Marquette	0.22	0.67	52.67	0.022	0.133	10.133	3.31e-06	1.007e-05	0.00079184	3.3e-07	2e-06	0.00015234
Oscoda	0.0	0.0	6.0	0.0	0.0	1.0	0.0	0.0	0.00072499	0.0	0.0	0.00012083
Lenawee	1.16	4.735	144.735	0.201	0.733	3.733	1.18e-05	4.819e-05	0.00147289	2.05e-06	7.46e-06	3.799e-05
Benzie	0.0	0.0	4.0	0.201	0.733	0.733	0.0	0.0	0.00022531	1.132e-05	4.129e-05	4.129e-05
Cheboygan	0.0	0.0	21.0	0.0	0.0	1.0	0.0	0.0	0.00082635	0.0	0.0	3.935e-05
Iosco	0.813	2.88	73.88	0.0	0.0	9.0	3.241e-05	0.00011483	0.00294566	0.0	0.0	0.00035884
Kent	79.439	319.982	3355.982	2.188	8.322	68.322	0.00012151	0.00048943	0.00513315	3.35e-06	1.273e-05	0.0001045
Emmet	0.0	0.0	21.0	0.0	0.0	2.0	0.0	0.0	0.00063048	0.0	0.0	6.005e-05
Ionia	1.538	6.352	130.352	0.06	0.279	3.279	2.395e-05	9.893e-05	0.00203009	9.3e-07	4.35e-06	5.107e-05
Midland	0.664	2.71	78.71	0.0	0.0	8.0	7.98e-06	3.257e-05	0.00094593	0.0	0.0	9.614e-05
Calhoun	5.086	20.76	340.76	0.233	0.828	19.828	3.782e-05	0.00015436	0.00253378	1.73e-06	6.16e-06	0.00014743
Gladwin	0.002	0.011	17.011	0.0	0.0	1.0	8e-08	4.3e-07	0.00067139	0.0	0.0	3.947e-05
Oceana	3.273	13.184	79.184	0.146	0.595	2.595	0.00012293	0.00049517	0.00297405	5.48e-06	2.235e-05	9.746e-05
Lake	0.22	0.67	3.67	0.146	0.595	0.595	1.852e-05	5.639e-05	0.0003089	1.229e-05	5.008e-05	5.008e-05
Unassigned	0.363	2.326	5.326	0.142	0.426	1.426	N/A	N/A	N/A	N/A	N/A	N/A
Osceola	0.081	0.332	10.332	0.142	0.426	0.426	3.47e-06	1.422e-05	0.00044265	6.08e-06	1.825e-05	1.825e-05
Gogebic	0.077	0.314	5.314	0.0	0.0	1.0	5.1e-06	2.08e-05	0.00035201	0.0	0.0	6.624e-05
Mason	0.664	2.953	30.953	0.0	0.0	0.0	2.282e-05	0.00010148	0.00106368	0.0	0.0	0.0
Shiawassee	2.64	10.959	256.959	0.472	1.754	22.754	3.871e-05	0.00016071	0.00376817	6.92e-06	2.572e-05	0.00033368
Barry	0.593	3.359	60.359	0.0	0.0	1.0	9.7e-06	5.492e-05	0.00098695	0.0	0.0	1.635e-05
Montcalm	1.076	4.368	64.368	0.0	0.0	1.0	1.682e-05	6.828e-05	0.00100625	0.0	0.0	1.563e-05
Leelanau	0.279	0.917	11.917	0.0	0.0	0.0	1.282e-05	4.213e-05	0.00054756	0.0	0.0	0.0
Ingham	9.204	37.573	704.573	1.021	3.635	26.635	3.144e-05	0.00012835	0.00240686	3.49e-06	1.242e-05	9.099e-05
Charlevoix	0.111	0.454	14.454	0.0	0.0	1.0	4.23e-06	1.73e-05	0.00055075	0.0	0.0	3.81e-05
Iron	0.0	0.0	0.0	0.0	0.0	0.0	0.0	0.0	0.0	0.0	0.0	0.0
Arenac	0.597	2.091	34.091	0.0	0.0	1.0	3.969e-05	0.00013902	0.00226654	0.0	0.0	6.648e-05
Clare	0.558	1.853	18.853	0.0	0.0	2.0	1.814e-05	6.025e-05	0.00061297	0.0	0.0	6.503e-05
Luce	0.22	0.67	2.67	0.0	0.0	0.0	3.502e-05	0.00010664	0.00042496	0.0	0.0	0.0
Baraga	0.0	0.0	1.0	0.0	0.0	0.0	0.0	0.0	0.00012019	0.0	0.0	0.0
Otsego	0.122	0.78	99.78	0.063	0.294	10.294	4.95e-06	3.162e-05	0.00404541	2.55e-06	1.192e-05	0.00041735
Out of MI	6.605	26.964	47.964	0.201	0.733	1.733	N/A	N/A	N/A	N/A	N/A	N/A
Ottawa	17.461	67.724	683.724	0.602	2.056	28.056	6.011e-05	0.00023313	0.00235366	2.07e-06	7.08e-06	9.658e-05
Huron	1.045	4.264	45.264	0.0	0.0	1.0	3.353e-05	0.00013682	0.00145235	0.0	0.0	3.209e-05
Clinton	1.538	5.248	141.248	0.0	0.0	10.0	1.939e-05	6.615e-05	0.00178047	0.0	0.0	0.00012605
Crawford	0.008	0.049	58.049	0.012	0.06	5.06	5.8e-07	3.52e-06	0.00417589	8.6e-07	4.32e-06	0.000364
Presque Isle	0.0	0.0	11.0	0.012	0.06	0.06	0.0	0.0	0.00086356	9.4e-07	4.71e-06	4.71e-06
Menominee	0.472	1.567	9.567	0.012	0.06	0.06	2.054e-05	6.818e-05	0.00041626	5.2e-07	2.61e-06	2.61e-06
Newaygo	2.408	7.633	70.633	0.012	0.06	0.06	4.925e-05	0.00015612	0.00144467	2.5e-07	1.23e-06	1.23e-06
Saint Joseph	2.618	11.608	103.608	0.963	3.932	5.932	4.289e-05	0.00019016	0.0016973	1.578e-05	6.441e-05	9.718e-05
Genesee	15.586	61.437	1976.437	0.54	3.455	241.455	3.831e-05	0.00015099	0.0048574	1.33e-06	8.49e-06	0.00059341
Oakland	45.876	186.267	8303.267	7.487	34.962	969.962	3.643e-05	0.00014792	0.00659408	5.95e-06	2.777e-05	0.0007703
Saint Clair	7.53	30.013	449.013	1.057	3.706	36.706	4.726e-05	0.00018836	0.00281801	6.63e-06	2.326e-05	0.00023037
Jackson	2.721	12.046	433.046	0.0	0.0	26.0	1.713e-05	7.585e-05	0.0027266	0.0	0.0	0.0001637
