Name	Predicted_New_Cases	Total_Predicted_New_Cases	Total_Predicted_Cases	Predicted_New_Deaths	Total_Predicted_New_Deaths	Total_Predicted_Deaths	Predicted_New_per_capita	Predicted_Total_New_per_capita	Predicted_Total_Cases_per_capita	Predicted_New_Deaths_per_capita	Total_Predicted_New_Deaths_per_capita	Total_Predicted_Deaths_per_capita
Schoolcraft	0.0	0.0	3.0	27.775	1651.945	1651.945	0.0	0.0	0.00037184	0.00344261	0.20475273	0.20475273
Eaton	1.407	61.604	202.604	0.098	3.04	9.04	1.281e-05	0.00056092	0.00184477	8.9e-07	2.768e-05	8.231e-05
Delta	0.042	1.871	15.871	0.0	0.0	2.0	1.17e-06	5.218e-05	0.00044262	0.0	0.0	5.578e-05
Wayne	53.881	3283.49	20854.49	9.042	618.149	2591.149	3.072e-05	0.00187212	0.0118904	5.16e-06	0.00035244	0.00147737
Wexford	0.0	0.272	9.272	0.0	0.62	2.62	0.0	8.13e-06	0.00027706	0.0	1.853e-05	7.829e-05
Roscommon	0.266	11.916	29.916	0.0	0.62	0.62	1.114e-05	0.00049891	0.00125255	0.0	2.596e-05	2.596e-05
Antrim	0.038	1.705	11.705	0.0	0.62	0.62	1.63e-06	7.297e-05	0.00050096	0.0	2.654e-05	2.654e-05
Saginaw	9.304	416.841	1176.841	1.355	60.693	134.693	4.876e-05	0.0021847	0.00616793	7.1e-06	0.0003181	0.00070594
Houghton	0.0	0.0	2.0	1.355	60.693	60.693	0.0	0.0	5.522e-05	3.741e-05	0.00167572	0.00167572
Berrien	14.064	438.75	782.75	4.216	77.41	97.41	9.124e-05	0.00284642	0.00507814	2.735e-05	0.0005022	0.00063195
Alpena	0.614	42.919	128.919	0.087	5.565	12.565	2.165e-05	0.00151336	0.0045458	3.07e-06	0.00019623	0.00044305
Van Buren	4.52	141.01	209.01	0.0	0.0	2.0	5.991e-05	0.00186897	0.00277025	0.0	0.0	2.651e-05
Macomb	13.991	977.58	6809.58	6.454	289.16	951.16	1.599e-05	0.00111754	0.00778452	7.38e-06	0.00033056	0.00108734
Michigan Department of Corrections (MDOC)	111.542	3795.078	5731.078	6.066	127.183	175.183	N/A	N/A	N/A	N/A	N/A	N/A
Lapeer	0.0	8.076	182.076	0.007	4.134	33.134	0.0	9.174e-05	0.00206839	8e-08	4.696e-05	0.0003764
Kalkaska	0.0	0.0	17.0	0.0	0.0	2.0	0.0	0.0	0.00095377	0.0	0.0	0.00011221
Branch	1.159	51.923	123.923	0.0	0.0	2.0	2.657e-05	0.00119029	0.00284084	0.0	0.0	4.585e-05
Ogemaw	0.338	15.153	30.153	0.0	0.0	0.0	1.613e-05	0.00072322	0.00143915	0.0	0.0	0.0
Tuscola	1.729	77.457	195.457	0.196	6.384	22.384	3.292e-05	0.00147492	0.00372186	3.73e-06	0.00012156	0.00042623
Allegan	2.618	117.3	241.3	0.0	0.0	2.0	2.231e-05	0.00099977	0.00205665	0.0	0.0	1.705e-05
Federal Correctional Institution (FCI)	0.0	16.58	120.58	0.0	0.0	2.0	N/A	N/A	N/A	N/A	N/A	N/A
Mecosta	0.0	0.014	15.014	1.036	11.591	13.591	0.0	3.2e-07	0.00034479	2.379e-05	0.00026618	0.00031211
Grand Traverse	1.036	11.591	31.591	0.0	0.0	5.0	1.119e-05	0.00012521	0.00034126	0.0	0.0	5.401e-05
Montmorency	0.019	0.851	5.851	0.0	0.0	0.0	2.05e-06	9.185e-05	0.00063152	0.0	0.0	0.0
Kalamazoo	14.051	552.894	1091.894	2.518	65.797	88.797	5.305e-05	0.00208742	0.00412238	9.51e-06	0.00024841	0.00033525
Sanilac	0.438	13.082	51.082	1.137	19.506	24.506	1.064e-05	0.00031766	0.0012404	2.761e-05	0.00047365	0.00059507
Manistee	0.011	0.648	11.648	1.137	19.506	19.506	4.5e-07	2.642e-05	0.00047489	4.636e-05	0.00079525	0.00079525
Cass	0.448	19.138	54.138	0.0	0.0	2.0	8.67e-06	0.00037051	0.00104811	0.0	0.0	3.872e-05
Missaukee	0.0	0.912	16.912	0.0	0.0	1.0	0.0	6.035e-05	0.00111904	0.0	0.0	6.617e-05
Ontonagon	0.0	0.0	1.0	0.0	0.0	0.0	0.0	0.0	0.00017256	0.0	0.0	0.0
Keweenaw	0.0	0.0	0.0	0.0	0.0	0.0	0.0	0.0	0.0	0.0	0.0	0.0
Bay	2.42	108.442	284.442	0.635	20.714	29.714	2.329e-05	0.00104348	0.00273705	6.11e-06	0.00019932	0.00028592
Hillsdale	0.634	39.462	177.462	0.177	9.717	30.717	1.386e-05	0.00086258	0.00387904	3.87e-06	0.0002124	0.00067142
Muskegon	5.039	225.744	560.744	0.621	20.248	39.248	2.903e-05	0.00130046	0.00323032	3.58e-06	0.00011664	0.0002261
Monroe	2.709	115.808	469.808	0.13	3.869	18.869	1.801e-05	0.0007698	0.00312291	8.6e-07	2.572e-05	0.00012543
Gratiot	5.685	141.652	167.652	0.085	3.831	5.831	0.00014003	0.00348905	0.00412946	2.09e-06	9.436e-05	0.00014362
Chippewa	0.0	0.013	2.013	0.085	3.831	3.831	0.0	3.5e-07	5.366e-05	2.27e-06	0.00010211	0.00010211
Alger	0.0	0.0	0.0	0.0	0.0	0.0	0.0	0.0	0.0	0.0	0.0	0.0
Dickinson	0.0	0.0	4.0	0.0	0.0	2.0	0.0	0.0	0.00015759	0.0	0.0	7.879e-05
Washtenaw	6.758	302.779	1431.779	1.385	59.214	136.214	1.822e-05	0.0008162	0.00385963	3.73e-06	0.00015962	0.00036719
Isabella	0.302	13.535	74.535	0.0	0.0	7.0	4.28e-06	0.00019182	0.00105631	0.0	0.0	9.92e-05
Livingston	3.242	127.582	493.582	1.587	41.462	61.462	1.695e-05	0.00066719	0.00258117	8.3e-06	0.00021682	0.00032141
Mackinac	0.065	2.895	8.895	1.587	41.462	41.462	6.03e-06	0.00026838	0.0008246	0.00014712	0.0038437	0.0038437
Alcona	0.0	0.0	4.0	0.0	0.0	1.0	0.0	0.0	0.00038603	0.0	0.0	9.651e-05
Marquette	0.527	24.141	75.141	0.131	4.449	12.449	7.92e-06	0.00036294	0.00112967	1.97e-06	6.689e-05	0.00018716
Oscoda	0.137	4.871	9.871	0.0	0.0	1.0	1.655e-05	0.00058857	0.00119273	0.0	0.0	0.00012083
Lenawee	3.582	116.819	230.819	0.0	0.0	2.0	3.645e-05	0.0011888	0.00234892	0.0	0.0	2.035e-05
Benzie	0.057	2.552	6.552	0.0	0.0	0.0	3.21e-06	0.00014375	0.00036906	0.0	0.0	0.0
Cheboygan	0.058	4.714	23.714	0.0	0.0	1.0	2.28e-06	0.0001855	0.00093314	0.0	0.0	3.935e-05
Iosco	0.0	15.882	68.882	0.005	4.836	11.836	0.0	0.00063323	0.00274638	2e-07	0.00019282	0.00047191
Kent	44.463	1992.104	4008.104	0.841	27.412	67.412	6.801e-05	0.00304703	0.00613061	1.29e-06	4.193e-05	0.00010311
Emmet	0.0	0.0	21.0	0.0	0.0	2.0	0.0	0.0	0.00063048	0.0	0.0	6.005e-05
Ionia	3.159	135.033	233.033	0.0	0.0	2.0	4.92e-05	0.00210299	0.00362923	0.0	0.0	3.115e-05
Midland	0.538	24.089	87.089	0.502	16.357	23.357	6.47e-06	0.0002895	0.00104663	6.03e-06	0.00019658	0.0002807
Calhoun	1.284	80.903	330.903	0.217	12.277	29.277	9.55e-06	0.00060157	0.00246048	1.61e-06	9.129e-05	0.00021769
Gladwin	0.218	9.788	24.788	0.0	0.0	1.0	8.6e-06	0.00038631	0.00097833	0.0	0.0	3.947e-05
Oceana	4.349	102.801	124.801	0.0	0.0	1.0	0.00016334	0.00386107	0.00468736	0.0	0.0	3.756e-05
Lake	0.0	0.0	2.0	0.0	0.0	0.0	0.0	0.0	0.00016834	0.0	0.0	0.0
Unassigned	0.49	21.961	34.961	0.0	1.434	2.434	N/A	N/A	N/A	N/A	N/A	N/A
Osceola	0.0	0.0	8.0	0.0	1.434	1.434	0.0	0.0	0.00034274	0.0	6.144e-05	6.144e-05
Gogebic	0.932	10.432	14.432	0.0	0.0	1.0	6.174e-05	0.00069104	0.00095601	0.0	0.0	6.624e-05
Mason	0.549	22.255	36.255	0.0	0.0	0.0	1.887e-05	0.00076478	0.00124588	0.0	0.0	0.0
Shiawassee	1.394	84.197	280.197	0.266	12.904	25.904	2.044e-05	0.0012347	0.00410894	3.9e-06	0.00018923	0.00037987
Barry	0.465	20.854	59.854	0.0	0.0	1.0	7.6e-06	0.00034099	0.00097869	0.0	0.0	1.635e-05
Montcalm	0.773	34.643	80.643	0.0	0.0	1.0	1.208e-05	0.00054157	0.00126068	0.0	0.0	1.563e-05
Leelanau	0.0	0.056	9.056	0.0	0.0	0.0	0.0	2.57e-06	0.0004161	0.0	0.0	0.0
Ingham	6.121	274.26	813.26	0.573	18.689	32.689	2.091e-05	0.00093689	0.00277814	1.96e-06	6.384e-05	0.00011167
Charlevoix	0.0	0.0	14.0	0.0	0.0	1.0	0.0	0.0	0.00053346	0.0	0.0	3.81e-05
Iron	0.0	0.0	0.0	0.0	0.0	0.0	0.0	0.0	0.0	0.0	0.0	0.0
Arenac	1.308	48.149	75.149	0.0	0.0	1.0	8.696e-05	0.00320118	0.00499628	0.0	0.0	6.648e-05
Clare	0.0	0.303	12.303	1.036	11.591	13.591	0.0	9.85e-06	0.00040001	3.368e-05	0.00037686	0.00044188
Luce	0.0	0.0	1.0	1.036	11.591	11.591	0.0	0.0	0.00015916	0.00016489	0.00184482	0.00184482
Baraga	0.0	0.0	1.0	1.036	11.591	11.591	0.0	0.0	0.00012019	0.00012452	0.00139315	0.00139315
Otsego	0.0	7.586	102.586	0.001	0.542	8.542	0.0	0.00030756	0.00415917	4e-08	2.197e-05	0.00034632
Out of MI	0.0	0.245	64.245	0.137	4.871	5.871	N/A	N/A	N/A	N/A	N/A	N/A
Ottawa	22.908	683.813	1051.813	5.952	102.125	121.125	7.886e-05	0.00235397	0.00362077	2.049e-05	0.00035156	0.00041696
Huron	1.562	50.934	78.934	0.0	0.0	1.0	5.012e-05	0.00163428	0.0025327	0.0	0.0	3.209e-05
Clinton	0.553	24.773	147.773	0.134	4.359	14.359	6.97e-06	0.00031227	0.00186272	1.69e-06	5.495e-05	0.000181
Crawford	0.0	4.348	60.348	0.0	0.966	4.966	0.0	0.00031278	0.00434127	0.0	6.949e-05	0.00035724
Presque Isle	0.0	0.377	11.377	0.0	0.966	0.966	0.0	2.96e-05	0.00089315	0.0	7.584e-05	7.584e-05
Menominee	0.0	2.346	8.346	0.0	0.966	0.966	0.0	0.00010208	0.00036314	0.0	4.203e-05	4.203e-05
Newaygo	0.918	38.241	70.241	0.0	0.966	0.966	1.878e-05	0.00078215	0.00143666	0.0	1.976e-05	1.976e-05
Saint Joseph	22.472	290.181	334.181	0.0	0.0	1.0	0.00036813	0.00475371	0.00547452	0.0	0.0	1.638e-05
Genesee	5.188	326.982	2036.982	2.034	94.966	302.966	1.275e-05	0.00080361	0.0050062	5e-06	0.00023339	0.00074459
Oakland	37.382	1674.857	9247.857	8.035	359.981	1133.981	2.969e-05	0.0013301	0.00734423	6.38e-06	0.00028588	0.00090056
Saint Clair	2.104	98.228	440.228	0.331	11.712	33.712	1.32e-05	0.00061648	0.00276287	2.08e-06	7.35e-05	0.00021158
Jackson	0.0	26.467	399.467	0.006	10.385	36.385	0.0	0.00016664	0.00251517	4e-08	6.539e-05	0.00022909
