Name	Predicted_New_Cases	Total_Predicted_New_Cases	Total_Predicted_Cases	Predicted_New_Deaths	Total_Predicted_New_Deaths	Total_Predicted_Deaths	Predicted_New_per_capita	Predicted_Total_New_per_capita	Predicted_Total_Cases_per_capita	Predicted_New_Deaths_per_capita	Total_Predicted_New_Deaths_per_capita	Total_Predicted_Deaths_per_capita
Schoolcraft	0.0	0.039	0.233	0.808	189.039	189.039	0.0	4.83e-06	2.888e-05	0.00010015	0.02343071	0.02343071
Eaton	0.083	9.969	11.299	0.008	0.597	4.634	7.6e-07	9.077e-05	0.00010288	7e-08	5.44e-06	4.219e-05
Delta	0.413	49.711	51.818	0.0	0.0	6.493	1.152e-05	0.00138637	0.00144513	0.0	0.0	0.00018108
Wayne	1.494	237.27	360.729	0.0	65.048	443.881	8.5e-07	0.00013528	0.00020567	0.0	3.709e-05	0.00025308
Wexford	0.0	0.432	1.034	0.002	0.214	2.11	0.0	1.291e-05	3.09e-05	6e-08	6.39e-06	6.305e-05
Roscommon	0.0	4.572	5.354	0.0	0.0	2.375	0.0	0.00019143	0.00022417	0.0	0.0	9.944e-05
Antrim	0.0	0.008	0.473	0.091	10.952	12.429	0.0	3.4e-07	2.024e-05	3.89e-06	0.00046874	0.00053195
Saginaw	2.851	343.035	368.417	0.0	1.497	74.29	1.494e-05	0.00179788	0.00193091	0.0	7.85e-06	0.00038936
Berrien	0.8	96.219	108.051	0.012	0.994	35.926	5.19e-06	0.00062423	0.00070099	8e-08	6.45e-06	0.00023307
Alpena	0.009	1.055	1.718	0.01	1.146	2.905	3.2e-07	3.72e-05	6.058e-05	3.5e-07	4.041e-05	0.00010243
Van Buren	0.683	82.187	87.544	0.068	5.435	21.944	9.05e-06	0.00108932	0.00116032	9e-07	7.204e-05	0.00029085
Macomb	13.728	1651.887	1769.587	0.257	30.944	381.719	1.569e-05	0.00188839	0.00202294	2.9e-07	3.537e-05	0.00043637
Michigan Department of Corrections (MDOC)	3.655	439.798	479.345	0.0	0.0	117.859	N/A	N/A	N/A	N/A	N/A	N/A
Kalkaska	0.096	11.531	12.536	0.001	0.154	2.638	5.39e-06	0.00064694	0.00070332	6e-08	8.64e-06	0.000148
Ogemaw	0.0	0.175	0.544	2.134	60.951	62.072	0.0	8.35e-06	2.596e-05	0.00010185	0.00290908	0.00296258
Tuscola	0.726	87.331	93.082	0.017	1.382	18.521	1.382e-05	0.00166294	0.00177245	3.2e-07	2.632e-05	0.00035267
Allegan	0.468	56.335	59.36	0.094	7.449	16.632	3.99e-06	0.00048015	0.00050594	8e-07	6.349e-05	0.00014176
Federal Correctional Institution (FCI)	0.157	18.877	18.884	0.004	0.506	0.542	N/A	N/A	N/A	N/A	N/A	N/A
Grand Traverse	0.274	33.017	34.523	0.001	0.058	4.783	2.96e-06	0.00035666	0.00037293	1e-08	6.3e-07	5.167e-05
Montmorency	0.001	0.092	0.24	16.894	427.4	427.849	1.1e-07	9.93e-06	2.59e-05	0.00182342	0.0461306	0.04617906
Kalamazoo	0.867	111.829	124.103	0.043	3.897	42.184	3.27e-06	0.0004222	0.00046854	1.6e-07	1.471e-05	0.00015926
Sanilac	0.003	11.536	13.296	0.0	0.042	5.385	7e-08	0.00028012	0.00032286	0.0	1.02e-06	0.00013076
Manistee	0.128	15.356	15.799	0.066	7.921	9.266	5.22e-06	0.00062606	0.00064412	2.69e-06	0.00032294	0.00037777
Cass	0.642	77.247	82.18	0.127	10.068	24.867	1.243e-05	0.0014955	0.001591	2.46e-06	0.00019492	0.00048142
Missaukee	0.0	0.328	0.476	0.0	0.056	0.505	0.0	2.17e-05	3.15e-05	0.0	3.71e-06	3.341e-05
Ontonagon	0.448	43.853	45.254	0.0	0.056	0.056	7.731e-05	0.00756739	0.00780915	0.0	9.66e-06	9.66e-06
Keweenaw	0.0	0.0	3.0	0.0	0.056	0.056	0.0	0.0	0.00141978	0.0	2.65e-05	2.65e-05
Bay	1.796	216.168	230.392	0.056	4.429	43.574	1.728e-05	0.00208008	0.00221695	5.4e-07	4.262e-05	0.00041929
Hillsdale	0.355	42.699	45.089	0.045	3.573	10.829	7.76e-06	0.00093333	0.00098557	9.8e-07	7.81e-05	0.0002367
Muskegon	0.328	39.487	47.38	0.023	1.814	24.825	1.89e-06	0.00022748	0.00027295	1.3e-07	1.045e-05	0.00014301
Monroe	1.116	148.439	160.777	0.095	9.248	46.94	7.42e-06	0.00098671	0.00106872	6.3e-07	6.147e-05	0.00031202
Gratiot	0.131	15.801	17.63	0.024	1.946	7.278	3.23e-06	0.0003892	0.00043425	5.9e-07	4.793e-05	0.00017927
Alger	0.19	19.402	19.811	0.0	23.285	23.285	2.089e-05	0.00213279	0.00217775	0.0	0.00255964	0.00255964
Dickinson	0.201	24.245	25.827	0.0	0.0	4.394	7.92e-06	0.00095517	0.00101749	0.0	0.0	0.00017311
Washtenaw	1.563	188.021	207.436	0.017	2.044	60.983	4.21e-06	0.00050685	0.00055918	5e-08	5.51e-06	0.00016439
Isabella	0.064	7.746	8.667	0.0	0.086	2.883	9.1e-07	0.00010978	0.00012283	0.0	1.22e-06	4.086e-05
Livingston	0.401	59.983	66.786	0.005	0.658	22.2	2.1e-06	0.00031368	0.00034926	3e-08	3.44e-06	0.00011609
Mackinac	0.0	0.631	1.513	0.005	0.658	0.658	0.0	5.85e-05	0.00014026	4.6e-07	6.1e-05	6.1e-05
Alcona	0.007	0.827	0.905	0.001	0.078	0.315	6.8e-07	7.981e-05	8.734e-05	1e-07	7.53e-06	3.04e-05
Marquette	0.591	71.142	74.253	0.004	0.293	9.839	8.89e-06	0.00106955	0.00111632	6e-08	4.4e-06	0.00014792
Oscoda	0.0	0.0	26.0	0.0	0.0	1.0	0.0	0.0	0.00314161	0.0	0.0	0.00012083
Lenawee	0.578	69.567	74.25	0.0	0.0	14.051	5.88e-06	0.00070795	0.0007556	0.0	0.0	0.00014299
Benzie	0.019	2.252	2.326	0.001	0.078	0.303	1.07e-06	0.00012685	0.00013102	6e-08	4.39e-06	1.707e-05
Cheboygan	0.23	27.733	29.498	0.0	0.0	4.774	9.05e-06	0.00109129	0.00116074	0.0	0.0	0.00018786
Iosco	0.027	3.303	3.677	0.009	1.112	2.247	1.08e-06	0.00013169	0.0001466	3.6e-07	4.434e-05	8.959e-05
Kent	0.303	100.931	145.966	0.0	1.305	142.137	4.6e-07	0.00015438	0.00022326	0.0	2e-06	0.00021741
Emmet	0.082	10.206	10.927	0.0	0.0	2.19	2.46e-06	0.00030641	0.00032806	0.0	0.0	6.575e-05
Midland	0.357	46.758	50.578	0.0	0.0	11.868	4.29e-06	0.00056193	0.00060784	0.0	0.0	0.00014263
Calhoun	0.063	33.106	39.746	0.003	0.598	21.037	4.7e-07	0.00024617	0.00029554	2e-08	4.45e-06	0.00015642
Gladwin	0.0	1.123	1.816	0.0	0.0	2.324	0.0	4.432e-05	7.167e-05	0.0	0.0	9.172e-05
Oceana	0.125	15.017	16.896	0.002	0.123	5.513	4.69e-06	0.00056402	0.00063459	8e-08	4.62e-06	0.00020706
Lake	0.175	21.004	21.812	0.002	0.123	0.123	1.473e-05	0.00176786	0.00183587	1.7e-07	1.035e-05	1.035e-05
Unassigned	0.102	12.298	12.807	0.042	5.002	6.546	N/A	N/A	N/A	N/A	N/A	N/A
Osceola	0.0	0.811	71.811	0.042	5.002	5.002	0.0	3.475e-05	0.0030766	1.8e-06	0.0002143	0.0002143
Gogebic	0.149	34.864	37.672	0.885	142.262	151.624	9.87e-06	0.00230949	0.0024955	5.862e-05	0.00942382	0.01004399
Mason	0.034	4.14	4.74	0.885	142.262	142.262	1.17e-06	0.00014227	0.00016289	3.041e-05	0.00488873	0.00488873
Shiawassee	0.051	8.034	9.852	0.015	2.028	8.138	7.5e-07	0.00011781	0.00014447	2.2e-07	2.974e-05	0.00011934
Barry	0.407	48.961	51.727	0.0	0.0	6.837	6.66e-06	0.00080058	0.00084581	0.0	0.0	0.00011179
Montcalm	0.199	23.93	25.42	0.025	2.015	6.516	3.11e-06	0.00037409	0.00039739	3.9e-07	3.15e-05	0.00010186
Leelanau	0.106	12.758	13.78	0.025	2.015	2.015	4.87e-06	0.0005862	0.00063316	1.15e-06	9.258e-05	9.258e-05
Ingham	0.191	29.711	38.803	0.037	4.675	32.925	6.5e-07	0.00010149	0.00013255	1.3e-07	1.597e-05	0.00011247
Charlevoix	0.107	12.835	13.584	0.0	0.0	2.148	4.08e-06	0.00048906	0.0005176	0.0	0.0	8.185e-05
Iron	0.05	6.056	6.434	0.022	2.639	3.754	4.5e-06	0.00054475	0.00057875	1.98e-06	0.00023738	0.00033768
Arenac	0.026	3.178	3.352	0.002	0.252	0.78	1.73e-06	0.00021129	0.00022286	1.3e-07	1.675e-05	5.186e-05
Clare	0.184	24.139	25.765	0.0	0.0	4.911	5.98e-06	0.00078483	0.0008377	0.0	0.0	0.00015967
Luce	1.955	55.836	55.849	0.0	0.0	0.0	0.00031116	0.00888684	0.00888891	0.0	0.0	0.0
Baraga	0.0	0.0	5.0	0.0	0.0	0.0	0.0	0.0	0.00060096	0.0	0.0	0.0
Otsego	0.014	1.649	2.459	0.021	2.546	4.547	5.7e-07	6.686e-05	9.97e-05	8.5e-07	0.00010322	0.00018435
Ottawa	1.075	129.328	141.618	0.154	12.247	50.08	3.7e-06	0.0004452	0.00048751	5.3e-07	4.216e-05	0.0001724
Huron	0.116	15.159	16.822	0.0	0.0	4.909	3.72e-06	0.0004864	0.00053975	0.0	0.0	0.00015751
Presque Isle	0.0	0.562	0.968	0.056	6.797	8.093	0.0	4.412e-05	7.599e-05	4.4e-06	0.0005336	0.00063534
Menominee	0.891	107.229	112.98	0.056	6.797	6.797	3.877e-05	0.00466558	0.00491581	2.44e-06	0.00029574	0.00029574
Newaygo	0.077	9.232	9.81	0.056	6.797	6.797	1.57e-06	0.00018882	0.00020065	1.15e-06	0.00013902	0.00013902
Saint Joseph	0.4	48.162	53.113	0.104	8.251	22.685	6.55e-06	0.00078898	0.00087009	1.7e-06	0.00013517	0.00037162
Genesee	0.0	11.624	30.474	0.136	16.31	76.5	0.0	2.857e-05	7.489e-05	3.3e-07	4.008e-05	0.00018801
Oakland	8.666	1042.843	1148.578	0.554	66.617	383.842	6.88e-06	0.00082818	0.00091215	4.4e-07	5.29e-05	0.00030483
Saint Clair	0.314	41.095	46.774	0.052	4.929	22.434	1.97e-06	0.00025791	0.00029355	3.3e-07	3.093e-05	0.0001408
