Noble	1.0	0.0	0.0	0.0	2.104e-05	0.0	5.0	2.0	1.25	0.0001052	4.208e-05	2.63e-05	2020-03-22
Noble	1.0	0.0	0.0	0.0	2.104e-05	0.0	5.0	2.0	1.25	0.0001052	4.208e-05	2.63e-05	2020-03-23
Noble	1.0	0.0	0.0	0.0	2.104e-05	0.0	5.0	2.0	1.25	0.0001052	4.208e-05	2.63e-05	2020-03-24
Noble	1.0	0.0	0.0	0.0	2.104e-05	0.0	5.0	2.0	1.25	0.0001052	4.208e-05	2.63e-05	2020-03-25
Noble	1.0	0.0	0.0	0.0	2.104e-05	0.0	5.0	2.0	1.25	0.0001052	4.208e-05	2.63e-05	2020-03-26
Noble	1.0	0.0	0.0	0.0	2.104e-05	0.0	5.0	2.0	1.25	0.0001052	4.208e-05	2.63e-05	2020-03-27
Noble	2.0	0.0	0.0	0.0	4.208e-05	0.0	10.0	4.0	2.5	0.0002104	8.416e-05	5.26e-05	2020-03-28
Noble	2.0	0.0	0.0	0.0	4.208e-05	0.0	10.0	4.0	2.5	0.0002104	8.416e-05	5.26e-05	2020-03-29
Noble	2.0	0.0	0.0	0.0	4.208e-05	0.0	10.0	4.0	2.5	0.0002104	8.416e-05	5.26e-05	2020-03-30
Noble	2.0	0.0	0.0	0.0	4.208e-05	0.0	10.0	4.0	2.5	0.0002104	8.416e-05	5.26e-05	2020-03-31
Noble	3.0	0.0	0.0	0.0	6.312e-05	0.0	15.0	6.0	3.75	0.0003156	0.00012624	7.89e-05	2020-04-01
Noble	3.0	0.0	0.0	0.0	6.312e-05	0.0	15.0	6.0	3.75	0.0003156	0.00012624	7.89e-05	2020-04-02
Noble	5.0	0.0	0.0	0.0	0.00010519	0.0	25.0	10.0	6.25	0.00052595	0.00021038	0.0001314875	2020-04-03
Noble	1	0	0	0	_2020-3-24
Noble	1	0	0	0	_2020-3-25
Noble	1	0	0	0	_2020-3-26
