Name	Predicted_New_Cases	Total_Predicted_New_Cases	Total_Predicted_Cases	Predicted_New_Deaths	Total_Predicted_New_Deaths	Total_Predicted_Deaths	Predicted_New_per_capita	Predicted_Total_New_per_capita	Predicted_Total_Cases_per_capita	Predicted_New_Deaths_per_capita	Total_Predicted_New_Deaths_per_capita	Total_Predicted_Deaths_per_capita
Choctaw	36.354	406.87	501.87	0.0	0.0	4.0	0.00439164	0.04915076	0.06062696	0.0	0.0	0.00048321
Jones	9.765	395.773	1817.773	0.813	23.231	76.231	0.00014264	0.005781	0.02655195	1.188e-05	0.00033933	0.0011135
Pike	5.326	227.642	851.642	1.08	32.239	57.239	0.00013462	0.00575391	0.02152622	2.73e-05	0.00081488	0.00144678
Wayne	16.972	443.449	1093.449	3.441	47.731	68.731	0.00083614	0.02184693	0.05386979	0.00016952	0.00235151	0.0033861
Oktibbeha	3.824	185.264	890.264	0.029	1.116	28.116	7.71e-05	0.00373524	0.01794923	5.8e-07	2.25e-05	0.00056687
Montgomery	1.678	99.821	328.821	0.0	0.014	3.014	0.00016741	0.00995919	0.03280664	0.0	1.4e-06	0.00030071
Rankin	39.16	1332.385	2869.385	2.711	56.835	79.835	0.00025445	0.00865736	0.01864423	1.762e-05	0.00036929	0.00051874
Webster	0.469	21.027	167.027	0.0	0.0	11.0	4.792e-05	0.00214824	0.01706447	0.0	0.0	0.00112383
Jefferson Davis	2.334	85.894	238.894	0.0	0.0	4.0	0.00020776	0.0076459	0.02126527	0.0	0.0	0.00035606
Attala	0.838	48.735	471.735	0.03	1.389	24.389	4.563e-05	0.00265369	0.02568663	1.63e-06	7.563e-05	0.00132802
George	2.424	108.615	300.615	0.0	0.0	3.0	9.996e-05	0.00447897	0.01239649	0.0	0.0	0.00012371
Lincoln	3.465	155.262	773.262	0.167	5.454	41.454	0.0001013	0.00453916	0.02260669	4.88e-06	0.00015945	0.00121193
Kemper	1.789	55.798	256.798	0.499	9.167	24.167	0.00017842	0.00556478	0.02561065	4.977e-05	0.00091423	0.00241019
Quitman	1.404	62.905	201.905	0.0	0.0	1.0	0.00019912	0.00892143	0.02863495	0.0	0.0	0.00014182
Hinds	43.83	1825.844	5660.844	1.201	50.047	125.047	0.00018487	0.00770122	0.02387685	5.07e-06	0.00021109	0.00052744
Lee	31.516	900.216	1763.216	2.244	35.967	60.967	0.0003699	0.01056567	0.02069454	2.634e-05	0.00042214	0.00071556
Washington	19.817	779.754	1884.754	1.635	42.705	61.705	0.00043976	0.01730364	0.04182487	3.628e-05	0.00094767	0.00136931
Alcorn	2.78	121.724	300.724	0.0	0.0	2.0	7.529e-05	0.00329652	0.00814418	0.0	0.0	5.416e-05
Leake	1.797	108.534	801.534	0.029	1.415	24.415	7.894e-05	0.004768	0.03521214	1.27e-06	6.216e-05	0.00107257
Desoto	24.994	1068.341	3542.341	0.136	4.05	24.05	0.00013733	0.00586997	0.01946331	7.5e-07	2.225e-05	0.00013214
Yalobusha	1.75	78.397	323.397	0.048	1.56	10.56	0.00014122	0.00632642	0.02609724	3.87e-06	0.00012589	0.00085216
Tallahatchie	9.677	356.161	657.161	0.0	0.0	4.0	0.00069186	0.02546372	0.0469837	0.0	0.0	0.00028598
Jefferson	0.0	13.107	158.107	0.0	0.0	3.0	0.0	0.0018445	0.02224979	0.0	0.0	0.00042218
Newton	3.056	130.61	572.61	0.099	2.947	12.947	0.00014252	0.00609103	0.02670382	4.62e-06	0.00013743	0.00060379
Smith	3.374	136.764	454.764	0.0	0.0	12.0	0.00021085	0.00854668	0.0284192	0.0	0.0	0.00074991
Covington	0.0	23.214	499.214	0.0	0.653	7.653	0.0	0.00123132	0.02647929	0.0	3.464e-05	0.00040593
Panola	8.079	345.339	941.339	0.0	0.0	7.0	0.00023638	0.01010413	0.02754225	0.0	0.0	0.00020481
Monroe	3.562	159.604	684.604	1.142	37.225	81.225	0.00010016	0.0044878	0.01924992	3.211e-05	0.0010467	0.00228391
Lamar	29.708	968.811	1800.811	0.619	12.162	20.162	0.00047573	0.01551413	0.02883743	9.91e-06	0.00019476	0.00032287
Lawrence	0.0	3.492	217.492	0.0	0.0	3.0	0.0	0.00028037	0.01746222	0.0	0.0	0.00024087
Marion	3.433	153.812	586.812	0.0	0.0	12.0	0.0001389	0.00622343	0.02374315	0.0	0.0	0.00048554
Benton	13.999	312.193	392.193	0.0	0.0	0.0	0.00169254	0.0377455	0.04741785	0.0	0.0	0.0
Simpson	3.607	217.867	765.867	0.073	3.538	8.538	0.0001348	0.00814213	0.02862198	2.73e-06	0.00013222	0.00031908
Madison	14.19	635.775	2439.775	0.917	29.905	76.905	0.00013434	0.00601889	0.02309737	8.68e-06	0.00028311	0.00072806
Wilkinson	6.339	165.61	294.61	2.064	28.638	39.638	0.000721	0.01883644	0.03350887	0.00023476	0.00325728	0.00450842
Bolivar	31.848	909.712	1514.712	0.0	0.0	22.0	0.00101644	0.02903367	0.04834239	0.0	0.0	0.00070214
Scott	2.496	120.91	1021.91	0.079	3.015	19.015	8.824e-05	0.0042744	0.03612649	2.79e-06	0.00010659	0.00067222
Pearl River	4.457	185.667	568.667	0.0	0.0	32.0	8.047e-05	0.00335218	0.01026716	0.0	0.0	0.00057775
Calhoun	5.495	209.445	479.445	0.0	0.0	5.0	0.00038065	0.01450852	0.03321176	0.0	0.0	0.00034636
Pontotoc	11.473	437.309	970.309	0.0	0.0	6.0	0.00036041	0.0137376	0.03048123	0.0	0.0	0.00018848
Clarke	1.826	81.801	338.801	0.0	0.0	25.0	0.00011702	0.00524231	0.02171245	0.0	0.0	0.00160215
Marshall	6.968	265.601	657.601	0.379	9.443	13.443	0.00019655	0.00749206	0.01854958	1.069e-05	0.00026637	0.0003792
Coahoma	320.04	3581.859	4024.859	0.0	0.443	7.443	0.01414354	0.15829322	0.17787074	0.0	1.958e-05	0.00032893
Unassigned	0.0	0.0	0.0	0.0	0.0	0.0	N/A	N/A	N/A	N/A	N/A	N/A
Issaquena	9.736	108.963	124.963	0.0	0.0	1.0	0.00744343	0.08330505	0.09553746	0.0	0.0	0.00076453
Leflore	8.23	323.848	986.848	0.0	0.0	56.0	0.00028459	0.01119845	0.03412455	0.0	0.0	0.00193644
Adams	3.126	143.097	592.097	0.245	8.323	30.323	0.00010022	0.00458762	0.01898234	7.85e-06	0.00026683	0.00097214
Claiborne	1.034	62.477	416.477	0.037	1.807	12.807	0.00011486	0.00694035	0.04626494	4.11e-06	0.00020073	0.00142268
Clay	5.544	172.964	481.964	0.943	17.311	30.311	0.00028598	0.00892211	0.02486145	4.864e-05	0.00089296	0.00156355
Chickasaw	3.931	144.689	492.689	0.0	0.0	19.0	0.00022893	0.00842636	0.02869309	0.0	0.0	0.00110652
Itawamba	10.9	284.79	492.79	0.0	0.0	8.0	0.00046349	0.01210996	0.02095463	0.0	0.0	0.00034018
Forrest	9.919	444.42	1676.42	0.339	11.059	56.059	0.00013219	0.00592276	0.02234154	4.52e-06	0.00014738	0.00074709
Franklin	0.666	31.085	105.085	0.0	0.0	2.0	8.552e-05	0.0039914	0.01349319	0.0	0.0	0.00025681
Humphreys	2.636	106.859	328.859	0.008	0.222	10.222	0.00031924	0.01294163	0.0398279	9.7e-07	2.689e-05	0.00123798
Greene	63.879	886.193	1051.193	0.0	0.015	10.015	0.00470183	0.0652284	0.07737325	0.0	1.1e-06	0.00073716
Lafayette	2.046	158.764	771.764	0.0	0.0	4.0	3.734e-05	0.00289752	0.01408508	0.0	0.0	7.3e-05
Lauderdale	15.745	491.168	1606.168	0.217	8.263	91.263	0.00020905	0.00652134	0.02132544	2.88e-06	0.00010971	0.00121172
Stone	8.071	201.091	310.091	0.0	0.0	2.0	0.00043121	0.01074376	0.01656735	0.0	0.0	0.00010685
Hancock	8.307	247.956	459.956	1.237	21.227	35.227	0.0001755	0.00523843	0.00971724	2.613e-05	0.00044845	0.00074422
Union	11.024	343.898	681.898	0.444	8.148	19.148	0.00038537	0.01202188	0.02383759	1.552e-05	0.00028484	0.00066937
Perry	1.514	67.841	194.841	0.086	2.802	7.802	0.0001269	0.00568611	0.01633065	7.21e-06	0.00023485	0.00065393
Sharkey	0.988	42.244	121.244	0.086	2.802	2.802	0.00022573	0.00965136	0.02770025	1.965e-05	0.00064016	0.00064016
Tunica	1.062	47.583	202.583	0.0	0.0	3.0	0.0001068	0.0047851	0.02037239	0.0	0.0	0.00030169
Carroll	5.577	173.978	394.978	0.0	0.0	11.0	0.00056271	0.01755403	0.03985249	0.0	0.0	0.00110988
Grenada	1.973	183.878	904.878	0.166	11.061	27.061	9.371e-05	0.00873322	0.04297687	7.88e-06	0.00052534	0.00128525
Tate	4.981	241.275	734.275	0.343	13.063	31.063	0.0001732	0.00838955	0.02553201	1.193e-05	0.00045422	0.00108011
Copiah	4.244	190.162	967.162	0.511	16.665	36.665	0.00014869	0.0066623	0.03388438	1.79e-05	0.00058386	0.00128455
Noxubee	46.619	646.748	974.748	0.0	0.646	10.646	0.00442515	0.06139041	0.09252473	0.0	6.132e-05	0.00101054
Holmes	2.941	131.768	806.768	0.291	9.501	52.501	0.00016689	0.00747747	0.04578186	1.651e-05	0.00053916	0.00297929
Yazoo	3.032	135.855	775.855	0.086	2.802	9.802	0.00010734	0.00480937	0.02746584	3.04e-06	9.919e-05	0.000347
Lowndes	14.617	455.998	1126.998	1.997	36.668	54.668	0.00024804	0.00773796	0.01912435	3.389e-05	0.00062223	0.00092768
Tippah	120.248	1345.806	1548.806	0.0	0.0	11.0	0.00546706	0.06118691	0.07041628	0.0	0.0	0.00050011
Warren	6.23	272.766	1020.766	0.238	7.44	29.44	0.00013492	0.00590709	0.02210599	5.15e-06	0.00016112	0.00063756
Neshoba	1.502	78.506	1191.506	0.274	12.257	94.257	5.157e-05	0.00269548	0.04091008	9.41e-06	0.00042084	0.00323629
Harrison	14.315	655.219	2176.219	0.337	11.483	31.483	6.927e-05	0.00317067	0.01053094	1.63e-06	5.557e-05	0.00015235
Prentiss	71.744	1070.684	1273.684	0.0	0.974	6.974	0.00283405	0.04229445	0.05031341	0.0	3.848e-05	0.00027549
Walthall	4.41	197.568	555.568	0.597	19.469	32.469	0.00030487	0.01365835	0.03840774	4.127e-05	0.00134594	0.00224466
Jasper	1.267	56.774	360.774	0.0	0.0	6.0	7.712e-05	0.00345593	0.02196092	0.0	0.0	0.00036523
Amite	3.429	116.678	261.678	0.341	7.154	11.154	0.00027819	0.00946601	0.02122976	2.767e-05	0.0005804	0.00090492
Winston	4.628	170.339	581.339	0.909	21.494	34.494	0.00025478	0.00937732	0.03200325	5.004e-05	0.00118326	0.00189893
Tishomingo	8.861	276.439	454.439	0.427	19.151	21.151	0.00045548	0.01420988	0.02335967	2.195e-05	0.00098442	0.00108723
Sunflower	11.663	472.732	1160.732	0.719	19.639	32.639	0.0004532	0.01836922	0.04510324	2.794e-05	0.00076312	0.00126827
Jackson	18.529	729.072	1912.072	0.618	16.141	39.141	0.00012932	0.00508855	0.01334528	4.31e-06	0.00011266	0.00027318
