Name	Predicted_New_Cases	Total_Predicted_New_Cases	Predicted_New_per_capita	Predicted_Total_per_capita
Jones	6.639	34.84	9.697e-05	0.0005089
Pike	1.657	18.502	4.188e-05	0.00046766
Wayne	0.0	0.0	0.0	0.0
Oktibbeha	0.816	9.142	1.645e-05	0.00018432
Montgomery	0.013	1.099	1.3e-06	0.00010965
Rankin	0.828	16.789	5.38e-06	0.00010909
Webster	0.0	0.0	0.0	0.0
George	0.0	0.0	0.0	0.0
Kemper	5.959	33.272	0.0005943	0.00331824
Quitman	3.224	23.485	0.00045724	0.00333073
Washington	1.657	18.502	3.677e-05	0.00041058
Alcorn	0.0	0.0	0.0	0.0
Leake	4.117	22.987	0.00018086	0.00100984
Yalobusha	0.0	0.0	0.0	0.0
Tallahatchie	0.0	0.0	0.0	0.0
Jefferson	0.0	0.0	0.0	0.0
Newton	0.0	0.0	0.0	0.0
Smith	0.0	0.0	0.0	0.0
Covington	0.238	2.728	1.262e-05	0.0001447
Lamar	5.682	31.143	9.099e-05	0.00049871
Lawrence	0.0	0.0	0.0	0.0
Marion	0.829	9.25	3.354e-05	0.00037427
Benton	0.0	0.0	0.0	0.0
Simpson	0.247	2.929	9.23e-06	0.00010946
Wilkinson	1.997	19.469	0.00022714	0.0022144
Bolivar	7.342	55.409	0.00023432	0.00176839
Scott	0.931	11.368	3.291e-05	0.00040188
Pearl River	3.191	33.729	5.761e-05	0.00060897
Calhoun	0.0	0.0	0.0	0.0
Clarke	0.238	2.728	1.525e-05	0.00017483
Adams	1.749	16.433	5.607e-05	0.00052683
Claiborne	0.0	0.0	0.0	0.0
Clay	0.0	0.0	0.0	0.0
Chickasaw	0.0	0.0	0.0	0.0
Itawamba	0.0	0.0	0.0	0.0
Forrest	6.809	56.197	9.074e-05	0.00074893
Franklin	0.0	0.0	0.0	0.0
Humphreys	0.0	0.0	0.0	0.0
Greene	0.0	0.0	0.0	0.0
Lauderdale	3.573	40.337	4.744e-05	0.00053556
Stone	0.0	0.0	0.0	0.0
Union	0.0	0.0	0.0	0.0
Perry	0.014	0.995	1.17e-06	8.34e-05
Sharkey	0.0	0.0	0.0	0.0
Carroll	0.229	2.65	2.311e-05	0.00026738
Grenada	0.0	0.0	0.0	0.0
Tate	0.829	9.25	2.883e-05	0.00032164
Yazoo	0.816	9.142	2.889e-05	0.00032363
Warren	0.458	5.304	9.92e-06	0.00011486
Neshoba	0.741	8.421	2.544e-05	0.00028913
Harrison	3.223	36.225	1.56e-05	0.0001753
Prentiss	0.0	0.0	0.0	0.0
Amite	0.247	2.805	2.004e-05	0.00022757
Tishomingo	0.0	0.0	0.0	0.0
Sunflower	0.552	6.168	2.145e-05	0.00023967
