Name	Predicted_New_Cases	Total_Predicted_New_Cases	Total_Predicted_Cases	Predicted_New_Deaths	Total_Predicted_New_Deaths	Total_Predicted_Deaths	Predicted_New_per_capita	Predicted_Total_New_per_capita	Predicted_Total_Cases_per_capita	Predicted_New_Deaths_per_capita	Total_Predicted_New_Deaths_per_capita	Total_Predicted_Deaths_per_capita
Choctaw	0.218	60.715	185.715	0.0	0.0	4.0	2.633e-05	0.0073345	0.02243477	0.0	0.0	0.00048321
Jones	2.82	762.117	2502.117	0.06	14.382	71.382	4.119e-05	0.01113213	0.03654806	8.8e-07	0.00021008	0.00104267
Pike	1.621	451.401	1270.401	0.125	23.768	55.768	4.097e-05	0.01140968	0.03211084	3.16e-06	0.00060076	0.0014096
Wayne	0.941	236.228	967.228	0.008	1.218	22.218	4.636e-05	0.01163799	0.04765139	3.9e-07	6.001e-05	0.00109459
Oktibbeha	6.701	1486.812	2530.812	0.237	31.097	65.097	0.0001351	0.02997665	0.05102546	4.78e-06	0.00062697	0.00131247
Montgomery	0.0	45.169	336.169	0.0	0.0	3.0	0.0	0.00450653	0.03353976	0.0	0.0	0.00029931
Rankin	4.803	1337.744	3448.744	0.114	21.768	49.768	3.121e-05	0.00869218	0.0224087	7.4e-07	0.00014144	0.00032337
Webster	0.34	94.728	289.728	0.012	2.223	14.223	3.474e-05	0.00967797	0.02960033	1.23e-06	0.00022711	0.00145311
Jefferson Davis	0.445	111.607	307.607	0.051	8.236	14.236	3.961e-05	0.00993475	0.02738179	4.54e-06	0.00073313	0.00126722
Attala	0.571	159.153	654.153	0.0	0.0	24.0	3.109e-05	0.0086661	0.03561955	0.0	0.0	0.00130683
George	108.153	8630.151	9169.151	0.0	0.762	5.762	0.00445992	0.35588252	0.37810932	0.0	3.142e-05	0.00023761
Lincoln	0.952	265.213	1000.213	0.043	8.221	47.221	2.783e-05	0.00775363	0.02924172	1.26e-06	0.00024034	0.00138053
Kemper	0.176	49.055	272.055	0.0	0.0	15.0	1.755e-05	0.00489229	0.02713224	0.0	0.0	0.00149596
Quitman	1.773	351.3	571.3	0.0	0.0	1.0	0.00025145	0.04982272	0.08102397	0.0	0.0	0.00014182
Hinds	11.255	3135.061	8311.061	0.267	66.911	172.911	4.747e-05	0.01322336	0.0350552	1.13e-06	0.00028222	0.00072932
Lee	2.406	687.639	1881.639	0.073	14.506	44.506	2.824e-05	0.00807069	0.02208445	8.6e-07	0.00017025	0.00052236
Alcorn	1.503	418.591	767.591	0.04	7.554	11.554	4.07e-05	0.01133625	0.02078784	1.08e-06	0.00020458	0.0003129
Desoto	3.623	1009.301	4224.301	0.117	22.217	49.217	1.991e-05	0.00554558	0.02321032	6.4e-07	0.00012207	0.00027042
Yalobusha	0.426	127.604	439.604	0.026	5.611	15.611	3.438e-05	0.01029729	0.03547482	2.1e-06	0.00045279	0.00125976
Tallahatchie	0.734	204.504	650.504	0.174	33.103	43.103	5.248e-05	0.01462101	0.04650776	1.244e-05	0.0023667	0.00308165
Jefferson	1.233	223.564	414.564	0.416	39.872	45.872	0.00017352	0.0314613	0.05833999	5.854e-05	0.00561103	0.00645539
Newton	0.604	168.305	682.305	0.012	2.223	13.223	2.817e-05	0.00784895	0.03181947	5.6e-07	0.00010367	0.00061666
Covington	0.815	226.951	802.951	0.063	11.996	22.996	4.323e-05	0.01203792	0.04259009	3.34e-06	0.00063629	0.00121975
Panola	3.406	819.24	1715.24	0.213	32.05	43.05	9.965e-05	0.02396981	0.0501855	6.23e-06	0.00093774	0.00125958
Monroe	1.788	412.585	1099.585	8.599	531.319	581.319	5.028e-05	0.0116012	0.03091848	0.00024179	0.0149398	0.01634571
Lamar	2.177	606.413	1711.413	0.106	20.214	32.214	3.486e-05	0.00971084	0.02740585	1.7e-06	0.0003237	0.00051586
Lawrence	0.754	210.055	517.055	0.021	3.997	8.997	6.054e-05	0.01686511	0.04151385	1.69e-06	0.00032092	0.00072236
Marion	1.277	355.689	949.689	0.083	15.773	33.773	5.167e-05	0.01439162	0.03842561	3.36e-06	0.0006382	0.0013665
Benton	0.394	94.841	218.841	0.083	15.773	15.773	4.764e-05	0.01146669	0.02645883	1.004e-05	0.00190702	0.00190702
Simpson	0.965	288.988	995.988	0.193	41.285	67.285	3.606e-05	0.01080006	0.03722206	7.21e-06	0.0015429	0.00251458
Madison	3.987	1110.463	3382.463	0.0	0.787	53.787	3.774e-05	0.01051276	0.0320218	0.0	7.45e-06	0.0005092
Wilkinson	0.473	118.728	301.728	0.019	3.05	15.05	5.38e-05	0.01350409	0.03431847	2.16e-06	0.00034691	0.00171178
Bolivar	2.583	719.453	1652.453	0.162	30.878	62.878	8.244e-05	0.02296151	0.05273842	5.17e-06	0.00098548	0.00200677
Pearl River	0.925	241.375	721.375	0.135	23.166	59.166	1.67e-05	0.00435797	0.01302427	2.44e-06	0.00041826	0.00106823
Pontotoc	1.088	345.851	1061.851	0.002	0.558	7.558	3.418e-05	0.01086454	0.03335693	6e-08	1.753e-05	0.00023743
Clarke	0.308	85.791	382.791	0.0	0.0	25.0	1.974e-05	0.00549801	0.02453159	0.0	0.0	0.00160215
Marshall	1.311	342.236	898.236	0.064	10.902	18.902	3.698e-05	0.00965378	0.0253374	1.81e-06	0.00030752	0.00053319
Coahoma	1.684	469.165	1117.165	0.014	2.667	12.667	7.442e-05	0.02073383	0.04937091	6.2e-07	0.00011786	0.00055979
Issaquena	0.014	8.131	29.131	0.0	0.0	1.0	1.07e-05	0.00621636	0.02227141	0.0	0.0	0.00076453
Leflore	1.34	362.041	1189.041	0.012	3.268	62.268	4.634e-05	0.01251914	0.04111626	4.1e-07	0.00011301	0.00215319
Adams	1.084	301.843	879.843	0.04	7.554	32.554	3.475e-05	0.00967694	0.02820733	1.28e-06	0.00024218	0.00104367
Clay	0.554	154.245	518.245	0.009	1.779	15.779	2.858e-05	0.00795652	0.02673295	4.6e-07	9.177e-05	0.00081394
Chickasaw	0.617	171.903	598.903	0.0	0.0	19.0	3.593e-05	0.01001124	0.03487875	0.0	0.0	0.00110652
Itawamba	0.59	187.583	493.583	0.008	1.944	11.944	2.509e-05	0.00797649	0.02098835	3.4e-07	8.266e-05	0.00050789
Forrest	2.855	795.213	2410.213	5.296	327.215	378.215	3.805e-05	0.01059775	0.03212076	7.058e-05	0.00436077	0.00504045
Franklin	0.258	71.945	182.945	0.472	29.156	31.156	3.313e-05	0.00923793	0.02349063	6.061e-05	0.00374371	0.00400051
Greene	0.663	166.367	392.367	0.008	1.218	12.218	4.88e-05	0.01224547	0.02888024	5.9e-07	8.965e-05	0.00089931
Lafayette	2.425	608.736	1469.736	0.061	9.762	18.762	4.426e-05	0.01110974	0.02682343	1.11e-06	0.00017816	0.00034242
Lauderdale	1.535	438.865	1759.865	4.824	298.055	386.055	2.038e-05	0.0058269	0.02336611	6.405e-05	0.00395734	0.00512574
Stone	0.31	86.226	232.226	1.416	87.473	90.473	1.656e-05	0.00460683	0.01240722	7.565e-05	0.00467345	0.00483373
Hancock	1.486	357.341	681.341	0.0	0.0	14.0	3.139e-05	0.00754935	0.01439433	0.0	0.0	0.00029577
Union	1.26	340.374	853.374	0.083	14.968	27.968	4.405e-05	0.01189869	0.02983199	2.9e-06	0.00052325	0.0009777
Perry	0.658	187.983	400.983	0.045	8.864	15.864	5.515e-05	0.01575585	0.0336085	3.77e-06	0.00074294	0.00132965
Sharkey	0.486	135.279	315.279	0.0	0.0	1.0	0.00011103	0.03090679	0.07203084	0.0	0.0	0.00022847
Tunica	0.526	146.396	398.396	0.043	8.221	14.221	5.29e-05	0.01472204	0.04006396	4.32e-06	0.00082673	0.00143011
Copiah	1.086	302.497	1205.497	0.044	8.439	31.439	3.805e-05	0.01059794	0.04223442	1.54e-06	0.00029566	0.00110146
Noxubee	0.658	183.242	597.242	0.0	0.0	10.0	6.246e-05	0.01739364	0.05669122	0.0	0.0	0.00094922
Holmes	1.475	410.96	1245.96	0.079	15.104	61.104	8.37e-05	0.02332085	0.0707048	4.48e-06	0.00085711	0.00346748
Yazoo	0.945	263.144	1027.144	0.106	20.214	31.214	3.345e-05	0.00931549	0.03636165	3.75e-06	0.00071559	0.001105
Lowndes	1.845	539.261	1497.261	0.148	30.393	60.393	3.131e-05	0.00915087	0.02540745	2.51e-06	0.00051575	0.00102483
Tippah	0.695	187.906	481.906	0.014	2.455	14.455	3.16e-05	0.00854312	0.0219098	6.4e-07	0.00011162	0.00065719
Warren	1.452	434.886	1398.886	0.039	8.427	33.427	3.144e-05	0.00941801	0.03029466	8.4e-07	0.0001825	0.0007239
Neshoba	0.0	28.453	1218.453	0.023	6.432	93.432	0.0	0.00097693	0.0418353	7.9e-07	0.00022084	0.00320797
Harrison	4.205	1201.906	3268.906	0.243	48.142	80.142	2.035e-05	0.00581614	0.01581856	1.18e-06	0.00023296	0.00038782
Prentiss	0.868	241.888	572.888	0.0	0.0	6.0	3.429e-05	0.00955513	0.02263038	0.0	0.0	0.00023701
Walthall	0.444	136.563	575.563	0.05	10.991	28.991	3.069e-05	0.00944093	0.03979004	3.46e-06	0.00075983	0.00200422
Jasper	0.605	168.633	541.633	0.043	8.221	16.221	3.683e-05	0.01026497	0.03297011	2.62e-06	0.00050043	0.0009874
Amite	0.442	123.069	327.069	0.0	0.0	5.0	3.586e-05	0.0099845	0.02653489	0.0	0.0	0.00040565
Tishomingo	1.16	291.107	597.107	0.0	0.062	3.062	5.963e-05	0.01496386	0.03069328	0.0	3.19e-06	0.0001574
Sunflower	1.811	504.376	1407.376	0.144	27.326	49.326	7.037e-05	0.01959883	0.05468724	5.6e-06	0.00106182	0.00191669
