Name	Predicted_New_Cases	Total_Predicted_New_Cases	Total_Predicted_Cases	Predicted_New_Deaths	Total_Predicted_New_Deaths	Total_Predicted_Deaths	Predicted_New_per_capita	Predicted_Total_New_per_capita	Predicted_Total_Cases_per_capita	Predicted_New_Deaths_per_capita	Total_Predicted_New_Deaths_per_capita	Total_Predicted_Deaths_per_capita
Choctaw	0.018	5.182	19.161	0.0	0.0	1.0	2.17e-06	0.000626	0.00231469	0.0	0.0	0.0001208
Jones	1.074	231.176	350.418	0.0	0.0	0.0	1.569e-05	0.00337675	0.00511851	0.0	0.0	0.0
Pike	0.553	158.291	314.173	0.015	4.168	7.955	1.398e-05	0.00400099	0.00794108	3.8e-07	0.00010535	0.00020107
Wayne	0.029	8.239	26.795	0.015	4.168	4.955	1.43e-06	0.0004059	0.00132008	7.4e-07	0.00020534	0.00024411
Oktibbeha	0.024	12.702	60.911	0.019	5.556	9.605	4.8e-07	0.00025609	0.00122807	3.8e-07	0.00011202	0.00019365
Montgomery	0.0	0.102	16.378	0.0	0.0	1.0	0.0	1.018e-05	0.00163404	0.0	0.0	9.977e-05
Rankin	0.395	113.028	287.366	0.02	4.102	8.506	2.57e-06	0.00073442	0.0018672	1.3e-07	2.665e-05	5.527e-05
Webster	0.015	4.168	20.955	0.0	0.0	1.0	1.53e-06	0.00042583	0.00214089	0.0	0.0	0.00010217
Jefferson Davis	0.0	0.0	13.0	0.0	0.0	1.0	0.0	0.0	0.0011572	0.0	0.0	8.902e-05
Attala	1.29	229.685	306.351	0.0	0.0	0.0	7.024e-05	0.01250667	0.01668124	0.0	0.0	0.0
George	0.026	7.497	18.913	0.0	0.0	1.0	1.07e-06	0.00030915	0.00077992	0.0	0.0	4.124e-05
Lincoln	0.564	161.344	316.803	0.03	6.154	13.76	1.649e-05	0.00471697	0.00926189	8.8e-07	0.00017992	0.00040228
Kemper	9.568	715.049	747.336	0.03	6.154	6.76	0.00095422	0.07131236	0.07453236	2.99e-06	0.00061374	0.00067418
Quitman	0.0	0.512	14.932	0.03	6.154	6.76	0.0	7.261e-05	0.00211771	4.25e-06	0.00087278	0.00095873
Hinds	0.961	275.022	709.94	0.059	12.307	19.519	4.05e-06	0.00116001	0.00299445	2.5e-07	5.191e-05	8.233e-05
Lee	5.741	618.001	696.443	0.0	0.0	4.038	6.738e-05	0.00725336	0.00817402	0.0	0.0	4.739e-05
Washington	0.061	33.029	112.373	0.01	2.776	6.299	1.35e-06	0.00073295	0.00249369	2.2e-07	6.16e-05	0.00013978
Alcorn	0.0	0.0	8.0	0.01	2.776	3.299	0.0	0.0	0.00021666	2.7e-07	7.518e-05	8.934e-05
Leake	3.368	599.751	756.048	0.0	0.0	1.0	0.00014796	0.02634763	0.0332139	0.0	0.0	4.393e-05
Desoto	0.577	165.141	448.317	0.028	5.741	10.306	3.17e-06	0.00090736	0.00246327	1.5e-07	3.154e-05	5.663e-05
Yalobusha	0.022	6.291	24.479	0.028	5.741	6.306	1.78e-06	0.00050767	0.00197539	2.26e-06	0.00046328	0.00050888
Tallahatchie	0.045	12.867	24.296	0.0	0.0	1.0	3.22e-06	0.00091993	0.00173704	0.0	0.0	7.149e-05
Jefferson	0.809	60.428	65.875	0.0	0.0	0.0	0.00011385	0.0085038	0.00927033	0.0	0.0	0.0
Newton	1.516	240.837	297.812	0.0	0.0	0.0	7.07e-05	0.0112315	0.01388854	0.0	0.0	0.0
Smith	0.126	45.858	108.849	0.0	0.0	3.0	7.87e-06	0.00286577	0.00680221	0.0	0.0	0.00018748
Covington	0.778	150.711	202.725	0.0	0.0	0.0	4.127e-05	0.00799401	0.01075293	0.0	0.0	0.0
Panola	0.563	105.04	150.554	0.0	0.004	2.014	1.647e-05	0.00307332	0.004405	0.0	1.2e-07	5.893e-05
Monroe	1.516	304.227	440.201	1.409	161.131	173.946	4.263e-05	0.00855435	0.01237771	3.962e-05	0.00453073	0.00489107
Lamar	0.321	91.829	188.165	0.015	4.168	6.955	5.14e-06	0.00147051	0.0030132	2.4e-07	6.674e-05	0.00011137
Lawrence	1.592	220.705	254.003	0.015	4.168	4.955	0.00012782	0.01772019	0.02039366	1.2e-06	0.00033464	0.00039783
Marion	0.224	64.243	129.37	0.0	0.0	4.0	9.06e-06	0.00259935	0.00523447	0.0	0.0	0.00016185
Benton	3.683	275.272	286.307	0.0	0.0	0.0	0.00044529	0.03328159	0.03461577	0.0	0.0	0.0
Simpson	25.199	1883.296	1930.22	0.0	0.0	0.0	0.00094174	0.07038254	0.07213618	0.0	0.0	0.0
Madison	0.533	133.888	319.341	0.101	17.034	21.997	5.05e-06	0.00126752	0.0030232	9.6e-07	0.00016126	0.00020825
Wilkinson	0.134	38.233	110.451	0.07	14.56	21.995	1.524e-05	0.00434861	0.01256267	7.96e-06	0.00165605	0.00250171
Bolivar	0.192	52.562	150.837	0.083	16.148	24.435	6.13e-06	0.00167753	0.004814	2.65e-06	0.00051537	0.00077985
Scott	2.572	534.467	764.095	0.083	16.148	17.435	9.093e-05	0.01889444	0.02701223	2.93e-06	0.00057086	0.00061636
Pearl River	0.422	120.712	285.5	0.059	12.307	24.519	7.62e-06	0.00217943	0.00515464	1.07e-06	0.0002222	0.00044269
Calhoun	0.194	55.54	109.025	0.0	0.0	2.0	1.344e-05	0.00384733	0.0075523	0.0	0.0	0.00013854
Pontotoc	0.04	10.819	30.652	0.0	0.0	2.0	1.26e-06	0.00033987	0.0009629	0.0	0.0	6.283e-05
Clarke	0.689	128.483	174.674	0.019	5.556	9.605	4.416e-05	0.00823398	0.01119418	1.22e-06	0.00035606	0.00061555
Marshall	0.0	0.628	42.745	0.0	0.0	2.0	0.0	1.771e-05	0.00120575	0.0	0.0	5.642e-05
Coahoma	0.133	35.537	94.558	0.015	4.168	6.955	5.88e-06	0.00157049	0.00417881	6.6e-07	0.0001842	0.00030736
Unassigned	0.0	0.0	0.0	0.0	0.0	0.0	N/A	N/A	N/A	N/A	N/A	N/A
Issaquena	0.0	0.0	0.0	0.0	0.0	0.0	0.0	0.0	0.0	0.0	0.0	0.0
Leflore	5.587	830.1	985.114	4.729	376.319	392.652	0.00019319	0.02870431	0.03406459	0.00016353	0.01301286	0.01357765
Adams	0.22	72.169	188.238	0.0	0.0	7.0	7.05e-06	0.0023137	0.00603482	0.0	0.0	0.00022442
Claiborne	0.011	7.206	21.097	0.0	0.0	0.0	1.22e-06	0.00080049	0.00234359	0.0	0.0	0.0
Clay	0.068	19.532	51.219	0.0	0.0	2.0	3.51e-06	0.00100753	0.00264206	0.0	0.0	0.00010317
Chickasaw	0.168	49.491	111.107	0.031	6.627	11.351	9.78e-06	0.00288224	0.00647062	1.81e-06	0.00038594	0.00066106
Itawamba	6.544	663.668	705.022	0.0	0.0	1.0	0.00027827	0.02822078	0.02997925	0.0	0.0	4.252e-05
Forrest	0.0	45.197	230.923	0.0	3.303	10.509	0.0	0.00060234	0.0030775	0.0	4.402e-05	0.00014005
Franklin	0.074	20.238	40.81	0.0	3.303	4.509	9.5e-06	0.00259861	0.00524011	0.0	0.00042411	0.00057897
Humphreys	0.0	0.0	14.762	0.02	5.65	9.716	0.0	0.0	0.00178782	2.42e-06	0.00068427	0.0011767
Greene	0.015	4.168	8.955	0.02	5.65	6.716	1.1e-06	0.00030679	0.00065913	1.47e-06	0.00041587	0.00049433
Lafayette	34.59	2752.337	2857.713	0.017	4.812	8.721	0.00063129	0.05023154	0.05215471	3.1e-07	8.782e-05	0.00015916
Lauderdale	0.703	201.335	488.344	0.178	36.917	58.552	9.33e-06	0.00267317	0.00648385	2.36e-06	0.00049015	0.00077741
Stone	0.053	15.274	40.157	0.178	36.917	40.552	2.83e-06	0.00081605	0.00214548	9.51e-06	0.00197238	0.00216659
Hancock	0.0	13.761	73.685	0.0	0.0	5.0	0.0	0.00029072	0.0015567	0.0	0.0	0.00010563
Union	0.053	13.28	29.308	0.0	0.0	1.0	1.85e-06	0.00046424	0.00102454	0.0	0.0	3.496e-05
Perry	0.0	0.542	25.029	0.0	0.0	1.0	0.0	4.543e-05	0.00209781	0.0	0.0	8.382e-05
Sharkey	0.0	0.0	4.0	0.0	0.0	0.0	0.0	0.0	0.00091387	0.0	0.0	0.0
Tunica	0.128	35.041	75.224	0.0	0.0	1.0	1.287e-05	0.00352383	0.00756476	0.0	0.0	0.00010056
Carroll	0.798	110.649	129.811	0.0	0.0	1.0	8.052e-05	0.01116426	0.01309767	0.0	0.0	0.0001009
Grenada	2.078	269.477	305.207	0.0	0.0	0.0	9.869e-05	0.01279872	0.0144957	0.0	0.0	0.0
Tate	0.105	28.004	67.748	0.0	0.0	0.0	3.65e-06	0.00097375	0.00235571	0.0	0.0	0.0
Copiah	0.281	68.002	136.715	0.0	0.0	1.0	9.84e-06	0.00238244	0.00478979	0.0	0.0	3.503e-05
Noxubee	0.171	48.874	87.101	0.0	0.0	0.0	1.623e-05	0.0046392	0.00826777	0.0	0.0	0.0
Holmes	0.163	46.747	138.572	0.046	9.639	15.589	9.25e-06	0.00265276	0.00786358	2.61e-06	0.00054699	0.00088463
Yazoo	0.687	159.657	290.725	0.0	0.0	1.0	2.432e-05	0.00565198	0.01029188	0.0	0.0	3.54e-05
Lowndes	0.054	22.077	63.126	0.0	0.0	1.0	9.2e-07	0.00037463	0.0010712	0.0	0.0	1.697e-05
Tippah	0.036	10.18	61.102	0.034	6.975	14.662	1.64e-06	0.00046283	0.00277799	1.55e-06	0.00031712	0.00066661
Warren	0.158	38.134	75.581	0.0	0.0	2.0	3.42e-06	0.00082584	0.0016368	0.0	0.0	4.331e-05
Neshoba	3.67	582.83	713.811	0.0	0.0	2.0	0.00012601	0.02001133	0.02450853	0.0	0.0	6.867e-05
Harrison	0.252	82.669	251.929	0.003	0.664	6.758	1.22e-06	0.00040004	0.00121911	1e-08	3.21e-06	3.27e-05
Prentiss	0.653	110.158	145.39	0.003	0.664	0.758	2.579e-05	0.00435149	0.00574324	1.2e-07	2.623e-05	2.994e-05
Walthall	0.0	0.465	29.038	0.003	0.664	0.758	0.0	3.215e-05	0.00200747	2.1e-07	4.59e-05	5.24e-05
Jasper	0.1	28.601	61.001	0.0	0.0	1.0	6.09e-06	0.00174099	0.00371323	0.0	0.0	6.087e-05
Amite	0.0	1.589	27.669	0.0	0.0	1.0	0.0	0.00012891	0.00224477	0.0	0.0	8.113e-05
Winston	0.527	105.678	152.047	0.0	0.0	0.0	2.901e-05	0.00581767	0.00837033	0.0	0.0	0.0
Tishomingo	2.92	218.208	224.821	0.0	0.0	0.0	0.0001501	0.01121661	0.01155654	0.0	0.0	0.0
Sunflower	0.0	7.174	62.953	0.0	0.341	2.62	0.0	0.00027876	0.0024462	0.0	1.325e-05	0.00010181
Jackson	0.595	170.327	430.482	0.037	7.591	14.338	4.15e-06	0.0011888	0.00300454	2.6e-07	5.298e-05	0.00010007
