Name	Confirmed	Deaths	Recovered	Active	Confirmed_per_capita	Deaths_per_capita	IFR_0.30_expected	IFR_0.65_expected	IFR_1.0_expected	IFR_0.30_expected_per_capita	IFR_0.65_expected_per_capita	IFR_1.0_expected_per_capita
Yalobusha	11.0	0.0	0.0	0.0	0.00088767	0.0	55.0	22.0	13.75	0.00443835	0.00177534	0.0011095875
Panola	17.0	1.0	0.0	0.0	0.0004974	2.926e-05	333.333333333	153.846153846	100.0	0.00975333333333	0.00450153846154	0.002926
Jackson	98.0	5.0	0.0	0.0	0.00068399	3.49e-05	1666.66666667	769.230769231	500.0	0.0116333333333	0.00536923076923	0.00349
Harrison	79.0	3.0	0.0	0.0	0.00038229	1.452e-05	1000.0	461.538461538	300.0	0.00484	0.00223384615385	0.001452
Sunflower	19.0	1.0	0.0	0.0	0.00073829	3.886e-05	333.333333333	153.846153846	100.0	0.0129533333333	0.00597846153846	0.003886
Leake	11.0	0.0	0.0	0.0	0.00048324	0.0	55.0	22.0	13.75	0.0024162	0.00096648	0.00060405
Perry	14.0	1.0	0.0	0.0	0.00117341	8.382e-05	333.333333333	153.846153846	100.0	0.02794	0.0128953846154	0.008382
Leflore	23.0	4.0	0.0	0.0	0.00079532	0.00013832	1333.33333333	615.384615385	400.0	0.0461066666667	0.02128	0.013832
Clarke	8.0	0.0	0.0	0.0	0.00051269	0.0	40.0	16.0	10.0	0.00256345	0.00102538	0.0006408625
Humphreys	4.0	1.0	0.0	0.0	0.00048444	0.00012111	333.333333333	153.846153846	100.0	0.04037	0.0186323076923	0.012111
Calhoun	9.0	0.0	0.0	0.0	0.00062344	0.0	45.0	18.0	11.25	0.0031172	0.00124688	0.0007793
Hinds	158.0	0.0	0.0	0.0	0.00066643	0.0	790.0	316.0	197.5	0.00333215	0.00133286	0.0008330375
Bolivar	51.0	2.0	0.0	0.0	0.00162768	6.383e-05	666.666666667	307.692307692	200.0	0.0212766666667	0.00982	0.006383
Tishomingo	1.0	0.0	0.0	0.0	5.14e-05	0.0	5.0	2.0	1.25	0.000257	0.0001028	6.425e-05
Covington	6.0	0.0	0.0	0.0	0.00031825	0.0	30.0	12.0	7.5	0.00159125	0.0006365	0.0003978125
Jefferson	3.0	0.0	0.0	0.0	0.00042218	0.0	15.0	6.0	3.75	0.0021109	0.00084436	0.000527725
Tippah	36.0	3.0	0.0	0.0	0.00163674	0.00013639	1000.0	461.538461538	300.0	0.0454633333333	0.0209830769231	0.013639
Union	6.0	0.0	0.0	0.0	0.00020975	0.0	30.0	12.0	7.5	0.00104875	0.0004195	0.0002621875
Webster	12.0	1.0	0.0	0.0	0.00122599	0.00010217	333.333333333	153.846153846	100.0	0.0340566666667	0.0157184615385	0.010217
Stone	1.0	0.0	0.0	0.0	5.343e-05	0.0	5.0	2.0	1.25	0.00026715	0.00010686	6.67875e-05
Desoto	136.0	1.0	0.0	0.0	0.00074725	5.49e-06	333.333333333	153.846153846	100.0	0.00183	0.000844615384615	0.000549
Noxubee	5.0	0.0	0.0	0.0	0.00047461	0.0	25.0	10.0	6.25	0.00237305	0.00094922	0.0005932625
Lamar	15.0	0.0	0.0	0.0	0.0002402	0.0	75.0	30.0	18.75	0.001201	0.0004804	0.00030025
Wilkinson	30.0	3.0	0.0	0.0	0.00341219	0.00034122	1000.0	461.538461538	300.0	0.11374	0.0524953846154	0.034122
Lee	30.0	2.0	0.0	0.0	0.0003521	2.347e-05	666.666666667	307.692307692	200.0	0.00782333333333	0.00361076923077	0.002347
Lawrence	5.0	0.0	0.0	0.0	0.00040145	0.0	25.0	10.0	6.25	0.00200725	0.0008029	0.0005018125
Attala	15.0	0.0	0.0	0.0	0.00081677	0.0	75.0	30.0	18.75	0.00408385	0.00163354	0.0010209625
Rankin	74.0	1.0	0.0	0.0	0.00048083	6.5e-06	333.333333333	153.846153846	100.0	0.00216666666667	0.001	0.00065
Tate	16.0	0.0	0.0	0.0	0.00055635	0.0	80.0	32.0	20.0	0.00278175	0.0011127	0.0006954375
Lauderdale	70.0	2.0	0.0	0.0	0.00092941	2.655e-05	666.666666667	307.692307692	200.0	0.00885	0.00408461538462	0.002655
Pike	28.0	0.0	0.0	0.0	0.00070773	0.0	140.0	56.0	35.0	0.00353865	0.00141546	0.0008846625
Amite	6.0	1.0	0.0	0.0	0.00048678	8.113e-05	333.333333333	153.846153846	100.0	0.0270433333333	0.0124815384615	0.008113
Scott	23.0	0.0	0.0	0.0	0.00081309	0.0	115.0	46.0	28.75	0.00406545	0.00162618	0.0010163625
Winston	15.0	0.0	0.0	0.0	0.00082576	0.0	75.0	30.0	18.75	0.0041288	0.00165152	0.0010322
Prentiss	10.0	0.0	0.0	0.0	0.00039502	0.0	50.0	20.0	12.5	0.0019751	0.00079004	0.000493775
Pontotoc	12.0	1.0	0.0	0.0	0.00037697	3.141e-05	333.333333333	153.846153846	100.0	0.01047	0.00483230769231	0.003141
Claiborne	1.0	0.0	0.0	0.0	0.00011109	0.0	5.0	2.0	1.25	0.00055545	0.00022218	0.0001388625
Alcorn	6.0	0.0	0.0	0.0	0.00016249	0.0	30.0	12.0	7.5	0.00081245	0.00032498	0.0002031125
Jones	13.0	0.0	0.0	0.0	0.00018989	0.0	65.0	26.0	16.25	0.00094945	0.00037978	0.0002373625
Kemper	6.0	0.0	0.0	0.0	0.00059838	0.0	30.0	12.0	7.5	0.0029919	0.00119676	0.000747975
Lincoln	18.0	0.0	0.0	0.0	0.00052624	0.0	90.0	36.0	22.5	0.0026312	0.00105248	0.0006578
Adams	19.0	0.0	0.0	0.0	0.00060913	0.0	95.0	38.0	23.75	0.00304565	0.00121826	0.0007614125
Smith	11.0	0.0	0.0	0.0	0.00068741	0.0	55.0	22.0	13.75	0.00343705	0.00137482	0.0008592625
Hancock	30.0	1.0	0.0	0.0	0.00063379	2.113e-05	333.333333333	153.846153846	100.0	0.00704333333333	0.00325076923077	0.002113
Benton	5.0	0.0	0.0	0.0	0.00060452	0.0	25.0	10.0	6.25	0.0030226	0.00120904	0.00075565
Coahoma	29.0	1.0	0.0	0.0	0.0012816	4.419e-05	333.333333333	153.846153846	100.0	0.01473	0.00679846153846	0.004419
Sharkey	3.0	0.0	0.0	0.0	0.0006854	0.0	15.0	6.0	3.75	0.003427	0.0013708	0.00085675
Greene	1.0	0.0	0.0	0.0	7.361e-05	0.0	5.0	2.0	1.25	0.00036805	0.00014722	9.20125e-05
Chickasaw	15.0	2.0	0.0	0.0	0.00087357	0.00011648	666.666666667	307.692307692	200.0	0.0388266666667	0.01792	0.011648
Tallahatchie	3.0	0.0	0.0	0.0	0.00021448	0.0	15.0	6.0	3.75	0.0010724	0.00042896	0.0002681
Walthall	12.0	0.0	0.0	0.0	0.00082959	0.0	60.0	24.0	15.0	0.00414795	0.00165918	0.0010369875
Lafayette	22.0	1.0	0.0	0.0	0.00040151	1.825e-05	333.333333333	153.846153846	100.0	0.00608333333333	0.00280769230769	0.001825
Franklin	5.0	0.0	0.0	0.0	0.00064201	0.0	25.0	10.0	6.25	0.00321005	0.00128402	0.0008025125
Clay	9.0	0.0	0.0	0.0	0.00046425	0.0	45.0	18.0	11.25	0.00232125	0.0009285	0.0005803125
Grenada	7.0	0.0	0.0	0.0	0.00033246	0.0	35.0	14.0	8.75	0.0016623	0.00066492	0.000415575
Montgomery	11.0	1.0	0.0	0.0	0.00109748	9.977e-05	333.333333333	153.846153846	100.0	0.0332566666667	0.0153492307692	0.009977
Marshall	23.0	1.0	0.0	0.0	0.00064878	2.821e-05	333.333333333	153.846153846	100.0	0.00940333333333	0.00434	0.002821
Simpson	6.0	0.0	0.0	0.0	0.00022423	0.0	30.0	12.0	7.5	0.00112115	0.00044846	0.0002802875
Holmes	23.0	2.0	0.0	0.0	0.00130519	0.00011349	666.666666667	307.692307692	200.0	0.03783	0.01746	0.011349
Madison	74.0	2.0	0.0	0.0	0.00070056	1.893e-05	666.666666667	307.692307692	200.0	0.00631	0.00291230769231	0.001893
Tunica	18.0	1.0	0.0	0.0	0.00181014	0.00010056	333.333333333	153.846153846	100.0	0.03352	0.0154707692308	0.010056
Washington	38.0	0.0	0.0	0.0	0.00084326	0.0	190.0	76.0	47.5	0.0042163	0.00168652	0.001054075
Quitman	7.0	0.0	0.0	0.0	0.00099277	0.0	35.0	14.0	8.75	0.00496385	0.00198554	0.0012409625
Copiah	16.0	0.0	0.0	0.0	0.00056056	0.0	80.0	32.0	20.0	0.0028028	0.00112112	0.0007007
Newton	7.0	0.0	0.0	0.0	0.00032645	0.0	35.0	14.0	8.75	0.00163225	0.0006529	0.0004080625
Carroll	6.0	0.0	0.0	0.0	0.00060539	0.0	30.0	12.0	7.5	0.00302695	0.00121078	0.0007567375
Yazoo	32.0	1.0	0.0	0.0	0.00113282	3.54e-05	333.333333333	153.846153846	100.0	0.0118	0.00544615384615	0.00354
Itawamba	4.0	0.0	0.0	0.0	0.00017009	0.0	20.0	8.0	5.0	0.00085045	0.00034018	0.0002126125
Neshoba	11.0	0.0	0.0	0.0	0.00037768	0.0	55.0	22.0	13.75	0.0018884	0.00075536	0.0004721
Wayne	5.0	0.0	0.0	0.0	0.00024633	0.0	25.0	10.0	6.25	0.00123165	0.00049266	0.0003079125
Marion	8.0	0.0	0.0	0.0	0.00032369	0.0	40.0	16.0	10.0	0.00161845	0.00064738	0.0004046125
Jasper	3.0	0.0	0.0	0.0	0.00018262	0.0	15.0	6.0	3.75	0.0009131	0.00036524	0.000228275
Choctaw	8.0	1.0	0.0	0.0	0.00096642	0.0001208	333.333333333	153.846153846	100.0	0.0402666666667	0.0185846153846	0.01208
Pearl River	52.0	2.0	0.0	0.0	0.00093885	3.611e-05	666.666666667	307.692307692	200.0	0.0120366666667	0.00555538461538	0.003611
Oktibbeha	27.0	0.0	0.0	0.0	0.00054437	0.0	135.0	54.0	33.75	0.00272185	0.00108874	0.0006804625
Lowndes	15.0	0.0	0.0	0.0	0.00025454	0.0	75.0	30.0	18.75	0.0012727	0.00050908	0.000318175
Forrest	46.0	1.0	0.0	0.0	0.00061304	1.333e-05	333.333333333	153.846153846	100.0	0.00444333333333	0.00205076923077	0.001333
George	5.0	0.0	0.0	0.0	0.00020619	0.0	25.0	10.0	6.25	0.00103095	0.00041238	0.0002577375
Monroe	16.0	1.0	0.0	0.0	0.00044989	2.812e-05	333.333333333	153.846153846	100.0	0.00937333333333	0.00432615384615	0.002812
Warren	5.0	0.0	0.0	0.0	0.00010828	0.0	25.0	10.0	6.25	0.0005414	0.00021656	0.00013535
Choctaw	0.0	0.0
Jones	2.0	2.0
Pike	2.0	2.0
Wayne	0.552	0.552
Oktibbeha	0.0	0.0
Montgomery	0.0	0.0
Rankin	2.0	2.0
Webster	1.0	1.0
Attala	0.0	0.0
George	0.0	0.0
Lincoln	2.0	2.0
Kemper	1.255	1.255
Quitman	1.525	1.525
Hinds	4.0	4.0
Lee	0.0	0.0
Washington	2.0	2.0
Alcorn	0.0	0.0
Leake	1.0	1.0
Desoto	4.0	4.0
Yalobusha	0.652	0.652
Tallahatchie	0.0	0.0
Jefferson	1.255	1.255
Newton	0.667	0.667
Smith	1.0	1.0
Covington	0.315	0.315
Panola	0.0	0.0
Monroe	3.0	3.0
Lamar	2.0	2.0
Lawrence	1.0	1.0
Marion	1.0	1.0
Benton	0.0	0.0
Simpson	1.0	1.0
Madison	2.0	2.0
Wilkinson	0.0	0.0
Bolivar	6.0	6.0
Scott	0.0	0.0
Pearl River	3.0	3.0
Calhoun	0.0	0.0
Pontotoc	0.0	0.0
Clarke	0.315	0.315
Marshall	3.0	3.0
Coahoma	1.0	1.0
Leflore	1.0	1.0
Adams	0.0	0.0
Claiborne	0.0	0.0
Clay	2.0	2.0
Chickasaw	0.0	0.0
Itawamba	1.0	1.0
Forrest	4.0	4.0
Franklin	0.0	0.0
Humphreys	0.0	0.0
Greene	0.0	0.0
Lafayette	0.0	0.0
Lauderdale	4.619	4.619
Stone	0.0	0.0
Hancock	-1.0	-1.0
Union	0.0	0.0
Perry	0.0	0.0
Sharkey	0.0	0.0
Tunica	1.0	1.0
Carroll	0.0	0.0
Grenada	0.0	0.0
Tate	1.0	1.0
Copiah	0.0	0.0
Noxubee	0.0	0.0
Holmes	2.0	2.0
Yazoo	1.0	1.0
Lowndes	0.0	0.0
Tippah	1.0	1.0
Warren	1.863	1.863
Neshoba	3.054	3.054
Harrison	6.0	6.0
Prentiss	0.0	0.0
Walthall	0.0	0.0
Jasper	0.0	0.0
Amite	0.611	0.611
Winston	3.0	3.0
Tishomingo	0.0	0.0
Sunflower	0.0	0.0
Jackson	12.0	12.0
Choctaw	0.0	0.0
Jones	2.0	2.0
Pike	2.0	2.0
Wayne	0.552	0.552
Oktibbeha	0.0	0.0
Montgomery	0.0	0.0
Rankin	2.0	2.0
Webster	1.0	1.0
Attala	0.0	0.0
George	0.0	0.0
Lincoln	2.0	2.0
Kemper	1.255	1.255
Quitman	1.525	1.525
Hinds	4.0	4.0
Lee	0.0	0.0
Washington	2.0	2.0
Alcorn	0.0	0.0
Leake	1.0	1.0
Desoto	4.0	4.0
Yalobusha	0.652	0.652
Tallahatchie	0.0	0.0
Jefferson	1.255	1.255
Newton	0.667	0.667
Smith	1.0	1.0
Covington	0.315	0.315
Panola	0.0	0.0
Monroe	3.0	3.0
Lamar	2.0	2.0
Lawrence	1.0	1.0
Marion	1.0	1.0
Benton	0.0	0.0
Simpson	1.0	1.0
Madison	2.0	2.0
Wilkinson	0.0	0.0
Bolivar	6.0	6.0
Scott	0.0	0.0
Pearl River	3.0	3.0
Calhoun	0.0	0.0
Pontotoc	0.0	0.0
Clarke	0.315	0.315
Marshall	3.0	3.0
Coahoma	1.0	1.0
Leflore	1.0	1.0
Adams	0.0	0.0
Claiborne	0.0	0.0
Clay	2.0	2.0
Chickasaw	0.0	0.0
Itawamba	1.0	1.0
Forrest	4.0	4.0
Franklin	0.0	0.0
Humphreys	0.0	0.0
Greene	0.0	0.0
Lafayette	0.0	0.0
Lauderdale	4.619	4.619
Stone	0.0	0.0
Hancock	-1.0	-1.0
Union	0.0	0.0
Perry	0.0	0.0
Sharkey	0.0	0.0
Tunica	1.0	1.0
Carroll	0.0	0.0
Grenada	0.0	0.0
Tate	1.0	1.0
Copiah	0.0	0.0
Noxubee	0.0	0.0
Holmes	2.0	2.0
Yazoo	1.0	1.0
Lowndes	0.0	0.0
Tippah	1.0	1.0
Warren	1.863	1.863
Neshoba	3.054	3.054
Harrison	6.0	6.0
Prentiss	0.0	0.0
Walthall	0.0	0.0
Jasper	0.0	0.0
Amite	0.611	0.611
Winston	3.0	3.0
Tishomingo	0.0	0.0
Sunflower	0.0	0.0
Jackson	12.0	12.0
Choctaw	0.0	0.0
Jones	2.0	2.0
Pike	2.0	2.0
Wayne	0.552	0.552
Oktibbeha	0.0	0.0
Montgomery	0.0	0.0
Rankin	2.0	2.0
Webster	1.0	1.0
Attala	0.0	0.0
George	0.0	0.0
Lincoln	2.0	2.0
Kemper	1.255	1.255
Quitman	1.525	1.525
Hinds	4.0	4.0
Lee	0.0	0.0
Washington	2.0	2.0
Alcorn	0.0	0.0
Leake	1.0	1.0
Desoto	4.0	4.0
Yalobusha	0.652	0.652
Tallahatchie	0.0	0.0
Jefferson	1.255	1.255
Newton	0.667	0.667
Smith	1.0	1.0
Covington	0.315	0.315
Panola	0.0	0.0
Monroe	3.0	3.0
Lamar	2.0	2.0
Lawrence	1.0	1.0
Marion	1.0	1.0
Benton	0.0	0.0
Simpson	1.0	1.0
Madison	2.0	2.0
Wilkinson	0.0	0.0
Bolivar	6.0	6.0
Scott	0.0	0.0
Pearl River	3.0	3.0
Calhoun	0.0	0.0
Pontotoc	0.0	0.0
Clarke	0.315	0.315
Marshall	3.0	3.0
Coahoma	1.0	1.0
Leflore	1.0	1.0
Adams	0.0	0.0
Claiborne	0.0	0.0
Clay	2.0	2.0
Chickasaw	0.0	0.0
Itawamba	1.0	1.0
Forrest	4.0	4.0
Franklin	0.0	0.0
Humphreys	0.0	0.0
Greene	0.0	0.0
Lafayette	0.0	0.0
Lauderdale	4.619	4.619
Stone	0.0	0.0
Hancock	-1.0	-1.0
Union	0.0	0.0
Perry	0.0	0.0
Sharkey	0.0	0.0
Tunica	1.0	1.0
Carroll	0.0	0.0
Grenada	0.0	0.0
Tate	1.0	1.0
Copiah	0.0	0.0
Noxubee	0.0	0.0
Holmes	2.0	2.0
Yazoo	1.0	1.0
Lowndes	0.0	0.0
Tippah	1.0	1.0
Warren	1.863	1.863
Neshoba	3.054	3.054
Harrison	6.0	6.0
Prentiss	0.0	0.0
Walthall	0.0	0.0
Jasper	0.0	0.0
Amite	0.611	0.611
Winston	3.0	3.0
Tishomingo	0.0	0.0
Sunflower	0.0	0.0
Jackson	12.0	12.0
