Name	Predicted_New_Cases	Total_Predicted_New_Cases	Total_Predicted_Cases	Predicted_New_Deaths	Total_Predicted_New_Deaths	Total_Predicted_Deaths	Predicted_New_per_capita	Predicted_Total_New_per_capita	Predicted_Total_Cases_per_capita	Predicted_New_Deaths_per_capita	Total_Predicted_New_Deaths_per_capita	Total_Predicted_Deaths_per_capita
Logan	1.346	88.819	92.819	0.052	29.108	29.108	6.192e-05	0.00408607	0.00427009	2.39e-06	0.0013391	0.0013391
Pike	0.0	0.0	3.0	0.052	29.108	29.108	0.0	0.0	0.00028108	4.87e-06	0.00272726	0.00272726
Sevier	0.2	47.637	75.637	0.0	0.0	1.0	1.167e-05	0.00277945	0.00441315	0.0	0.0	5.835e-05
Searcy	0.0	0.0	6.0	0.0	0.0	0.0	0.0	0.0	0.00075396	0.0	0.0	0.0
Baxter	0.897	59.214	65.214	0.0	0.0	0.0	2.155e-05	0.00142276	0.00156693	0.0	0.0	0.0
Fulton	0.0	0.03	4.03	0.0	0.0	0.0	0.0	2.45e-06	0.00032847	0.0	0.0	0.0
Montgomery	0.0	0.0	1.0	0.0	0.0	0.0	0.0	0.0	0.00011206	0.0	0.0	0.0
Van Buren	0.0	0.0	28.0	0.0	0.0	2.0	0.0	0.0	0.00168644	0.0	0.0	0.00012046
Lincoln	0.0	37.542	992.542	0.0	1.714	9.714	0.0	0.0028052	0.07416439	0.0	0.00012807	0.00072585
Conway	1.346	88.819	102.819	0.0	0.0	1.0	6.443e-05	0.00425154	0.00492169	0.0	0.0	4.787e-05
Hot Spring	0.082	24.391	53.391	0.0	0.0	0.0	2.43e-06	0.00072375	0.00158426	0.0	0.0	0.0
Lee	3.517	299.49	310.49	0.0	0.0	1.0	0.00039143	0.03333222	0.03455648	0.0	0.0	0.0001113
Washington	0.309	86.743	229.743	0.091	16.718	21.718	1.3e-06	0.00036606	0.00096954	3.8e-07	7.055e-05	9.165e-05
Woodruff	0.0	0.0	1.0	0.091	16.718	16.718	0.0	0.0	0.00015408	1.402e-05	0.00257596	0.00257596
Desha	2.044	134.877	152.877	0.091	16.718	16.718	0.00017755	0.01171621	0.01327979	7.9e-06	0.00145222	0.00145222
Jefferson	2.934	593.184	1084.184	0.008	0.836	19.836	4.307e-05	0.00870869	0.0159172	1.2e-07	1.227e-05	0.00029122
Newton	0.0	0.0	3.0	0.008	0.836	0.836	0.0	0.0	0.00038437	1.02e-06	0.00010711	0.00010711
Pulaski	0.798	243.53	929.53	0.038	7.895	30.895	2.03e-06	0.00062017	0.00236714	1e-07	2.011e-05	7.868e-05
Independence	0.455	83.848	108.848	0.038	7.895	7.895	1.208e-05	0.00222538	0.0028889	1.01e-06	0.00020954	0.00020954
Ouachita	0.018	5.252	15.252	0.038	7.895	7.895	7.6e-07	0.00022249	0.00064611	1.61e-06	0.00033445	0.00033445
Mississippi	0.0	6.79	67.79	0.038	7.895	7.895	0.0	0.00016465	0.00164383	9.2e-07	0.00019144	0.00019144
Monroe	0.012	3.717	8.717	0.038	7.895	7.895	1.74e-06	0.0005387	0.00126333	5.51e-06	0.0011442	0.0011442
Yell	0.021	6.124	29.124	0.0	0.0	1.0	9.8e-07	0.00028437	0.0013524	0.0	0.0	4.644e-05
Faulkner	0.058	17.168	110.168	1.346	88.819	91.819	4.6e-07	0.00013756	0.00088271	1.078e-05	0.00071166	0.00073569
Izard	0.011	6.342	19.342	1.346	88.819	88.819	8.1e-07	0.00046656	0.00142294	9.902e-05	0.00653417	0.00653417
Lawrence	0.037	11.048	84.048	0.0	0.0	4.0	2.25e-06	0.00067226	0.00511428	0.0	0.0	0.0002434
Marion	0.0	0.0	1.0	0.0	0.0	0.0	0.0	0.0	5.98e-05	0.0	0.0	0.0
Hempstead	0.007	2.189	11.189	0.0	0.0	1.0	3.2e-07	0.00010069	0.00051465	0.0	0.0	4.6e-05
Cross	0.361	66.587	101.587	0.0	0.0	0.0	2.165e-05	0.00399298	0.00609181	0.0	0.0	0.0
Arkansas	0.0	0.013	2.013	0.0	0.0	0.0	0.0	7.3e-07	0.00011329	0.0	0.0	0.0
Craighead	23.482	1878.242	2018.242	0.0	0.0	1.0	0.00021631	0.01730174	0.01859137	0.0	0.0	9.21e-06
Benton	1.225	213.277	362.277	0.0	0.0	0.0	4.49e-06	0.00078236	0.00132893	0.0	0.0	0.0
Columbia	0.0	0.131	15.131	0.0	0.0	2.0	0.0	5.57e-06	0.00064286	0.0	0.0	8.497e-05
Madison	0.0	0.0	1.0	0.0	0.0	0.0	0.0	0.0	6.068e-05	0.0	0.0	0.0
Boone	0.0	0.0	4.0	0.0	0.0	0.0	0.0	0.0	0.00010672	0.0	0.0	0.0
Scott	0.0	0.0	1.0	0.0	0.0	0.0	0.0	0.0	9.691e-05	0.0	0.0	0.0
Miller	10.555	652.897	694.897	0.0	0.0	1.0	0.00024213	0.01497745	0.01594093	0.0	0.0	2.294e-05
Howard	0.0	0.0	14.0	0.0	0.0	0.0	0.0	0.0	0.0010494	0.0	0.0	0.0
Calhoun	0.0	0.0	0.0	0.0	0.0	0.0	0.0	0.0	0.0	0.0	0.0	0.0
Saline	0.143	35.417	117.417	0.0	0.0	1.0	1.18e-06	0.00029169	0.00096702	0.0	0.0	8.24e-06
Unassigned	0.005	46.836	178.836	0.036	21.677	33.677	N/A	N/A	N/A	N/A	N/A	N/A
Randolph	0.0	0.677	22.677	0.036	21.677	21.677	0.0	3.772e-05	0.00126348	2.01e-06	0.00120777	0.00120777
Little River	0.0	0.0	1.0	0.036	21.677	21.677	0.0	0.0	8.113e-05	2.92e-06	0.00175864	0.00175864
Dallas	0.0	0.0	1.0	0.036	21.677	21.677	0.0	0.0	0.00013924	5.01e-06	0.00301824	0.00301824
Drew	0.0	0.197	19.197	0.0	0.0	1.0	0.0	1.075e-05	0.00104741	0.0	0.0	5.456e-05
Clay	0.0	0.0	3.0	0.0	0.0	0.0	0.0	0.0	0.00020206	0.0	0.0	0.0
Phillips	0.0	0.321	5.321	0.0	0.0	1.0	0.0	1.78e-05	0.00029514	0.0	0.0	5.547e-05
Franklin	0.0	0.0	2.0	0.0	0.0	0.0	0.0	0.0	0.0001123	0.0	0.0	0.0
Saint Francis	2.668	794.716	1135.716	0.0	0.0	0.0	0.00010488	0.03124006	0.04464468	0.0	0.0	0.0
Crittenden	0.285	74.138	308.138	0.0	0.0	7.0	5.9e-06	0.00153361	0.00637413	0.0	0.0	0.0001448
Pope	0.439	76.41	149.41	0.0	0.0	0.0	6.86e-06	0.00119391	0.00233453	0.0	0.0	0.0
Chicot	0.0	0.067	10.067	0.0	0.0	0.0	0.0	6.42e-06	0.00096446	0.0	0.0	0.0
Greene	0.0	1.829	25.829	0.0	0.0	0.0	0.0	4.035e-05	0.00056986	0.0	0.0	0.0
Lafayette	0.0	0.067	9.067	0.0	0.0	1.0	0.0	1.003e-05	0.00135693	0.0	0.0	0.00014966
Stone	0.0	0.0	8.0	0.0	0.0	0.0	0.0	0.0	0.00064221	0.0	0.0	0.0
Union	0.406	105.611	212.611	0.0	0.0	4.0	1.038e-05	0.00269925	0.00543401	0.0	0.0	0.00010223
Perry	4.486	296.062	308.062	0.0	0.0	0.0	0.00043335	0.0285995	0.02975869	0.0	0.0	0.0
Clark	0.247	37.556	72.556	0.0	0.0	0.0	1.12e-05	0.00170237	0.00328888	0.0	0.0	0.0
Carroll	0.0	0.109	5.109	0.0	0.0	0.0	0.0	3.86e-06	0.00018102	0.0	0.0	0.0
Poinsett	0.0	0.099	26.099	0.0	0.0	2.0	0.0	4.13e-06	0.00108864	0.0	0.0	8.342e-05
Cleburne	0.0	0.014	72.014	0.0	0.0	4.0	0.0	5.6e-07	0.0028846	0.0	0.0	0.00016022
Garland	10.616	700.683	829.683	0.0	0.0	1.0	0.00010707	0.00706661	0.00836762	0.0	0.0	1.009e-05
Johnson	0.0	2.483	37.483	0.0	0.0	0.0	0.0	9.285e-05	0.00140165	0.0	0.0	0.0
White	0.012	3.717	39.717	0.0	0.0	1.0	1.5e-07	4.721e-05	0.00050449	0.0	0.0	1.27e-05
Cleveland	0.046	11.967	27.967	0.0	0.0	0.0	5.74e-06	0.00149252	0.00348803	0.0	0.0	0.0
Ashley	0.005	3.055	21.055	0.0	0.0	0.0	2.5e-07	0.0001524	0.00105033	0.0	0.0	0.0
Crawford	6.43	424.358	435.358	0.0	0.0	0.0	0.00010141	0.00669271	0.0068662	0.0	0.0	0.0
Nevada	0.0	0.378	4.378	0.0	0.0	0.0	0.0	4.54e-05	0.00052582	0.0	0.0	0.0
Sebastian	0.005	3.055	19.055	0.0	0.0	0.0	4e-08	2.391e-05	0.00014916	0.0	0.0	0.0
Lonoke	0.0	0.165	45.165	0.0	0.0	0.0	0.0	2.24e-06	0.00061318	0.0	0.0	0.0
Sharp	40.77	2690.883	2727.883	0.0	0.0	2.0	0.00234769	0.15495123	0.15708183	0.0	0.0	0.00011517
Prairie	0.0	0.0	2.0	0.0	0.0	0.0	0.0	0.0	0.00024771	0.0	0.0	0.0
Polk	0.0	0.014	8.014	0.0	0.0	0.0	0.0	7e-07	0.00039972	0.0	0.0	0.0
Grant	0.017	4.924	20.924	0.0	0.0	0.0	9.3e-07	0.00027073	0.00115043	0.0	0.0	0.0
Bradley	2.243	148.032	163.032	0.0	0.0	1.0	0.00020584	0.01358466	0.01496118	0.0	0.0	9.177e-05
Jackson	0.0	0.0	1.0	0.0	0.0	0.0	0.0	0.0	5.948e-05	0.0	0.0	0.0
