Name	Predicted_New_Cases	Total_Predicted_New_Cases	Total_Predicted_Cases	Predicted_New_Deaths	Total_Predicted_New_Deaths	Total_Predicted_Deaths	Predicted_New_per_capita	Predicted_Total_New_per_capita	Predicted_Total_Cases_per_capita	Predicted_New_Deaths_per_capita	Total_Predicted_New_Deaths_per_capita	Total_Predicted_Deaths_per_capita
Pike	0.319	496.37	528.37	0.0	0.0	0.343	2.989e-05	0.04650707	0.04950529	0.0	0.0	3.214e-05
Montgomery	0.098	152.677	166.677	0.0	0.0	0.504	1.098e-05	0.01710858	0.01867739	0.0	0.0	5.648e-05
Lincoln	25.287	31035.124	32154.124	0.0	62.256	73.256	0.00188949	2.31899604	2.40260958	0.0	0.00465187	0.00547381
Hot Spring	10.932	17034.182	18383.182	0.0	388.512	390.512	0.00032438	0.50545034	0.54547883	0.0	0.0115282	0.01158755
Woodruff	0.184	286.76	304.76	0.0	0.0	0.267	2.835e-05	0.0441849	0.0469584	0.0	0.0	4.114e-05
Jefferson	11.383	17736.848	18759.848	0.0	43.869	73.869	0.00016712	0.26039945	0.27541839	0.0	0.00064405	0.00108449
Mississippi	0.0	165.838	586.838	0.002	171.497	176.497	0.0	0.00402139	0.01423017	5e-08	0.00415861	0.00427986
Lawrence	1.53	2383.826	2518.826	0.0	6.218	15.218	9.31e-05	0.14505452	0.1532692	0.0	0.00037836	0.00092601
Marion	0.125	194.072	209.072	0.0	0.0	0.697	7.48e-06	0.01160579	0.01250281	0.0	0.0	4.168e-05
Hempstead	1.266	1973.486	2095.486	0.0	21.291	22.291	5.823e-05	0.09077255	0.09638407	0.0	0.0009793	0.0010253
Cross	1.307	2037.223	2152.223	0.0	39.66	40.66	7.838e-05	0.12216497	0.12906111	0.0	0.00237827	0.00243823
Boone	1.178	1446.143	1522.143	0.0	0.642	1.642	3.143e-05	0.03858439	0.04061214	0.0	1.713e-05	4.381e-05
Unassigned	12.524	19514.75	20717.75	0.0	24.764	59.308	N/A	N/A	N/A	N/A	N/A	N/A
Little River	0.679	1058.374	1121.374	0.0	33.417	34.417	5.509e-05	0.08586516	0.09097631	0.0	0.0027111	0.00279223
Saint Francis	11.001	17142.002	18095.002	0.0	384.587	387.587	0.00043245	0.67384732	0.71130949	0.0	0.01511801	0.01523594
Union	3.603	5613.979	5919.979	0.0	15.508	29.508	9.209e-05	0.14348461	0.1513055	0.0	0.00039636	0.00075418
Clark	1.086	1691.588	1788.588	0.0	0.0	2.672	4.923e-05	0.07667776	0.08107466	0.0	0.0	0.00012112
Carroll	3.041	4739.334	5009.334	0.0	13.914	19.914	0.00010775	0.16792453	0.1774912	0.0	0.000493	0.00070559
Nevada	1.379	2148.918	2265.918	0.0	6.326	12.326	0.00016563	0.25809729	0.27214965	0.0	0.00075979	0.00148042
Sebastian	0.169	3057.549	4201.549	4.566	5604.396	5613.396	1.32e-06	0.02393329	0.03288807	3.574e-05	0.043869	0.04393945
Sharp	0.894	1393.22	1473.22	0.0	3.347	8.347	5.148e-05	0.08022688	0.08483358	0.0	0.00019273	0.00048065
