Name	Predicted_New_Cases	Total_Predicted_New_Cases	Total_Predicted_Cases	Predicted_New_Deaths	Total_Predicted_New_Deaths	Total_Predicted_Deaths	Predicted_New_per_capita	Predicted_Total_New_per_capita	Predicted_Total_Cases_per_capita	Predicted_New_Deaths_per_capita	Total_Predicted_New_Deaths_per_capita	Total_Predicted_Deaths_per_capita
Logan	0.0	3.306	16.306	0.0	396.81	396.81	0.0	0.00015357	0.00075743	0.0	0.01843227	0.01843227
Mesa	0.045	41.022	76.022	1.111	604.775	604.775	2.9e-07	0.00026776	0.0004962	7.25e-06	0.00394744	0.00394744
San Miguel	0.0	1.231	13.231	0.0	292.62	292.62	0.0	0.00015029	0.00161531	0.0	0.03572458	0.03572458
Delta	0.015	10.512	22.512	0.0	0.0	1.0	4.8e-07	0.00033961	0.0007273	0.0	0.0	3.231e-05
Weld	1.353	974.711	1832.711	0.178	97.099	152.099	4.3e-06	0.00310116	0.005831	5.7e-07	0.00030893	0.00048392
Lincoln	0.002	1.679	3.679	0.178	97.099	97.099	3.6e-07	0.00029929	0.00065579	3.173e-05	0.0173082	0.0173082
Ouray	0.0	0.0	4.0	0.0	0.0	1.0	0.0	0.0	0.00082764	0.0	0.0	0.00020691
Washington	0.007	5.039	10.039	0.0	0.0	0.0	1.43e-06	0.00102648	0.00204502	0.0	0.0	0.0
Crowley	0.517	65.98	67.98	0.0	0.0	1.0	8.826e-05	0.01126323	0.01160464	0.0	0.0	0.00017071
Kiowa	0.0	0.0	0.0	0.0	0.0	0.0	0.0	0.0	0.0	0.0	0.0	0.0
Huerfano	0.0	0.0	1.0	0.0	0.0	0.0	0.0	0.0	0.00014516	0.0	0.0	0.0
Broomfield	0.155	111.631	199.631	0.0	0.0	2.0	2.24e-06	0.0016116	0.00288205	0.0	0.0	2.887e-05
Jefferson	0.045	626.526	1435.526	0.044	39.691	70.691	8e-08	0.00107978	0.00247405	8e-08	6.841e-05	0.00012183
Park	0.0	1.208	7.208	0.0	30.234	30.234	0.0	6.51e-05	0.00038845	0.0	0.00162934	0.00162934
Custer	0.0	0.0	2.0	0.044	39.691	39.691	0.0	0.0	0.00040371	8.88e-06	0.00801191	0.00801191
Douglas	0.228	255.177	566.177	0.0	0.0	12.0	6.7e-07	0.00074444	0.00165174	0.0	0.0	3.501e-05
San Juan	0.0	0.0	0.0	0.0	0.0	0.0	0.0	0.0	0.0	0.0	0.0	0.0
Summit	0.08	57.605	131.605	0.0	0.0	1.0	2.58e-06	0.00185781	0.00424436	0.0	0.0	3.225e-05
Rio Grande	0.0	0.0	5.0	0.0	0.0	0.0	0.0	0.0	0.00044444	0.0	0.0	0.0
Fremont	0.109	37.396	45.396	0.0	0.0	0.0	2.27e-06	0.00077874	0.00094534	0.0	0.0	0.0
Gilpin	0.0	0.0	1.0	0.0	0.0	0.0	0.0	0.0	0.00016337	0.0	0.0	0.0
Pueblo	0.06	60.046	124.046	0.01	4.671	8.671	3.6e-07	0.00035842	0.00074044	6e-08	2.788e-05	5.176e-05
Grand	0.0	0.0	4.0	0.01	4.671	4.671	0.0	0.0	0.00025765	6.4e-07	0.00030087	0.00030087
Eagle	0.477	344.067	812.067	0.008	3.237	9.237	8.67e-06	0.00625656	0.01476673	1.5e-07	5.886e-05	0.00016797
La Plata	0.077	51.479	95.479	0.008	3.237	3.237	1.37e-06	0.00091421	0.0016956	1.4e-07	5.749e-05	5.749e-05
Teller	0.015	11.616	27.616	0.007	5.039	7.039	6e-07	0.0004631	0.00110098	2.8e-07	0.00020089	0.00028063
Montrose	0.101	72.924	135.924	0.0	0.0	5.0	2.39e-06	0.00172748	0.00321988	0.0	0.0	0.00011844
Las Animas	0.0	0.0	2.0	0.0	0.0	0.0	0.0	0.0	0.0001379	0.0	0.0	0.0
El Paso	0.903	651.0	1303.0	0.22	88.542	129.542	1.26e-06	0.00091195	0.0018253	3.1e-07	0.00012403	0.00018147
Moffat	0.0	0.0	3.0	0.22	88.542	88.542	0.0	0.0	0.00022748	1.668e-05	0.00671383	0.00671383
Prowers	0.0	0.0	1.0	0.0	0.0	0.0	0.0	0.0	8.221e-05	0.0	0.0	0.0
Hinsdale	0.632	80.64	83.64	0.22	88.542	88.542	0.00077928	0.0994328	0.10313194	0.00027127	0.10917633	0.10917633
Mineral	0.0	0.0	2.0	0.22	88.542	88.542	0.0	0.0	0.00257732	0.00028351	0.11410052	0.11410052
Yuma	0.0	0.0	2.0	0.22	88.542	88.542	0.0	0.0	0.0001996	2.196e-05	0.00883653	0.00883653
Elbert	0.04	24.972	41.972	0.0	0.0	1.0	1.52e-06	0.00095016	0.00159699	0.0	0.0	3.805e-05
Larimer	0.0	27.425	225.425	0.0	1.771	10.771	0.0	7.824e-05	0.00064312	0.0	5.05e-06	3.073e-05
Lake	0.009	6.713	11.713	0.0	1.801	1.801	1.15e-06	0.000858	0.00149706	0.0	0.00023019	0.00023019
Unassigned	0.31	223.039	342.039	0.0	0.0	1.0	N/A	N/A	N/A	N/A	N/A	N/A
Adams	1.711	1066.651	1792.651	0.447	162.349	189.349	3.34e-06	0.00208384	0.00350217	8.7e-07	0.00031717	0.00036992
Gunnison	0.0	6.073	105.073	0.0	4.014	7.014	0.0	0.00035214	0.0060926	0.0	0.00023275	0.0004067
Chaffee	0.034	24.156	52.156	0.007	5.039	8.039	1.7e-06	0.00120617	0.00260428	3.5e-07	0.00025161	0.00040141
Baca	0.005	3.353	13.353	0.007	5.039	5.039	1.39e-06	0.00093529	0.00372469	1.95e-06	0.00140558	0.00140558
Costilla	0.0	0.0	3.0	0.007	5.039	5.039	0.0	0.0	0.0007837	1.83e-06	0.00131635	0.00131635
Phillips	0.0	0.0	4.0	0.0	1.515	1.515	0.0	0.0	0.00093327	0.0	0.00035348	0.00035348
Routt	0.002	22.215	63.215	0.007	5.039	5.039	8e-08	0.00086329	0.00245657	2.7e-07	0.00019582	0.00019582
Otero	0.005	3.353	8.353	0.007	5.039	5.039	2.7e-07	0.00018191	0.00045318	3.8e-07	0.00027338	0.00027338
Saguache	0.0	0.0	3.0	0.007	5.039	5.039	0.0	0.0	0.0004384	1.02e-06	0.00073637	0.00073637
Denver	2.122	1529.287	2931.287	0.327	159.084	215.084	2.96e-06	0.00213441	0.00409117	4.6e-07	0.00022203	0.00030019
Out of CO	0.0	0.0	1.0	0.0	0.0	0.0	N/A	N/A	N/A	N/A	N/A	N/A
Cheyenne	0.0	0.0	0.0	0.0	0.0	0.0	0.0	0.0	0.0	0.0	0.0	0.0
Archuleta	0.0	0.0	6.0	0.327	159.084	159.084	0.0	0.0	0.00043589	2.376e-05	0.01155714	0.01155714
Pitkin	0.044	31.429	80.429	0.0	0.0	2.0	2.45e-06	0.00175092	0.00448072	0.0	0.0	0.00011142
Morgan	19.116	3066.486	3155.486	0.0	0.0	0.0	0.00066937	0.10737748	0.11049394	0.0	0.0	0.0
Montezuma	0.028	20.133	32.133	0.0	0.0	2.0	1.07e-06	0.00076967	0.00122842	0.0	0.0	7.646e-05
Rio Blanco	0.0	0.0	1.0	0.0	0.0	0.0	0.0	0.0	0.00015783	0.0	0.0	0.0
Clear Creek	0.263	74.33	85.33	0.0	0.0	0.0	2.738e-05	0.00773868	0.00888391	0.0	0.0	0.0
Bent	0.0	0.0	0.0	0.0	0.0	0.0	0.0	0.0	0.0	0.0	0.0	0.0
Alamosa	0.014	10.063	17.063	0.0	0.0	2.0	8.4e-07	0.00060319	0.00102278	0.0	0.0	0.00011988
Dolores	0.0	0.0	0.0	0.0	0.0	0.0	0.0	0.0	0.0	0.0	0.0	0.0
Boulder	0.376	291.561	590.561	0.157	65.91	80.91	1.15e-06	0.00089414	0.0018111	4.8e-07	0.00020213	0.00024813
Conejos	0.0	0.0	0.0	0.0	0.0	0.0	0.0	0.0	0.0	0.0	0.0	0.0
Kit Carson	0.016	11.742	19.742	0.0	0.0	1.0	2.23e-06	0.00163926	0.00275611	0.0	0.0	0.00013961
Garfield	0.044	31.547	90.547	0.007	5.039	7.039	7.4e-07	0.00052781	0.00151492	1.2e-07	8.431e-05	0.00011777
Sedgwick	0.0	0.0	0.0	0.0	0.0	0.0	0.0	0.0	0.0	0.0	0.0	0.0
Arapahoe	2.475	1658.325	2841.325	0.581	222.646	265.646	3.8e-06	0.00254651	0.00436311	8.9e-07	0.00034189	0.00040792
Jackson	0.0	0.0	0.0	0.0	0.0	0.0	0.0	0.0	0.0	0.0	0.0	0.0
