Name	Confirmed	Deaths	Recovered	Active	Confirmed_per_capita	Deaths_per_capita	IFR_0.30_expected	IFR_0.65_expected	IFR_1.0_expected	IFR_0.30_expected_per_capita	IFR_0.65_expected_per_capita	IFR_1.0_expected_per_capita	Date
Holmes	0.0	0.0	0.0	0.0	0.0	0.0	0.0	0.0	0.0	0.0	0.0	0.0	2020-03-22
Holmes	0	0	0	0	0	0	0	0	0	0	0	0	2020-03-23
Holmes	0	0	0	0	0	0	0	0	0	0	0	0	2020-03-24
Holmes	0	0	0	0	0	0	0	0	0	0	0	0	2020-03-25
Holmes	0	0	0	0	0	0	0	0	0	0	0	0	2020-03-26
Holmes	0	0	0	0	0	0	0	0	0	0	0	0	2020-03-27
Holmes	0	0	0	0	0	0	0	0	0	0	0	0	2020-03-28
Holmes	0.0	0.0	0.0	0.0	0.0	0.0	0.0	0.0	0.0	0.0	0.0	0.0	2020-03-29
Holmes	1.0	0.0	0.0	0.0	2.278e-05	0.0	5.0	2.0	1.25	0.0001139	4.556e-05	2.8475e-05	2020-03-30
Holmes	1.0	0.0	0.0	0.0	2.278e-05	0.0	5.0	2.0	1.25	0.0001139	4.556e-05	2.8475e-05	2020-03-31
Holmes	1.0	0.0	0.0	0.0	2.278e-05	0.0	5.0	2.0	1.25	0.0001139	4.556e-05	2.8475e-05	2020-04-01
Holmes	1.0	0.0	0.0	0.0	2.278e-05	0.0	5.0	2.0	1.25	0.0001139	4.556e-05	2.8475e-05	2020-04-02
Holmes	2.0	0.0	0.0	0.0	4.557e-05	0.0	10.0	4.0	2.5	0.00022785	9.114e-05	5.69625e-05	2020-04-03
Holmes	1.0	0.0	0.0	0.0	2.278e-05	0.0	5.0	2.0	1.25	0.0001139	4.556e-05	2.8475e-05	2020-04-04
Holmes	1.0	0.0	0.0	0.0	2.278e-05	0.0	5.0	2.0	1.25	0.0001139	4.556e-05	2.8475e-05	2020-04-05
Holmes	2.0	0.0	0.0	0.0	4.557e-05	0.0	10.0	4.0	2.5	0.00022785	9.114e-05	5.69625e-05	2020-04-06
Holmes	2.0	0.0	0.0	0.0	4.557e-05	0.0	10.0	4.0	2.5	0.00022785	9.114e-05	5.69625e-05	2020-04-07
Holmes	3.0	0.0	0.0	0.0	6.835e-05	0.0	15.0	6.0	3.75	0.00034175	0.0001367	8.54375e-05	2020-04-08
Holmes	3.0	0.0	0.0	0.0	6.835e-05	0.0	15.0	6.0	3.75	0.00034175	0.0001367	8.54375e-05	2020-04-09
Holmes	3.0	0.0	0.0	0.0	6.835e-05	0.0	15.0	6.0	3.75	0.00034175	0.0001367	8.54375e-05	2020-04-10
Holmes	3.0	0.0	0.0	0.0	6.835e-05	0.0	15.0	6.0	3.75	0.00034175	0.0001367	8.54375e-05	2020-04-11
Holmes	3.0	0.0	0.0	3.0	6.835e-05	0.0	15.0	6.0	3.75	0.00034175	0.0001367	8.54375e-05	2020-04-12
Holmes	3.0	0.0	0.0	3.0	6.835e-05	0.0	15.0	6.0	3.75	0.00034175	0.0001367	8.54375e-05	2020-04-13
Holmes	3.0	0.0	0.0	3.0	6.835e-05	0.0	15.0	6.0	3.75	0.00034175	0.0001367	8.54375e-05	2020-04-14
Holmes	3.0	0.0	0.0	3.0	6.835e-05	0.0	15.0	6.0	3.75	0.00034175	0.0001367	8.54375e-05	2020-04-15
Holmes	3.0	0.0	0.0	3.0	6.835e-05	0.0	15.0	6.0	3.75	0.00034175	0.0001367	8.54375e-05	2020-04-16
Holmes	3.0	0.0	0.0	3.0	6.835e-05	0.0	15.0	6.0	3.75	0.00034175	0.0001367	8.54375e-05	2020-04-17
Holmes	3.0	0.0	0.0	3.0	6.835e-05	0.0	15.0	6.0	3.75	0.00034175	0.0001367	8.54375e-05	2020-04-18
Holmes	3.0	0.0	0.0	3.0	6.835e-05	0.0	15.0	6.0	3.75	0.00034175	0.0001367	8.54375e-05	2020-04-19
Holmes	4.0	1.0	0.0	3.0	9.113e-05	2.278e-05	333.333333333	153.846153846	100.0	0.00759333333333	0.00350461538462	0.002278	2020-04-20
Holmes	4.0	1.0	0.0	3.0	9.113e-05	2.278e-05	333.333333333	153.846153846	100.0	0.00759333333333	0.00350461538462	0.002278	2020-04-21
Holmes	4.0	1.0	0.0	3.0	9.113e-05	2.278e-05	333.333333333	153.846153846	100.0	0.00759333333333	0.00350461538462	0.002278	2020-04-22
Holmes	5.0	1.0	0.0	4.0	0.00011392	2.278e-05	333.333333333	153.846153846	100.0	0.00759333333333	0.00350461538462	0.002278	2020-04-23
Holmes	5.0	1.0	0.0	4.0	0.00011392	2.278e-05	333.333333333	153.846153846	100.0	0.00759333333333	0.00350461538462	0.002278	2020-04-24
Holmes	5.0	1.0	0.0	4.0	0.00011392	2.278e-05	333.333333333	153.846153846	100.0	0.00759333333333	0.00350461538462	0.002278	2020-04-25
Holmes	5.0	1.0	0.0	4.0	0.00011392	2.278e-05	333.333333333	153.846153846	100.0	0.00759333333333	0.00350461538462	0.002278	2020-04-26
Holmes	5.0	1.0	0.0	4.0	0.00011392	2.278e-05	333.333333333	153.846153846	100.0	0.00759333333333	0.00350461538462	0.002278	2020-04-27
Holmes	5.0	1.0	0.0	4.0	0.00011392	2.278e-05	333.333333333	153.846153846	100.0	0.00759333333333	0.00350461538462	0.002278	2020-04-28
Holmes	5.0	1.0	0.0	4.0	0.00011392	2.278e-05	333.333333333	153.846153846	100.0	0.00759333333333	0.00350461538462	0.002278	2020-04-29
Holmes	6.0	1.0	0.0	5.0	0.0001367	2.278e-05	333.333333333	153.846153846	100.0	0.00759333333333	0.00350461538462	0.002278	2020-04-30
Holmes	6.0	1.0	0.0	5.0	0.0001367	2.278e-05	333.333333333	153.846153846	100.0	0.00759333333333	0.00350461538462	0.002278	2020-05-01
Holmes	6.0	1.0	0.0	5.0	0.0001367	2.278e-05	333.333333333	153.846153846	100.0	0.00759333333333	0.00350461538462	0.002278	2020-05-02
Holmes	6.0	1.0	0.0	5.0	0.0001367	2.278e-05	333.333333333	153.846153846	100.0	0.00759333333333	0.00350461538462	0.002278	2020-05-03
Holmes	6.0	1.0	0.0	5.0	0.0001367	2.278e-05	333.333333333	153.846153846	100.0	0.00759333333333	0.00350461538462	0.002278	2020-05-04
Holmes	6.0	1.0	0.0	5.0	0.0001367	2.278e-05	333.333333333	153.846153846	100.0	0.00759333333333	0.00350461538462	0.002278	2020-05-05
Holmes	6.0	1.0	0.0	5.0	0.0001367	2.278e-05	333.333333333	153.846153846	100.0	0.00759333333333	0.00350461538462	0.002278	2020-05-06
Holmes	7.0	1.0	0.0	6.0	0.00015948	2.278e-05	333.333333333	153.846153846	100.0	0.00759333333333	0.00350461538462	0.002278	2020-05-07
Holmes	7.0	1.0	0.0	6.0	0.00015948	2.278e-05	333.333333333	153.846153846	100.0	0.00759333333333	0.00350461538462	0.002278	2020-05-08
Holmes	7.0	1.0	0.0	6.0	0.00015948	2.278e-05	333.333333333	153.846153846	100.0	0.00759333333333	0.00350461538462	0.002278	2020-05-09
Holmes	8.0	1.0	0.0	7.0	0.00018227	2.278e-05	333.333333333	153.846153846	100.0	0.00759333333333	0.00350461538462	0.002278	2020-05-10
Holmes	8.0	1.0	0.0	7.0	0.00018227	2.278e-05	333.333333333	153.846153846	100.0	0.00759333333333	0.00350461538462	0.002278	2020-05-11
Holmes	8.0	1.0	0.0	7.0	0.00018227	2.278e-05	333.333333333	153.846153846	100.0	0.00759333333333	0.00350461538462	0.002278	2020-05-12
Holmes	8.0	1.0	0.0	7.0	0.00018227	2.278e-05	333.333333333	153.846153846	100.0	0.00759333333333	0.00350461538462	0.002278	2020-05-13
Holmes	10.0	1.0	0.0	9.0	0.00022783	2.278e-05	333.333333333	153.846153846	100.0	0.00759333333333	0.00350461538462	0.002278	2020-05-14
Holmes	10.0	1.0	0.0	9.0	0.00022783	2.278e-05	333.333333333	153.846153846	100.0	0.00759333333333	0.00350461538462	0.002278	2020-05-15
Holmes	10.0	1.0	0.0	9.0	0.00022783	2.278e-05	333.333333333	153.846153846	100.0	0.00759333333333	0.00350461538462	0.002278	2020-05-16
Holmes	11.0	1.0	0.0	10.0	0.00025062	2.278e-05	333.333333333	153.846153846	100.0	0.00759333333333	0.00350461538462	0.002278	2020-05-17
Holmes	13.0	1.0	0.0	12.0	0.00029618	2.278e-05	333.333333333	153.846153846	100.0	0.00759333333333	0.00350461538462	0.002278	2020-05-18
Holmes	13.0	1.0	0.0	12.0	0.00029618	2.278e-05	333.333333333	153.846153846	100.0	0.00759333333333	0.00350461538462	0.002278	2020-05-19
Holmes	15.0	1.0	0.0	14.0	0.00034175	2.278e-05	333.333333333	153.846153846	100.0	0.00759333333333	0.00350461538462	0.002278	2020-05-20
Holmes	15.0	1.0	0.0	14.0	0.00034175	2.278e-05	333.333333333	153.846153846	100.0	0.00759333333333	0.00350461538462	0.002278	2020-05-21
Holmes	20.0	1.0	0.0	19.0	0.00045566	2.278e-05	333.333333333	153.846153846	100.0	0.00759333333333	0.00350461538462	0.002278	2020-05-22
Holmes	22.0	1.0	0.0	21.0	0.00050123	2.278e-05	333.333333333	153.846153846	100.0	0.00759333333333	0.00350461538462	0.002278	2020-05-23
Holmes	25.0	1.0	0.0	24.0	0.00056958	2.278e-05	333.333333333	153.846153846	100.0	0.00759333333333	0.00350461538462	0.002278	2020-05-24
Holmes	27.0	1.0	0.0	26.0	0.00061515	2.278e-05	333.333333333	153.846153846	100.0	0.00759333333333	0.00350461538462	0.002278	2020-05-25
Holmes	28.0	1.0	0.0	27.0	0.00063793	2.278e-05	333.333333333	153.846153846	100.0	0.00759333333333	0.00350461538462	0.002278	2020-05-26
Holmes	29.0	1.0	0.0	28.0	0.00066071	2.278e-05	333.333333333	153.846153846	100.0	0.00759333333333	0.00350461538462	0.002278	2020-05-27
Holmes	29.0	1.0	0.0	28.0	0.00066071	2.278e-05	333.333333333	153.846153846	100.0	0.00759333333333	0.00350461538462	0.002278	2020-05-28
Holmes	32.0	1.0	0.0	31.0	0.00072906	2.278e-05	333.333333333	153.846153846	100.0	0.00759333333333	0.00350461538462	0.002278	2020-05-29
Holmes	34.0	1.0	0.0	33.0	0.00077463	2.278e-05	333.333333333	153.846153846	100.0	0.00759333333333	0.00350461538462	0.002278	2020-05-30
Holmes	39.0	1.0	0.0	38.0	0.00088854	2.278e-05	333.333333333	153.846153846	100.0	0.00759333333333	0.00350461538462	0.002278	2020-05-31
Holmes	43.0	1.0	0.0	42.0	0.00097968	2.278e-05	333.333333333	153.846153846	100.0	0.00759333333333	0.00350461538462	0.002278	2020-06-01
Holmes	45.0	1.0	0.0	44.0	0.00102524	2.278e-05	333.333333333	153.846153846	100.0	0.00759333333333	0.00350461538462	0.002278	2020-06-02
Holmes	46.0	3.0	0.0	43.0	0.00104803	6.835e-05	1000.0	461.538461538	300.0	0.0227833333333	0.0105153846154	0.006835	2020-06-03
Holmes	54.0	3.0	0.0	51.0	0.00123029	6.835e-05	1000.0	461.538461538	300.0	0.0227833333333	0.0105153846154	0.006835	2020-06-04
Holmes	57.0	3.0	0.0	54.0	0.00129864	6.835e-05	1000.0	461.538461538	300.0	0.0227833333333	0.0105153846154	0.006835	2020-06-05
Holmes	60.0	3.0	0.0	57.0	0.00136699	6.835e-05	1000.0	461.538461538	300.0	0.0227833333333	0.0105153846154	0.006835	2020-06-06
Holmes	68.0	3.0	0.0	65.0	0.00154926	6.835e-05	1000.0	461.538461538	300.0	0.0227833333333	0.0105153846154	0.006835	2020-06-07
Holmes	69.0	3.0	0.0	66.0	0.00157204	6.835e-05	1000.0	461.538461538	300.0	0.0227833333333	0.0105153846154	0.006835	2020-06-08
Holmes	69.0	3.0	0.0	66.0	0.00157204	6.835e-05	1000.0	461.538461538	300.0	0.0227833333333	0.0105153846154	0.006835	2020-06-09
Holmes	72.0	3.0	0.0	69.0	0.00164039	6.835e-05	1000.0	461.538461538	300.0	0.0227833333333	0.0105153846154	0.006835	2020-06-10
Holmes	74.0	3.0	0.0	71.0	0.00168596	6.835e-05	1000.0	461.538461538	300.0	0.0227833333333	0.0105153846154	0.006835	2020-06-11
Holmes	84.0	3.0	0.0	81.0	0.00191379	6.835e-05	1000.0	461.538461538	300.0	0.0227833333333	0.0105153846154	0.006835	2020-06-12
Holmes	87.0	3.0	0.0	84.0	0.00198214	6.835e-05	1000.0	461.538461538	300.0	0.0227833333333	0.0105153846154	0.006835	2020-06-13
Holmes	87.0	3.0	0.0	84.0	0.00198214	6.835e-05	1000.0	461.538461538	300.0	0.0227833333333	0.0105153846154	0.006835	2020-06-14
Holmes	90.0	3.0	0.0	87.0	0.00205049	6.835e-05	1000.0	461.538461538	300.0	0.0227833333333	0.0105153846154	0.006835	2020-06-15
Holmes	92.0	3.0	0.0	89.0	0.00209605	6.835e-05	1000.0	461.538461538	300.0	0.0227833333333	0.0105153846154	0.006835	2020-06-16
Holmes	92.0	3.0	0.0	89.0	0.00209605	6.835e-05	1000.0	461.538461538	300.0	0.0227833333333	0.0105153846154	0.006835	2020-06-17
Holmes	101.0	3.0	0.0	98.0	0.0023011	6.835e-05	1000.0	461.538461538	300.0	0.0227833333333	0.0105153846154	0.006835	2020-06-18
Holmes	109.0	3.0	0.0	106.0	0.00248337	6.835e-05	1000.0	461.538461538	300.0	0.0227833333333	0.0105153846154	0.006835	2020-06-19
Holmes	111.0	3.0	0.0	108.0	0.00252893	6.835e-05	1000.0	461.538461538	300.0	0.0227833333333	0.0105153846154	0.006835	2020-06-20
Holmes	127.0	3.0	0.0	124.0	0.00289347	6.835e-05	1000.0	461.538461538	300.0	0.0227833333333	0.0105153846154	0.006835	2020-06-21
Holmes	136.0	3.0	0.0	133.0	0.00309851	6.835e-05	1000.0	461.538461538	300.0	0.0227833333333	0.0105153846154	0.006835	2020-06-22
Holmes	152.0	3.0	0.0	149.0	0.00346305	6.835e-05	1000.0	461.538461538	300.0	0.0227833333333	0.0105153846154	0.006835	2020-06-23
Holmes	162.0	3.0	0.0	159.0	0.00369088	6.835e-05	1000.0	461.538461538	300.0	0.0227833333333	0.0105153846154	0.006835	2020-06-24
Holmes	169.0	3.0	0.0	166.0	0.00385036	6.835e-05	1000.0	461.538461538	300.0	0.0227833333333	0.0105153846154	0.006835	2020-06-25
Holmes	176.0	3.0	0.0	173.0	0.00400984	6.835e-05	1000.0	461.538461538	300.0	0.0227833333333	0.0105153846154	0.006835	2020-06-26
Holmes	184.0	3.0	0.0	181.0	0.00419211	6.835e-05	1000.0	461.538461538	300.0	0.0227833333333	0.0105153846154	0.006835	2020-06-27
Holmes	190.0	3.0	0.0	187.0	0.00432881	6.835e-05	1000.0	461.538461538	300.0	0.0227833333333	0.0105153846154	0.006835	2020-06-28
Holmes	197.0	3.0	0.0	194.0	0.00448829	6.835e-05	1000.0	461.538461538	300.0	0.0227833333333	0.0105153846154	0.006835	2020-06-29
Holmes	202.0	3.0	0.0	199.0	0.00460221	6.835e-05	1000.0	461.538461538	300.0	0.0227833333333	0.0105153846154	0.006835	2020-06-30
Holmes	204.0	3.0	0.0	201.0	0.00464777	6.835e-05	1000.0	461.538461538	300.0	0.0227833333333	0.0105153846154	0.006835	2020-07-01
Holmes	204.0	3.0	0.0	201.0	0.00464777	6.835e-05	1000.0	461.538461538	300.0	0.0227833333333	0.0105153846154	0.006835	2020-07-02
Holmes	8.9	17.882	221.882	0.0	0.0	3.0	0.00020277	0.00040741	0.00505518	0.0	0.0	6.835e-05	2020-07-03
Holmes	8.784	26.666	230.666	0.0	0.0	3.0	0.00020013	0.00060754	0.00525531	0.0	0.0	6.835e-05	2020-07-04
Holmes	8.651	35.317	239.317	0.0	0.0	3.0	0.0001971	0.00080463	0.00545241	0.0	0.0	6.835e-05	2020-07-05
Holmes	3.54	3.54	12.191	0.818	0.818	36.135	8.065e-05	8.065e-05	0.00027775	1.864e-05	1.864e-05	0.00082327	2020-07-06
Holmes	2.687	6.227	14.878	0.58	1.398	36.715	6.122e-05	0.00014187	0.00033897	1.321e-05	3.185e-05	0.00083649	2020-07-07
Holmes	1.979	8.206	16.857	0.373	1.771	37.088	4.509e-05	0.00018696	0.00038406	8.5e-06	4.035e-05	0.00084498	2020-07-08
Holmes	27.85	27.85	29.829	2.395	2.395	10.601	0.00063451	0.00063451	0.0006796	5.457e-05	5.457e-05	0.00024152	2020-07-09
Holmes	34.37	62.22	64.199	1.715	4.11	12.316	0.00078306	0.00141757	0.00146266	3.907e-05	9.364e-05	0.0002806	2020-07-10
Holmes	29.222	29.222	63.592	1.678	1.678	63.898	0.00066577	0.00066577	0.00144883	3.823e-05	3.823e-05	0.0014558	2020-07-11
Holmes	28.953	58.175	92.545	1.662	3.34	65.56	0.00065964	0.00132541	0.00210847	3.787e-05	7.61e-05	0.00149367	2020-07-12
Holmes	28.577	86.752	121.122	1.641	4.981	67.201	0.00065108	0.00197649	0.00275955	3.739e-05	0.00011348	0.00153105	2020-07-13
Holmes	6.477	6.477	35.054	2.328	2.328	89.08	0.00014757	0.00014757	0.00079864	5.304e-05	5.304e-05	0.00202953	2020-07-14
Holmes	4.599	11.076	39.653	2.307	4.635	91.387	0.00010478	0.00025235	0.00090342	5.256e-05	0.0001056	0.00208209	2020-07-15
Holmes	2.959	14.035	42.612	2.277	6.912	93.664	6.742e-05	0.00031976	0.00097084	5.188e-05	0.00015748	0.00213397	2020-07-16
Holmes	1.824	15.859	44.436	2.243	9.155	95.907	4.156e-05	0.00036132	0.00101239	5.11e-05	0.00020858	0.00218507	2020-07-17
Holmes	289.0	5.0	0.0	284.0	0.00658434	0.00011392	1666.66666667	769.230769231	500.0	0.0379733333333	0.0175261538462	0.011392	2020-07-18
Holmes	293.0	5.0	0.0	288.0	0.00667548	0.00011392	1666.66666667	769.230769231	500.0	0.0379733333333	0.0175261538462	0.011392	2020-07-19
