Leavenworth	4.0	0.0	0.0	0.0	4.917e-05	0.0	20.0	8.0	5.0	0.00024585	9.834e-05	6.14625e-05	2020-03-22
Leavenworth	5.0	0.0	0.0	0.0	6.146e-05	0.0	25.0	10.0	6.25	0.0003073	0.00012292	7.6825e-05	2020-03-23
Leavenworth	7.0	0.0	0.0	0.0	8.605e-05	0.0	35.0	14.0	8.75	0.00043025	0.0001721	0.0001075625	2020-03-24
Leavenworth	11.0	0.0	0.0	0.0	0.00013521	0.0	55.0	22.0	13.75	0.00067605	0.00027042	0.0001690125	2020-03-25
Leavenworth	12.0	0.0	0.0	0.0	0.00014751	0.0	60.0	24.0	15.0	0.00073755	0.00029502	0.0001843875	2020-03-26
Leavenworth	12.0	0.0	0.0	0.0	0.00014751	0.0	60.0	24.0	15.0	0.00073755	0.00029502	0.0001843875	2020-03-27
Leavenworth	15.0	0.0	0.0	0.0	0.00018438	0.0	75.0	30.0	18.75	0.0009219	0.00036876	0.000230475	2020-03-28
Leavenworth	17.0	0.0	0.0	0.0	0.00020897	0.0	85.0	34.0	21.25	0.00104485	0.00041794	0.0002612125	2020-03-29
Leavenworth	20.0	0.0	0.0	0.0	0.00024585	0.0	100.0	40.0	25.0	0.00122925	0.0004917	0.0003073125	2020-03-30
Leavenworth	24.0	0.0	0.0	0.0	0.00029501	0.0	120.0	48.0	30.0	0.00147505	0.00059002	0.0003687625	2020-03-31
Leavenworth	25.0	0.0	0.0	0.0	0.00030731	0.0	125.0	50.0	31.25	0.00153655	0.00061462	0.0003841375	2020-04-01
Leavenworth	27.0	0.0	0.0	0.0	0.00033189	0.0	135.0	54.0	33.75	0.00165945	0.00066378	0.0004148625	2020-04-02
Leavenworth	31.0	0.0	0.0	0.0	0.00038106	0.0	155.0	62.0	38.75	0.0019053	0.00076212	0.000476325	2020-04-03
Leavenworth	7	0	0	0	_2020-3-24
Leavenworth	11	0	0	0	_2020-3-25
Leavenworth	12	0	0	0	_2020-3-26
