Name	Predicted_New_Cases	Total_Predicted_New_Cases	Total_Predicted_Cases	Predicted_New_Deaths	Total_Predicted_New_Deaths	Total_Predicted_Deaths	Predicted_New_per_capita	Predicted_Total_New_per_capita	Predicted_Total_Cases_per_capita	Predicted_New_Deaths_per_capita	Total_Predicted_New_Deaths_per_capita	Total_Predicted_Deaths_per_capita
New York	3.533	7941.142	236670.142	0.0	89.539	23691.539	2.17e-06	0.00487575	0.14531221	0.0	5.498e-05	0.01454628
Wayne	0.0	9.205	267.205	0.0	0.0	3.0	0.0	0.00010221	0.00296683	0.0	0.0	3.331e-05
Fulton	0.0	35.516	334.516	0.0	0.0	24.0	0.0	0.00066272	0.00624202	0.0	0.0	0.00044784
Seneca	0.014	16.793	107.793	0.0	0.0	3.0	4.1e-07	0.00048959	0.00314265	0.0	0.0	8.746e-05
Lewis	0.029	32.732	78.732	0.0	0.0	0.0	1.1e-06	0.00123765	0.00297697	0.0	0.0	0.0
Montgomery	0.068	83.98	260.98	0.0	0.0	4.0	1.37e-06	0.00169811	0.00527712	0.0	0.0	8.088e-05
Schenectady	0.0	72.956	1151.956	0.0	0.0	37.0	0.0	0.00046962	0.00741523	0.0	0.0	0.00023817
Hamilton	0.008	7.075	15.075	0.0	0.0	0.0	1.8e-06	0.00159562	0.00339986	0.0	0.0	0.0
Washington	1.903	437.218	697.218	0.0	0.0	14.0	3.11e-05	0.00714444	0.01139301	0.0	0.0	0.00022877
Rockland	0.163	253.215	14219.215	0.0	0.0	674.0	5e-07	0.00077746	0.04365807	0.0	0.0	0.00206942
Chenango	0.001	18.535	236.535	0.0	0.0	6.0	2e-08	0.00038992	0.00497591	0.0	0.0	0.00012622
Cayuga	0.0	3.289	164.289	0.0	0.0	2.0	0.0	4.263e-05	0.00212961	0.0	0.0	2.593e-05
Erie	0.514	1156.215	10169.215	0.0	1.277	672.277	5.6e-07	0.00125714	0.01105687	0.0	1.39e-06	0.00073096
Ulster	0.041	123.927	2200.927	0.001	2.024	94.024	2.3e-07	0.00069388	0.01232329	1e-08	1.133e-05	0.00052645
Jefferson	0.0	18.676	160.676	0.001	2.024	2.024	0.0	0.00016712	0.00143775	1e-08	1.811e-05	1.811e-05
Broome	0.085	259.447	1409.447	0.006	19.135	88.135	4.4e-07	0.00135369	0.00735393	3e-08	9.984e-05	0.00045985
Nassau	0.051	1055.358	44816.358	0.0	1.125	2196.125	4e-08	0.00077695	0.0329934	0.0	8.3e-07	0.00161677
Monroe	0.219	668.365	5703.365	0.01	30.617	315.617	2.9e-07	0.00090019	0.00768157	1e-08	4.124e-05	0.00042509
Chautauqua	0.036	79.86	337.86	0.0	0.0	9.0	2.8e-07	0.0006242	0.00264079	0.0	0.0	7.035e-05
Chemung	4.642	1066.195	1243.195	0.0	0.0	3.0	5.51e-05	0.01265453	0.01475532	0.0	0.0	3.561e-05
Niagara	0.2	245.288	1759.288	0.0	0.25	98.25	9.5e-07	0.00116563	0.00836032	0.0	1.19e-06	0.00046689
Livingston	0.011	32.868	208.868	0.0	0.0	8.0	1.7e-07	0.00051984	0.00330346	0.0	0.0	0.00012653
Steuben	0.008	23.75	323.75	0.0	0.0	42.0	8e-08	0.00024792	0.00337958	0.0	0.0	0.00043843
Columbia	0.001	51.205	599.205	0.0	0.0	37.0	2e-08	0.00085461	0.01000075	0.0	0.0	0.00061753
Madison	0.015	44.234	458.234	0.0	0.0	17.0	2.1e-07	0.00062482	0.00647269	0.0	0.0	0.00024013
Ontario	0.113	80.558	443.558	0.0	0.0	34.0	1.03e-06	0.00073325	0.00403734	0.0	0.0	0.00030947
Dutchess	0.0	155.277	4786.277	0.0	0.0	153.0	0.0	0.00052866	0.01629548	0.0	0.0	0.00052091
Schuyler	0.0	0.07	22.07	0.0	0.0	0.0	0.0	3.91e-06	0.00123213	0.0	0.0	0.0
Herkimer	0.034	104.793	381.793	0.0	0.0	4.0	5.5e-07	0.00169477	0.00617458	0.0	0.0	6.469e-05
Cortland	0.0	8.724	104.724	0.0	0.0	0.0	0.0	0.00018242	0.00218982	0.0	0.0	0.0
Unassigned	0.698	2127.356	2234.356	0.0	55.338	58.338	N/A	N/A	N/A	N/A	N/A	N/A
Essex	0.0	0.449	56.449	0.0	55.338	55.338	0.0	1.204e-05	0.00151338	0.0	0.00148359	0.00148359
Wyoming	0.023	25.178	143.178	0.0	0.0	5.0	5.7e-07	0.00062812	0.00357186	0.0	0.0	0.00012473
Putnam	0.0	51.94	1501.94	0.0	0.0	63.0	0.0	0.00052522	0.01518768	0.0	0.0	0.00063706
Onondaga	0.152	341.508	3954.508	0.0	0.749	200.749	3.3e-07	0.0007395	0.00856308	0.0	1.62e-06	0.0004347
Franklin	0.009	16.778	70.778	0.0	0.749	0.749	1.8e-07	0.00033361	0.00140731	0.0	1.489e-05	1.489e-05
Tompkins	0.003	15.392	249.392	0.0	0.749	0.749	3e-08	0.00014974	0.00242616	0.0	7.29e-06	7.29e-06
Greene	0.004	11.815	306.815	0.0	0.0	18.0	8e-08	0.00024878	0.00646049	0.0	0.0	0.00037902
Orleans	0.0	2.4	300.4	0.0	0.0	54.0	0.0	5.91e-05	0.00739683	0.0	0.0	0.00132966
Albany	0.054	244.804	2868.804	0.003	7.652	135.652	1.8e-07	0.0007971	0.00934108	1e-08	2.492e-05	0.00044169
Allegany	0.017	22.918	102.918	0.0	0.0	1.0	3.7e-07	0.0004936	0.00221663	0.0	0.0	2.154e-05
Warren	0.13	84.829	396.829	0.0	0.0	33.0	2.02e-06	0.00131999	0.00617489	0.0	0.0	0.0005135
Westchester	0.352	792.177	37116.177	0.0	0.882	1447.882	3.6e-07	0.00081869	0.03835853	0.0	9.1e-07	0.00149635
Sullivan	0.005	21.612	1512.612	0.0	0.0	48.0	7e-08	0.00028626	0.02003513	0.0	0.0	0.00063578
Suffolk	0.533	1624.219	45572.219	0.002	5.288	2003.288	3.6e-07	0.00109664	0.03076932	0.0	3.57e-06	0.00135257
Schoharie	0.008	7.075	76.075	0.002	5.288	5.288	2.6e-07	0.00022751	0.00244638	6e-08	0.00017005	0.00017005
Oswego	0.0	7.164	264.164	0.0	0.0	3.0	0.0	6.076e-05	0.00224061	0.0	0.0	2.545e-05
Oneida	0.073	222.075	2402.075	0.004	11.481	126.481	3.2e-07	0.00096732	0.01046305	2e-08	5.001e-05	0.00055093
Genesee	0.006	19.135	299.135	0.0	0.0	5.0	1e-07	0.00033272	0.00520135	0.0	0.0	8.694e-05
Orange	0.08	243.127	11434.127	0.003	7.652	498.652	2.1e-07	0.00063654	0.02993611	1e-08	2.003e-05	0.00130554
