Name	Predicted_New_Cases	Total_Predicted_New_Cases	Total_Predicted_Cases	Predicted_New_Deaths	Total_Predicted_New_Deaths	Total_Predicted_Deaths	Predicted_New_per_capita	Predicted_Total_New_per_capita	Predicted_Total_Cases_per_capita	Predicted_New_Deaths_per_capita	Total_Predicted_New_Deaths_per_capita	Total_Predicted_Deaths_per_capita
Fulton	0.0	42.991	286.991	0.0	0.0	24.0	0.0	0.00080221	0.00535521	0.0	0.0	0.00044784
Seneca	0.0	0.165	66.165	0.0	0.0	0.0	0.0	4.81e-06	0.00192901	0.0	0.0	0.0
Lewis	0.003	91.765	116.765	0.0	0.0	0.0	1.1e-07	0.00346977	0.00441506	0.0	0.0	0.0
Schenectady	0.0	142.182	920.182	0.0	4.282	41.282	0.0	0.00091524	0.00592328	0.0	2.756e-05	0.00026574
Hamilton	0.0	0.067	6.067	0.0	4.282	4.282	0.0	1.511e-05	0.00136829	0.0	0.00096572	0.00096572
Broome	0.0	56.887	736.887	0.207	370.295	428.295	0.0	0.00029681	0.00384478	1.08e-06	0.00193205	0.00223467
Monroe	0.0	497.481	4099.481	0.001	152.343	418.343	0.0	0.00067003	0.00552138	0.0	0.00020518	0.00056344
Chautauqua	0.0	47.544	168.544	0.0	0.0	7.0	0.0	0.00037161	0.00131738	0.0	0.0	5.471e-05
Niagara	0.0	15.567	1218.567	0.001	135.229	223.229	0.0	7.398e-05	0.00579076	0.0	0.00064262	0.00106081
Delaware	0.0	16.774	107.774	0.0	0.0	4.0	0.0	0.00037672	0.00242042	0.0	0.0	8.983e-05
Steuben	0.0	66.103	330.103	0.0	0.0	41.0	0.0	0.00069004	0.0034459	0.0	0.0	0.00042799
Dutchess	0.0	353.093	4529.093	0.443	792.911	943.911	0.0	0.00120215	0.01541987	1.51e-06	0.00269957	0.00321366
Schuyler	0.0	0.0	12.0	0.443	792.911	792.911	0.0	0.0	0.00066994	2.473e-05	0.04426703	0.04426703
Herkimer	0.688	1231.624	1374.624	0.0	0.0	3.0	1.113e-05	0.01991855	0.02223124	0.0	0.0	4.852e-05
Essex	0.076	136.844	177.844	0.0	55.338	55.338	2.04e-06	0.00366874	0.00476794	0.0	0.00148359	0.00148359
Yates	0.0	12.163	56.163	0.0	0.0	6.0	0.0	0.00048963	0.0022609	0.0	0.0	0.00024154
Warren	0.0	38.511	301.511	0.0	0.0	30.0	0.0	0.00059925	0.00469168	0.0	0.0	0.00046682
Rensselaer	0.002	200.7	741.7	0.0	0.0	28.0	1e-08	0.00125876	0.00465185	0.0	0.0	0.00017561
Genesee	0.002	169.467	400.467	0.0	0.0	5.0	3e-08	0.00294669	0.00696331	0.0	0.0	8.694e-05
