Name	Predicted_New_Cases	Total_Predicted_New_Cases	Total_Predicted_Cases	Predicted_New_Deaths	Total_Predicted_New_Deaths	Total_Predicted_Deaths	Predicted_New_per_capita	Predicted_Total_New_per_capita	Predicted_Total_Cases_per_capita	Predicted_New_Deaths_per_capita	Total_Predicted_New_Deaths_per_capita	Total_Predicted_Deaths_per_capita
Wayne	2.484	1624.3	1893.3	0.0	0.0	3.0	2.758e-05	0.01803495	0.02102172	0.0	0.0	3.331e-05
Lewis	0.0	34.727	81.727	0.0	0.0	0.0	0.0	0.00131308	0.00309022	0.0	0.0	0.0
Schenectady	0.002	165.416	1284.416	0.0	0.0	37.0	1e-08	0.0010648	0.00826789	0.0	0.0	0.00023817
Hamilton	0.0	0.124	11.124	0.0	0.0	0.0	0.0	2.797e-05	0.0025088	0.0	0.0	0.0
Washington	0.0	16.441	277.441	0.0	0.0	14.0	0.0	0.00026866	0.00453357	0.0	0.0	0.00022877
Chenango	0.0	17.14	235.14	0.0	0.0	6.0	0.0	0.00036057	0.00494657	0.0	0.0	0.00012622
Cayuga	3.828	2138.831	2302.831	0.0	0.0	2.0	4.962e-05	0.02772482	0.02985068	0.0	0.0	2.593e-05
Nassau	0.0	655.242	44584.242	0.0	7.112	2202.112	0.0	0.00048238	0.03282252	0.0	5.24e-06	0.00162118
Chemung	0.015	165.382	354.382	0.0	0.0	3.0	1.8e-07	0.0019629	0.00420611	0.0	0.0	3.561e-05
Delaware	0.001	20.706	127.706	0.0	0.0	4.0	2e-08	0.00046502	0.00286806	0.0	0.0	8.983e-05
Steuben	0.0	17.91	323.91	0.0	0.0	42.0	0.0	0.00018696	0.00338125	0.0	0.0	0.00043843
Ontario	0.0	35.704	403.704	0.0	0.0	34.0	0.0	0.00032498	0.00367458	0.0	0.0	0.00030947
Essex	0.317	207.526	266.526	0.0	55.338	55.338	8.5e-06	0.0055637	0.00714547	0.0	0.00148359	0.00148359
Saratoga	0.0	97.199	889.199	0.0	0.0	17.0	0.0	0.00042231	0.00386334	0.0	0.0	7.386e-05
Greene	0.0	26.43	324.43	0.0	0.0	18.0	0.0	0.00055653	0.0068314	0.0	0.0	0.00037902
Cattaraugus	0.0	17.566	188.566	0.0	0.0	6.0	0.0	0.0002286	0.00245401	0.0	0.0	7.808e-05
Yates	0.0	6.417	65.417	0.0	0.0	7.0	0.0	0.00025832	0.00263343	0.0	0.0	0.00028179
Otsego	0.0	9.796	127.796	0.0	0.0	5.0	0.0	0.00016395	0.00213888	0.0	0.0	8.368e-05
Warren	0.0	25.365	337.365	0.0	0.0	33.0	0.0	0.00039469	0.00524959	0.0	0.0	0.0005135
Westchester	0.008	1075.768	37528.768	0.0	0.044	1447.044	1e-08	0.00111178	0.03878493	0.0	5e-08	0.00149548
Clinton	0.519	339.227	471.227	0.0	0.0	4.0	6.43e-06	0.00420382	0.00583961	0.0	0.0	4.957e-05
Rensselaer	0.0	89.99	884.99	0.001	18.904	56.904	0.0	0.00056441	0.00555055	1e-08	0.00011856	0.00035689
Genesee	0.0	23.494	308.494	0.0	0.0	5.0	0.0	0.00040851	0.00536409	0.0	0.0	8.694e-05
