Name	Predicted_New_Cases	Total_Predicted_New_Cases	Total_Predicted_Cases	Predicted_New_Deaths	Total_Predicted_New_Deaths	Total_Predicted_Deaths	Predicted_New_per_capita	Predicted_Total_New_per_capita	Predicted_Total_Cases_per_capita	Predicted_New_Deaths_per_capita	Total_Predicted_New_Deaths_per_capita	Total_Predicted_Deaths_per_capita
New York	123.535	7528.101	216045.101	9.782	590.929	22583.929	7.585e-05	0.00462215	0.13264872	6.01e-06	0.00036282	0.01386622
Wayne	0.543	24.343	151.343	0.0	0.0	3.0	6.03e-06	0.00027029	0.00168039	0.0	0.0	3.331e-05
Fulton	1.267	51.372	281.372	1.813	49.541	73.541	2.364e-05	0.00095859	0.00525036	3.383e-05	0.00092443	0.00137226
Seneca	0.0	2.118	64.118	1.813	49.541	49.541	0.0	6.175e-05	0.00186933	5.286e-05	0.00144434	0.00144434
Lewis	0.0	0.0	20.0	1.813	49.541	49.541	0.0	0.0	0.00075623	6.855e-05	0.00187322	0.00187322
Montgomery	0.0	8.322	109.322	0.0	0.0	4.0	0.0	0.00016827	0.00221053	0.0	0.0	8.088e-05
Schenectady	0.526	36.733	753.733	0.036	2.288	32.288	3.39e-06	0.00023645	0.00485184	2.3e-07	1.473e-05	0.00020784
Kings	0.0	0.0	0.0	0.0	0.0	0.0	0.0	0.0	0.0	0.0	0.0	0.0
Hamilton	0.0	0.0	5.0	0.036	2.288	2.288	0.0	0.0	0.00112765	8.12e-06	0.00051601	0.00051601
Tioga	0.0	2.308	137.308	0.0	1.233	23.233	0.0	4.753e-05	0.00282759	0.0	2.539e-05	0.00047844
Washington	0.0	3.198	244.198	0.0	0.0	13.0	0.0	5.226e-05	0.00399036	0.0	0.0	0.00021243
Richmond	0.0	0.0	0.0	0.0	0.0	0.0	0.0	0.0	0.0	0.0	0.0	0.0
Rockland	3.914	273.463	13658.463	0.0	17.272	678.272	1.202e-05	0.00083963	0.04193636	0.0	5.303e-05	0.00208254
Chenango	0.112	5.022	142.022	0.0	0.0	5.0	2.36e-06	0.00010565	0.00298767	0.0	0.0	0.00010518
Cayuga	0.296	18.443	120.443	0.137	4.871	6.871	3.84e-06	0.00023907	0.00156125	1.78e-06	6.314e-05	8.907e-05
Erie	25.147	1126.669	7785.669	2.612	114.374	694.374	2.734e-05	0.00122501	0.00846527	2.84e-06	0.00012436	0.00075498
Ulster	0.0	30.998	1759.998	0.011	4.209	83.209	0.0	0.00017356	0.00985447	6e-08	2.357e-05	0.0004659
Bronx	0.0	0.0	0.0	0.0	0.0	0.0	0.0	0.0	0.0	0.0	0.0	0.0
Jefferson	12.325	137.944	216.944	0.011	4.209	4.209	0.00011029	0.00123434	0.00194125	1e-07	3.766e-05	3.766e-05
Broome	3.093	138.576	779.576	0.858	32.711	84.711	1.614e-05	0.00072303	0.00406752	4.48e-06	0.00017067	0.00044199
Nassau	15.029	935.513	41995.513	1.429	57.939	2208.939	1.106e-05	0.00068872	0.03091672	1.05e-06	4.265e-05	0.0016262
Monroe	15.011	672.548	3965.548	1.212	54.309	290.309	2.022e-05	0.00090582	0.00534099	1.63e-06	7.315e-05	0.000391
Chautauqua	1.03	46.137	152.137	0.0	0.0	4.0	8.05e-06	0.00036062	0.00118914	0.0	0.0	3.126e-05
Chemung	0.019	0.851	138.851	0.137	4.871	6.871	2.3e-07	1.01e-05	0.001648	1.63e-06	5.781e-05	8.155e-05
Niagara	3.496	182.681	1318.681	0.361	16.174	86.174	1.661e-05	0.00086812	0.00626651	1.72e-06	7.686e-05	0.00040951
Delaware	0.304	13.62	101.62	0.0	0.0	4.0	6.83e-06	0.00030588	0.00228221	0.0	0.0	8.983e-05
Livingston	0.129	5.784	126.784	0.0	0.0	7.0	2.04e-06	9.148e-05	0.00200522	0.0	0.0	0.00011071
Steuben	1.098	40.406	294.406	0.0	0.0	41.0	1.146e-05	0.00042179	0.00307326	0.0	0.0	0.00042799
Saint Lawrence	0.115	8.298	220.298	0.0	0.0	2.0	1.06e-06	7.68e-05	0.00203891	0.0	0.0	1.851e-05
Columbia	1.6	71.672	495.672	0.096	3.116	37.116	2.67e-05	0.00119621	0.00827278	1.6e-06	5.201e-05	0.00061947
Madison	0.907	37.772	370.772	1.202	34.344	49.344	1.281e-05	0.00053354	0.00523726	1.698e-05	0.00048512	0.000697
Ontario	0.769	34.472	263.472	0.0	0.0	9.0	7e-06	0.00031377	0.00239817	0.0	0.0	8.192e-05
Dutchess	4.469	216.494	4243.494	0.0	0.231	142.231	1.522e-05	0.00073708	0.01444751	0.0	7.9e-07	0.00048424
Schuyler	0.0	0.62	12.62	0.0	0.231	0.231	0.0	3.461e-05	0.00070456	0.0	1.29e-05	1.29e-05
Herkimer	1.38	52.583	177.583	0.0	0.0	3.0	2.232e-05	0.0008504	0.00287198	0.0	0.0	4.852e-05
Cortland	0.038	1.705	43.705	0.0	0.0	0.0	7.9e-07	3.565e-05	0.00091389	0.0	0.0	0.0
Unassigned	35.908	1608.801	1715.801	0.0	55.338	58.338	N/A	N/A	N/A	N/A	N/A	N/A
Essex	0.081	3.932	43.932	0.0	55.338	55.338	2.17e-06	0.00010542	0.0011778	0.0	0.00148359	0.00148359
Wyoming	0.247	11.32	102.32	0.0	0.0	5.0	6.16e-06	0.0002824	0.00255258	0.0	0.0	0.00012473
Saratoga	1.423	63.756	576.756	0.014	0.466	14.466	6.18e-06	0.000277	0.00250586	6e-08	2.02e-06	6.285e-05
Putnam	0.0	21.834	1303.834	0.0	0.03	60.03	0.0	0.00022079	0.01318442	0.0	3e-07	0.00060703
Onondaga	12.516	572.891	3026.891	0.797	37.92	188.92	2.71e-05	0.00124054	0.00655442	1.73e-06	8.211e-05	0.00040909
Franklin	0.0	0.18	23.18	0.797	37.92	37.92	0.0	3.58e-06	0.0004609	1.585e-05	0.00075398	0.00075398
Tompkins	0.425	20.242	191.242	0.797	37.92	37.92	4.13e-06	0.00019692	0.00186046	7.75e-06	0.0003689	0.0003689
Greene	0.479	21.45	270.45	0.0	0.0	18.0	1.009e-05	0.00045166	0.00569476	0.0	0.0	0.00037902
Orleans	0.0	13.436	273.436	0.003	6.702	47.702	0.0	0.00033084	0.00673289	7e-08	0.00016503	0.00117458
Albany	2.693	176.334	2172.334	0.0	6.338	121.338	8.77e-06	0.00057416	0.00707331	0.0	2.064e-05	0.00039509
Cattaraugus	0.359	16.085	114.085	0.0	0.0	5.0	4.67e-06	0.00020933	0.00148471	0.0	0.0	6.507e-05
Yates	0.0	0.0	39.0	0.0	0.0	6.0	0.0	0.0	0.00156999	0.0	0.0	0.00024154
Otsego	0.156	6.979	84.979	0.0	0.0	5.0	2.61e-06	0.00011681	0.00142227	0.0	0.0	8.368e-05
Allegany	0.246	11.238	64.238	0.0	0.0	2.0	5.3e-06	0.00024204	0.00138355	0.0	0.0	4.308e-05
Warren	0.05	3.522	260.522	0.002	0.123	28.123	7.8e-07	5.48e-05	0.00405387	3e-08	1.91e-06	0.00043761
Queens	0.0	0.0	0.0	0.0	0.0	0.0	0.0	0.0	0.0	0.0	0.0	0.0
Westchester	25.086	1171.325	35277.325	0.01	24.369	1424.369	2.593e-05	0.00121053	0.03645813	1e-08	2.518e-05	0.00147205
Sullivan	0.0	30.217	1456.217	0.0	0.048	31.048	0.0	0.00040024	0.01928815	0.0	6.4e-07	0.00041124
Clinton	0.0	0.471	98.471	0.0	0.0	4.0	0.0	5.84e-06	0.00122029	0.0	0.0	4.957e-05
Suffolk	8.324	1021.29	41533.29	0.803	53.17	1998.17	5.62e-06	0.00068955	0.02804232	5.4e-07	3.59e-05	0.00134912
Schoharie	0.398	14.637	68.637	0.803	53.17	53.17	1.28e-05	0.00047069	0.00220719	2.582e-05	0.00170981	0.00170981
Oswego	0.285	13.299	132.299	0.0	0.0	3.0	2.42e-06	0.0001128	0.00112215	0.0	0.0	2.545e-05
Rensselaer	0.331	22.061	530.061	0.0	0.0	28.0	2.08e-06	0.00013836	0.00332448	0.0	0.0	0.00017561
Oneida	8.825	377.203	1593.203	0.792	35.494	96.494	3.844e-05	0.00164303	0.00693973	3.45e-06	0.00015461	0.00042031
Genesee	0.424	18.983	230.983	0.162	5.297	10.297	7.37e-06	0.00033008	0.00401633	2.82e-06	9.21e-05	0.00017904
Orange	0.0	103.951	10653.951	59.554	666.525	1133.525	0.0	0.00027216	0.0278935	0.00015592	0.00174505	0.00296772
