Name	Predicted_New_Cases	Total_Predicted_New_Cases	Predicted_New_per_capita	Predicted_Total_per_capita
New York	89.534	95862.48	5.497e-05	0.05885824
Wayne	0.001	20.953	1e-08	0.00023265
Fulton	0.028	29.887	5.2e-07	0.00055769
Seneca	0.002	15.556	5e-08	0.00045351
Lewis	0.0	0.0	0.0	0.0
Montgomery	0.046	48.946	9.2e-07	0.00098971
Schenectady	0.184	196.651	1.18e-06	0.00126586
Hamilton	0.002	2.599	5.5e-07	0.00058613
Tioga	0.029	31.187	6e-07	0.00064223
Washington	0.029	31.187	4.8e-07	0.00050961
Rockland	0.0	3650.63	0.0	0.01120874
Chenango	0.0	6.831	0.0	0.0001437
Cayuga	0.036	44.66	4.7e-07	0.00057892
Erie	0.439	1318.754	4.8e-07	0.00143387
Ulster	0.657	703.005	3.68e-06	0.00393622
Jefferson	0.044	47.214	3.9e-07	0.00042247
Broome	0.144	154.635	7.5e-07	0.00080682
Nassau	24.536	26270.202	1.806e-05	0.01933989
Monroe	0.683	731.593	9.2e-07	0.00098534
Chautauqua	0.0	1.957	0.0	1.53e-05
Chemung	0.0	24.697	0.0	0.00029313
Niagara	0.18	193.186	8.6e-07	0.00091804
Delaware	0.025	30.467	5.5e-07	0.00068424
Livingston	0.026	27.722	4.1e-07	0.00043845
Steuben	0.138	147.271	1.44e-06	0.00153734
Saint Lawrence	0.0	45.54	0.0	0.00042148
Columbia	0.0	5.82	0.0	9.714e-05
Madison	0.0	1.701	0.0	2.402e-05
Ontario	0.051	55.01	4.7e-07	0.00050071
Dutchess	1.299	1969.104	4.42e-06	0.00670406
Schuyler	0.001	3.055	4e-08	0.00017056
Herkimer	0.043	45.914	6.9e-07	0.00074255
Cortland	0.0	6.798	0.0	0.00014214
Unassigned	0.0	0.0	N/A	N/A
Essex	0.007	7.364	1.8e-07	0.00019742
Wyoming	0.0	5.233	0.0	0.00013056
Saratoga	0.104	110.887	4.5e-07	0.00048177
Putnam	0.508	544.038	5.14e-06	0.00550134
Onondaga	0.307	329.195	6.7e-07	0.00071284
Franklin	0.002	3.549	5e-08	7.057e-05
Tompkins	0.0	0.0	0.0	0.0
Greene	0.025	26.422	5.2e-07	0.00055636
Orleans	0.017	33.808	4.1e-07	0.00083245
Albany	0.347	371.211	1.13e-06	0.0012087
Cattaraugus	0.007	30.551	9e-08	0.00039759
Yates	0.0	2.597	1e-08	0.00010455
Otsego	0.041	44.181	6.9e-07	0.00073945
Allegany	0.027	28.588	5.8e-07	0.00061572
Warren	0.062	66.272	9.6e-07	0.00103123
Westchester	14.043	15035.12	1.451e-05	0.01553838
Sullivan	0.163	332.283	2.16e-06	0.00440121
Clinton	0.0	4.865	0.0	6.029e-05
Suffolk	22.208	23777.849	1.499e-05	0.01605426
Schoharie	0.0	0.0	0.0	0.0
Oswego	0.006	18.158	5e-08	0.00015402
Rensselaer	0.088	93.994	5.5e-07	0.00058952
Oneida	0.256	274.618	1.12e-06	0.00119619
Genesee	0.127	136.443	2.22e-06	0.00237246
Orange	0.0	1548.217	0.0	0.00405344
