Name	Predicted_New_Cases	Total_Predicted_New_Cases	Total_Predicted_Cases	Predicted_New_Deaths	Total_Predicted_New_Deaths	Total_Predicted_Deaths	Predicted_New_per_capita	Predicted_Total_New_per_capita	Predicted_Total_Cases_per_capita	Predicted_New_Deaths_per_capita	Total_Predicted_New_Deaths_per_capita	Total_Predicted_Deaths_per_capita
Missouri	0.0	2519.896	13113.896	0.499	452.734	1018.734	0.0	0.00041058	0.00213671	8e-08	7.377e-05	0.00016599
Puerto Rico	0.0	905.941	3332.941	0.115	71.485	188.485	0.0	0.00028367	0.0010436	4e-08	2.238e-05	5.902e-05
New York	0.0	44972.938	388023.938	4.619	6588.551	34229.551	0.0	0.00231181	0.01994617	2.4e-07	0.00033868	0.00175955
Alaska	0.0	24.954	407.954	0.0	2.182	12.182	0.0	3.411e-05	0.00055766	0.0	2.98e-06	1.665e-05
Illinois	44.395	54434.806	142371.806	3.148	2858.439	6786.439	3.5e-06	0.00429574	0.01123531	2.5e-07	0.00022557	0.00053555
South Carolina	5.384	4188.387	12377.387	0.003	144.385	515.385	1.05e-06	0.00081348	0.00240398	0.0	2.804e-05	0.0001001
Virginia	22.421	20355.744	48168.744	0.249	585.582	1541.582	2.63e-06	0.00238483	0.00564333	3e-08	6.861e-05	0.00018061
Washington	5.96	5882.847	23655.847	0.563	405.971	1388.971	7.8e-07	0.00077254	0.00310652	7e-08	5.331e-05	0.0001824
Vermont	0.0	15.588	947.588	0.0	0.301	53.301	0.0	2.498e-05	0.0015186	0.0	4.8e-07	8.542e-05
South Dakota	17.993	7860.631	11652.631	1.806	433.364	476.364	2.034e-05	0.00888549	0.01317189	2.04e-06	0.00048987	0.00053847
Georgia	16.534	16320.628	52297.628	0.111	600.23	2145.23	1.56e-06	0.00153716	0.00492564	1e-08	5.653e-05	0.00020205
Connecticut	15.511	14082.875	49546.875	1.046	1491.766	4710.766	4.35e-06	0.00395	0.01389702	2.9e-07	0.00041841	0.00132129
Alabama	8.085	7340.228	18441.228	0.423	384.339	857.339	1.65e-06	0.00149703	0.00376107	9e-08	7.839e-05	0.00017485
Guam	0.024	21.526	173.526	0.0	0.0	5.0	1.5e-07	0.00013107	0.00105661	0.0	0.0	3.045e-05
New Hampshire	1.313	1872.301	5254.301	0.289	208.183	359.183	9.7e-07	0.00137698	0.00386428	2.1e-07	0.00015311	0.00026416
Oklahoma	1.112	1940.369	6903.369	0.131	118.621	402.621	2.8e-07	0.00049037	0.00174461	3e-08	2.998e-05	0.00010175
Colorado	11.787	10701.405	31539.405	0.006	309.468	1395.468	2.05e-06	0.00185829	0.00547679	0.0	5.374e-05	0.00024232
Ohio	17.052	15481.878	41838.878	1.154	1047.85	2581.85	1.46e-06	0.00132447	0.00357931	1e-07	8.964e-05	0.00022088
Maine	1.036	940.221	2505.221	0.0	6.797	75.797	7.7e-07	0.00069946	0.00186371	0.0	5.06e-06	5.639e-05
Mississippi	7.272	6602.051	17085.051	0.468	424.928	904.928	2.44e-06	0.00221832	0.00574066	1.6e-07	0.00014278	0.00030406
Utah	4.194	3807.298	10556.298	0.067	60.991	135.991	1.31e-06	0.00118757	0.00329271	2e-08	1.902e-05	4.242e-05
Delaware	4.86	4412.162	11635.162	0.193	175.352	435.352	4.99e-06	0.00453104	0.01194865	2e-07	0.00018008	0.00044708
Indiana	11.114	13627.245	39680.245	1.397	1268.728	2914.728	1.65e-06	0.00202418	0.00589408	2.1e-07	0.00018846	0.00043295
Arkansas	5.609	3043.806	7409.806	0.0	7.008	105.008	1.86e-06	0.00100862	0.00245536	0.0	2.32e-06	3.48e-05
Iowa	0.0	5108.002	18783.002	0.406	315.925	633.925	0.0	0.00161898	0.00595328	1.3e-07	0.00010013	0.00020092
New Jersey	0.0	19127.836	161831.836	1.17	4075.868	14021.868	0.0	0.0021535	0.01821981	1.3e-07	0.00045888	0.00157865
Wisconsin	7.705	7606.069	18881.069	0.258	233.881	667.881	1.32e-06	0.00130634	0.00324281	4e-08	4.017e-05	0.00011471
Michigan	0.412	9329.892	58911.892	1.103	1572.923	6359.923	4e-08	0.00093422	0.00589894	1.1e-07	0.0001575	0.00063683
Arizona	9.989	9069.309	21743.309	0.73	662.837	1286.837	1.37e-06	0.001246	0.00298724	1e-07	9.107e-05	0.00017679
Massachusetts	0.919	24771.766	106953.766	3.861	3505.362	8987.362	1.3e-07	0.00359402	0.01551741	5.6e-07	0.00050858	0.00130393
North Carolina	15.912	12377.443	29345.443	0.573	481.181	1122.181	1.52e-06	0.00118014	0.00279798	5e-08	4.588e-05	0.000107
Montana	0.016	14.351	476.351	0.0	0.0	16.0	1e-08	1.343e-05	0.0004457	0.0	0.0	1.497e-05
District of Columbia	4.893	4442.661	11178.661	0.325	272.552	630.552	6.93e-06	0.00629496	0.01583943	4.6e-07	0.00038619	0.00089345
Wyoming	0.28	254.505	955.505	0.0	0.0	7.0	4.8e-07	0.00043974	0.00165095	0.0	0.0	1.209e-05
Minnesota	18.175	16500.803	29935.803	0.64	581.218	1253.218	3.22e-06	0.00292587	0.00530811	1.1e-07	0.00010306	0.00022222
Florida	9.853	14054.821	57264.821	1.319	1197.305	3072.305	4.6e-07	0.00065439	0.00266624	6e-08	5.575e-05	0.00014305
Kentucky	1.615	3793.29	11018.29	0.188	170.644	498.644	3.6e-07	0.00084905	0.00246623	4e-08	3.82e-05	0.00011161
North Dakota	1.213	1100.994	2812.994	0.18	82.448	122.448	1.59e-06	0.00144476	0.00369129	2.4e-07	0.00010819	0.00016068
Louisiana	5.887	7218.778	40707.778	0.023	632.213	3049.213	1.27e-06	0.00155283	0.00875663	0.0	0.000136	0.00065591
Maryland	27.888	25319.639	61222.639	1.149	1250.351	3116.351	4.61e-06	0.00418805	0.01012668	1.9e-07	0.00020682	0.00051547
Texas	33.83	28408.716	72888.716	1.234	890.045	2125.045	1.17e-06	0.00097975	0.00251376	4e-08	3.07e-05	7.329e-05
Hawaii	0.045	40.475	677.475	0.002	0.931	17.931	3e-08	2.859e-05	0.00047849	0.0	6.6e-07	1.266e-05
Virgin Islands	0.012	11.326	80.326	0.014	6.5	12.5	1.1e-07	0.00010559	0.00074883	1.3e-07	6.06e-05	0.00011653
Rhode Island	6.174	6094.103	18110.103	0.0	216.726	684.726	5.83e-06	0.00575262	0.01709531	0.0	0.00020458	0.00064636
Kansas	4.711	5776.241	13481.241	0.0	35.679	224.679	1.62e-06	0.0019827	0.00462746	0.0	1.225e-05	7.712e-05
Pennsylvania	31.396	28504.454	91609.454	3.684	3344.582	7632.582	2.45e-06	0.00222656	0.00715588	2.9e-07	0.00026125	0.0005962
Nebraska	5.523	7877.879	17137.879	0.094	73.055	176.055	2.86e-06	0.0040725	0.0088595	5e-08	3.777e-05	9.101e-05
Tennessee	8.335	7567.272	24266.272	0.0	72.704	359.704	1.22e-06	0.00110808	0.00355332	0.0	1.065e-05	5.267e-05
Idaho	0.021	408.396	2759.396	0.0	4.205	76.205	1e-08	0.00022853	0.00154409	0.0	2.35e-06	4.264e-05
Oregon	2.088	1895.911	5374.911	0.076	69.289	206.289	5e-07	0.00044951	0.00127436	2e-08	1.643e-05	4.891e-05
Nevada	2.313	2283.016	8787.016	0.198	179.504	512.504	7.5e-07	0.0007412	0.00285278	6e-08	5.828e-05	0.00016639
California	50.868	46183.279	121054.279	1.971	1789.176	4841.176	1.29e-06	0.00116884	0.00306372	5e-08	4.528e-05	0.00012252
West Virginia	0.596	541.305	1968.305	0.027	24.775	84.775	3.3e-07	0.00030204	0.00109829	2e-08	1.382e-05	4.73e-05
New Mexico	3.714	3665.639	9168.639	0.213	193.517	435.517	1.77e-06	0.00174818	0.00437262	1e-07	9.229e-05	0.0002077
