Name	Predicted_New_Cases	Total_Predicted_New_Cases	Total_Predicted_Cases	Predicted_New_Deaths	Total_Predicted_New_Deaths	Total_Predicted_Deaths	Predicted_New_per_capita	Predicted_Total_New_per_capita	Predicted_Total_Cases_per_capita	Predicted_New_Deaths_per_capita	Total_Predicted_New_Deaths_per_capita	Total_Predicted_Deaths_per_capita
Alaska	0.0	300.888	1058.888	0.0	1.581	13.581	0.0	0.0004113	0.00144747	0.0	2.16e-06	1.856e-05
Vermont	0.0	18.566	1181.566	0.151	107.905	163.905	0.0	2.975e-05	0.00189357	2.4e-07	0.00017293	0.00026267
Guam	3.67	2625.704	2847.704	0.0	0.0	5.0	2.235e-05	0.01598807	0.01733984	0.0	0.0	3.045e-05
Oklahoma	0.436	15336.382	26070.382	0.0	32.439	401.439	1.1e-07	0.00387579	0.00658847	0.0	8.2e-06	0.00010145
Arkansas	0.0	9745.066	25828.066	0.007	304.55	531.55	0.0	0.00322919	0.00855856	0.0	0.00010092	0.00017614
Arizona	0.637	69394.612	123993.612	0.0	555.262	1906.262	9e-08	0.00953391	0.01703509	0.0	7.629e-05	0.0002619
Montana	0.034	878.682	1612.682	0.059	80.092	101.092	3e-08	0.00082214	0.0015089	6e-08	7.494e-05	9.459e-05
Wyoming	0.0	551.789	1781.789	0.001	12.16	32.16	0.0	0.0009534	0.00307864	0.0	2.101e-05	5.557e-05
Florida	1.67	113254.044	213471.044	0.0	795.841	3968.841	8e-08	0.00527309	0.00993918	0.0	3.705e-05	0.00018479
Texas	3.481	155915.635	273705.635	0.01	1045.159	3252.159	1.2e-07	0.00537716	0.00943947	0.0	3.605e-05	0.00011216
Hawaii	0.0	301.07	1117.07	0.0	0.0	17.0	0.0	0.00021264	0.00078896	0.0	0.0	1.201e-05
Virgin Islands	0.0	5.29	81.29	0.0	0.0	6.0	0.0	4.932e-05	0.00075782	0.0	0.0	5.593e-05
Kansas	0.033	4703.587	17131.587	0.0	33.449	291.449	1e-08	0.00161451	0.00588045	0.0	1.148e-05	0.00010004
Idaho	37.929	36963.243	41217.243	0.0	4.232	93.232	2.122e-05	0.02068377	0.02306421	0.0	2.37e-06	5.217e-05
West Virginia	0.007	985.537	3537.537	0.0	0.484	89.484	0.0	0.00054992	0.00197391	0.0	2.7e-07	4.993e-05
