Name	Predicted_New_Cases	Total_Predicted_New_Cases	Total_Predicted_Cases	Predicted_New_Deaths	Total_Predicted_New_Deaths	Total_Predicted_Deaths	Predicted_New_per_capita	Predicted_Total_New_per_capita	Predicted_Total_Cases_per_capita	Predicted_New_Deaths_per_capita	Total_Predicted_New_Deaths_per_capita	Total_Predicted_Deaths_per_capita
Missouri	0.0	4634.783	18823.783	0.033	1209.28	2000.28	0.0	0.00075517	0.00306705	1e-08	0.00019703	0.00032592
Puerto Rico	0.0	2518.939	6541.939	0.001	62.112	202.112	0.0	0.00078872	0.00204839	0.0	1.945e-05	6.328e-05
Alaska	5.509	6024.869	6528.869	0.0	0.0	10.0	7.53e-06	0.00823581	0.00892477	0.0	0.0	1.367e-05
South Dakota	0.0	1189.743	6351.743	0.002	127.921	189.921	0.0	0.00134486	0.00717988	0.0	0.0001446	0.00021468
Arizona	0.322	29574.516	51930.516	0.0	539.68	1522.68	4e-08	0.00406315	0.00713457	0.0	7.414e-05	0.0002092
Montana	3.846	4206.574	4731.574	0.0	0.443	17.443	3.6e-06	0.00393587	0.00442709	0.0	4.1e-07	1.632e-05
Wyoming	0.0	266.934	1181.934	0.0	31.897	48.897	0.0	0.00046122	0.00204219	0.0	5.511e-05	8.449e-05
Kentucky	0.0	6192.004	16602.004	0.082	920.745	1370.745	0.0	0.00138596	0.00371603	2e-08	0.00020609	0.00030681
Hawaii	0.407	631.781	1284.781	0.0	0.0	17.0	2.9e-07	0.00044621	0.00090741	0.0	0.0	1.201e-05
Virgin Islands	0.037	40.14	110.14	0.0	0.0	6.0	3.4e-07	0.0003742	0.00102677	0.0	0.0	5.593e-05
