Name	Predicted_New_Cases	Total_Predicted_New_Cases	Total_Predicted_Cases	Predicted_New_Deaths	Total_Predicted_New_Deaths	Total_Predicted_Deaths	Predicted_New_per_capita	Predicted_Total_New_per_capita	Predicted_Total_Cases_per_capita	Predicted_New_Deaths_per_capita	Total_Predicted_New_Deaths_per_capita	Total_Predicted_Deaths_per_capita
Missouri	85.192	2671.495	8948.895	7.338	186.548	422.152	1.388e-05	0.00043528	0.00145809	1.2e-06	3.04e-05	6.878e-05
Puerto Rico	25.207	689.087	2034.105	1.455	40.446	107.255	7.89e-06	0.00021576	0.00063691	4.6e-07	1.266e-05	3.358e-05
New York	4734.164	127218.439	394104.346	1852.178	37189.89	57571.09	0.00024336	0.0065396	0.02025873	9.521e-05	0.00191173	0.00295941
Alaska	0.103	52.789	389.633	0.036	1.904	11.1	1.4e-07	7.216e-05	0.00053262	5e-08	2.6e-06	1.517e-05
Illinois	715.903	19897.223	54338.13	51.238	1302.547	2851.574	5.65e-05	0.00157019	0.00428811	4.04e-06	0.00010279	0.00022503
South Carolina	87.671	2315.518	6906.589	3.526	93.119	223.235	1.703e-05	0.00044973	0.00134142	6.8e-07	1.809e-05	4.336e-05
Virginia	272.887	6937.201	16998.739	15.49	359.978	702.258	3.197e-05	0.00081275	0.00199153	1.81e-06	4.217e-05	8.227e-05
Washington	115.167	3041.721	15804.485	10.354	273.47	955.43	1.512e-05	0.00039944	0.00207547	1.36e-06	3.591e-05	0.00012547
Vermont	0.0	37.036	868.307	0.021	10.618	52.196	0.0	5.935e-05	0.00139154	3e-08	1.702e-05	8.365e-05
South Dakota	80.655	2050.38	3932.927	0.247	4.76	12.911	9.117e-05	0.00231771	0.0044457	2.8e-07	5.38e-06	1.459e-05
Georgia	485.696	12592.798	33279.967	27.729	659.857	1493.71	4.575e-05	0.00118605	0.00313447	2.61e-06	6.215e-05	0.00014068
Connecticut	488.14	13117.511	34356.515	69.366	1650.662	3163.351	0.00013691	0.00367923	0.0096364	1.946e-05	0.00046298	0.00088726
Alabama	66.802	2382.567	7909.345	6.566	159.958	352.162	1.362e-05	0.00048592	0.0016131	1.34e-06	3.262e-05	7.182e-05
Guam	0.0	0.855	137.504	0.0	0.091	5.135	0.0	5.21e-06	0.00083727	0.0	5.5e-07	3.127e-05
New Hampshire	95.519	1917.926	3473.793	15.595	176.74	221.104	7.025e-05	0.00141054	0.0025548	1.147e-05	0.00012998	0.00016261
Oklahoma	39.604	1201.526	4098.562	4.097	106.219	277.019	1.001e-05	0.00030365	0.00103578	1.04e-06	2.684e-05	7.001e-05
Colorado	161.495	4632.978	15436.551	7.458	236.536	738.545	2.804e-05	0.00080451	0.00268055	1.3e-06	4.107e-05	0.00012825
Ohio	749.961	15628.472	29932.312	23.395	556.71	1143.959	6.416e-05	0.00133701	0.0025607	2e-06	4.763e-05	9.787e-05
Maine	18.843	497.672	1418.356	2.545	53.04	91.004	1.402e-05	0.00037023	0.00105516	1.89e-06	3.946e-05	6.77e-05
Mississippi	135.109	3364.233	8282.242	6.217	151.462	343.178	4.54e-05	0.0011304	0.00278287	2.09e-06	5.089e-05	0.00011531
Utah	61.362	1620.646	5024.082	1.388	28.92	61.991	1.914e-05	0.00050551	0.00156711	4.3e-07	9.02e-06	1.934e-05
Delaware	78.552	2074.666	5141.919	3.243	79.013	165.56	8.067e-05	0.00213056	0.00528046	3.33e-06	8.114e-05	0.00017002
Indiana	263.51	6959.678	19513.754	19.571	507.423	1174.907	3.914e-05	0.00103379	0.00289856	2.91e-06	7.537e-05	0.00017452
Arkansas	42.895	1132.921	3197.325	2.557	53.28	97.253	1.421e-05	0.00037541	0.00105949	8.5e-07	1.766e-05	3.223e-05
Iowa	119.616	2846.45	6642.112	3.912	93.086	181.144	3.791e-05	0.00090218	0.00210522	1.24e-06	2.95e-05	5.741e-05
New Jersey	1937.348	51168.061	146915.514	216.611	5154.596	10187.672	0.00021812	0.00576075	0.01654046	2.439e-05	0.00058033	0.00114698
Wisconsin	82.554	2180.37	6948.566	6.501	171.688	426.964	1.418e-05	0.00037448	0.00119341	1.12e-06	2.949e-05	7.333e-05
Michigan	517.701	14622.934	48320.925	76.141	2010.986	4718.057	5.184e-05	0.00146422	0.00483845	7.62e-06	0.00020136	0.00047243
Arizona	146.534	3487.002	8932.469	7.07	172.237	390.148	2.013e-05	0.00047907	0.0012272	9.7e-07	2.366e-05	5.36e-05
Massachusetts	1017.4	27340.0	70371.053	83.558	1988.4	4057.44	0.00014761	0.00396663	0.0102098	1.212e-05	0.00028849	0.00058867
North Carolina	179.051	4551.735	11968.882	42.791	666.167	925.843	1.707e-05	0.00043399	0.00114119	4.08e-06	6.352e-05	8.828e-05
Montana	0.072	43.212	487.39	0.059	3.808	16.208	7e-08	4.043e-05	0.00045603	6e-08	3.56e-06	1.516e-05
District of Columbia	75.489	1957.22	5180.518	4.121	106.845	225.685	0.00010696	0.00277325	0.00734045	5.84e-06	0.00015139	0.00031978
Wyoming	1.354	71.954	522.341	0.0	0.0	2.0	2.34e-06	0.00012432	0.00090252	0.0	0.0	3.46e-06
Minnesota	61.803	1602.391	4271.973	5.748	140.029	308.087	1.096e-05	0.00028413	0.00075749	1.02e-06	2.483e-05	5.463e-05
Florida	466.956	13396.012	42220.848	29.046	738.403	1651.336	2.174e-05	0.00062372	0.0019658	1.35e-06	3.438e-05	7.689e-05
Kentucky	79.887	2109.926	5452.495	4.169	110.105	288.336	1.788e-05	0.00047227	0.00122043	9.3e-07	2.464e-05	6.454e-05
North Dakota	71.545	1178.601	1851.237	3.963	35.886	49.237	9.388e-05	0.00154659	0.00242925	5.2e-06	4.709e-05	6.461e-05
Louisiana	102.417	5138.694	30514.512	38.483	1016.386	2488.137	2.203e-05	0.00110538	0.00656396	8.28e-06	0.00021863	0.00053522
Maryland	378.503	9996.796	24846.334	18.431	468.548	1149.695	6.261e-05	0.00165354	0.00410977	3.05e-06	7.75e-05	0.00019017
Texas	467.461	12346.285	33731.125	20.139	501.466	1064.577	1.612e-05	0.00042579	0.00116331	6.9e-07	1.729e-05	3.671e-05
Hawaii	4.086	145.14	744.024	0.085	2.709	12.927	2.89e-06	0.00010251	0.00052549	6e-08	1.91e-06	9.13e-06
Virgin Islands	0.0	0.0	53.293	0.231	6.09	9.49	0.0	0.0	0.00049682	2.15e-06	5.677e-05	8.847e-05
Rhode Island	203.308	5062.406	10866.384	23.028	400.85	582.557	0.00019192	0.00477874	0.01025749	2.174e-05	0.00037839	0.00054991
Kansas	48.551	1258.806	3503.393	2.764	75.559	189.715	1.667e-05	0.00043209	0.00120255	9.5e-07	2.594e-05	6.512e-05
Pennsylvania	806.789	21308.421	57956.848	64.632	1538.027	3235.596	6.302e-05	0.00166446	0.00452718	5.05e-06	0.00012014	0.00025274
Nebraska	51.294	1277.241	3038.934	2.514	46.105	80.452	2.652e-05	0.00066027	0.00157099	1.3e-06	2.383e-05	4.159e-05
Tennessee	122.454	3234.184	10840.588	3.428	90.547	253.494	1.793e-05	0.00047358	0.00158739	5e-07	1.326e-05	3.712e-05
Idaho	22.317	589.435	2364.146	3.553	74.039	124.781	1.249e-05	0.00032983	0.00132292	1.99e-06	4.143e-05	6.982e-05
Oregon	22.881	735.312	2799.188	1.935	51.094	132.45	5.42e-06	0.00017434	0.00066367	4.6e-07	1.211e-05	3.14e-05
Nevada	69.366	1832.056	5889.376	2.037	74.508	244.472	2.252e-05	0.00059479	0.00191204	6.6e-07	2.419e-05	7.937e-05
California	822.111	20470.721	57164.908	83.554	1796.258	3150.054	2.081e-05	0.00051809	0.00144677	2.11e-06	4.546e-05	7.972e-05
West Virginia	19.95	526.905	1469.509	2.096	43.681	71.299	1.113e-05	0.00029401	0.00081997	1.17e-06	2.437e-05	3.978e-05
New Mexico	58.503	1456.73	3515.201	4.748	102.076	164.156	2.79e-05	0.00069473	0.00167644	2.26e-06	4.868e-05	7.829e-05
