Name	Confirmed	Deaths	Recovered	Active	Confirmed_per_capita	Deaths_per_capita	IFR_0.30_expected	IFR_0.65_expected	IFR_1.0_expected	IFR_0.30_expected_per_capita	IFR_0.65_expected_per_capita	IFR_1.0_expected_per_capita
Mississippi	50.0	1.0	0.0	N/A	1.68e-05	3.4e-07	333.333333333	153.846153846	100.0	0.000113333333333	5.23076923077e-05	3.4e-05
Iowa	44.0	0.0	0.0	N/A	1.395e-05	0.0	220.0	88.0	55.0	6.975e-05	2.79e-05	1.74375e-05
Grand Princess	22.0	0.0	0.0	N/A	N/A	N/A	110.0	44.0	27.5	N/A	N/A	N/A
Oklahoma	44.0	1.0	0.0	N/A	1.112e-05	2.5e-07	333.333333333	153.846153846	100.0	8.33333333333e-05	3.84615384615e-05	2.5e-05
Missouri	31.0	1.0	0.0	N/A	5.05e-06	1.6e-07	333.333333333	153.846153846	100.0	5.33333333333e-05	2.46153846154e-05	1.6e-05
Minnesota	89.0	0.0	0.0	N/A	1.578e-05	0.0	445.0	178.0	111.25	7.89e-05	3.156e-05	1.9725e-05
Alaska	9.0	0.0	0.0	N/A	1.23e-05	0.0	45.0	18.0	11.25	6.15e-05	2.46e-05	1.5375e-05
Illinois	422.0	4.0	0.0	N/A	3.33e-05	3.2e-07	1333.33333333	615.384615385	400.0	0.000106666666667	4.92307692308e-05	3.2e-05
Diamond Princess	47.0	0.0	0.0	N/A	N/A	N/A	235.0	94.0	58.75	N/A	N/A	N/A
Arkansas	62.0	0.0	0.0	N/A	2.054e-05	0.0	310.0	124.0	77.5	0.0001027	4.108e-05	2.5675e-05
New Mexico	35.0	0.0	0.0	N/A	1.669e-05	0.0	175.0	70.0	43.75	8.345e-05	3.338e-05	2.08625e-05
Indiana	60.0	2.0	0.0	N/A	8.91e-06	3e-07	666.666666667	307.692307692	200.0	0.0001	4.61538461538e-05	3e-05
Maryland	107.0	1.0	0.0	N/A	1.77e-05	1.7e-07	333.333333333	153.846153846	100.0	5.66666666667e-05	2.61538461538e-05	1.7e-05
Louisiana	392.0	10.0	0.0	N/A	8.432e-05	2.15e-06	3333.33333333	1538.46153846	1000.0	0.000716666666667	0.000330769230769	0.000215
Texas	260.0	5.0	0.0	N/A	8.97e-06	1.7e-07	1666.66666667	769.230769231	500.0	5.66666666667e-05	2.61538461538e-05	1.7e-05
Wyoming	18.0	0.0	0.0	N/A	3.11e-05	0.0	90.0	36.0	22.5	0.0001555	6.22e-05	3.8875e-05
Arizona	45.0	0.0	0.0	N/A	6.18e-06	0.0	225.0	90.0	56.25	3.09e-05	1.236e-05	7.725e-06
Wisconsin	159.0	0.0	0.0	N/A	2.731e-05	0.0	795.0	318.0	198.75	0.00013655	5.462e-05	3.41375e-05
Michigan	334.0	3.0	0.0	N/A	3.344e-05	3e-07	1000.0	461.538461538	300.0	0.0001	4.61538461538e-05	3e-05
Kansas	34.0	1.0	0.0	N/A	1.167e-05	3.4e-07	333.333333333	153.846153846	100.0	0.000113333333333	5.23076923077e-05	3.4e-05
Utah	80.0	0.0	0.0	N/A	2.495e-05	0.0	400.0	160.0	100.0	0.00012475	4.99e-05	3.11875e-05
Virginia	99.0	2.0	0.0	N/A	1.16e-05	2.3e-07	666.666666667	307.692307692	200.0	7.66666666667e-05	3.53846153846e-05	2.3e-05
Oregon	88.0	3.0	0.0	N/A	2.086e-05	7.1e-07	1000.0	461.538461538	300.0	0.000236666666667	0.000109230769231	7.1e-05
Connecticut	159.0	2.0	0.0	N/A	4.46e-05	5.6e-07	666.666666667	307.692307692	200.0	0.000186666666667	8.61538461538e-05	5.6e-05
New York	5365.0	34.0	0.0	N/A	0.00027578	1.75e-06	11333.3333333	5230.76923077	3400.0	0.000583333333333	0.000269230769231	0.000175
California	952.0	18.0	0.0	N/A	2.409e-05	4.6e-07	6000.0	2769.23076923	1800.0	0.000153333333333	7.07692307692e-05	4.6e-05
Massachusetts	328.0	0.0	0.0	N/A	4.759e-05	0.0	1640.0	656.0	410.0	0.00023795	9.518e-05	5.94875e-05
Puerto Rico	5.0	0.0	0.0	N/A	1.57e-06	0.0	25.0	10.0	6.25	7.85e-06	3.14e-06	1.9625e-06
South Carolina	81.0	1.0	0.0	N/A	1.573e-05	1.9e-07	333.333333333	153.846153846	100.0	6.33333333333e-05	2.92307692308e-05	1.9e-05
New Hampshire	44.0	0.0	0.0	N/A	3.236e-05	0.0	220.0	88.0	55.0	0.0001618	6.472e-05	4.045e-05
Vermont	22.0	0.0	0.0	N/A	3.526e-05	0.0	110.0	44.0	27.5	0.0001763	7.052e-05	4.4075e-05
Georgia	287.0	10.0	0.0	N/A	2.703e-05	9.4e-07	3333.33333333	1538.46153846	1000.0	0.000313333333333	0.000144615384615	9.4e-05
North Dakota	18.0	0.0	0.0	N/A	2.362e-05	0.0	90.0	36.0	22.5	0.0001181	4.724e-05	2.9525e-05
Pennsylvania	206.0	1.0	0.0	N/A	1.609e-05	8e-08	333.333333333	153.846153846	100.0	2.66666666667e-05	1.23076923077e-05	8e-06
West Virginia	2.0	0.0	0.0	N/A	1.12e-06	0.0	10.0	4.0	2.5	5.6e-06	2.24e-06	1.4e-06
Florida	417.0	9.0	0.0	N/A	1.942e-05	4.2e-07	3000.0	1384.61538462	900.0	0.00014	6.46153846154e-05	4.2e-05
Hawaii	16.0	0.0	0.0	N/A	1.13e-05	0.0	80.0	32.0	20.0	5.65e-05	2.26e-05	1.4125e-05
Kentucky	37.0	2.0	0.0	N/A	8.28e-06	4.5e-07	666.666666667	307.692307692	200.0	0.00015	6.92307692308e-05	4.5e-05
Rhode Island	44.0	0.0	0.0	N/A	4.153e-05	0.0	220.0	88.0	55.0	0.00020765	8.306e-05	5.19125e-05
United States Virgin Islands	2.0	0.0	0.0	N/A	N/A	N/A	10.0	4.0	2.5	N/A	N/A	N/A
Nebraska	29.0	0.0	0.0	N/A	1.499e-05	0.0	145.0	58.0	36.25	7.495e-05	2.998e-05	1.87375e-05
District of Columbia	40.0	0.0	0.0	N/A	5.668e-05	0.0	200.0	80.0	50.0	0.0002834	0.00011336	7.085e-05
Ohio	119.0	0.0	0.0	N/A	1.018e-05	0.0	595.0	238.0	148.75	5.09e-05	2.036e-05	1.2725e-05
Alabama	78.0	0.0	0.0	N/A	1.591e-05	0.0	390.0	156.0	97.5	7.955e-05	3.182e-05	1.98875e-05
US	1.0	0.0	108.0	N/A	N/A	N/A	5.0	2.0	1.25	N/A	N/A	N/A
Virgin Islands	3.0	0.0	0.0	N/A	N/A	N/A	15.0	6.0	3.75	N/A	N/A	N/A
South Dakota	11.0	1.0	0.0	N/A	1.243e-05	1.13e-06	333.333333333	153.846153846	100.0	0.000376666666667	0.000173846153846	0.000113
Colorado	277.0	4.0	0.0	N/A	4.81e-05	6.9e-07	1333.33333333	615.384615385	400.0	0.00023	0.000106153846154	6.9e-05
Idaho	11.0	0.0	0.0	N/A	6.16e-06	0.0	55.0	22.0	13.75	3.08e-05	1.232e-05	7.7e-06
New Jersey	742.0	9.0	0.0	N/A	8.354e-05	1.01e-06	3000.0	1384.61538462	900.0	0.000336666666667	0.000155384615385	0.000101
Guam	12.0	0.0	0.0	N/A	7.307e-05	0.0	60.0	24.0	15.0	0.00036535	0.00014614	9.13375e-05
Washington	1376.0	74.0	0.0	N/A	0.0001807	9.72e-06	24666.6666667	11384.6153846	7400.0	0.00324	0.00149538461538	0.000972
North Carolina	123.0	0.0	0.0	N/A	1.173e-05	0.0	615.0	246.0	153.75	5.865e-05	2.346e-05	1.46625e-05
Tennessee	154.0	0.0	0.0	N/A	2.255e-05	0.0	770.0	308.0	192.5	0.00011275	4.51e-05	2.81875e-05
Montana	11.0	0.0	0.0	N/A	1.029e-05	0.0	55.0	22.0	13.75	5.145e-05	2.058e-05	1.28625e-05
Nevada	95.0	1.0	0.0	N/A	3.084e-05	3.2e-07	333.333333333	153.846153846	100.0	0.000106666666667	4.92307692308e-05	3.2e-05
Delaware	30.0	0.0	0.0	N/A	3.081e-05	0.0	150.0	60.0	37.5	0.00015405	6.162e-05	3.85125e-05
Maine	52.0	0.0	0.0	N/A	3.868e-05	0.0	260.0	104.0	65.0	0.0001934	7.736e-05	4.835e-05
