Name	Predicted_New_Cases	Total_Predicted_New_Cases	Total_Predicted_Cases	Predicted_New_Deaths	Total_Predicted_New_Deaths	Total_Predicted_Deaths	Predicted_New_per_capita	Predicted_Total_New_per_capita	Predicted_Total_Cases_per_capita	Predicted_New_Deaths_per_capita	Total_Predicted_New_Deaths_per_capita	Total_Predicted_Deaths_per_capita
Missouri	770.255	1509.566	36703.566	5.928	11.972	1159.972	0.0001255	0.00024596	0.00598028	9.7e-07	1.95e-06	0.000189
Puerto Rico	313.22	609.553	13549.553	1.836	3.689	183.689	9.807e-05	0.00019086	0.0042426	5.7e-07	1.16e-06	5.752e-05
New York	738.807	1484.469	409665.469	18.807	38.447	32558.447	3.798e-05	7.631e-05	0.02105864	9.7e-07	1.98e-06	0.00167365
Alaska	56.819	114.166	2156.166	0.087	0.167	18.167	7.767e-05	0.00015606	0.00294741	1.2e-07	2.3e-07	2.483e-05
Illinois	1082.485	2175.014	167039.014	15.167	31.047	7548.047	8.542e-05	0.00017164	0.01318193	1.2e-06	2.45e-06	0.00059566
South Carolina	1872.339	3762.05	77099.05	26.861	52.643	1273.643	0.00036365	0.00073068	0.01497443	5.22e-06	1.022e-05	0.00024737
Virginia	943.484	1883.595	81254.595	9.01	18.197	2066.197	0.00011054	0.00022068	0.00951958	1.06e-06	2.13e-06	0.00024207
Washington	890.992	1770.712	50345.712	3.483	6.999	1471.999	0.00011701	0.00023253	0.00661148	4.6e-07	9.2e-07	0.00019331
Vermont	7.963	15.941	1381.941	0.0	0.0	56.0	1.276e-05	2.555e-05	0.00221469	0.0	0.0	8.975e-05
South Dakota	56.613	113.751	8132.751	1.319	2.67	120.67	6.399e-05	0.00012858	0.00919309	1.49e-06	3.02e-06	0.0001364
Georgia	3588.402	7163.975	156151.975	24.039	48.301	3302.301	0.00033797	0.00067474	0.01470714	2.26e-06	4.55e-06	0.00031103
Connecticut	87.422	173.738	48269.738	6.566	13.193	4419.193	2.452e-05	4.873e-05	0.01353881	1.84e-06	3.7e-06	0.00123951
Alabama	1873.331	3722.962	74080.962	25.26	49.949	1352.949	0.00038206	0.00075929	0.01510874	5.15e-06	1.019e-05	0.00027593
Guam	0.647	1.318	320.318	0.0	0.0	5.0	3.94e-06	8.03e-06	0.00195044	0.0	0.0	3.045e-05
New Hampshire	23.211	46.638	6308.638	0.894	1.796	401.796	1.707e-05	3.43e-05	0.00463969	6.6e-07	1.32e-06	0.0002955
Oklahoma	731.296	1463.972	27789.972	4.265	8.434	469.434	0.00018481	0.00036997	0.00702304	1.08e-06	2.13e-06	0.00011863
Colorado	461.963	922.274	41963.274	4.144	8.464	1771.464	8.022e-05	0.00016015	0.00728689	7.2e-07	1.47e-06	0.00030761
Ohio	1331.647	2665.807	79880.807	13.845	27.818	3246.818	0.00011392	0.00022806	0.00683379	1.18e-06	2.38e-06	0.00027776
Maine	18.684	37.542	3760.542	0.47	0.959	118.959	1.39e-05	2.793e-05	0.00279758	3.5e-07	7.1e-07	8.85e-05
Mississippi	942.113	1862.909	47386.909	15.884	31.915	1420.915	0.00031655	0.00062595	0.01592222	5.34e-06	1.072e-05	0.00047743
Utah	626.177	1258.164	36270.164	4.241	8.521	259.521	0.00019532	0.00039245	0.01131336	1.32e-06	2.66e-06	8.095e-05
Delaware	98.202	195.162	13941.162	0.879	1.692	526.692	0.00010085	0.00020042	0.01431678	9e-07	1.74e-06	0.00054088
Indiana	684.042	1352.606	59268.606	8.673	17.362	2863.362	0.00010161	0.00020092	0.00880373	1.29e-06	2.58e-06	0.00042532
Arkansas	680.437	1371.295	36026.295	5.621	11.017	385.017	0.00022547	0.0004544	0.01193792	1.86e-06	3.65e-06	0.00012758
Iowa	522.054	1048.952	40769.952	6.366	12.588	818.588	0.00016547	0.00033247	0.01292204	2.02e-06	3.99e-06	0.00025945
New Jersey	253.583	511.05	177767.05	25.471	53.293	15790.293	2.855e-05	5.754e-05	0.02001388	2.87e-06	6e-06	0.00177775
Wisconsin	833.214	1663.45	45798.45	3.131	6.291	865.291	0.0001431	0.0002857	0.00786586	5.4e-07	1.08e-06	0.00014861
Michigan	739.711	1462.684	84521.684	7.856	16.216	6398.216	7.407e-05	0.00014646	0.00846329	7.9e-07	1.62e-06	0.00064066
Arizona	3060.382	6149.16	154832.16	76.814	151.89	3069.89	0.00042046	0.00084481	0.0212719	1.055e-05	2.087e-05	0.00042176
Massachusetts	261.352	521.77	114554.77	15.386	30.915	8480.915	3.792e-05	7.57e-05	0.0166202	2.23e-06	4.49e-06	0.00123046
North Carolina	1956.769	3931.693	107147.693	19.331	38.593	1743.593	0.00018657	0.00037487	0.01021614	1.84e-06	3.68e-06	0.00016625
Montana	113.989	226.536	2937.536	1.327	2.523	42.523	0.00010665	0.00021196	0.0027485	1.24e-06	2.36e-06	3.979e-05
District of Columbia	56.653	113.413	11540.413	1.551	2.973	582.973	8.027e-05	0.0001607	0.01635201	2.2e-06	4.21e-06	0.00082603
Wyoming	38.796	77.454	2315.454	0.513	0.98	25.98	6.703e-05	0.00013383	0.00400072	8.9e-07	1.69e-06	4.489e-05
Minnesota	570.234	1145.758	48602.758	6.223	12.196	1600.196	0.00010111	0.00020316	0.00861807	1.1e-06	2.16e-06	0.00028374
Florida	11450.521	23007.285	392841.285	108.533	212.706	5418.706	0.00053313	0.00107122	0.01829063	5.05e-06	9.9e-06	0.00025229
Kentucky	471.814	932.952	24992.952	6.362	12.469	686.469	0.00010561	0.00020882	0.00559418	1.42e-06	2.79e-06	0.00015365
North Dakota	93.341	185.501	5392.501	0.612	1.23	95.23	0.00012248	0.00024342	0.0070762	8e-07	1.61e-06	0.00012496
Louisiana	1923.125	3864.094	100447.094	15.12	30.644	3528.644	0.00041368	0.0008312	0.02160713	3.25e-06	6.59e-06	0.00075905
Maryland	688.29	1361.006	80906.006	7.985	16.127	3418.127	0.00011385	0.00022512	0.01338245	1.32e-06	2.67e-06	0.00056538
Texas	10548.924	20964.391	372035.391	118.148	229.926	4428.926	0.00036381	0.00072301	0.01283063	4.07e-06	7.93e-06	0.00015274
Hawaii	22.181	45.488	1463.488	0.544	1.104	25.104	1.567e-05	3.213e-05	0.00103363	3.8e-07	7.8e-07	1.773e-05
Virgin Islands	15.501	31.145	335.145	0.0	0.0	6.0	0.00014451	0.00029035	0.00312437	0.0	0.0	5.593e-05
Rhode Island	68.123	136.879	18122.879	1.892	3.861	999.861	6.431e-05	0.00012921	0.01710737	1.79e-06	3.64e-06	0.00094383
Kansas	428.892	861.763	23790.763	1.896	3.785	319.785	0.00014722	0.0002958	0.00816622	6.5e-07	1.3e-06	0.00010977
Pennsylvania	816.171	1629.424	109089.424	17.637	35.544	7086.544	6.375e-05	0.00012728	0.00852129	1.38e-06	2.78e-06	0.00055355
Nebraska	213.248	428.475	23618.475	2.965	5.516	315.516	0.00011024	0.0002215	0.01220967	1.53e-06	2.85e-06	0.00016311
Tennessee	2168.424	4309.415	86253.415	13.81	27.748	898.748	0.00031752	0.00063103	0.01263014	2.02e-06	4.06e-06	0.0001316
Idaho	563.001	1113.263	16936.263	2.939	5.53	131.53	0.00031504	0.00062296	0.00947714	1.64e-06	3.09e-06	7.36e-05
Oregon	335.216	669.234	15808.234	3.489	6.933	275.933	7.948e-05	0.00015867	0.00374804	8.3e-07	1.64e-06	6.542e-05
Nevada	1134.223	2222.881	39750.881	7.975	16.024	692.024	0.00036824	0.00072168	0.01290548	2.59e-06	5.2e-06	0.00022467
California	8927.72	17938.276	427243.276	98.526	195.806	8083.806	0.00022595	0.00045399	0.01081294	2.49e-06	4.96e-06	0.00020459
West Virginia	108.474	219.078	5391.078	0.608	1.208	102.208	6.053e-05	0.00012224	0.00300817	3.4e-07	6.7e-07	5.703e-05
New Mexico	276.937	552.884	18069.884	3.884	7.804	595.804	0.00013207	0.00026368	0.00861772	1.85e-06	3.72e-06	0.00028415
