Name	Predicted_New_Cases	Total_Predicted_New_Cases	Total_Predicted_Cases	Predicted_New_Deaths	Total_Predicted_New_Deaths	Total_Predicted_Deaths	Predicted_New_per_capita	Predicted_Total_New_per_capita	Predicted_Total_Cases_per_capita	Predicted_New_Deaths_per_capita	Total_Predicted_New_Deaths_per_capita	Total_Predicted_Deaths_per_capita
Missouri	142.573	287.946	11529.946	14.478	29.545	640.545	2.323e-05	4.692e-05	0.00187863	2.36e-06	4.81e-06	0.00010437
Puerto Rico	55.151	110.813	2820.813	1.939	3.93	127.93	1.727e-05	3.47e-05	0.00088324	6.1e-07	1.23e-06	4.006e-05
New York	2074.293	4232.946	355603.946	216.021	444.67	28783.67	0.00010663	0.00021759	0.01827963	1.11e-05	2.286e-05	0.00147961
Alaska	1.41	2.841	390.841	0.005	0.009	10.009	1.93e-06	3.88e-06	0.00053427	1e-08	1e-08	1.368e-05
Illinois	2360.093	4742.084	101227.084	114.242	229.544	4463.544	0.00018625	0.00037422	0.00798836	9.02e-06	1.811e-05	0.00035224
South Carolina	149.788	300.966	9242.966	7.953	15.98	406.98	2.909e-05	5.845e-05	0.0017952	1.54e-06	3.1e-06	7.904e-05
Virginia	902.069	1800.913	32940.913	25.673	51.584	1066.584	0.00010568	0.00021099	0.00385927	3.01e-06	6.04e-06	0.00012496
Washington	217.542	440.346	19051.346	12.028	24.375	1026.375	2.857e-05	5.783e-05	0.00250185	1.58e-06	3.2e-06	0.00013479
Vermont	1.815	3.899	943.899	0.0	0.036	54.036	2.91e-06	6.25e-06	0.00151269	0.0	6e-08	8.66e-05
South Dakota	93.78	193.264	4220.264	1.599	3.279	47.279	0.00010601	0.00021846	0.0047705	1.81e-06	3.71e-06	5.344e-05
Georgia	636.657	1279.221	39562.221	27.914	56.087	1705.087	5.996e-05	0.00012048	0.00372616	2.63e-06	5.28e-06	0.00016059
Connecticut	520.094	1045.014	39161.014	58.008	116.555	3566.555	0.00014588	0.00029311	0.01098397	1.627e-05	3.269e-05	0.00100036
Alabama	279.518	562.718	12648.718	14.734	29.605	518.605	5.701e-05	0.00011477	0.00257969	3e-06	6.04e-06	0.00010577
Guam	0.391	0.822	154.822	0.0	0.0	5.0	2.38e-06	5.01e-06	0.00094272	0.0	0.0	3.045e-05
New Hampshire	73.871	149.529	3801.529	5.091	10.549	182.549	5.433e-05	0.00010997	0.00279584	3.74e-06	7.76e-06	0.00013426
Oklahoma	97.013	193.68	5591.68	2.539	5.41	293.41	2.452e-05	4.895e-05	0.00141312	6.4e-07	1.37e-06	7.415e-05
Colorado	317.713	651.544	22853.544	28.116	54.716	1278.716	5.517e-05	0.00011314	0.0039685	4.88e-06	9.5e-06	0.00022205
Ohio	547.118	1108.878	29562.878	39.553	79.473	1736.473	4.681e-05	9.486e-05	0.0025291	3.38e-06	6.8e-06	0.00014855
Maine	33.075	66.457	1779.457	0.828	1.664	72.664	2.461e-05	4.944e-05	0.00132379	6.2e-07	1.24e-06	5.406e-05
Mississippi	241.25	484.739	11916.739	12.229	24.753	551.753	8.106e-05	0.00016287	0.00400408	4.11e-06	8.32e-06	0.00018539
Utah	136.61	275.903	7659.903	2.024	4.122	84.122	4.261e-05	8.606e-05	0.00238927	6.3e-07	1.29e-06	2.624e-05
Delaware	184.035	368.417	8237.417	8.781	17.363	314.363	0.00018899	0.00037834	0.00845936	9.02e-06	1.783e-05	0.00032283
Indiana	490.487	992.838	29247.838	33.559	68.541	1833.541	7.286e-05	0.00014748	0.00434446	4.98e-06	1.018e-05	0.00027235
Arkansas	105.307	208.231	5021.231	1.405	2.867	102.867	3.49e-05	6.9e-05	0.00166387	4.7e-07	9.5e-07	3.409e-05
Iowa	381.324	766.186	15721.186	13.095	26.024	381.024	0.00012086	0.00024284	0.00498283	4.15e-06	8.25e-06	0.00012077
New Jersey	1052.877	2213.015	150453.015	163.1	327.713	10766.713	0.00011854	0.00024915	0.01693873	1.836e-05	3.69e-05	0.00121217
Wisconsin	294.507	591.747	13278.747	7.859	16.006	475.006	5.058e-05	0.00010163	0.00228062	1.35e-06	2.75e-06	8.158e-05
Michigan	518.104	1041.015	52956.015	54.77	112.25	5027.25	5.188e-05	0.00010424	0.00530257	5.48e-06	1.124e-05	0.00050339
Arizona	374.252	751.976	14959.976	21.03	42.337	729.337	5.142e-05	0.00010331	0.0020553	2.89e-06	5.82e-06	0.0001002
Massachusetts	1138.821	2295.083	89347.083	121.127	245.496	6107.496	0.00016523	0.00033298	0.01296294	1.757e-05	3.562e-05	0.00088611
North Carolina	498.756	995.729	20202.729	18.416	37.003	730.003	4.755e-05	9.494e-05	0.00192626	1.76e-06	3.53e-06	6.96e-05
Montana	1.323	2.452	472.452	0.0	0.0	16.0	1.24e-06	2.29e-06	0.00044205	0.0	0.0	1.497e-05
District of Columbia	129.386	267.47	7537.47	9.177	18.621	410.621	0.00018333	0.00037899	0.0106801	1.3e-05	2.638e-05	0.00058182
Wyoming	10.406	20.908	786.908	0.019	0.037	10.037	1.798e-05	3.613e-05	0.00135965	3e-08	6e-08	1.734e-05
Minnesota	581.187	1173.791	17545.791	22.014	44.232	784.232	0.00010305	0.00020813	0.00311116	3.9e-06	7.84e-06	0.00013906
Florida	672.016	1341.629	47783.629	35.957	72.784	2069.784	3.129e-05	6.247e-05	0.0022248	1.67e-06	3.39e-06	9.637e-05
Kentucky	159.471	320.422	8255.422	4.508	9.348	355.348	3.569e-05	7.172e-05	0.00184781	1.01e-06	2.09e-06	7.954e-05
North Dakota	51.307	101.965	2032.965	1.371	2.607	46.607	6.733e-05	0.0001338	0.00266772	1.8e-06	3.42e-06	6.116e-05
Louisiana	407.333	798.302	35507.302	30.27	60.821	2623.821	8.762e-05	0.00017172	0.00763796	6.51e-06	1.308e-05	0.00056441
Maryland	883.65	1790.948	41552.948	50.381	101.23	2124.23	0.00014616	0.00029624	0.00687316	8.33e-06	1.674e-05	0.00035136
Texas	1237.536	2459.416	51636.416	35.007	69.571	1419.571	4.268e-05	8.482e-05	0.00178082	1.21e-06	2.4e-06	4.896e-05
Hawaii	1.222	2.511	642.511	0.0	0.0	17.0	8.6e-07	1.77e-06	0.00045379	0.0	0.0	1.201e-05
Virgin Islands	0.186	0.395	69.395	0.296	0.612	6.612	1.73e-06	3.68e-06	0.00064693	2.76e-06	5.71e-06	6.164e-05
Rhode Island	198.467	406.263	13201.263	10.97	22.299	528.299	0.00018735	0.0003835	0.01246153	1.036e-05	2.105e-05	0.0004987
Kansas	161.43	337.763	8640.763	3.311	6.653	204.653	5.541e-05	0.00011594	0.00296596	1.14e-06	2.28e-06	7.025e-05
Pennsylvania	900.438	1845.425	68514.425	99.569	200.062	4715.062	7.034e-05	0.00014415	0.00535186	7.78e-06	1.563e-05	0.00036831
Nebraska	272.388	547.304	11172.304	3.529	6.978	129.978	0.00014081	0.00028293	0.00577557	1.82e-06	3.61e-06	6.719e-05
Tennessee	360.482	724.309	18735.309	8.049	15.302	316.302	5.279e-05	0.00010606	0.00274342	1.18e-06	2.24e-06	4.632e-05
Idaho	26.188	51.784	2506.784	0.781	1.51	75.51	1.465e-05	2.898e-05	0.00140274	4.4e-07	8.4e-07	4.225e-05
Oregon	63.586	129.497	3816.497	1.717	3.624	141.624	1.508e-05	3.07e-05	0.00090487	4.1e-07	8.6e-07	3.358e-05
Nevada	104.248	208.124	7269.124	5.736	11.585	369.585	3.385e-05	6.757e-05	0.00235999	1.86e-06	3.76e-06	0.00011999
California	1758.281	3532.877	84989.877	73.998	148.136	3427.136	4.45e-05	8.941e-05	0.00215098	1.87e-06	3.75e-06	8.674e-05
West Virginia	18.933	38.115	1540.115	1.756	3.338	71.338	1.056e-05	2.127e-05	0.00085937	9.8e-07	1.86e-06	3.981e-05
New Mexico	146.366	294.09	6390.09	9.894	19.663	289.663	6.98e-05	0.00014025	0.0030475	4.72e-06	9.38e-06	0.00013814
