Name	Predicted_New_Cases	Total_Predicted_New_Cases	Total_Predicted_Cases	Predicted_New_Deaths	Total_Predicted_New_Deaths	Total_Predicted_Deaths	Predicted_New_per_capita	Predicted_Total_New_per_capita	Predicted_Total_Cases_per_capita	Predicted_New_Deaths_per_capita	Total_Predicted_New_Deaths_per_capita	Total_Predicted_Deaths_per_capita
Honduras	0.135	159.881	557.008	0.425	49.415	70.92	1e-08	1.668e-05	5.81e-05	4e-08	5.15e-06	7.4e-06
Haiti	0.87	51.764	83.317	0.0	0.0	3.0	8e-08	4.65e-06	7.49e-06	0.0	0.0	2.7e-07
Saint Vincent and the Grenadines	0.0	0.42	12.21	0.0	0.0	0.0	0.0	3.81e-06	0.00011079	0.0	0.0	0.0
Guatemala	7.618	421.196	503.407	0.518	21.886	18.202	4.4e-07	2.442e-05	2.919e-05	3e-08	1.27e-06	1.06e-06
Dominican Republic	143.411	7427.355	8749.383	5.592	321.022	398.307	1.349e-05	0.0006989	0.0008233	5.3e-07	3.021e-05	3.748e-05
Dominica	0.0	0.088	16.044	5.592	321.022	163.307	0.0	1.23e-06	0.000224	7.807e-05	0.00448198	0.00228003
The Bahamas	0.097	29.069	74.583	0.033	3.027	10.53	2.5e-07	7.538e-05	0.0001934	9e-08	7.85e-06	2.731e-05
Jamaica	202.476	3127.158	1887.817	0.0	1.152	5.576	6.899e-05	0.00106552	0.00064324	0.0	3.9e-07	1.9e-06
Nicaragua	0.002	2.992	11.497	0.73	11.27	8.0	0.0	4.6e-07	1.78e-06	1.1e-07	1.74e-06	1.24e-06
Mexico	290.25	14665.908	15739.079	61.894	2509.002	1971.448	2.3e-06	0.00011622	0.00012472	4.9e-07	1.988e-05	1.562e-05
El Salvador	5.476	302.758	372.117	0.173	7.295	10.734	8.5e-07	4.715e-05	5.796e-05	3e-08	1.14e-06	1.67e-06
Saint Lucia	0.0	0.248	15.124	0.173	7.295	3.734	0.0	1.36e-06	8.315e-05	9.5e-07	4.011e-05	2.053e-05
Panama	61.079	4344.157	6669.618	3.492	189.16	222.326	1.462e-05	0.00104005	0.0015968	8.4e-07	4.529e-05	5.323e-05
Costa Rica	0.111	172.107	748.109	0.022	3.56	7.791	2e-08	3.443e-05	0.00014964	0.0	7.1e-07	1.56e-06
United States of America	16089.728	906596.36	1245517.044	2062.331	98660.845	92455.588	4.918e-05	0.00277105	0.00380697	6.3e-06	0.00030156	0.00028259
Cuba	28.097	1583.185	1892.641	2.379	104.005	89.192	2.48e-06	0.00013963	0.00016693	2.1e-07	9.17e-06	7.87e-06
Saint Kitts and Nevis	0.215	11.901	21.058	2.379	104.005	53.192	4.1e-06	0.00022694	0.00040156	4.537e-05	0.00198328	0.00101432
Trinidad and Tobago	0.0	4.616	116.308	0.0	0.0	8.0	0.0	3.32e-06	8.368e-05	0.0	0.0	5.76e-06
Antigua and Barbuda	0.005	6.485	26.245	0.0	0.0	3.0	5e-08	6.735e-05	0.00027257	0.0	0.0	3.116e-05
Canada	992.592	51407.09	63844.841	156.491	6343.709	4976.1	2.678e-05	0.00138717	0.0017228	4.22e-06	0.00017118	0.00013428
Paraguay	18.87	655.61	545.24	3.625	65.737	42.681	2.71e-06	9.425e-05	7.838e-05	5.2e-07	9.45e-06	6.14e-06
