Name	Predicted_New_Cases	Total_Predicted_New_Cases	Total_Predicted_Cases	Predicted_New_Deaths	Total_Predicted_New_Deaths	Total_Predicted_Deaths	Predicted_New_per_capita	Predicted_Total_New_per_capita	Predicted_Total_Cases_per_capita	Predicted_New_Deaths_per_capita	Total_Predicted_New_Deaths_per_capita	Total_Predicted_Deaths_per_capita
Tolland	0.007	367.397	666.397	0.033	76.185	103.185	5e-08	0.00243437	0.00441554	2.2e-07	0.0005048	0.0006837
Fairfield	0.0	5918.905	14238.905	0.032	963.12	1475.12	0.0	0.0062712	0.01508641	3e-08	0.00102045	0.00156292
Middlesex	0.0	469.682	953.682	0.0	59.258	104.258	0.0	0.00288712	0.00586225	0.0	0.00036426	0.00064087
Windham	0.001	123.166	231.166	0.0	5.073	7.073	1e-08	0.00105246	0.00197532	0.0	4.335e-05	6.044e-05
Unassigned	0.0	70.652	584.652	0.0	0.0	4.0	N/A	N/A	N/A	N/A	N/A	N/A
New London	0.0	383.26	739.26	0.0	14.602	27.602	0.0	0.00143659	0.00277101	0.0	5.473e-05	0.00010346
Hartford	0.075	5067.065	8890.065	0.649	1495.752	1864.752	8e-08	0.00567613	0.00995866	7.3e-07	0.00167554	0.0020889
New Haven	0.108	7270.602	12542.602	0.046	688.076	989.076	1.3e-07	0.00847765	0.01462489	5e-08	0.00080231	0.00115328
Litchfield	0.011	766.533	1405.533	0.006	132.723	190.723	6e-08	0.00423239	0.00776062	3e-08	0.00073283	0.00105307
