Name	Predicted_New_Cases	Total_Predicted_New_Cases	Total_Predicted_Cases	Predicted_New_Deaths	Total_Predicted_New_Deaths	Total_Predicted_Deaths	Predicted_New_per_capita	Predicted_Total_New_per_capita	Predicted_Total_Cases_per_capita	Predicted_New_Deaths_per_capita	Total_Predicted_New_Deaths_per_capita	Total_Predicted_Deaths_per_capita
Cumberland	0.037	1.118	4.118	3.971	121.09	121.09	5.56e-06	0.00016789	0.00061841	0.00059634	0.01818441	0.01818441
Floyd	0.0	0.0	4.0	3.971	121.09	121.09	0.0	0.0	0.00011159	0.00011078	0.00337816	0.00337816
Logan	1.136	21.977	29.977	3.971	121.09	121.09	4.209e-05	0.00081429	0.00111071	0.00014713	0.00448664	0.00448664
Oldham	0.856	26.097	48.097	3.971	121.09	121.09	1.288e-05	0.00039261	0.00072359	5.974e-05	0.00182172	0.00182172
Pike	0.0	0.906	6.906	0.55	16.776	18.776	0.0	1.551e-05	0.00011825	9.42e-06	0.00028725	0.0003215
Wayne	4.842	41.453	47.453	0.55	16.776	16.776	0.00023656	0.00202526	0.0023184	2.687e-05	0.00081962	0.00081962
Fulton	0.0	0.0	1.0	0.55	16.776	16.776	0.0	0.0	0.0001634	8.987e-05	0.00274118	0.00274118
Green	0.0	0.0	1.0	0.55	16.776	16.776	0.0	0.0	9.051e-05	4.978e-05	0.00151833	0.00151833
Powell	0.037	1.118	2.118	0.55	16.776	16.776	2.97e-06	8.986e-05	0.00017023	4.421e-05	0.00134834	0.00134834
Pendleton	0.22	6.71	11.71	0.55	16.776	16.776	1.514e-05	0.00046183	0.00080597	3.786e-05	0.00115466	0.00115466
Lewis	0.0	0.0	3.0	0.55	16.776	16.776	0.0	0.0	0.0002263	4.149e-05	0.00126544	0.00126544
Montgomery	0.003	1.995	10.995	0.55	16.776	16.776	1.1e-07	7.074e-05	0.00038985	1.95e-05	0.00059483	0.00059483
McCreary	0.443	13.496	23.496	0.55	16.776	16.776	2.545e-05	0.00077528	0.00134972	3.159e-05	0.00096369	0.00096369
Webster	0.448	13.645	26.645	0.55	16.776	16.776	3.417e-05	0.00104073	0.00203226	4.195e-05	0.00127954	0.00127954
Todd	0.0	0.0	9.0	0.55	16.776	16.776	0.0	0.0	0.00073105	4.468e-05	0.00136268	0.00136268
Bath	0.0	0.215	3.215	0.55	16.776	16.776	0.0	1.736e-05	0.00025963	4.442e-05	0.00135476	0.00135476
Larue	4.128	35.338	40.338	0.55	16.776	16.776	0.00028853	0.00246998	0.00281946	3.844e-05	0.00117257	0.00117257
Russell	0.66	20.135	35.135	0.0	0.0	2.0	3.703e-05	0.00112985	0.00197155	0.0	0.0	0.00011223
Lincoln	0.0	0.0	4.0	0.0	0.0	1.0	0.0	0.0	0.00016231	0.0	0.0	4.058e-05
Woodford	0.599	18.268	36.268	0.0	0.0	1.0	2.258e-05	0.0006885	0.0013669	0.0	0.0	3.769e-05
Henderson	0.0	2.503	35.503	0.0	0.0	0.0	0.0	5.49e-05	0.00077873	0.0	0.0	0.0
Lee	0.0	0.0	0.0	0.0	0.0	0.0	0.0	0.0	0.0	0.0	0.0	0.0
Caldwell	0.11	3.356	14.356	0.0	0.0	0.0	8.65e-06	0.00026394	0.00112906	0.0	0.0	0.0
Washington	0.0	0.067	3.067	0.0	0.0	0.0	0.0	5.54e-06	0.00025381	0.0	0.0	0.0
Graves	54.583	633.875	696.875	0.0	0.0	3.0	0.00146268	0.01698623	0.01867446	0.0	0.0	8.039e-05
Breckinridge	0.168	4.797	10.797	0.0	0.0	0.0	8.24e-06	0.00023529	0.00052958	0.0	0.0	0.0
Trimble	0.0	0.0	2.0	0.0	0.0	0.0	0.0	0.0	0.00023488	0.0	0.0	0.0
Metcalfe	0.0	0.0	0.0	0.0	0.0	0.0	0.0	0.0	0.0	0.0	0.0	0.0
Hardin	1.367	41.681	70.681	0.0	0.0	0.0	1.239e-05	0.0003777	0.00064048	0.0	0.0	0.0
Ballard	0.0	0.0	4.0	0.0	0.0	0.0	0.0	0.0	0.00050132	0.0	0.0	0.0
Martin	0.0	0.048	2.048	0.0	0.0	0.0	0.0	4.24e-06	0.00018087	0.0	0.0	0.0
Fayette	5.116	155.985	374.985	0.208	4.813	11.813	1.58e-05	0.00048176	0.00115815	6.4e-07	1.487e-05	3.648e-05
Magoffin	0.0	0.0	0.0	0.0	0.0	0.0	0.0	0.0	0.0	0.0	0.0	0.0
Trigg	0.0	0.0	4.0	0.208	4.813	4.813	0.0	0.0	0.00027317	1.42e-05	0.00032869	0.00032869
Jefferson	21.95	641.829	1508.829	3.468	94.02	161.02	2.849e-05	0.00083298	0.0019582	4.5e-06	0.00012202	0.00020898
Pulaski	0.0	3.755	38.755	0.037	1.118	3.118	0.0	5.811e-05	0.00059971	5.7e-07	1.73e-05	4.825e-05
Hopkins	3.236	100.615	212.615	0.902	21.601	32.601	7.18e-05	0.00223252	0.00471765	2.001e-05	0.0004793	0.00072337
Ohio	27.387	234.438	251.438	0.902	21.601	21.601	0.001137	0.00973297	0.01043874	3.745e-05	0.00089679	0.00089679
Lyon	0.499	15.209	28.209	0.0	0.0	2.0	6.23e-05	0.00189899	0.00352216	0.0	0.0	0.00024972
Monroe	0.0	0.0	3.0	0.0	0.0	0.0	0.0	0.0	0.0002799	0.0	0.0	0.0
Lawrence	0.0	0.0	1.0	0.0	0.0	0.0	0.0	0.0	6.422e-05	0.0	0.0	0.0
Marion	0.22	6.71	19.71	0.0	0.0	0.0	1.134e-05	0.0003458	0.00101577	0.0	0.0	0.0
Garrard	0.0	0.0	1.0	0.0	0.0	0.0	0.0	0.0	5.695e-05	0.0	0.0	0.0
Grayson	18.238	144.854	160.854	0.0	0.0	0.0	0.00069291	0.00550336	0.00611124	0.0	0.0	0.0
Harlan	0.0	0.0	0.0	0.0	0.0	0.0	0.0	0.0	0.0	0.0	0.0	0.0
Elliott	0.0	0.0	0.0	0.0	0.0	0.0	0.0	0.0	0.0	0.0	0.0	0.0
Mercer	0.33	10.066	19.066	0.0	0.0	0.0	1.516e-05	0.00046229	0.00087563	0.0	0.0	0.0
McLean	0.0	1.381	9.381	0.0	0.0	1.0	0.0	0.00014927	0.00101394	0.0	0.0	0.00010808
Rowan	0.0	0.0	1.0	0.0	0.0	0.0	0.0	0.0	4.068e-05	0.0	0.0	0.0
Laurel	0.57	17.375	30.375	0.0	0.0	2.0	9.4e-06	0.00028639	0.00050067	0.0	0.0	3.297e-05
Livingston	0.0	0.0	1.0	0.0	0.0	0.0	0.0	0.0	0.0001082	0.0	0.0	0.0
McCracken	0.931	27.819	56.819	0.0	0.0	2.0	1.425e-05	0.00042572	0.00086951	0.0	0.0	3.061e-05
Simpson	0.475	13.575	34.575	0.11	3.356	5.356	2.564e-05	0.00073264	0.00186599	5.94e-06	0.00018112	0.00028906
Henry	0.0	0.0	4.0	0.11	3.356	3.356	0.0	0.0	0.00024835	6.83e-06	0.00020837	0.00020837
Carlisle	0.0	0.0	0.0	0.0	0.0	0.0	0.0	0.0	0.0	0.0	0.0	0.0
Carter	0.183	5.588	9.588	0.11	3.356	3.356	6.78e-06	0.00020693	0.00035506	4.07e-06	0.00012428	0.00012428
Madison	0.548	16.701	37.701	0.0	0.0	1.0	5.93e-06	0.00018081	0.00040816	0.0	0.0	1.083e-05
Boone	3.512	107.072	188.072	0.037	1.118	3.118	2.67e-05	0.00081403	0.00142985	2.8e-07	8.5e-06	2.371e-05
Edmonson	0.073	2.235	9.235	0.037	1.118	1.118	5.95e-06	0.00018209	0.0007524	3.01e-06	9.109e-05	9.109e-05
Scott	0.455	13.869	35.869	0.037	1.118	1.118	8.12e-06	0.00024752	0.00064016	6.6e-07	1.995e-05	1.995e-05
Bullitt	1.262	38.474	71.474	0.0	0.0	2.0	1.557e-05	0.00047458	0.00088164	0.0	0.0	2.467e-05
Breathitt	0.0	0.087	1.087	0.0	0.0	0.0	0.0	6.84e-06	8.542e-05	0.0	0.0	0.0
Christian	2.404	73.296	152.296	0.0	0.0	3.0	3.354e-05	0.00102267	0.00212493	0.0	0.0	4.186e-05
Marshall	0.0	0.493	14.493	0.0	0.0	0.0	0.0	1.581e-05	0.00046465	0.0	0.0	0.0
Muhlenberg	55.779	538.318	614.318	0.0	0.0	2.0	0.00181254	0.01749262	0.01996224	0.0	0.0	6.499e-05
Unassigned	18.013	514.516	587.516	6.3	128.462	134.462	N/A	N/A	N/A	N/A	N/A	N/A
Mason	0.225	6.86	12.86	6.3	128.462	128.462	1.312e-05	0.0004	0.00074985	0.00036735	0.0074905	0.0074905
Fleming	0.0	0.0	2.0	6.3	128.462	128.462	0.0	0.0	0.00013858	0.00043653	0.00890119	0.00890119
Clay	0.0	0.0	1.0	6.3	128.462	128.462	0.0	0.0	4.974e-05	0.00031335	0.00638955	0.00638955
Jessamine	0.946	28.856	60.856	6.3	128.462	128.462	1.754e-05	0.00053516	0.00112864	0.00011684	0.00238246	0.00238246
Boyle	0.118	5.171	18.171	6.3	128.462	128.462	3.92e-06	0.00017179	0.00060369	0.0002093	0.00426784	0.00426784
Calloway	0.971	29.601	50.601	0.0	0.0	1.0	2.481e-05	0.00075638	0.00129299	0.0	0.0	2.555e-05
Whitley	0.0	0.0	8.0	0.0	0.0	0.0	0.0	0.0	0.00022074	0.0	0.0	0.0
Shelby	0.773	23.563	45.563	0.0	0.0	2.0	1.593e-05	0.00048565	0.00093909	0.0	0.0	4.122e-05
Owen	0.0	0.0	0.0	0.0	0.0	0.0	0.0	0.0	0.0	0.0	0.0	0.0
Allen	0.0	0.03	4.03	0.0	0.0	0.0	0.0	1.42e-06	0.0001908	0.0	0.0	0.0
Hickman	0.0	0.0	0.0	0.0	0.0	0.0	0.0	0.0	0.0	0.0	0.0	0.0
Franklin	0.175	5.533	18.533	0.0	0.0	0.0	3.44e-06	0.00010889	0.00036472	0.0	0.0	0.0
Gallatin	0.0	0.0	1.0	0.0	0.0	0.0	0.0	0.0	0.00011322	0.0	0.0	0.0
Estill	0.0	0.0	0.0	0.0	0.0	0.0	0.0	0.0	0.0	0.0	0.0	0.0
Butler	109.943	941.152	1013.152	0.0	0.0	2.0	0.00860813	0.07368869	0.07932603	0.0	0.0	0.00015659
Crittenden	0.0	0.0	3.0	0.0	0.0	0.0	0.0	0.0	0.00033651	0.0	0.0	0.0
Letcher	0.0	0.0	1.0	0.0	0.0	0.0	0.0	0.0	4.566e-05	0.0	0.0	0.0
Bourbon	5.001	42.812	49.812	0.0	0.0	1.0	0.00024777	0.00212109	0.0024679	0.0	0.0	4.954e-05
Anderson	5.636	48.245	54.245	0.0	0.0	1.0	0.00024869	0.0021288	0.00239355	0.0	0.0	4.412e-05
Leslie	0.0	0.0	2.0	0.0	0.0	0.0	0.0	0.0	0.00019718	0.0	0.0	0.0
Bell	0.0	0.0	0.0	0.0	0.0	0.0	0.0	0.0	0.0	0.0	0.0	0.0
Campbell	0.991	41.679	99.679	0.215	8.186	14.186	1.064e-05	0.00044743	0.00107007	2.31e-06	8.788e-05	0.00015229
Daviess	2.762	82.541	212.541	0.0	0.116	3.116	2.732e-05	0.0008164	0.0021022	0.0	1.15e-06	3.082e-05
Hancock	8.176	69.993	75.993	0.0	0.116	0.116	0.00093355	0.00799189	0.00867698	0.0	1.325e-05	1.325e-05
Union	0.257	7.83	15.83	0.0	0.116	0.116	1.772e-05	0.00053981	0.00109135	0.0	8e-06	8e-06
Perry	0.037	1.118	5.118	0.0	0.116	0.116	1.42e-06	4.285e-05	0.00019615	0.0	4.45e-06	4.45e-06
Hart	0.55	16.776	18.776	0.0	0.116	0.116	2.909e-05	0.00088734	0.00099312	0.0	6.14e-06	6.14e-06
Clark	0.487	14.838	32.838	0.0	0.116	0.116	1.343e-05	0.00040934	0.0009059	0.0	3.2e-06	3.2e-06
Meade	0.073	2.235	5.235	0.0	0.0	1.0	2.54e-06	7.783e-05	0.00018231	0.0	0.0	3.483e-05
Greenup	0.477	14.542	24.542	0.0	0.0	0.0	1.353e-05	0.00041233	0.00069587	0.0	0.0	0.0
Robertson	0.0	0.0	0.0	0.0	0.0	0.0	0.0	0.0	0.0	0.0	0.0	0.0
Bracken	0.372	11.334	18.334	0.0	0.0	0.0	4.515e-05	0.00137565	0.00222527	0.0	0.0	0.0
Carroll	0.0	0.0	2.0	0.0	0.0	0.0	0.0	0.0	0.00018627	0.0	0.0	0.0
Nicholas	0.0	0.0	1.0	0.0	0.0	0.0	0.0	0.0	0.00013955	0.0	0.0	0.0
Wolfe	0.0	0.0	0.0	0.0	0.0	0.0	0.0	0.0	0.0	0.0	0.0	0.0
Morgan	0.0	0.0	1.0	0.0	0.0	0.0	0.0	0.0	7.493e-05	0.0	0.0	0.0
Spencer	0.384	11.705	20.705	0.0	0.0	0.0	2.043e-05	0.00062281	0.00110168	0.0	0.0	0.0
Knox	0.0	0.0	5.0	0.0	0.0	0.0	0.0	0.0	0.00015972	0.0	0.0	0.0
Knott	0.0	0.0	3.0	0.0	0.0	0.0	0.0	0.0	0.00019833	0.0	0.0	0.0
Barren	0.11	3.356	9.356	0.0	0.0	0.0	2.49e-06	7.597e-05	0.00021179	0.0	0.0	0.0
Menifee	0.0	0.0	3.0	0.0	0.0	0.0	0.0	0.0	0.00046504	0.0	0.0	0.0
Kenton	5.094	155.317	311.317	0.303	7.023	18.023	3.068e-05	0.00093536	0.00187483	1.82e-06	4.229e-05	0.00010854
Warren	7.532	180.297	281.297	0.303	7.023	7.023	5.738e-05	0.00137354	0.00214299	2.31e-06	5.35e-05	5.35e-05
Johnson	0.0	0.0	1.0	0.303	7.023	7.023	0.0	0.0	4.467e-05	1.354e-05	0.00031372	0.00031372
Harrison	0.108	3.281	19.281	0.303	7.023	7.023	5.75e-06	0.00017473	0.00102679	1.614e-05	0.000374	0.000374
Taylor	0.11	3.356	7.356	0.303	7.023	7.023	4.31e-06	0.00013136	0.00028792	1.186e-05	0.00027488	0.00027488
Clinton	0.037	1.118	3.118	0.303	7.023	7.023	3.63e-06	0.00010954	0.00030551	2.969e-05	0.00068812	0.00068812
Owsley	0.0	0.0	2.0	0.303	7.023	7.023	0.0	0.0	0.00044723	6.775e-05	0.00157044	0.00157044
Casey	0.0	0.0	1.0	0.303	7.023	7.023	0.0	0.0	6.294e-05	1.907e-05	0.00044203	0.00044203
Boyd	0.0	2.779	31.779	0.0	0.0	2.0	0.0	5.883e-05	0.00067271	0.0	0.0	4.234e-05
Grant	0.893	27.213	43.213	0.0	0.0	1.0	3.555e-05	0.00108328	0.00172019	0.0	0.0	3.981e-05
Rockcastle	0.257	7.83	18.83	0.0	0.0	0.0	1.534e-05	0.00046746	0.00112418	0.0	0.0	0.0
Adair	1.642	56.56	110.56	0.0	0.0	4.0	8.545e-05	0.00294353	0.00575384	0.0	0.0	0.00020817
Nelson	0.499	15.209	28.209	0.0	0.0	0.0	1.088e-05	0.0003317	0.00061523	0.0	0.0	0.0
Jackson	0.0	0.0	57.0	0.0	0.0	3.0	0.0	0.0	0.00424044	0.0	0.0	0.00022318
