Name	Predicted_New_Cases	Total_Predicted_New_Cases	Total_Predicted_Cases	Predicted_New_Deaths	Total_Predicted_New_Deaths	Total_Predicted_Deaths	Predicted_New_per_capita	Predicted_Total_New_per_capita	Predicted_Total_Cases_per_capita	Predicted_New_Deaths_per_capita	Total_Predicted_New_Deaths_per_capita	Total_Predicted_Deaths_per_capita
Highlands	1.176	65.522	129.522	0.252	10.139	16.139	1.115e-05	0.00062151	0.00122858	2.39e-06	9.617e-05	0.00015309
Dixie	0.0	0.0	3.0	0.252	10.139	10.139	0.0	0.0	0.00017964	1.509e-05	0.00060713	0.00060713
Hillsborough	9.58	568.784	1437.784	1.071	48.737	66.737	6.67e-06	0.00039584	0.00100062	7.5e-07	3.392e-05	4.645e-05
Collier	6.413	357.312	752.312	0.378	15.206	20.206	1.694e-05	0.00094405	0.00198768	1e-06	4.018e-05	5.339e-05
Indian River	0.0	16.328	94.328	0.0	0.0	1.0	0.0	0.00010373	0.00059924	0.0	0.0	6.35e-06
Santa Rosa	8.468	325.795	440.795	1.155	26.477	30.477	4.722e-05	0.00181654	0.00245775	6.44e-06	0.00014763	0.00016993
Citrus	0.825	62.093	136.093	0.158	9.815	17.815	5.58e-06	0.00041975	0.00091999	1.07e-06	6.635e-05	0.00012043
Palm Beach	30.112	1677.878	3491.878	1.882	111.746	216.746	2.026e-05	0.00112917	0.00234994	1.27e-06	7.52e-05	0.00014586
Hamilton	0.0	0.0	2.0	1.882	111.746	111.746	0.0	0.0	0.00013976	0.00013152	0.00780894	0.00780894
Lee	13.107	714.015	1391.015	0.737	28.343	50.343	1.737e-05	0.0009462	0.00184336	9.8e-07	3.756e-05	6.671e-05
Washington	0.146	8.123	13.123	0.737	28.343	28.343	5.87e-06	0.00032649	0.00052745	2.962e-05	0.00113919	0.00113919
Sumter	1.809	100.813	214.813	1.888	76.014	87.014	1.405e-05	0.00078299	0.0016684	1.466e-05	0.00059038	0.00067582
Levy	0.0	0.906	7.906	0.0	39.367	39.367	0.0	2.222e-05	0.00019392	0.0	0.00096559	0.00096559
Hardee	0.0	0.0	3.0	1.888	76.014	76.014	0.0	0.0	0.00011011	6.93e-05	0.00279002	0.00279002
Miami-Dade	145.227	8092.11	16158.11	4.13	230.144	376.144	5.259e-05	0.00293025	0.00585104	1.5e-06	8.334e-05	0.00013621
Saint Lucie	1.949	146.724	318.724	0.059	3.682	11.682	6.07e-06	0.0004569	0.00099251	1.8e-07	1.147e-05	3.638e-05
Martin	1.415	113.768	251.768	0.0	0.0	4.0	8.79e-06	0.00070702	0.00156463	0.0	0.0	2.486e-05
Desoto	0.367	22.251	44.251	0.0	0.0	3.0	9.79e-06	0.00059353	0.00118037	0.0	0.0	8.002e-05
Bradford	1.505	73.433	108.433	0.0	0.0	1.0	5.427e-05	0.00264795	0.00391003	0.0	0.0	3.606e-05
Jefferson	0.0	0.0	22.0	0.0	0.0	1.0	0.0	0.0	0.00153975	0.0	0.0	6.999e-05
Bay	0.758	42.236	81.236	0.364	20.304	22.304	4.09e-06	0.00022795	0.00043843	1.96e-06	0.00010958	0.00012038
Nassau	0.212	21.773	58.773	0.364	20.304	20.304	2.47e-06	0.00025367	0.00068474	4.24e-06	0.00023656	0.00023656
Baker	0.226	12.87	29.87	0.0	0.0	2.0	7.97e-06	0.00045389	0.00105343	0.0	0.0	7.053e-05
Monroe	0.829	46.21	112.21	0.0	0.0	3.0	1.105e-05	0.00061591	0.00149559	0.0	0.0	3.999e-05
Marion	2.681	138.851	245.851	0.0	0.0	3.0	7.45e-06	0.00038572	0.00068296	0.0	0.0	8.33e-06
Leon	17.077	567.222	721.222	0.0	0.0	1.0	5.838e-05	0.00193921	0.0024657	0.0	0.0	3.42e-06
Columbia	0.697	39.668	73.668	0.0	0.0	0.0	9.89e-06	0.00056264	0.00104489	0.0	0.0	0.0
Madison	0.0	0.0	15.0	0.0	0.0	0.0	0.0	0.0	0.00080954	0.0	0.0	0.0
Alachua	3.736	193.459	387.459	0.0	0.0	0.0	1.384e-05	0.00071663	0.00143527	0.0	0.0	0.0
Brevard	2.792	155.592	328.592	0.0	0.0	6.0	4.68e-06	0.00026069	0.00055054	0.0	0.0	1.005e-05
Liberty	0.0	0.0	2.0	0.0	0.0	0.0	0.0	0.0	0.00023649	0.0	0.0	0.0
Walton	0.0	5.32	34.32	0.0	0.0	0.0	0.0	7.454e-05	0.00048084	0.0	0.0	0.0
Calhoun	0.0	0.451	5.451	0.0	0.0	0.0	0.0	3.092e-05	0.00037369	0.0	0.0	0.0
Gadsden	60.945	855.17	895.17	0.0	0.0	0.0	0.00132795	0.01863359	0.01950516	0.0	0.0	0.0
Charlotte	4.318	210.728	334.728	0.0	0.0	5.0	2.334e-05	0.00113908	0.00180936	0.0	0.0	2.703e-05
Seminole	2.233	163.588	446.588	0.0	0.0	2.0	4.77e-06	0.00034967	0.00095459	0.0	0.0	4.28e-06
Hernando	1.07	64.925	140.925	0.0	0.0	2.0	5.61e-06	0.00034016	0.00073835	0.0	0.0	1.048e-05
Lake	2.843	158.392	337.392	0.944	38.005	43.005	7.97e-06	0.0004443	0.00094641	2.65e-06	0.00010661	0.00012063
Unassigned	0.049	2.706	7.706	0.0	0.0	47.0	N/A	N/A	N/A	N/A	N/A	N/A
Osceola	0.501	174.584	535.584	0.018	1.761	6.761	1.36e-06	0.00047443	0.00145543	5e-08	4.79e-06	1.837e-05
Broward	57.231	3117.78	6480.78	2.044	113.897	205.897	2.933e-05	0.00159783	0.00332133	1.05e-06	5.837e-05	0.00010552
Clay	25.937	779.39	949.39	4.807	78.18	87.18	0.00012004	0.00360708	0.00439386	2.225e-05	0.00036182	0.00040348
Wakulla	23.643	331.749	344.749	0.364	20.304	21.304	0.00072835	0.01021993	0.01062041	1.121e-05	0.00062549	0.0006563
Sarasota	4.134	235.366	487.366	0.66	27.762	43.762	9.69e-06	0.00055157	0.00114213	1.55e-06	6.506e-05	0.00010255
Pinellas	3.244	242.914	755.914	0.216	13.12	27.12	3.33e-06	0.00024907	0.00077507	2.2e-07	1.345e-05	2.781e-05
Putnam	41.432	673.9	719.9	0.0	0.0	1.0	0.00055866	0.00908674	0.009707	0.0	0.0	1.348e-05
Franklin	0.0	0.0	2.0	0.0	0.0	0.0	0.0	0.0	0.00017042	0.0	0.0	0.0
Hendry	0.802	44.673	70.673	0.0	0.0	0.0	1.93e-05	0.00107501	0.00170067	0.0	0.0	0.0
Gulf	0.0	0.0	1.0	0.0	0.0	0.0	0.0	0.0	6.187e-05	0.0	0.0	0.0
Lafayette	0.0	0.0	1.0	0.0	0.0	0.0	0.0	0.0	0.00011452	0.0	0.0	0.0
Escambia	4.734	263.806	523.806	0.0	0.0	4.0	1.5e-05	0.00083606	0.00166006	0.0	0.0	1.268e-05
Union	0.0	0.0	2.0	0.0	0.0	0.0	0.0	0.0	0.00013387	0.0	0.0	0.0
Pasco	2.337	149.031	335.031	1.891	26.539	29.539	4.33e-06	0.00027617	0.00062085	3.5e-06	4.918e-05	5.474e-05
Okaloosa	2.153	111.5	218.5	0.0	0.0	1.0	1.039e-05	0.00053795	0.00105419	0.0	0.0	4.82e-06
Flagler	0.739	41.153	87.153	0.0	0.0	2.0	6.59e-06	0.00036722	0.00077769	0.0	0.0	1.785e-05
Holmes	0.097	5.417	9.417	0.0	0.0	0.0	4.98e-06	0.00027812	0.00048349	0.0	0.0	0.0
Glades	4.729	66.351	71.351	0.0	0.0	1.0	0.00034458	0.00483467	0.00519899	0.0	0.0	7.287e-05
Saint Johns	0.0	17.961	196.961	0.0	0.0	2.0	0.0	7.064e-05	0.00077464	0.0	0.0	7.87e-06
Gilchrist	0.0	0.0	6.0	0.0	0.0	0.0	0.0	0.0	0.00032866	0.0	0.0	0.0
Taylor	0.0	0.0	1.0	0.0	0.0	0.0	0.0	0.0	4.625e-05	0.0	0.0	0.0
Duval	0.118	335.563	1080.563	0.025	6.038	20.038	1.2e-07	0.00035316	0.00113722	3e-08	6.35e-06	2.109e-05
Polk	0.951	176.842	462.842	0.099	8.983	18.983	1.34e-06	0.00024977	0.00065372	1.4e-07	1.269e-05	2.681e-05
Okeechobee	0.0	0.0	5.0	0.099	8.983	8.983	0.0	0.0	0.00012037	2.38e-06	0.00021627	0.00021627
Manatee	4.82	268.593	544.593	1.447	58.279	77.279	1.221e-05	0.00068023	0.00137922	3.66e-06	0.0001476	0.00019571
Orange	8.108	604.93	1677.93	0.249	14.791	32.791	5.87e-06	0.00043815	0.00121532	1.8e-07	1.071e-05	2.375e-05
Suwannee	0.0	15.165	95.165	0.0	0.0	3.0	0.0	0.00034317	0.00215349	0.0	0.0	6.789e-05
Volusia	3.0	170.837	412.837	0.443	18.614	26.614	5.48e-06	0.00031201	0.00075399	8.1e-07	3.4e-05	4.861e-05
Jackson	0.089	4.964	10.964	0.443	18.614	18.614	1.84e-06	0.00010276	0.00022697	9.17e-06	0.00038534	0.00038534
