Name	Confirmed	Deaths	Recovered	Active	Confirmed_per_capita	Deaths_per_capita	IFR_0.30_expected	IFR_0.65_expected	IFR_1.0_expected	IFR_0.30_expected_per_capita	IFR_0.65_expected_per_capita	IFR_1.0_expected_per_capita	Date
Ottawa	0.0	0.0	0.0	0.0	0.0	0.0	0.0	0.0	0.0	0.0	0.0	0.0	2020-03-22
Ottawa	0	0	0	0	0	0	0	0	0	0	0	0	2020-03-23
Ottawa	0	0	0	0	0	0	0	0	0	0	0	0	2020-03-24
Ottawa	0	0	0	0	0	0	0	0	0	0	0	0	2020-03-25
Ottawa	0	0	0	0	0	0	0	0	0	0	0	0	2020-03-26
Ottawa	1	0	0	0	1.7235e-4	0	5	2	1.25	8.6175e-4	3.447e-4	2.154375e-4	2020-03-27
Ottawa	1	0	0	0	1.7235e-4	0	5	2	1.25	8.6175e-4	3.447e-4	2.154375e-4	2020-03-28
Ottawa	1.0	0.0	0.0	0.0	0.00017235	0.0	5.0	2.0	1.25	0.00086175	0.0003447	0.0002154375	2020-03-29
Ottawa	1.0	0.0	0.0	0.0	0.00017235	0.0	5.0	2.0	1.25	0.00086175	0.0003447	0.0002154375	2020-03-30
Ottawa	1.0	0.0	0.0	0.0	0.00017235	0.0	5.0	2.0	1.25	0.00086175	0.0003447	0.0002154375	2020-03-31
Ottawa	1.0	0.0	0.0	0.0	0.00017235	0.0	5.0	2.0	1.25	0.00086175	0.0003447	0.0002154375	2020-04-01
Ottawa	1.0	0.0	0.0	0.0	0.00017235	0.0	5.0	2.0	1.25	0.00086175	0.0003447	0.0002154375	2020-04-02
Ottawa	1.0	0.0	0.0	0.0	0.00017235	0.0	5.0	2.0	1.25	0.00086175	0.0003447	0.0002154375	2020-04-03
Ottawa	2.0	0.0	0.0	0.0	0.00034471	0.0	10.0	4.0	2.5	0.00172355	0.00068942	0.0004308875	2020-04-04
Ottawa	3.0	0.0	0.0	0.0	0.00051706	0.0	15.0	6.0	3.75	0.0025853	0.00103412	0.000646325	2020-04-05
Ottawa	3.0	0.0	0.0	0.0	0.00051706	0.0	15.0	6.0	3.75	0.0025853	0.00103412	0.000646325	2020-04-06
Ottawa	3.0	0.0	0.0	0.0	0.00051706	0.0	15.0	6.0	3.75	0.0025853	0.00103412	0.000646325	2020-04-07
Ottawa	3.0	0.0	0.0	0.0	0.00051706	0.0	15.0	6.0	3.75	0.0025853	0.00103412	0.000646325	2020-04-08
Ottawa	3.0	0.0	0.0	0.0	0.00051706	0.0	15.0	6.0	3.75	0.0025853	0.00103412	0.000646325	2020-04-09
Ottawa	3.0	0.0	0.0	0.0	0.00051706	0.0	15.0	6.0	3.75	0.0025853	0.00103412	0.000646325	2020-04-10
Ottawa	3.0	0.0	0.0	0.0	0.00051706	0.0	15.0	6.0	3.75	0.0025853	0.00103412	0.000646325	2020-04-11
Ottawa	3.0	0.0	0.0	3.0	0.00051706	0.0	15.0	6.0	3.75	0.0025853	0.00103412	0.000646325	2020-04-12
Ottawa	3.0	0.0	0.0	3.0	0.00051706	0.0	15.0	6.0	3.75	0.0025853	0.00103412	0.000646325	2020-04-13
Ottawa	3.0	0.0	0.0	3.0	0.00051706	0.0	15.0	6.0	3.75	0.0025853	0.00103412	0.000646325	2020-04-14
Ottawa	3.0	0.0	0.0	3.0	0.00051706	0.0	15.0	6.0	3.75	0.0025853	0.00103412	0.000646325	2020-04-15
