Name	Confirmed	Deaths	Recovered	Active	Confirmed_per_capita	Deaths_per_capita	IFR_0.30_expected	IFR_0.65_expected	IFR_1.0_expected	IFR_0.30_expected_per_capita	IFR_0.65_expected_per_capita	IFR_1.0_expected_per_capita	Date
Greece	331.0	4.0	8.0	N/A	3.085e-05	3.7e-07	1333.33333333	615.384615385	400.0	0.000123333333333	5.69230769231e-05	3.7e-05	2020-03-15
Greece	331.0	4.0	8.0	N/A	3.085e-05	3.7e-07	1333.33333333	615.384615385	400.0	0.000123333333333	5.69230769231e-05	3.7e-05	2020-03-16
Greece	387.0	5.0	8.0	N/A	3.607e-05	4.7e-07	1666.66666667	769.230769231	500.0	0.000156666666667	7.23076923077e-05	4.7e-05	2020-03-17
Greece	418.0	5.0	8.0	N/A	3.896e-05	4.7e-07	1666.66666667	769.230769231	500.0	0.000156666666667	7.23076923077e-05	4.7e-05	2020-03-18
Greece	418.0	6.0	8.0	N/A	3.896e-05	5.6e-07	2000.0	923.076923077	600.0	0.000186666666667	8.61538461538e-05	5.6e-05	2020-03-19
Greece	495.0	6.0	19.0	N/A	4.614e-05	5.6e-07	2000.0	923.076923077	600.0	0.000186666666667	8.61538461538e-05	5.6e-05	2020-03-20
Greece	530.0	13.0	19.0	N/A	4.94e-05	1.21e-06	4333.33333333	2000.0	1300.0	0.000403333333333	0.000186153846154	0.000121	2020-03-21
Greece	624.0	15.0	19.0	590.0	5.817e-05	1.4e-06	5000.0	2307.69230769	1500.0	0.000466666666667	0.000215384615385	0.00014	2020-03-22
Greece	695.0	17.0	29.0	649.0	6.479e-05	1.58e-06	5666.66666667	2615.38461538	1700.0	0.000526666666667	0.000243076923077	0.000158	2020-03-23
Greece	743.0	20.0	29.0	694.0	6.926e-05	1.86e-06	6666.66666667	3076.92307692	2000.0	0.00062	0.000286153846154	0.000186	2020-03-24
Greece	821.0	22.0	36.0	763.0	7.653e-05	2.05e-06	7333.33333333	3384.61538462	2200.0	0.000683333333333	0.000315384615385	0.000205	2020-03-25
Greece	892.0	26.0	36.0	830.0	8.315e-05	2.42e-06	8666.66666667	4000.0	2600.0	0.000806666666667	0.000372307692308	0.000242	2020-03-26
Greece	966.0	28.0	52.0	886.0	9.005e-05	2.61e-06	9333.33333333	4307.69230769	2800.0	0.00087	0.000401538461538	0.000261	2020-03-27
Greece	1061.0	32.0	52.0	977.0	9.89e-05	2.98e-06	10666.6666667	4923.07692308	3200.0	0.000993333333333	0.000458461538462	0.000298	2020-03-28
Greece	1156.0	38.0	52.0	1066.0	0.00010776	3.54e-06	12666.6666667	5846.15384615	3800.0	0.00118	0.000544615384615	0.000354	2020-03-29
Greece	1212.0	43.0	52.0	1117.0	0.00011298	4.01e-06	14333.3333333	6615.38461538	4300.0	0.00133666666667	0.000616923076923	0.000401	2020-03-30
Greece	1314.0	49.0	52.0	1213.0	0.00012249	4.57e-06	16333.3333333	7538.46153846	4900.0	0.00152333333333	0.000703076923077	0.000457	2020-03-31
Greece	1415.0	50.0	52.0	1313.0	0.0001319	4.66e-06	16666.6666667	7692.30769231	5000.0	0.00155333333333	0.000716923076923	0.000466	2020-04-01
Greece	1544.0	53.0	61.0	1430.0	0.00014393	4.94e-06	17666.6666667	8153.84615385	5300.0	0.00164666666667	0.00076	0.000494	2020-04-02
Greece	1613.0	63.0	78.0	1472.0	0.00015036	5.87e-06	21000.0	9692.30769231	6300.0	0.00195666666667	0.000903076923077	0.000587	2020-04-03
Greece	1673.0	68.0	78.0	1527.0	0.00015595	6.34e-06	22666.6666667	10461.5384615	6800.0	0.00211333333333	0.000975384615385	0.000634	2020-04-04
Greece	1735.0	73.0	78.0	1584.0	0.00016173	6.8e-06	24333.3333333	11230.7692308	7300.0	0.00226666666667	0.00104615384615	0.00068	2020-04-05
