Name	Predicted_New_Cases	Total_Predicted_New_Cases	Total_Predicted_Cases	Predicted_New_Deaths	Total_Predicted_New_Deaths	Total_Predicted_Deaths	Predicted_New_per_capita	Predicted_Total_New_per_capita	Predicted_Total_Cases_per_capita	Predicted_New_Deaths_per_capita	Total_Predicted_New_Deaths_per_capita	Total_Predicted_Deaths_per_capita
Wayne	0.166	1189.172	1262.172	0.0	0.0	0.0	8.11e-06	0.05809908	0.06166562	0.0	0.0	0.0
Fulton	0.0	87.175	177.175	0.015	108.841	110.841	0.0	0.01424428	0.02895016	2.45e-06	0.01778448	0.01811127
Lincoln	0.0	25.228	142.228	0.006	40.312	42.312	0.0	0.0010237	0.0057713	2.4e-07	0.00163577	0.00171693
Henderson	0.0	70.609	430.609	0.019	137.054	140.054	0.0	0.00154875	0.00944504	4.2e-07	0.00300616	0.00307197
Lee	0.0	9.237	16.237	0.019	137.054	137.054	0.0	0.00131338	0.00230869	2.7e-06	0.01948727	0.01948727
Caldwell	0.0	12.953	65.953	0.019	137.054	137.054	0.0	0.00101872	0.00518702	1.49e-06	0.01077892	0.01077892
Washington	0.0	112.148	204.148	0.019	137.054	137.054	0.0	0.0092807	0.01689407	1.57e-06	0.01134177	0.01134177
Breckinridge	0.004	489.549	565.549	0.0	0.0	2.0	2e-07	0.02401162	0.02773931	0.0	0.0	9.81e-05
Hardin	0.0	819.28	1502.28	0.0	0.0	8.0	0.0	0.00742397	0.01361303	0.0	0.0	7.249e-05
Ballard	0.0	84.336	120.336	0.0	0.0	0.0	0.0	0.01056975	0.01508159	0.0	0.0	0.0
Martin	0.0	22.527	59.527	0.0	0.0	0.0	0.0	0.00198949	0.00525718	0.0	0.0	0.0
Ohio	0.0	176.268	537.268	0.002	106.022	115.022	0.0	0.00731797	0.02230531	8e-08	0.00440163	0.00477527
Elliott	0.014	262.311	276.311	0.0	0.0	0.0	1.86e-06	0.03493753	0.03680221	0.0	0.0	0.0
Bracken	0.073	524.043	557.043	0.0	0.0	0.0	8.86e-06	0.06360517	0.06761051	0.0	0.0	0.0
Casey	0.0	407.833	608.833	0.0	0.0	10.0	0.0	0.02566925	0.0383203	0.0	0.0	0.00062941
