Name	Predicted_New_Cases	Total_Predicted_New_Cases	Total_Predicted_Cases	Predicted_New_Deaths	Total_Predicted_New_Deaths	Total_Predicted_Deaths	Predicted_New_per_capita	Predicted_Total_New_per_capita	Predicted_Total_Cases_per_capita	Predicted_New_Deaths_per_capita	Total_Predicted_New_Deaths_per_capita	Total_Predicted_Deaths_per_capita
Cumberland	0.002	0.051	5.051	5.612	48.973	48.973	3e-07	7.66e-06	0.00075852	0.00084277	0.00735441	0.00735441
Floyd	0.0	0.639	13.639	5.612	48.973	48.973	0.0	1.783e-05	0.0003805	0.00015656	0.00136624	0.00136624
Logan	2.596	12.696	36.696	0.0	0.0	1.0	9.619e-05	0.00047041	0.00135967	0.0	0.0	3.705e-05
Oldham	0.847	7.335	43.335	0.0	0.0	0.0	1.274e-05	0.00011035	0.00065195	0.0	0.0	0.0
Pike	0.322	3.341	18.341	0.0	0.0	2.0	5.51e-06	5.721e-05	0.00031405	0.0	0.0	3.425e-05
Wayne	0.013	0.429	8.429	0.0	0.0	0.0	6.4e-07	2.096e-05	0.00041181	0.0	0.0	0.0
Fulton	0.0	0.0	1.0	0.0	0.0	0.0	0.0	0.0	0.0001634	0.0	0.0	0.0
Green	0.0	0.0	1.0	0.0	0.0	0.0	0.0	0.0	9.051e-05	0.0	0.0	0.0
Powell	0.0	0.0	1.0	0.0	0.0	0.0	0.0	0.0	8.037e-05	0.0	0.0	0.0
Pendleton	0.093	0.808	5.808	0.0	0.0	0.0	6.4e-06	5.561e-05	0.00039975	0.0	0.0	0.0
Lewis	0.0	0.0	3.0	0.0	0.0	0.0	0.0	0.0	0.0002263	0.0	0.0	0.0
Montgomery	0.114	1.107	12.107	0.0	0.0	0.0	4.04e-06	3.925e-05	0.00042928	0.0	0.0	0.0
McCreary	0.0	0.0	11.0	0.0	0.0	0.0	0.0	0.0	0.00063189	0.0	0.0	0.0
Webster	0.457	4.024	31.024	0.0	0.0	0.0	3.486e-05	0.00030692	0.00236626	0.0	0.0	0.0
Todd	0.0	0.508	13.508	0.0	0.0	0.0	0.0	4.126e-05	0.00109723	0.0	0.0	0.0
Bath	0.001	0.014	4.014	0.0	0.0	1.0	8e-08	1.13e-06	0.00032415	0.0	0.0	8.076e-05
Larue	0.016	0.135	6.135	0.0	0.0	0.0	1.12e-06	9.44e-06	0.00042881	0.0	0.0	0.0
Russell	0.159	0.751	17.751	0.01	0.246	4.246	8.92e-06	4.214e-05	0.00099607	5.6e-07	1.38e-05	0.00023826
Lincoln	0.047	0.567	6.567	0.0	0.0	1.0	1.91e-06	2.301e-05	0.00026647	0.0	0.0	4.058e-05
Woodford	0.101	0.904	17.904	0.0	0.0	1.0	3.81e-06	3.407e-05	0.00067478	0.0	0.0	3.769e-05
Henderson	1.653	15.809	90.809	0.0	0.0	2.0	3.626e-05	0.00034676	0.00199182	0.0	0.0	4.387e-05
Lee	0.0	0.0	0.0	0.0	0.0	0.0	0.0	0.0	0.0	0.0	0.0	0.0
Caldwell	0.132	1.145	13.145	0.0	0.0	0.0	1.038e-05	9.005e-05	0.00103382	0.0	0.0	0.0
Washington	0.001	0.014	5.014	0.0	0.0	0.0	8e-08	1.16e-06	0.00041493	0.0	0.0	0.0
Graves	0.252	11.991	156.991	0.157	1.902	15.902	6.75e-06	0.00032133	0.00420696	4.21e-06	5.097e-05	0.00042613
Breckinridge	0.011	0.555	11.555	0.157	1.902	1.902	5.4e-07	2.722e-05	0.00056675	7.7e-06	9.329e-05	9.329e-05
Trimble	0.003	0.067	3.067	0.157	1.902	1.902	3.5e-07	7.87e-06	0.00036019	1.844e-05	0.00022337	0.00022337
Metcalfe	0.874	7.571	9.571	0.157	1.902	1.902	8.714e-05	0.00075484	0.00095424	1.565e-05	0.00018963	0.00018963
Hardin	3.418	21.534	77.534	0.874	7.571	9.571	3.097e-05	0.00019513	0.00070258	7.92e-06	6.861e-05	8.673e-05
Ballard	0.013	0.641	8.641	0.874	7.571	7.571	1.63e-06	8.034e-05	0.00108297	0.00010954	0.00094887	0.00094887
Martin	0.0	0.0	3.0	0.874	7.571	7.571	0.0	0.0	0.00026495	7.719e-05	0.00066864	0.00066864
Fayette	21.933	107.26	435.26	0.0	0.124	9.124	6.774e-05	0.00033127	0.00134431	0.0	3.8e-07	2.818e-05
Magoffin	0.0	0.0	0.0	0.0	0.0	0.0	0.0	0.0	0.0	0.0	0.0	0.0
Trigg	0.168	2.071	11.071	0.0	0.124	0.124	1.147e-05	0.00014143	0.00075606	0.0	8.47e-06	8.47e-06
Jefferson	31.995	279.22	1857.22	2.164	18.011	125.011	4.152e-05	0.00036238	0.00241036	2.81e-06	2.338e-05	0.00016224
Pulaski	0.0	0.293	43.293	0.0	0.0	2.0	0.0	4.53e-06	0.00066993	0.0	0.0	3.095e-05
Hopkins	0.201	9.567	221.567	0.159	1.926	25.926	4.46e-06	0.00021228	0.00491628	3.53e-06	4.274e-05	0.00057526
Ohio	2.355	19.604	84.604	0.159	1.926	1.926	9.777e-05	0.00081388	0.00351243	6.6e-06	7.996e-05	7.996e-05
Lyon	0.038	0.462	13.462	0.0	0.0	3.0	4.74e-06	5.769e-05	0.00168086	0.0	0.0	0.00037458
Monroe	0.225	1.952	7.952	0.0	0.0	0.0	2.099e-05	0.00018212	0.00074193	0.0	0.0	0.0
Lawrence	0.0	0.0	1.0	0.0	0.0	0.0	0.0	0.0	6.422e-05	0.0	0.0	0.0
Marion	0.017	0.829	17.829	0.0	0.0	0.0	8.8e-07	4.272e-05	0.00091883	0.0	0.0	0.0
Garrard	0.001	0.014	2.014	0.0	0.0	0.0	6e-08	8e-07	0.00011469	0.0	0.0	0.0
Grayson	3.124	27.054	120.054	0.0	0.0	6.0	0.00011869	0.00102785	0.00456115	0.0	0.0	0.00022795
Harlan	0.0	0.0	0.0	0.0	0.0	0.0	0.0	0.0	0.0	0.0	0.0	0.0
Elliott	0.0	0.0	0.0	0.0	0.0	0.0	0.0	0.0	0.0	0.0	0.0	0.0
Mercer	0.016	0.135	10.135	0.0	0.0	0.0	7.3e-07	6.2e-06	0.00046546	0.0	0.0	0.0
McLean	0.484	4.227	20.227	0.0	0.0	1.0	5.231e-05	0.00045687	0.00218623	0.0	0.0	0.00010808
Rowan	0.0	0.0	2.0	0.0	0.0	0.0	0.0	0.0	8.136e-05	0.0	0.0	0.0
Laurel	0.466	4.038	24.038	0.0	0.0	2.0	7.68e-06	6.656e-05	0.00039622	0.0	0.0	3.297e-05
Livingston	0.289	2.805	8.805	0.0	0.0	0.0	3.127e-05	0.00030351	0.00095272	0.0	0.0	0.0
McCracken	1.705	16.833	84.833	0.0	0.0	2.0	2.609e-05	0.0002576	0.00129821	0.0	0.0	3.061e-05
Simpson	0.626	5.419	37.419	0.0	0.0	2.0	3.378e-05	0.00029246	0.00201948	0.0	0.0	0.00010794
Henry	0.245	2.12	10.12	0.0	0.0	0.0	1.521e-05	0.00013163	0.00062834	0.0	0.0	0.0
Carlisle	0.0	0.0	2.0	0.0	0.0	1.0	0.0	0.0	0.0004192	0.0	0.0	0.0002096
Carter	0.175	1.515	7.515	0.0	0.0	0.0	6.48e-06	5.61e-05	0.00027829	0.0	0.0	0.0
Madison	0.069	0.91	33.91	0.0	0.0	1.0	7.5e-07	9.85e-06	0.00036712	0.0	0.0	1.083e-05
Boone	10.026	75.845	272.845	0.198	1.135	5.135	7.622e-05	0.00057662	0.00207435	1.51e-06	8.63e-06	3.904e-05
Edmonson	1.604	14.067	55.067	0.198	1.135	1.135	0.00013068	0.00114608	0.00448648	1.613e-05	9.247e-05	9.247e-05
Scott	0.004	0.095	32.095	0.198	1.135	1.135	7e-08	1.7e-06	0.00057281	3.53e-06	2.026e-05	2.026e-05
Bullitt	1.422	12.317	86.317	0.0	0.0	2.0	1.754e-05	0.00015193	0.00106473	0.0	0.0	2.467e-05
Breathitt	0.0	0.0	2.0	0.0	0.0	0.0	0.0	0.0	0.00015716	0.0	0.0	0.0
Christian	2.151	10.401	102.401	0.0	0.0	3.0	3.001e-05	0.00014512	0.00142876	0.0	0.0	4.186e-05
Marshall	0.027	0.656	33.656	0.0	0.0	1.0	8.7e-07	2.103e-05	0.00107903	0.0	0.0	3.206e-05
Muhlenberg	32.058	193.887	639.887	0.111	0.545	6.545	0.00104172	0.00630035	0.0207931	3.61e-06	1.771e-05	0.00021268
Unassigned	0.019	0.496	38.496	3.031	26.248	27.248	N/A	N/A	N/A	N/A	N/A	N/A
Mason	0.0	0.0	6.0	3.031	26.248	26.248	0.0	0.0	0.00034985	0.00017673	0.0015305	0.0015305
Fleming	0.0	0.0	2.0	3.031	26.248	26.248	0.0	0.0	0.00013858	0.00021002	0.00181874	0.00181874
Clay	0.0	0.0	1.0	3.031	26.248	26.248	0.0	0.0	4.974e-05	0.00015076	0.00130555	0.00130555
Jessamine	0.296	3.639	43.639	3.031	26.248	26.248	5.49e-06	6.749e-05	0.00080933	5.621e-05	0.0004868	0.0004868
Boyle	0.002	0.053	16.053	3.031	26.248	26.248	7e-08	1.76e-06	0.00053332	0.0001007	0.00087203	0.00087203
Calloway	0.06	2.482	37.482	0.0	0.0	1.0	1.53e-06	6.342e-05	0.00095776	0.0	0.0	2.555e-05
Whitley	0.002	0.053	11.053	0.0	0.0	0.0	6e-08	1.46e-06	0.00030498	0.0	0.0	0.0
Shelby	0.525	4.543	39.543	0.0	0.0	3.0	1.082e-05	9.364e-05	0.00081502	0.0	0.0	6.183e-05
Owen	0.0	0.0	1.0	0.0	0.0	0.0	0.0	0.0	9.191e-05	0.0	0.0	0.0
Allen	0.828	7.168	32.168	0.0	0.0	0.0	3.92e-05	0.00033936	0.00152296	0.0	0.0	0.0
Hickman	1.233	8.324	13.324	0.0	0.0	0.0	0.0002789	0.00188283	0.0030138	0.0	0.0	0.0
Franklin	0.007	0.335	16.335	0.0	0.0	0.0	1.4e-07	6.59e-06	0.00032146	0.0	0.0	0.0
Gallatin	0.0	0.0	1.0	0.0	0.0	0.0	0.0	0.0	0.00011322	0.0	0.0	0.0
Estill	0.0	0.0	0.0	0.0	0.0	0.0	0.0	0.0	0.0	0.0	0.0	0.0
Butler	18.145	103.992	291.992	0.563	2.684	8.684	0.00142069	0.00814219	0.02286189	4.408e-05	0.00021015	0.00067992
Crittenden	0.038	0.462	4.462	0.0	0.0	1.0	4.26e-06	5.182e-05	0.0005005	0.0	0.0	0.00011217
Letcher	0.12	1.044	4.044	0.0	0.0	0.0	5.48e-06	4.767e-05	0.00018467	0.0	0.0	0.0
Bourbon	0.132	1.145	9.145	0.0	0.0	1.0	6.54e-06	5.673e-05	0.00045308	0.0	0.0	4.954e-05
Anderson	0.12	1.044	10.044	0.0	0.0	1.0	5.29e-06	4.607e-05	0.00044319	0.0	0.0	4.412e-05
Leslie	0.264	2.287	6.287	0.0	0.0	0.0	2.603e-05	0.00022548	0.00061984	0.0	0.0	0.0
Bell	0.0	0.0	0.0	0.0	0.0	0.0	0.0	0.0	0.0	0.0	0.0	0.0
Campbell	1.821	17.092	127.092	0.134	1.177	10.177	1.955e-05	0.00018349	0.00136435	1.44e-06	1.264e-05	0.00010925
Daviess	9.363	75.09	333.09	0.302	1.797	5.797	9.261e-05	0.0007427	0.00329453	2.99e-06	1.777e-05	5.734e-05
Hancock	0.0	0.0	6.0	0.302	1.797	1.797	0.0	0.0	0.00068509	3.448e-05	0.00020518	0.00020518
Union	0.223	1.053	11.053	0.302	1.797	1.797	1.537e-05	7.26e-05	0.00076201	2.082e-05	0.00012389	0.00012389
Perry	1.053	9.119	23.119	0.302	1.797	1.797	4.036e-05	0.00034949	0.00088606	1.157e-05	6.887e-05	6.887e-05
Hart	1.909	9.026	17.026	0.302	1.797	1.797	0.00010097	0.00047741	0.00090056	1.597e-05	9.505e-05	9.505e-05
Clark	0.132	1.145	21.145	0.302	1.797	1.797	3.64e-06	3.159e-05	0.00058333	8.33e-06	4.957e-05	4.957e-05
Meade	0.347	4.386	21.386	0.0	0.0	1.0	1.208e-05	0.00015274	0.00074477	0.0	0.0	3.483e-05
Greenup	0.109	0.943	12.943	0.0	0.0	0.0	3.09e-06	2.674e-05	0.00036699	0.0	0.0	0.0
Robertson	0.0	0.0	0.0	0.0	0.0	0.0	0.0	0.0	0.0	0.0	0.0	0.0
Bracken	0.436	3.187	13.187	0.0	0.0	0.0	5.292e-05	0.00038682	0.00160056	0.0	0.0	0.0
Carroll	0.0	0.0	2.0	0.0	0.0	0.0	0.0	0.0	0.00018627	0.0	0.0	0.0
Nicholas	0.0	0.0	1.0	0.0	0.0	0.0	0.0	0.0	0.00013955	0.0	0.0	0.0
Wolfe	0.0	0.0	0.0	0.0	0.0	0.0	0.0	0.0	0.0	0.0	0.0	0.0
Morgan	0.0	0.0	1.0	0.0	0.0	0.0	0.0	0.0	7.493e-05	0.0	0.0	0.0
Spencer	0.47	4.072	20.072	0.0	0.0	0.0	2.501e-05	0.00021666	0.001068	0.0	0.0	0.0
Knox	0.0	0.124	6.124	0.0	0.0	0.0	0.0	3.96e-06	0.00019563	0.0	0.0	0.0
Knott	0.132	1.145	5.145	0.0	0.0	0.0	8.73e-06	7.57e-05	0.00034014	0.0	0.0	0.0
Barren	0.633	5.543	29.543	0.0	0.0	0.0	1.433e-05	0.00012548	0.00066876	0.0	0.0	0.0
Menifee	0.0	0.0	3.0	0.0	0.0	0.0	0.0	0.0	0.00046504	0.0	0.0	0.0
Kenton	13.742	107.345	467.345	1.122	6.575	32.575	8.276e-05	0.00064646	0.00281447	6.76e-06	3.96e-05	0.00019617
Warren	15.645	148.349	634.349	0.874	7.571	9.571	0.00011919	0.00113016	0.00483262	6.66e-06	5.768e-05	7.291e-05
Johnson	0.006	0.314	4.314	0.874	7.571	7.571	2.7e-07	1.403e-05	0.00019271	3.904e-05	0.0003382	0.0003382
Harrison	0.003	0.141	18.141	0.874	7.571	7.571	1.6e-07	7.51e-06	0.00096608	4.654e-05	0.00040318	0.00040318
Taylor	0.0	0.531	9.531	0.874	7.571	7.571	0.0	2.078e-05	0.00037305	3.421e-05	0.00029633	0.00029633
Clinton	0.038	0.462	3.462	0.874	7.571	7.571	3.72e-06	4.527e-05	0.00033921	8.564e-05	0.00074182	0.00074182
Owsley	0.032	0.303	2.303	0.874	7.571	7.571	7.16e-06	6.775e-05	0.00051498	0.00019544	0.00169298	0.00169298
Casey	0.0	0.0	1.0	0.874	7.571	7.571	0.0	0.0	6.294e-05	5.501e-05	0.00047652	0.00047652
Boyd	0.271	2.291	34.291	0.0	0.0	3.0	5.74e-06	4.85e-05	0.00072589	0.0	0.0	6.351e-05
Grant	1.705	10.152	37.152	0.0	0.0	3.0	6.787e-05	0.00040412	0.00147892	0.0	0.0	0.00011942
Rockcastle	0.008	0.068	13.068	0.0	0.0	0.0	4.8e-07	4.06e-06	0.00078018	0.0	0.0	0.0
Adair	0.136	1.178	85.178	0.808	5.456	18.456	7.08e-06	6.131e-05	0.00443289	4.205e-05	0.00028394	0.0009605
Nelson	0.431	4.297	32.297	0.808	5.456	5.456	9.4e-06	9.372e-05	0.00070439	1.762e-05	0.00011899	0.00011899
Jackson	0.0	0.0	60.0	0.143	2.256	14.256	0.0	0.0	0.00446362	1.064e-05	0.00016783	0.00106056
