Name	Predicted_New_Cases	Total_Predicted_New_Cases	Total_Predicted_Cases	Predicted_New_Deaths	Total_Predicted_New_Deaths	Total_Predicted_Deaths	Predicted_New_per_capita	Predicted_Total_New_per_capita	Predicted_Total_Cases_per_capita	Predicted_New_Deaths_per_capita	Total_Predicted_New_Deaths_per_capita	Total_Predicted_Deaths_per_capita
Heilongjiang	0.0	0.0	947.0	0.0	0.0	13.0	0.0	0.0	2.472e-05	0.0	0.0	3.4e-07
Beijing	187.042	15034.197	15963.197	0.0	60.146	69.146	9.54e-06	0.00076657	0.00081394	0.0	3.07e-06	3.53e-06
Shanghai	66.038	6414.334	7146.334	0.0	43.252	50.252	2.87e-06	0.00027865	0.00031045	0.0	1.88e-06	2.18e-06
Nei Mongol	0.013	4.853	253.853	0.0	0.0	1.0	0.0	2e-07	1.027e-05	0.0	0.0	4e-08
Shandong	0.001	0.441	793.441	0.0	0.0	7.0	0.0	0.0	7.93e-06	0.0	0.0	7e-08
Henan	0.0	0.0	1276.0	0.0	0.0	22.0	0.0	0.0	1.357e-05	0.0	0.0	2.3e-07
Hainan	0.0	0.0	171.0	0.0	0.0	6.0	0.0	0.0	1.846e-05	0.0	0.0	6.5e-07
Shaanxi	23.122	2391.44	2712.44	0.411	150.386	153.386	6.2e-07	6.407e-05	7.267e-05	1e-08	4.03e-06	4.11e-06
Fujian	13.251	1664.006	2027.006	0.472	172.51	173.51	3.6e-07	4.51e-05	5.494e-05	1e-08	4.68e-06	4.7e-06
Jiangxi	0.0	0.0	932.0	0.0	0.0	1.0	0.0	0.0	2.091e-05	0.0	0.0	2e-08
Yunnan	0.767	61.642	249.642	0.0	0.0	2.0	2e-08	1.34e-06	5.43e-06	0.0	0.0	4e-08
Hubei	0.0	0.0	68135.0	0.0	0.0	4512.0	0.0	0.0	0.00119039	0.0	0.0	7.883e-05
Macau	4.16	404.047	450.047	0.0	0.0	2.073	7.53e-06	0.0007313	0.00081456	0.0	0.0	3.75e-06
Tianjin	14.553	1505.094	1708.094	0.254	92.962	95.962	1.12e-06	0.00011633	0.00013202	2e-08	7.19e-06	7.42e-06
Guangxi	0.0	0.0	254.0	0.0	0.0	2.0	0.0	0.0	5.52e-06	0.0	0.0	4e-08
Liaoning	11.455	1184.698	1348.698	0.203	74.191	76.191	2.6e-07	2.708e-05	3.083e-05	0.0	1.7e-06	1.74e-06
Sichuan	8.13	1366.825	1965.825	0.811	296.514	299.514	1e-07	1.7e-05	2.445e-05	1e-08	3.69e-06	3.72e-06
Ningxia Hui	0.0	0.0	75.0	0.811	296.514	296.514	0.0	0.0	1.214e-05	1.3e-07	4.8e-05	4.8e-05
Guizhou	0.0	0.0	147.0	0.0	0.0	2.0	0.0	0.0	4.11e-06	0.0	0.0	6e-08
Chongqing	0.001	0.441	583.441	0.0	0.0	6.0	0.0	2e-08	2.023e-05	0.0	0.0	2.1e-07
Shanxi	0.004	1.325	202.325	0.0	0.0	0.0	0.0	4e-08	5.54e-06	0.0	0.0	0.0
Guangdong	28.606	4466.25	6116.25	311.154	25010.163	25018.163	2.6e-07	3.999e-05	5.476e-05	2.79e-06	0.00022392	0.000224
Xinjiang Uygur	0.001	0.441	77.441	0.0	0.0	3.0	0.0	2e-08	3.55e-06	0.0	0.0	1.4e-07
Hunan	0.0	0.0	1019.0	0.0	0.0	4.0	0.0	0.0	1.551e-05	0.0	0.0	6e-08
Jiangsu	23.874	2997.993	3651.993	0.0	0.0	28.907	3e-07	3.811e-05	4.643e-05	0.0	0.0	3.7e-07
Anhui	0.0	0.0	991.0	0.0	0.0	6.0	0.0	0.0	1.962e-05	0.0	0.0	1.2e-07
Jilin	0.0	0.0	155.0	0.0	0.0	2.0	0.0	0.0	5.64e-06	0.0	0.0	7e-08
Hebei	25.104	2596.38	2945.38	0.0	18.477	24.477	3.5e-07	3.613e-05	4.099e-05	0.0	2.6e-07	3.4e-07
Hong Kong	317.054	25484.384	27139.384	0.0	81.141	91.141	4.49e-05	0.00360907	0.00384345	0.0	1.149e-05	1.291e-05
Zhejiang	0.001	0.441	1270.441	0.0	0.0	1.0	0.0	1e-08	2.334e-05	0.0	0.0	2e-08
Gansu	19.381	1767.892	1934.892	0.204	74.556	76.556	7.6e-07	6.913e-05	7.565e-05	1e-08	2.92e-06	2.99e-06
