Name	Predicted_New_Cases	Total_Predicted_New_Cases	Total_Predicted_Cases	Predicted_New_Deaths	Total_Predicted_New_Deaths	Total_Predicted_Deaths	Predicted_New_per_capita	Predicted_Total_New_per_capita	Predicted_Total_Cases_per_capita	Predicted_New_Deaths_per_capita	Total_Predicted_New_Deaths_per_capita	Total_Predicted_Deaths_per_capita
Heilongjiang	0.21	2.45	947.45	0.0	0.0	13.0	1e-08	6e-08	2.473e-05	0.0	0.0	3.4e-07
Beijing	0.0	0.0	593.0	0.0	0.0	9.0	0.0	0.0	3.024e-05	0.0	0.0	4.6e-07
Qinghai	0.0	0.0	18.0	0.0	0.0	0.0	0.0	0.0	3.2e-06	0.0	0.0	0.0
Shanghai	0.441	6.074	671.074	0.0	0.0	7.0	2e-08	2.6e-07	2.915e-05	0.0	0.0	3e-07
Nei Mongol	2.444	23.842	232.842	0.0	0.0	1.0	1e-07	9.7e-07	9.42e-06	0.0	0.0	4e-08
Shandong	0.0	0.0	788.0	0.0	0.0	7.0	0.0	0.0	7.88e-06	0.0	0.0	7e-08
Henan	0.0	0.0	1276.0	0.0	0.0	22.0	0.0	0.0	1.357e-05	0.0	0.0	2.3e-07
Hainan	0.014	0.193	169.193	0.0	0.0	6.0	0.0	2e-08	1.827e-05	0.0	0.0	6.5e-07
Shaanxi	0.0	0.131	308.131	0.0	0.0	3.0	0.0	0.0	8.25e-06	0.0	0.0	8e-08
Fujian	0.0	0.0	356.0	0.0	0.0	1.0	0.0	0.0	9.65e-06	0.0	0.0	3e-08
Jiangxi	0.0	0.0	937.0	0.0	0.0	1.0	0.0	0.0	2.102e-05	0.0	0.0	2e-08
Yunnan	0.0	0.0	185.0	0.0	0.0	2.0	0.0	0.0	4.02e-06	0.0	0.0	4e-08
Hubei	0.946	12.181	68146.181	0.0	0.0	4512.0	2e-08	2.1e-07	0.00119058	0.0	0.0	7.883e-05
Macau	0.0	0.0	45.0	0.0	0.0	0.0	0.0	0.0	8.145e-05	0.0	0.0	0.0
Tianjin	0.095	1.302	193.302	0.0	0.0	3.0	1e-08	1e-07	1.494e-05	0.0	0.0	2.3e-07
Guangxi	0.0	0.0	254.0	0.0	0.0	2.0	0.0	0.0	5.52e-06	0.0	0.0	4e-08
Liaoning	2.2	12.57	161.57	0.0	0.0	2.0	5e-08	2.9e-07	3.69e-06	0.0	0.0	5e-08
Sichuan	0.0	0.0	561.0	0.0	0.0	3.0	0.0	0.0	6.98e-06	0.0	0.0	4e-08
Ningxia Hui	0.0	0.0	75.0	0.0	0.0	0.0	0.0	0.0	1.214e-05	0.0	0.0	0.0
Guizhou	0.0	0.0	147.0	0.0	0.0	2.0	0.0	0.0	4.11e-06	0.0	0.0	6e-08
Xizang	0.0	0.0	1.0	0.0	0.0	0.0	0.0	0.0	3.3e-07	0.0	0.0	0.0
Chongqing	0.0	0.0	579.0	0.0	0.0	6.0	0.0	0.0	2.007e-05	0.0	0.0	2.1e-07
Shanxi	0.0	0.0	198.0	0.0	0.0	0.0	0.0	0.0	5.42e-06	0.0	0.0	0.0
Guangdong	0.0	0.124	1590.124	0.0	0.0	8.0	0.0	0.0	1.424e-05	0.0	0.0	7e-08
Xinjiang Uygur	0.0	0.0	76.0	0.0	0.0	3.0	0.0	0.0	3.48e-06	0.0	0.0	1.4e-07
Hunan	0.0	0.0	1019.0	0.0	0.0	4.0	0.0	0.0	1.551e-05	0.0	0.0	6e-08
Jiangsu	0.0	0.0	653.0	0.0	0.0	0.0	0.0	0.0	8.3e-06	0.0	0.0	0.0
Anhui	0.0	0.0	991.0	0.0	0.0	6.0	0.0	0.0	1.962e-05	0.0	0.0	1.2e-07
Jilin	4.142	48.392	192.392	0.788	10.846	12.846	1.5e-07	1.76e-06	7.01e-06	3e-08	3.9e-07	4.7e-07
Hebei	0.0	0.0	328.0	0.0	0.0	6.0	0.0	0.0	4.56e-06	0.0	0.0	8e-08
Hong Kong	0.93	12.624	1064.624	0.0	0.0	4.0	1.3e-07	1.79e-06	0.00015077	0.0	0.0	5.7e-07
Zhejiang	0.0	0.0	1268.0	0.0	0.0	1.0	0.0	0.0	2.33e-05	0.0	0.0	2e-08
Gansu	0.0	0.0	139.0	0.0	0.0	2.0	0.0	0.0	5.43e-06	0.0	0.0	8e-08
