Name	Predicted_New_Cases	Total_Predicted_New_Cases	Total_Predicted_Cases	Predicted_New_Deaths	Total_Predicted_New_Deaths	Total_Predicted_Deaths	Predicted_New_per_capita	Predicted_Total_New_per_capita	Predicted_Total_Cases_per_capita	Predicted_New_Deaths_per_capita	Total_Predicted_New_Deaths_per_capita	Total_Predicted_Deaths_per_capita
Heilongjiang	0.0	0.0	947.0	0.0	0.0	13.0	0.0	0.0	2.472e-05	0.0	0.0	3.4e-07
Beijing	0.002	14.072	948.072	0.0	0.0	9.0	0.0	7.2e-07	4.834e-05	0.0	0.0	4.6e-07
Qinghai	0.0	0.0	18.0	0.0	0.0	0.0	0.0	0.0	3.2e-06	0.0	0.0	0.0
Shanghai	0.003	25.56	777.56	0.0	0.0	7.0	0.0	1.11e-06	3.378e-05	0.0	0.0	3e-07
Shandong	0.001	9.459	813.459	0.0	0.0	7.0	0.0	9e-08	8.13e-06	0.0	0.0	7e-08
Henan	0.0	0.0	1276.0	0.0	0.0	22.0	0.0	0.0	1.357e-05	0.0	0.0	2.3e-07
Hainan	0.0	0.0	171.0	0.0	0.0	6.0	0.0	0.0	1.846e-05	0.0	0.0	6.5e-07
Shaanxi	0.008	11.502	338.502	0.0	0.0	3.0	0.0	3.1e-07	9.07e-06	0.0	0.0	8e-08
Jiangxi	0.0	0.0	932.0	0.0	0.0	1.0	0.0	0.0	2.091e-05	0.0	0.0	2e-08
Yunnan	0.001	7.209	198.209	0.0	0.0	2.0	0.0	1.6e-07	4.31e-06	0.0	0.0	4e-08
Hubei	0.806	208.759	68346.759	0.0	0.0	4512.0	1e-08	3.65e-06	0.00119409	0.0	0.0	7.883e-05
Macau	0.0	0.0	46.0	0.0	0.0	0.0	0.0	0.0	8.326e-05	0.0	0.0	0.0
Tianjin	0.001	4.951	209.951	0.0	0.0	3.0	0.0	3.8e-07	1.623e-05	0.0	0.0	2.3e-07
Liaoning	0.026	200.535	455.535	0.0	0.0	2.0	0.0	4.58e-06	1.041e-05	0.0	0.0	5e-08
Sichuan	0.001	10.581	620.581	0.0	0.0	3.0	0.0	1.3e-07	7.72e-06	0.0	0.0	4e-08
Guizhou	0.0	0.0	147.0	0.0	0.0	2.0	0.0	0.0	4.11e-06	0.0	0.0	6e-08
Chongqing	0.0	0.0	583.0	0.0	0.0	6.0	0.0	0.0	2.021e-05	0.0	0.0	2.1e-07
Shanxi	0.0	0.0	201.0	0.0	0.0	0.0	0.0	0.0	5.51e-06	0.0	0.0	0.0
Guangdong	0.005	41.206	1728.206	0.0	0.0	8.0	0.0	3.7e-07	1.547e-05	0.0	0.0	7e-08
Xinjiang Uygur	0.778	1879.46	2625.46	0.0	0.0	3.0	4e-08	8.616e-05	0.00012036	0.0	0.0	1.4e-07
Hunan	0.0	0.0	1019.0	0.0	0.0	4.0	0.0	0.0	1.551e-05	0.0	0.0	6e-08
Jiangsu	0.0	3.375	661.375	0.0	0.0	0.0	0.0	4e-08	8.41e-06	0.0	0.0	0.0
Anhui	0.0	0.0	991.0	0.0	0.0	6.0	0.0	0.0	1.962e-05	0.0	0.0	1.2e-07
Jilin	0.0	1.243	158.243	0.0	0.0	2.0	0.0	5e-08	5.76e-06	0.0	0.0	7e-08
Hebei	0.0	0.0	349.0	0.0	0.0	6.0	0.0	0.0	4.86e-06	0.0	0.0	8e-08
Hong Kong	0.0	2490.869	6159.869	0.006	48.641	90.641	0.0	0.00035275	0.00087235	0.0	6.89e-06	1.284e-05
Zhejiang	0.0	0.0	1270.0	0.0	0.0	1.0	0.0	0.0	2.333e-05	0.0	0.0	2e-08
Gansu	0.0	0.0	167.0	0.0	0.0	2.0	0.0	0.0	6.53e-06	0.0	0.0	8e-08
