Name	Predicted_New_Cases	Total_Predicted_New_Cases	Total_Predicted_Cases	Predicted_New_Deaths	Total_Predicted_New_Deaths	Total_Predicted_Deaths	Predicted_New_per_capita	Predicted_Total_New_per_capita	Predicted_Total_Cases_per_capita	Predicted_New_Deaths_per_capita	Total_Predicted_New_Deaths_per_capita	Total_Predicted_Deaths_per_capita
Heilongjiang	1.039	89.796	89.863	0.015	1.264	1.43	3e-08	2.34e-06	2.35e-06	0.0	3e-08	4e-08
Beijing	0.0	13.755	14.033	0.009	0.802	1.646	0.0	7e-07	7.2e-07	0.0	4e-08	8e-08
Qinghai	0.0	0.0	18.0	0.009	0.802	0.802	0.0	0.0	3.2e-06	0.0	1.4e-07	1.4e-07
Shanghai	0.841	72.714	79.804	0.0	0.0	17.526	4e-08	3.16e-06	3.47e-06	0.0	0.0	7.6e-07
Nei Mongol	0.264	22.792	22.809	0.001	0.092	0.145	1e-08	9.2e-07	9.2e-07	0.0	0.0	1e-08
Shandong	0.377	32.619	33.645	0.012	0.74	3.854	0.0	3.3e-07	3.4e-07	0.0	1e-08	4e-08
Henan	0.0	0.0	1276.0	0.0	0.0	22.0	0.0	0.0	1.357e-05	0.0	0.0	2.3e-07
Hainan	0.0	0.0	171.0	0.0	0.0	6.0	0.0	0.0	1.846e-05	0.0	0.0	6.5e-07
Shaanxi	0.185	16.02	17.048	0.0	0.0	2.997	0.0	4.3e-07	4.6e-07	0.0	0.0	8e-08
Fujian	0.02	1.768	369.768	0.001	0.093	0.129	0.0	5e-08	1.002e-05	0.0	0.0	0.0
Jiangxi	0.0	0.0	932.0	0.0	0.0	1.0	0.0	0.0	2.091e-05	0.0	0.0	2e-08
Yunnan	0.0	0.0	191.0	0.0	0.0	2.0	0.0	0.0	4.16e-06	0.0	0.0	4e-08
Hubei	0.0	1147.573	1147.7	5.128	443.268	443.761	0.0	2.005e-05	2.005e-05	9e-08	7.74e-06	7.75e-06
Macau	0.0	0.0	46.0	5.128	443.268	443.268	0.0	0.0	8.326e-05	9.28e-06	0.00080229	0.00080229
Tianjin	0.0	0.0	205.0	0.0	0.0	3.0	0.0	0.0	1.584e-05	0.0	0.0	2.3e-07
Guangxi	0.0	0.0	255.0	0.0	0.0	2.0	0.0	0.0	5.54e-06	0.0	0.0	4e-08
Liaoning	0.0	0.738	261.738	0.001	0.056	1.483	0.0	2e-08	5.98e-06	0.0	0.0	3e-08
Sichuan	0.425	36.77	37.517	0.001	0.071	2.353	1e-08	4.6e-07	4.7e-07	0.0	0.0	3e-08
Ningxia Hui	0.0	0.0	75.0	0.001	0.071	0.071	0.0	0.0	1.214e-05	0.0	1e-08	1e-08
Guizhou	0.0	0.0	147.0	0.0	0.0	2.0	0.0	0.0	4.11e-06	0.0	0.0	6e-08
Chongqing	0.0	0.0	583.0	0.0	0.0	6.0	0.0	0.0	2.021e-05	0.0	0.0	2.1e-07
Shanxi	0.0	0.0	201.0	0.0	0.0	0.0	0.0	0.0	5.51e-06	0.0	0.0	0.0
Guangdong	1.304	112.743	114.242	0.011	0.656	5.207	1e-08	1.01e-06	1.02e-06	0.0	1e-08	5e-08
Xinjiang Uygur	0.0	81.125	99.574	14.961	1293.25	1354.75	0.0	3.72e-06	4.56e-06	6.9e-07	5.929e-05	6.211e-05
Hunan	0.0	0.0	1019.0	0.0	0.0	4.0	0.0	0.0	1.551e-05	0.0	0.0	6e-08
Anhui	0.0	0.0	991.0	0.0	0.0	6.0	0.0	0.0	1.962e-05	0.0	0.0	1.2e-07
Jilin	0.0	0.0	157.0	0.0	0.0	2.0	0.0	0.0	5.72e-06	0.0	0.0	7e-08
Hebei	0.34	29.373	29.44	0.007	0.573	0.739	0.0	4.1e-07	4.1e-07	0.0	1e-08	1e-08
Hong Kong	0.2	618.531	692.977	0.741	61.944	298.546	3e-08	8.76e-05	9.814e-05	1e-07	8.77e-06	4.228e-05
Zhejiang	1.268	109.591	110.218	0.141	12.16	13.71	2e-08	2.01e-06	2.03e-06	0.0	2.2e-07	2.5e-07
Gansu	0.115	9.909	10.044	0.002	0.162	0.496	0.0	3.9e-07	3.9e-07	0.0	1e-08	2e-08
