Name	Predicted_New_Cases	Total_Predicted_New_Cases	Total_Predicted_Cases	Predicted_New_Deaths	Total_Predicted_New_Deaths	Total_Predicted_Deaths	Predicted_New_per_capita	Predicted_Total_New_per_capita	Predicted_Total_Cases_per_capita	Predicted_New_Deaths_per_capita	Total_Predicted_New_Deaths_per_capita	Total_Predicted_Deaths_per_capita
Heilongjiang	0.0	0.0	945.0	0.0	0.0	13.0	0.0	0.0	2.467e-05	0.0	0.0	3.4e-07
Beijing	0.0	0.0	593.0	0.0	0.0	9.0	0.0	0.0	3.024e-05	0.0	0.0	4.6e-07
Qinghai	0.0	0.0	18.0	0.0	0.0	0.0	0.0	0.0	3.2e-06	0.0	0.0	0.0
Shanghai	0.263	5.854	673.854	0.0	0.0	7.0	1e-08	2.5e-07	2.927e-05	0.0	0.0	3e-07
Nei Mongol	0.873	14.382	241.382	0.0	0.0	1.0	4e-08	5.8e-07	9.77e-06	0.0	0.0	4e-08
Shandong	0.0	0.0	788.0	0.0	0.0	7.0	0.0	0.0	7.88e-06	0.0	0.0	7e-08
Henan	0.0	0.0	1276.0	0.0	0.0	22.0	0.0	0.0	1.357e-05	0.0	0.0	2.3e-07
Hainan	0.011	0.598	169.598	0.0	0.0	6.0	0.0	6e-08	1.831e-05	0.0	0.0	6.5e-07
Shaanxi	0.0	0.0	308.0	0.0	0.0	3.0	0.0	0.0	8.25e-06	0.0	0.0	8e-08
Fujian	0.0	0.0	356.0	0.0	0.0	1.0	0.0	0.0	9.65e-06	0.0	0.0	3e-08
Jiangxi	0.0	0.0	937.0	0.0	0.0	1.0	0.0	0.0	2.102e-05	0.0	0.0	2e-08
Yunnan	0.0	0.0	185.0	0.0	0.0	2.0	0.0	0.0	4.02e-06	0.0	0.0	4e-08
Hubei	0.122	2.032	68137.032	0.0	0.0	4512.0	0.0	4e-08	0.00119042	0.0	0.0	7.883e-05
Macau	0.0	0.0	45.0	0.0	0.0	0.0	0.0	0.0	8.145e-05	0.0	0.0	0.0
Tianjin	0.089	1.483	193.483	0.0	0.0	3.0	1e-08	1.1e-07	1.495e-05	0.0	0.0	2.3e-07
Guangxi	0.0	0.0	254.0	0.0	0.0	2.0	0.0	0.0	5.52e-06	0.0	0.0	4e-08
Liaoning	0.0	0.106	149.106	0.0	0.0	2.0	0.0	0.0	3.41e-06	0.0	0.0	5e-08
Sichuan	0.795	4.935	568.935	0.0	0.0	3.0	1e-08	6e-08	7.07e-06	0.0	0.0	4e-08
Ningxia Hui	0.0	0.0	75.0	0.0	0.0	0.0	0.0	0.0	1.214e-05	0.0	0.0	0.0
Guizhou	0.0	0.0	147.0	0.0	0.0	2.0	0.0	0.0	4.11e-06	0.0	0.0	6e-08
Xizang	0.0	0.0	1.0	0.0	0.0	0.0	0.0	0.0	3.3e-07	0.0	0.0	0.0
Chongqing	0.0	0.0	579.0	0.0	0.0	6.0	0.0	0.0	2.007e-05	0.0	0.0	2.1e-07
Shanxi	0.0	0.0	198.0	0.0	0.0	0.0	0.0	0.0	5.42e-06	0.0	0.0	0.0
Guangdong	0.149	2.412	1594.412	0.0	0.0	8.0	0.0	2e-08	1.428e-05	0.0	0.0	7e-08
Xinjiang Uygur	0.0	0.0	76.0	0.0	0.0	3.0	0.0	0.0	3.48e-06	0.0	0.0	1.4e-07
Hunan	0.0	0.0	1019.0	0.0	0.0	4.0	0.0	0.0	1.551e-05	0.0	0.0	6e-08
Jiangsu	0.0	0.0	653.0	0.0	0.0	0.0	0.0	0.0	8.3e-06	0.0	0.0	0.0
Anhui	0.0	0.0	991.0	0.0	0.0	6.0	0.0	0.0	1.962e-05	0.0	0.0	1.2e-07
Jilin	0.92	20.079	175.079	0.089	1.483	3.483	3e-08	7.3e-07	6.38e-06	0.0	5e-08	1.3e-07
Hebei	0.0	0.0	328.0	0.0	0.0	6.0	0.0	0.0	4.56e-06	0.0	0.0	8e-08
Hong Kong	0.797	13.286	1078.286	0.0	0.0	4.0	1.1e-07	1.88e-06	0.00015271	0.0	0.0	5.7e-07
Zhejiang	0.0	0.0	1268.0	0.0	0.0	1.0	0.0	0.0	2.33e-05	0.0	0.0	2e-08
Gansu	0.0	0.0	139.0	0.0	0.0	2.0	0.0	0.0	5.43e-06	0.0	0.0	8e-08
