Name	Predicted_New_Cases	Total_Predicted_New_Cases	Total_Predicted_Cases	Predicted_New_Deaths	Total_Predicted_New_Deaths	Total_Predicted_Deaths	Predicted_New_per_capita	Predicted_Total_New_per_capita	Predicted_Total_Cases_per_capita	Predicted_New_Deaths_per_capita	Total_Predicted_New_Deaths_per_capita	Total_Predicted_Deaths_per_capita
Kenya	3.996	161.581	615.56	1.105	36.816	66.293	8e-08	3.14e-06	1.198e-05	2e-08	7.2e-07	1.29e-06
Botswana	12.423	279.091	333.997	0.0	0.0	1.0	5.51e-06	0.00012381	0.00014817	0.0	0.0	4.4e-07
Benin	0.476	19.842	91.432	0.0	0.0	1.0	4e-08	1.73e-06	7.96e-06	0.0	0.0	9e-08
Tunisia	5.84	257.132	1422.822	0.523	19.426	69.781	5e-07	2.223e-05	0.00012303	5e-08	1.68e-06	6.03e-06
Mauritius	0.159	7.005	344.754	0.0	0.0	9.0	1.3e-07	5.54e-06	0.00027247	0.0	0.0	7.11e-06
Namibia	0.0	0.0	16.0	0.0	0.0	0.0	0.0	0.0	6.54e-06	0.0	0.0	0.0
Sao Tome and Principe	0.0	0.0	4.0	0.0	0.0	0.0	0.0	0.0	1.895e-05	0.0	0.0	0.0
Zambia	9.817	290.304	445.91	0.031	1.351	5.653	5.7e-07	1.673e-05	2.57e-05	0.0	8e-08	3.3e-07
Republic of the Congo	3.343	147.185	474.963	0.116	4.304	13.042	6.4e-07	2.807e-05	9.057e-05	2e-08	8.2e-07	2.49e-06
Ghana	27.25	1084.809	3102.262	0.292	9.494	22.1	9.2e-07	3.644e-05	0.00010422	1e-08	3.2e-07	7.4e-07
Gabon	4.975	194.939	509.983	0.256	11.259	24.105	2.35e-06	9.198e-05	0.00024064	1.2e-07	5.31e-06	1.137e-05
Malawi	0.0	0.029	34.953	0.034	1.501	5.946	0.0	0.0	1.93e-06	0.0	8e-08	3.3e-07
Libya	0.735	32.38	123.571	0.256	11.259	24.105	1.1e-07	4.85e-06	1.85e-05	4e-08	1.69e-06	3.61e-06
Morocco	62.41	2562.303	8332.075	0.014	12.3	193.292	1.73e-06	7.112e-05	0.00023126	0.0	3.4e-07	5.36e-06
Seychelles	0.0	0.0	11.0	0.014	12.3	38.292	0.0	0.0	0.00011368	1.4e-07	0.00012712	0.00039573
Guinea-Bissau	0.523	21.461	89.904	0.014	12.3	38.292	2.8e-07	1.145e-05	4.797e-05	1e-08	6.56e-06	2.043e-05
South Sudan	0.0	0.0	5.0	0.014	12.3	38.292	0.0	0.0	4.6e-07	0.0	1.12e-06	3.49e-06
Liberia	1.969	80.842	251.309	0.342	11.678	25.08	4.1e-07	1.678e-05	5.215e-05	7e-08	2.42e-06	5.2e-06
Zimbabwe	0.314	14.155	56.152	0.011	0.415	4.697	2e-08	9.8e-07	3.89e-06	0.0	3e-08	3.3e-07
Swaziland	21.313	478.818	566.27	0.0	0.0	1.0	1.876e-05	0.00042142	0.00049839	0.0	0.0	8.8e-07
Sudan	206.238	4153.41	4703.661	0.0	0.0	20.124	4.93e-06	9.936e-05	0.00011252	0.0	0.0	4.8e-07
Democratic Republic of the Congo	6.761	264.925	843.117	1.624	51.247	93.755	8e-08	3.15e-06	1.003e-05	2e-08	6.1e-07	1.12e-06
Mali	6.507	263.062	790.189	0.752	25.07	56.61	3.4e-07	1.379e-05	4.142e-05	4e-08	1.31e-06	2.97e-06
Nigeria	83.203	2701.612	4708.681	23.197	521.145	613.588	4.2e-07	1.379e-05	2.404e-05	1.2e-07	2.66e-06	3.13e-06
Somalia	259.916	6119.394	7268.478	0.0	0.0	17.293	1.732e-05	0.00040774	0.0004843	0.0	0.0	1.15e-06
Algeria	33.06	1378.594	5608.011	0.0	1.548	470.665	7.8e-07	3.265e-05	0.0001328	0.0	4e-08	1.115e-05
United Republic of Tanzania	37.986	1265.883	2082.055	8.171	192.385	228.2	6.7e-07	2.248e-05	3.697e-05	1.5e-07	3.42e-06	4.05e-06
Burkina Faso	0.0	4.953	696.671	0.0	3.531	55.629	0.0	2.5e-07	3.527e-05	0.0	1.8e-07	2.82e-06
Mozambique	0.552	24.32	93.747	0.0	3.534	14.632	2e-08	8.2e-07	3.18e-06	0.0	1.2e-07	5e-07
Angola	16.424	330.754	385.717	0.0	0.0	2.0	5.3e-07	1.074e-05	1.252e-05	0.0	0.0	6e-08
Senegal	5.033	203.503	851.241	0.502	16.713	29.737	3.2e-07	1.284e-05	5.369e-05	3e-08	1.05e-06	1.88e-06
Ethiopia	1.287	56.652	227.222	0.0	0.0	3.0	1e-08	5.2e-07	2.08e-06	0.0	0.0	3e-08
Togo	0.271	12.227	112.317	0.235	8.906	20.948	3e-08	1.55e-06	1.424e-05	3e-08	1.13e-06	2.66e-06
Uganda	0.111	4.902	83.627	0.235	8.906	14.948	0.0	1.1e-07	1.96e-06	1e-08	2.1e-07	3.5e-07
Chad	0.223	11.739	61.752	0.235	8.906	14.948	1e-08	7.6e-07	3.99e-06	2e-08	5.8e-07	9.7e-07
Niger	0.0	1.032	739.978	0.0	0.919	33.315	0.0	5e-08	3.297e-05	0.0	4e-08	1.48e-06
Equatorial Guinea	1.957	86.176	253.188	0.0	0.0	1.0	1.5e-06	6.583e-05	0.00019342	0.0	0.0	7.6e-07
Gambia	0.0	0.007	10.54	0.0	0.0	1.0	0.0	0.0	4.62e-06	0.0	0.0	4.4e-07
Guinea	15.055	618.091	2011.214	0.0	0.0	6.0	1.21e-06	4.979e-05	0.00016201	0.0	0.0	4.8e-07
South Africa	55.32	2236.651	8044.229	1.116	49.143	171.482	9.6e-07	3.871e-05	0.00013922	2e-08	8.5e-07	2.97e-06
Ivory Coast	9.899	435.844	1859.682	0.482	17.91	43.304	3.9e-07	1.739e-05	7.418e-05	2e-08	7.1e-07	1.73e-06
Cameroon	14.728	595.483	2423.244	5.672	189.034	311.505	5.8e-07	2.362e-05	9.61e-05	2.2e-07	7.5e-06	1.235e-05
Central African Republic	0.0	0.027	17.603	5.672	189.034	268.505	0.0	1e-08	3.77e-06	1.22e-06	4.051e-05	5.754e-05
Madagascar	0.274	14.304	155.742	5.672	189.034	268.505	1e-08	5.4e-07	5.93e-06	2.2e-07	7.2e-06	1.022e-05
Sierra Leone	63.821	1433.805	1666.852	5.672	189.034	268.505	8.34e-06	0.00018742	0.00021788	7.4e-07	2.471e-05	3.51e-05
Mauritania	0.0	0.0	7.0	0.0	0.0	1.0	0.0	0.0	1.59e-06	0.0	0.0	2.3e-07
Cape Verde	1.752	77.121	233.41	0.0	0.0	1.0	3.22e-06	0.00014183	0.00042925	0.0	0.0	1.84e-06
Rwanda	0.0	7.471	184.938	0.0	0.0	0.0	0.0	6.1e-07	1.503e-05	0.0	0.0	0.0
Egypt	46.699	1979.422	7676.919	3.511	148.837	571.673	4.7e-07	2.011e-05	7.8e-05	4e-08	1.51e-06	5.81e-06
Eritrea	1.105	36.816	91.293	3.511	148.837	284.673	2.5e-07	8.23e-06	2.04e-05	7.8e-07	3.326e-05	6.361e-05
Djibouti	21.373	941.05	2833.541	0.0	0.0	2.0	2.229e-05	0.00098136	0.00295493	0.0	0.0	2.09e-06
Burundi	0.03	1.304	13.557	0.0	0.0	1.0	0.0	1.2e-07	1.21e-06	0.0	0.0	9e-08
