Name	Predicted_New_Cases	Total_Predicted_New_Cases	Total_Predicted_Cases	Predicted_New_Deaths	Total_Predicted_New_Deaths	Total_Predicted_Deaths	Predicted_New_per_capita	Predicted_Total_New_per_capita	Predicted_Total_Cases_per_capita	Predicted_New_Deaths_per_capita	Total_Predicted_New_Deaths_per_capita	Total_Predicted_Deaths_per_capita
Botswana	0.003	316.028	405.028	0.0	0.0	1.0	0.0	0.0001402	0.00017968	0.0	0.0	4.4e-07
Benin	0.0	1075.735	1840.735	0.001	63.14	76.14	0.0	9.366e-05	0.00016027	0.0	5.5e-06	6.63e-06
Tunisia	0.886	2885.199	4042.199	0.07	108.613	158.613	8e-08	0.00024947	0.00034951	1e-08	9.39e-06	1.371e-05
Namibia	0.689	1074.058	1129.058	0.0	0.0	0.0	2.8e-07	0.0004387	0.00046117	0.0	0.0	0.0
Republic of the Congo	0.0	839.433	1722.433	0.001	48.357	75.357	0.0	0.00016006	0.00032844	0.0	9.22e-06	1.437e-05
Ghana	0.0	8567.209	22721.209	1.694	2638.883	2723.883	0.0	0.00028781	0.0007633	6e-08	8.865e-05	9.151e-05
Gabon	0.0	8220.354	12648.354	0.03	347.423	381.423	0.0	0.00387885	0.00596825	1e-08	0.00016393	0.00017998
Liberia	0.0	647.876	1273.876	0.0	23.961	57.961	0.0	0.00013444	0.00026435	0.0	4.97e-06	1.203e-05
Zimbabwe	0.0	468.632	957.632	0.0	0.0	6.0	0.0	3.246e-05	6.632e-05	0.0	0.0	4.2e-07
Burkina Faso	0.003	134.818	1037.818	0.0	0.0	53.0	0.0	6.83e-06	5.254e-05	0.0	0.0	2.68e-06
Niger	1.914	4019.943	5055.943	0.0	7.295	74.295	9e-08	0.00017912	0.00022528	0.0	3.3e-07	3.31e-06
Equatorial Guinea	31.423	48964.116	50628.116	0.0	11.169	43.169	2.401e-05	0.03740648	0.03867771	0.0	8.53e-06	3.298e-05
Gambia	0.645	1005.671	1042.671	0.0	0.449	2.449	2.8e-07	0.00044106	0.00045729	0.0	2e-07	1.07e-06
Guinea	0.0	1770.451	6758.451	0.0	30.258	57.258	0.0	0.00014261	0.00054441	0.0	2.44e-06	4.61e-06
Cameroon	0.1	16700.588	28592.588	0.01	934.963	1237.963	0.0	0.0006623	0.0011339	0.0	3.708e-05	4.909e-05
Central African Republic	0.0	4847.533	7655.533	0.021	374.547	397.547	0.0	0.00103882	0.00164057	0.0	8.027e-05	8.519e-05
Burundi	3.33	4086.368	4230.368	0.0	0.0	1.0	3e-07	0.00036566	0.00037854	0.0	0.0	9e-08
