Name	Predicted_New_Cases	Total_Predicted_New_Cases	Total_Predicted_Cases	Predicted_New_Deaths	Total_Predicted_New_Deaths	Total_Predicted_Deaths	Predicted_New_per_capita	Predicted_Total_New_per_capita	Predicted_Total_Cases_per_capita	Predicted_New_Deaths_per_capita	Total_Predicted_New_Deaths_per_capita	Total_Predicted_Deaths_per_capita
Kenya	1.538	2597.259	5469.259	0.059	74.791	159.791	3e-08	5.054e-05	0.00010642	0.0	1.46e-06	3.11e-06
Botswana	0.012	19.791	61.791	0.0	0.0	1.0	1e-08	8.78e-06	2.741e-05	0.0	0.0	4.4e-07
Benin	0.005	114.025	402.025	0.0	0.0	4.0	0.0	9.93e-06	3.5e-05	0.0	0.0	3.5e-07
Tunisia	0.0	12.812	1099.812	0.0	1.359	50.359	0.0	1.11e-06	9.51e-05	0.0	1.2e-07	4.35e-06
Mauritius	0.003	5.175	342.175	0.0	0.0	10.0	0.0	4.09e-06	0.00027043	0.0	0.0	7.9e-06
Namibia	0.007	12.593	43.593	0.0	0.0	0.0	0.0	5.14e-06	1.781e-05	0.0	0.0	0.0
Sao Tome and Principe	0.0	6.769	519.769	0.0	0.0	12.0	0.0	3.208e-05	0.00246303	0.0	0.0	5.686e-05
Zambia	0.0	5.444	1205.444	0.0	0.0	10.0	0.0	3.1e-07	6.947e-05	0.0	0.0	5.8e-07
Republic of the Congo	0.005	183.65	866.65	0.003	5.624	27.624	0.0	3.502e-05	0.00016525	0.0	1.07e-06	5.27e-06
Ghana	6.278	6592.161	16502.161	0.159	77.515	125.515	2.1e-07	0.00022146	0.00055438	1e-08	2.6e-06	4.22e-06
Gabon	1.066	1800.189	4901.189	0.068	43.046	64.046	5e-07	0.00084944	0.00231267	3e-08	2.031e-05	3.022e-05
Malawi	0.0	175.956	618.956	0.0	0.0	4.0	0.0	9.7e-06	3.411e-05	0.0	0.0	2.2e-07
Libya	0.394	452.884	784.884	0.003	1.618	6.618	6e-08	6.781e-05	0.00011752	0.0	2.4e-07	9.9e-07
Morocco	0.755	1274.393	9576.393	0.01	17.317	225.317	2e-08	3.537e-05	0.0002658	0.0	4.8e-07	6.25e-06
Seychelles	0.0	0.0	11.0	0.01	17.317	17.317	0.0	0.0	0.00011368	1e-07	0.00017896	0.00017896
Guinea-Bissau	0.062	399.876	1788.876	0.013	11.938	23.938	3e-08	0.00021335	0.00095442	1e-08	6.37e-06	1.277e-05
South Sudan	0.099	166.455	1770.455	0.007	4.211	23.211	1e-08	1.517e-05	0.0001613	0.0	3.8e-07	2.11e-06
Liberia	0.409	332.462	702.462	0.101	41.521	71.521	8e-08	6.899e-05	0.00014577	2e-08	8.62e-06	1.484e-05
Zimbabwe	0.007	281.706	568.706	0.0	0.0	4.0	0.0	1.951e-05	3.939e-05	0.0	0.0	2.8e-07
Swaziland	0.063	106.507	446.507	0.002	3.823	6.823	6e-08	9.374e-05	0.00039299	0.0	3.36e-06	6.01e-06
Sudan	2.692	4546.017	10788.017	0.006	289.38	661.38	6e-08	0.00010875	0.00025808	0.0	6.92e-06	1.582e-05
Democratic Republic of the Congo	2.443	3528.111	7634.111	0.583	225.31	313.31	3e-08	4.197e-05	9.081e-05	1e-08	2.68e-06	3.73e-06
Mali	0.695	1003.883	2550.883	0.038	47.963	139.963	4e-08	5.262e-05	0.00013371	0.0	2.51e-06	7.34e-06
Nigeria	5.218	8811.417	21612.417	0.145	244.057	605.057	3e-08	4.498e-05	0.00011034	0.0	1.25e-06	3.09e-06
Somalia	0.812	1370.552	3738.552	0.0	5.503	89.503	5e-08	9.132e-05	0.0002491	0.0	3.7e-07	5.96e-06
Algeria	0.0	1904.101	12169.101	0.109	184.335	899.335	0.0	4.509e-05	0.00028817	0.0	4.37e-06	2.13e-05
United Republic of Tanzania	0.0	0.0	509.0	0.0	0.0	21.0	0.0	0.0	9.04e-06	0.0	0.0	3.7e-07
Burkina Faso	0.311	253.061	1143.061	0.0	0.014	53.014	2e-08	1.281e-05	5.787e-05	0.0	0.0	2.68e-06
Mozambique	30.125	7755.107	8188.107	0.0	0.0	2.0	1.02e-06	0.00026292	0.0002776	0.0	0.0	7e-08
Angola	0.0	3.361	95.361	0.0	0.0	4.0	0.0	1.1e-07	3.1e-06	0.0	0.0	1.3e-07
Senegal	1.799	2598.643	7025.643	0.078	45.858	94.858	1.1e-07	0.00016391	0.00044314	0.0	2.89e-06	5.98e-06
Ethiopia	3.916	3774.925	5930.925	0.354	163.055	190.055	4e-08	3.456e-05	5.43e-05	0.0	1.49e-06	1.74e-06
Togo	0.107	181.527	678.527	0.0	0.0	13.0	1e-08	2.301e-05	8.601e-05	0.0	0.0	1.65e-06
Uganda	0.014	565.049	1211.049	0.0	0.0	0.0	0.0	1.323e-05	2.835e-05	0.0	0.0	0.0
Chad	0.0	216.93	1055.93	0.006	9.67	79.67	0.0	1.402e-05	6.822e-05	0.0	6.2e-07	5.15e-06
Niger	0.028	41.054	1014.054	0.0	0.641	65.641	0.0	1.83e-06	4.518e-05	0.0	3e-08	2.92e-06
Equatorial Guinea	0.0	41.866	1347.866	0.0	0.0	12.0	0.0	3.198e-05	0.00102971	0.0	0.0	9.17e-06
Gambia	0.638	129.23	157.23	0.0	0.0	1.0	2.8e-07	5.668e-05	6.896e-05	0.0	0.0	4.4e-07
Guinea	0.0	733.485	4949.485	0.0	1.571	24.571	0.0	5.908e-05	0.00039869	0.0	1.3e-07	1.98e-06
South Africa	66.392	63992.854	114871.854	1.179	1237.782	2317.782	1.15e-06	0.00110753	0.0019881	2e-08	2.142e-05	4.011e-05
Ivory Coast	3.311	3191.543	7072.543	0.1	45.809	83.809	1.3e-07	0.00012731	0.00028212	0.0	1.83e-06	3.34e-06
Cameroon	9.193	8137.665	16197.665	0.003	71.312	283.312	3.6e-07	0.00032272	0.00064235	0.0	2.83e-06	1.124e-05
Central African Republic	2.222	2333.02	4183.02	0.034	16.529	21.529	4.8e-07	0.00049996	0.00089642	1e-08	3.54e-06	4.61e-06
Madagascar	0.601	1015.485	2109.485	0.033	20.819	29.819	2e-08	3.867e-05	8.032e-05	0.0	7.9e-07	1.14e-06
Sierra Leone	0.0	231.621	1232.621	0.0	5.001	54.001	0.0	3.028e-05	0.00016112	0.0	6.5e-07	7.06e-06
Mauritania	1.896	1991.001	3095.001	0.499	257.664	316.664	4.3e-07	0.00045216	0.00070288	1.1e-07	5.852e-05	7.191e-05
Cape Verde	0.65	575.339	1142.339	0.041	17.919	22.919	1.2e-06	0.00105806	0.00210079	8e-08	3.295e-05	4.215e-05
Rwanda	0.761	481.875	932.875	0.0	0.0	2.0	6e-08	3.917e-05	7.583e-05	0.0	0.0	1.6e-07
Egypt	19.145	32331.365	67775.365	0.865	1102.229	2373.229	1.9e-07	0.00032849	0.00068861	1e-08	1.12e-05	2.411e-05
Eritrea	0.0	0.0	39.0	0.865	1102.229	1102.229	0.0	0.0	8.72e-06	1.9e-07	0.00024631	0.00024631
Djibouti	2.391	4038.553	8316.553	0.067	42.339	73.339	2.49e-06	0.00421156	0.00867283	7e-08	4.415e-05	7.648e-05
Burundi	0.0	36.327	119.327	0.0	0.0	1.0	0.0	3.25e-06	1.068e-05	0.0	0.0	9e-08
