Name	Predicted_New_Cases	Total_Predicted_New_Cases	Total_Predicted_Cases	Predicted_New_Deaths	Total_Predicted_New_Deaths	Total_Predicted_Deaths	Predicted_New_per_capita	Predicted_Total_New_per_capita	Predicted_Total_Cases_per_capita	Predicted_New_Deaths_per_capita	Total_Predicted_New_Deaths_per_capita	Total_Predicted_Deaths_per_capita
Kenya	9.757	2252.072	4214.072	13.108	809.938	873.938	1.9e-07	4.382e-05	8.2e-05	2.6e-07	1.576e-05	1.7e-05
Botswana	0.089	24.854	59.854	0.0	0.0	1.0	4e-08	1.103e-05	2.655e-05	0.0	0.0	4.4e-07
Benin	0.985	274.372	506.372	0.0	0.124	3.124	9e-08	2.389e-05	4.409e-05	0.0	1e-08	2.7e-07
Tunisia	0.249	62.492	1139.492	0.053	8.541	56.541	2e-08	5.4e-06	9.853e-05	0.0	7.4e-07	4.89e-06
Mauritius	0.031	8.502	343.502	0.0	0.0	10.0	2e-08	6.72e-06	0.00027148	0.0	0.0	7.9e-06
Namibia	0.053	14.825	38.825	0.0	0.0	0.0	2e-08	6.06e-06	1.586e-05	0.0	0.0	0.0
Sao Tome and Principe	284.598	18758.358	19241.358	0.0	2.443	14.443	0.00134863	0.08889037	0.09117917	0.0	1.158e-05	6.844e-05
Zambia	2.059	573.596	1630.596	0.0	0.0	7.0	1.2e-07	3.306e-05	9.397e-05	0.0	0.0	4e-07
Republic of the Congo	1.461	381.417	992.417	0.145	24.799	44.799	2.8e-07	7.273e-05	0.00018923	3e-08	4.73e-06	8.54e-06
Ghana	16.939	4251.942	12321.942	0.204	32.956	68.956	5.7e-07	0.00014284	0.00041394	1e-08	1.11e-06	2.32e-06
Gabon	12.678	3182.42	5837.42	0.176	28.377	45.377	5.98e-06	0.00150166	0.00275444	8e-08	1.339e-05	2.141e-05
Malawi	181.098	11190.086	11474.086	0.0	0.558	4.558	9.98e-06	0.00061676	0.00063241	0.0	3e-08	2.5e-07
Libya	56.311	3479.49	3635.49	0.0	0.74	5.74	8.43e-06	0.00052099	0.00054435	0.0	1.1e-07	8.6e-07
Morocco	0.0	481.525	8288.525	0.085	23.657	228.657	0.0	1.336e-05	0.00023005	0.0	6.6e-07	6.35e-06
Seychelles	0.0	0.0	11.0	0.085	23.657	23.657	0.0	0.0	0.00011368	8.8e-07	0.00024449	0.00024449
Guinea-Bissau	1.541	429.163	1685.163	0.067	12.659	20.659	8.2e-07	0.00022897	0.00089908	4e-08	6.75e-06	1.102e-05
South Sudan	6.47	1802.224	2796.224	0.105	19.996	29.996	5.9e-07	0.0001642	0.00025476	1e-08	1.82e-06	2.73e-06
Liberia	0.132	69.251	357.251	0.032	9.83	36.83	3e-08	1.437e-05	7.413e-05	1e-08	2.04e-06	7.64e-06
Zimbabwe	137.947	8523.769	8701.769	0.0	0.0	4.0	9.55e-06	0.00059033	0.00060266	0.0	0.0	2.8e-07
Swaziland	0.684	190.652	475.652	0.0	0.0	2.0	6e-07	0.0001678	0.00041864	0.0	0.0	1.76e-06
Sudan	12.922	3978.126	9004.126	1.588	366.479	652.479	3.1e-07	9.517e-05	0.0002154	4e-08	8.77e-06	1.561e-05
Democratic Republic of the Congo	14.637	3520.8	6590.8	0.127	30.579	102.579	1.7e-07	4.188e-05	7.84e-05	0.0	3.6e-07	1.22e-06
Mali	4.219	973.904	2238.904	0.071	34.608	111.608	2.2e-07	5.105e-05	0.00011736	0.0	1.81e-06	5.85e-06
Nigeria	29.05	7581.98	17743.98	0.714	186.369	473.369	1.5e-07	3.871e-05	9.059e-05	0.0	9.5e-07	2.42e-06
Somalia	2.912	811.237	2787.237	0.513	88.027	166.027	1.9e-07	5.405e-05	0.00018571	3e-08	5.87e-06	1.106e-05
Algeria	15.877	4422.443	13816.443	0.695	193.706	846.706	3.8e-07	0.00010473	0.00032718	2e-08	4.59e-06	2.005e-05
United Republic of Tanzania	0.0	0.0	509.0	0.0	0.0	21.0	0.0	0.0	9.04e-06	0.0	0.0	3.7e-07
Burkina Faso	0.705	162.617	1009.617	0.012	3.38	56.38	4e-08	8.23e-06	5.112e-05	0.0	1.7e-07	2.85e-06
Mozambique	1.059	276.326	530.326	0.0	0.0	2.0	4e-08	9.37e-06	1.798e-05	0.0	0.0	7e-08
Angola	0.234	65.081	151.081	0.032	5.999	9.999	1e-08	2.11e-06	4.9e-06	0.0	1.9e-07	3.2e-07
Senegal	5.417	1667.717	5312.717	0.153	33.882	75.882	3.4e-07	0.00010519	0.0003351	1e-08	2.14e-06	4.79e-06
Ethiopia	22.375	3838.582	5010.582	0.784	70.813	81.813	2e-07	3.514e-05	4.587e-05	1e-08	6.5e-07	7.5e-07
Togo	0.739	205.915	647.915	0.043	8.221	21.221	9e-08	2.61e-05	8.213e-05	1e-08	1.04e-06	2.69e-06
Uganda	1.403	390.792	807.792	0.043	8.221	8.221	3e-08	9.15e-06	1.891e-05	0.0	1.9e-07	1.9e-07
Chad	0.747	366.166	1144.166	0.084	23.328	88.328	5e-08	2.366e-05	7.392e-05	1e-08	1.51e-06	5.71e-06
Niger	0.0	25.236	983.236	0.0	2.493	66.493	0.0	1.12e-06	4.381e-05	0.0	1.1e-07	2.96e-06
Equatorial Guinea	2.827	787.359	2093.359	0.099	18.882	30.882	2.16e-06	0.00060151	0.00159924	8e-08	1.443e-05	2.359e-05
Gambia	0.0	0.26	25.26	0.0	0.0	1.0	0.0	1.1e-07	1.108e-05	0.0	0.0	4.4e-07
Guinea	5.733	1596.961	5302.961	0.102	19.328	42.328	4.6e-07	0.00012864	0.00042716	1e-08	1.56e-06	3.41e-06
South Africa	142.866	34365.307	67048.307	3.779	909.029	1592.029	2.47e-06	0.00059477	0.00116041	7e-08	1.573e-05	2.755e-05
Ivory Coast	4.424	1232.331	4065.331	0.093	17.775	50.775	1.8e-07	4.916e-05	0.00016216	0.0	7.1e-07	2.03e-06
Cameroon	15.271	4572.911	10476.911	0.296	84.511	275.511	6.1e-07	0.00018135	0.00041548	1e-08	3.35e-06	1.093e-05
Central African Republic	5.231	1313.113	2324.113	0.088	24.525	26.525	1.12e-06	0.0002814	0.00049806	2e-08	5.26e-06	5.68e-06
Madagascar	3.303	892.581	1663.581	0.0	0.0	6.0	1.3e-07	3.399e-05	6.334e-05	0.0	0.0	2.3e-07
Sierra Leone	2.84	790.96	1651.96	0.353	67.09	113.09	3.7e-07	0.00010339	0.00021594	5e-08	8.77e-06	1.478e-05
Mauritania	2.24	623.96	1153.96	0.49	93.304	116.304	5.1e-07	0.0001417	0.00026207	1.1e-07	2.119e-05	2.641e-05
Cape Verde	0.229	112.149	547.149	0.011	3.416	7.416	4.2e-07	0.00020624	0.00100622	2e-08	6.28e-06	1.364e-05
Rwanda	0.408	113.694	483.694	0.0	0.0	1.0	3e-08	9.24e-06	3.932e-05	0.0	0.0	8e-08
Egypt	91.343	22928.288	47913.288	2.633	633.313	1592.313	9.3e-07	0.00023296	0.00048681	3e-08	6.43e-06	1.618e-05
Eritrea	0.0	0.0	39.0	2.633	633.313	633.313	0.0	0.0	8.72e-06	5.9e-07	0.00014152	0.00014152
Djibouti	9.515	2719.51	6073.51	0.323	64.056	88.056	9.92e-06	0.00283601	0.0063337	3.4e-07	6.68e-05	9.183e-05
Burundi	0.033	9.157	72.157	0.0	0.0	1.0	0.0	8.2e-07	6.46e-06	0.0	0.0	9e-08
