Name	Predicted_New_Cases	Total_Predicted_New_Cases	Total_Predicted_Cases	Predicted_New_Deaths	Total_Predicted_New_Deaths	Total_Predicted_Deaths	Predicted_New_per_capita	Predicted_Total_New_per_capita	Predicted_Total_Cases_per_capita	Predicted_New_Deaths_per_capita	Total_Predicted_New_Deaths_per_capita	Total_Predicted_Deaths_per_capita
Lincoln	0.0	0.0	1.0	6.424	27.626	27.626	0.0	0.0	0.00019227	0.00123515	0.00531167	0.00531167
Lander	0.0	0.0	0.0	0.0	0.0	0.0	0.0	0.0	0.0	0.0	0.0	0.0
Eureka	0.0	0.0	0.0	0.0	0.0	0.0	0.0	0.0	0.0	0.0	0.0	0.0
Elko County	0.0	0.0	2.0	6.424	27.626	27.626	N/A	N/A	N/A	N/A	N/A	N/A
Esmeralda	0.0	0.0	0.0	0.0	0.0	0.0	0.0	0.0	0.0	0.0	0.0	0.0
Lyon	1.01	4.069	22.069	6.424	27.626	27.626	1.81e-05	7.291e-05	0.00039545	0.00011511	0.00049502	0.00049502
Douglas	0.705	2.735	17.735	6.424	27.626	27.626	1.455e-05	5.643e-05	0.00036592	0.00013254	0.00057	0.00057
Carson City	1.665	6.798	34.798	6.424	27.626	27.626	3.005e-05	0.00012268	0.00062796	0.00011593	0.00049854	0.00049854
Humboldt	0.955	3.897	30.897	0.0	0.0	2.0	5.689e-05	0.00023216	0.00184064	0.0	0.0	0.00011915
Mineral	0.0	0.0	0.0	0.0	0.0	0.0	0.0	0.0	0.0	0.0	0.0	0.0
Unassigned	5.616	22.927	58.927	9.41	28.208	29.208	N/A	N/A	N/A	N/A	N/A	N/A
Pershing	0.0	0.0	0.0	0.0	0.0	0.0	0.0	0.0	0.0	0.0	0.0	0.0
Clark	75.818	328.709	3326.709	6.538	26.832	163.832	3.397e-05	0.00014729	0.0014907	2.93e-06	1.202e-05	7.341e-05
Washoe	30.376	124.004	786.004	1.1	3.918	21.918	6.522e-05	0.00026625	0.00168766	2.36e-06	8.41e-06	4.706e-05
Nye	2.885	8.977	36.977	1.1	3.918	3.918	6.362e-05	0.00019797	0.00081544	2.426e-05	8.64e-05	8.64e-05
Storey	0.0	0.0	0.0	0.0	0.0	0.0	0.0	0.0	0.0	0.0	0.0	0.0
Churchill	0.0	0.0	3.0	1.1	3.918	3.918	0.0	0.0	0.00012275	4.501e-05	0.00016031	0.00016031
Elko	0.082	0.526	12.526	0.0	0.0	1.0	1.56e-06	1.003e-05	0.00023877	0.0	0.0	1.906e-05
White Pine	0.128	0.523	3.523	0.0	0.0	0.0	1.351e-05	5.52e-05	0.00037182	0.0	0.0	0.0
