Name	Predicted_New_Cases	Total_Predicted_New_Cases	Total_Predicted_Cases	Predicted_New_Deaths	Total_Predicted_New_Deaths	Total_Predicted_Deaths	Predicted_New_per_capita	Predicted_Total_New_per_capita	Predicted_Total_Cases_per_capita	Predicted_New_Deaths_per_capita	Total_Predicted_New_Deaths_per_capita	Total_Predicted_Deaths_per_capita
Heilongjiang	0.027	906.255	1811.255	0.0	0.0	13.0	0.0	2.365e-05	4.728e-05	0.0	0.0	3.4e-07
Beijing	0.049	49.793	642.793	0.0	0.0	8.0	0.0	2.54e-06	3.277e-05	0.0	0.0	4.1e-07
Qinghai	0.0	0.0	18.0	0.0	0.0	0.0	0.0	0.0	3.2e-06	0.0	0.0	0.0
Shanghai	0.007	244.948	882.948	0.0	0.235	7.235	0.0	1.064e-05	3.836e-05	0.0	1e-08	3.1e-07
Nei Mongol	0.003	164.485	358.485	0.0	0.0	1.0	0.0	6.66e-06	1.451e-05	0.0	0.0	4e-08
Shandong	0.0	8.333	795.333	0.0	0.0	7.0	0.0	8e-08	7.95e-06	0.0	0.0	7e-08
Henan	0.0	0.0	1276.0	0.0	0.0	22.0	0.0	0.0	1.357e-05	0.0	0.0	2.3e-07
Hainan	0.0	0.0	168.0	0.0	0.0	6.0	0.0	0.0	1.814e-05	0.0	0.0	6.5e-07
Shaanxi	0.0	0.0	256.0	0.0	0.0	3.0	0.0	0.0	6.86e-06	0.0	0.0	8e-08
Fujian	0.021	26.804	381.804	0.0	0.0	1.0	0.0	7.3e-07	1.035e-05	0.0	0.0	3e-08
Jiangxi	0.0	0.0	937.0	0.0	0.0	1.0	0.0	0.0	2.102e-05	0.0	0.0	2e-08
Yunnan	0.0	0.0	184.0	0.0	0.0	2.0	0.0	0.0	4e-06	0.0	0.0	4e-08
Hubei	66.682	22913.424	91041.424	266.671	91634.095	96146.095	1.17e-06	0.00040032	0.00159058	4.66e-06	0.00160094	0.00167977
Macau	0.0	0.014	45.014	266.671	91634.095	91634.095	0.0	3e-08	8.147e-05	0.00048266	0.16585267	0.16585267
Tianjin	0.003	22.967	211.967	0.0	0.0	3.0	0.0	1.78e-06	1.638e-05	0.0	0.0	2.3e-07
Guangxi	0.0	0.0	254.0	0.0	0.0	2.0	0.0	0.0	5.52e-06	0.0	0.0	4e-08
Liaoning	0.0	1.243	147.243	0.0	0.0	2.0	0.0	3e-08	3.37e-06	0.0	0.0	5e-08
Sichuan	0.0	1.125	562.125	0.0	0.0	3.0	0.0	1e-08	6.99e-06	0.0	0.0	4e-08
Ningxia Hui	0.0	0.0	75.0	0.0	0.0	0.0	0.0	0.0	1.214e-05	0.0	0.0	0.0
Guizhou	0.0	0.449	147.449	0.0	0.0	2.0	0.0	1e-08	4.12e-06	0.0	0.0	6e-08
Xizang	0.0	0.0	1.0	0.0	0.0	0.0	0.0	0.0	3.3e-07	0.0	0.0	0.0
Chongqing	0.0	0.0	579.0	0.0	0.0	6.0	0.0	0.0	2.007e-05	0.0	0.0	2.1e-07
Shanxi	0.003	98.543	295.543	0.0	0.0	0.0	0.0	2.7e-06	8.1e-06	0.0	0.0	0.0
Guangdong	0.004	118.601	1699.601	0.0	0.0	8.0	0.0	1.06e-06	1.522e-05	0.0	0.0	7e-08
Xinjiang Uygur	0.0	0.0	76.0	0.0	0.0	3.0	0.0	0.0	3.48e-06	0.0	0.0	1.4e-07
Hunan	0.0	0.0	1019.0	0.0	0.0	4.0	0.0	0.0	1.551e-05	0.0	0.0	6e-08
Jiangsu	0.0	5.073	658.073	0.0	0.0	0.0	0.0	6e-08	8.37e-06	0.0	0.0	0.0
Anhui	0.0	0.067	991.067	0.0	0.0	6.0	0.0	0.0	1.962e-05	0.0	0.0	1.2e-07
Jilin	0.009	23.788	127.788	0.0	0.0	1.0	0.0	8.7e-07	4.65e-06	0.0	0.0	4e-08
Hebei	0.308	105.754	433.754	0.0	0.0	6.0	0.0	1.47e-06	6.04e-06	0.0	0.0	8e-08
Hong Kong	0.0	17.511	1042.511	0.0	0.0	4.0	0.0	2.48e-06	0.00014764	0.0	0.0	5.7e-07
Zhejiang	0.0	1.925	1269.925	0.0	0.0	1.0	0.0	4e-08	2.333e-05	0.0	0.0	2e-08
Gansu	0.0	0.0	139.0	0.0	0.0	2.0	0.0	0.0	5.43e-06	0.0	0.0	8e-08
