Name	Confirmed	Deaths	Recovered	Active	Confirmed_per_capita	Deaths_per_capita	IFR_0.30_expected	IFR_0.65_expected	IFR_1.0_expected	IFR_0.30_expected_per_capita	IFR_0.65_expected_per_capita	IFR_1.0_expected_per_capita	Date
San Diego	155.0	0.0	0.0	0.0	4.636e-05	0.0	775.0	310.0	193.75	0.0002318	9.272e-05	5.795e-05	2020-03-22
San Diego	201	1	0	0	6.012e-5	3e-7	333.333333333	153.846153846	100	1e-4	4.61538461538e-5	3e-5	2020-03-23
San Diego	226	1	0	0	6.76e-5	3e-7	333.333333333	153.846153846	100	1e-4	4.61538461538e-5	3e-5	2020-03-24
San Diego	238	2	0	0	7.119e-5	6e-7	666.666666667	307.692307692	200	2e-4	9.23076923077e-5	6e-5	2020-03-25
San Diego	293	3	0	0	8.764e-5	9e-7	1000	461.538461538	300	3e-4	1.38461538462e-4	9e-5	2020-03-26
San Diego	341	3	0	0	0.00010199	9e-07	1000	461.538461538	300	0.0003	0.000138461538462	9e-05	2020-03-27
San Diego	413	6	0	0	1.2353e-4	1.79e-6	2000	923.076923077	600	5.96666666667e-4	2.75384615385e-4	1.79e-4	2020-03-28
San Diego	484.0	7.0	0.0	0.0	0.00014476	2.09e-06	2333.33333333	1076.92307692	700.0	0.000696666666667	0.000321538461538	0.000209	2020-03-29
San Diego	515.0	7.0	0.0	0.0	0.00015404	2.09e-06	2333.33333333	1076.92307692	700.0	0.000696666666667	0.000321538461538	0.000209	2020-03-30
San Diego	603.0	7.0	0.0	0.0	0.00018036	2.09e-06	2333.33333333	1076.92307692	700.0	0.000696666666667	0.000321538461538	0.000209	2020-03-31
San Diego	733.0	9.0	0.0	0.0	0.00021924	2.69e-06	3000.0	1384.61538462	900.0	0.000896666666667	0.000413846153846	0.000269	2020-04-01
San Diego	849.0	15.0	0.0	0.0	0.00025394	4.49e-06	5000.0	2307.69230769	1500.0	0.00149666666667	0.000690769230769	0.000449	2020-04-02
San Diego	966.0	16.0	0.0	0.0	0.00028893	4.79e-06	5333.33333333	2461.53846154	1600.0	0.00159666666667	0.000736923076923	0.000479	2020-04-03
San Diego	1112.0	17.0	0.0	0.0	0.0003326	5.08e-06	5666.66666667	2615.38461538	1700.0	0.00169333333333	0.000781538461538	0.000508	2020-04-04
San Diego	1209.0	18.0	0.0	0.0	0.00036161	5.38e-06	6000.0	2769.23076923	1800.0	0.00179333333333	0.000827692307692	0.000538	2020-04-05
San Diego	1326.0	19.0	0.0	0.0	0.00039661	5.68e-06	6333.33333333	2923.07692308	1900.0	0.00189333333333	0.000873846153846	0.000568	2020-04-06
San Diego	1404.0	19.0	0.0	0.0	0.00041994	5.68e-06	6333.33333333	2923.07692308	1900.0	0.00189333333333	0.000873846153846	0.000568	2020-04-07
San Diego	1454.0	31.0	0.0	0.0	0.00043489	9.27e-06	10333.3333333	4769.23076923	3100.0	0.00309	0.00142615384615	0.000927	2020-04-08
San Diego	1530.0	36.0	0.0	0.0	0.00045762	1.077e-05	12000.0	5538.46153846	3600.0	0.00359	0.00165692307692	0.001077	2020-04-09
San Diego	1628.0	40.0	0.0	0.0	0.00048693	1.196e-05	13333.3333333	6153.84615385	4000.0	0.00398666666667	0.00184	0.001196	2020-04-10
San Diego	1693.0	44.0	0.0	0.0	0.00050638	1.316e-05	14666.6666667	6769.23076923	4400.0	0.00438666666667	0.00202461538462	0.001316	2020-04-11
San Diego	1761.0	45.0	0.0	1716.0	0.00052672	1.346e-05	15000.0	6923.07692308	4500.0	0.00448666666667	0.00207076923077	0.001346	2020-04-12
San Diego	1804.0	45.0	0.0	1759.0	0.00053958	1.346e-05	15000.0	6923.07692308	4500.0	0.00448666666667	0.00207076923077	0.001346	2020-04-13
San Diego	1847.0	47.0	0.0	1800.0	0.00055244	1.406e-05	15666.6666667	7230.76923077	4700.0	0.00468666666667	0.00216307692308	0.001406	2020-04-14
San Diego	1930.0	53.0	0.0	1877.0	0.00057726	1.585e-05	17666.6666667	8153.84615385	5300.0	0.00528333333333	0.00243846153846	0.001585	2020-04-15
San Diego	2012.0	60.0	0.0	1952.0	0.00060179	1.795e-05	20000.0	9230.76923077	6000.0	0.00598333333333	0.00276153846154	0.001795	2020-04-16
San Diego	2087.0	63.0	0.0	2024.0	0.00062422	1.884e-05	21000.0	9692.30769231	6300.0	0.00628	0.00289846153846	0.001884	2020-04-17
San Diego	2158.0	70.0	0.0	2088.0	0.00064546	2.094e-05	23333.3333333	10769.2307692	7000.0	0.00698	0.00322153846154	0.002094	2020-04-18
San Diego	2213.0	71.0	0.0	2142.0	0.00066191	2.124e-05	23666.6666667	10923.0769231	7100.0	0.00708	0.00326769230769	0.002124	2020-04-19
San Diego	2268.0	71.0	0.0	2197.0	0.00067836	2.124e-05	23666.6666667	10923.0769231	7100.0	0.00708	0.00326769230769	0.002124	2020-04-20
San Diego	2325.0	72.0	0.0	2253.0	0.00069541	2.154e-05	24000.0	11076.9230769	7200.0	0.00718	0.00331384615385	0.002154	2020-04-21
San Diego	2491.0	96.0	0.0	2395.0	0.00074506	2.871e-05	32000.0	14769.2307692	9600.0	0.00957	0.00441692307692	0.002871	2020-04-22
San Diego	2643.0	100.0	0.0	2543.0	0.00079052	2.991e-05	33333.3333333	15384.6153846	10000.0	0.00997	0.00460153846154	0.002991	2020-04-23
San Diego	2826.0	102.0	0.0	2724.0	0.00084526	3.051e-05	34000.0	15692.3076923	10200.0	0.01017	0.00469384615385	0.003051	2020-04-24
San Diego	2943.0	111.0	0.0	2832.0	0.00088025	3.32e-05	37000.0	17076.9230769	11100.0	0.0110666666667	0.00510769230769	0.00332	2020-04-25
San Diego	2943.0	111.0	0.0	2832.0	0.00088025	3.32e-05	37000.0	17076.9230769	11100.0	0.0110666666667	0.00510769230769	0.00332	2020-04-26
San Diego	3043.0	111.0	0.0	2932.0	0.00091016	3.32e-05	37000.0	17076.9230769	11100.0	0.0110666666667	0.00510769230769	0.00332	2020-04-27
San Diego	3141.0	113.0	0.0	3028.0	0.00093947	3.38e-05	37666.6666667	17384.6153846	11300.0	0.0112666666667	0.0052	0.00338	2020-04-28
San Diego	3432.0	120.0	0.0	3312.0	0.00102651	3.589e-05	40000.0	18461.5384615	12000.0	0.0119633333333	0.00552153846154	0.003589	2020-04-29
San Diego	3432.0	120.0	0.0	3312.0	0.00102651	3.589e-05	40000.0	18461.5384615	12000.0	0.0119633333333	0.00552153846154	0.003589	2020-04-30
San Diego	3564.0	124.0	0.0	3440.0	0.00106599	3.709e-05	41333.3333333	19076.9230769	12400.0	0.0123633333333	0.00570615384615	0.003709	2020-05-01
San Diego	3711.0	134.0	0.0	3577.0	0.00110996	4.008e-05	44666.6666667	20615.3846154	13400.0	0.01336	0.00616615384615	0.004008	2020-05-02
San Diego	3927.0	139.0	0.0	3788.0	0.00117457	4.157e-05	46333.3333333	21384.6153846	13900.0	0.0138566666667	0.00639538461538	0.004157	2020-05-03
San Diego	3927.0	139.0	0.0	3788.0	0.00117457	4.157e-05	46333.3333333	21384.6153846	13900.0	0.0138566666667	0.00639538461538	0.004157	2020-05-04
San Diego	4020.0	144.0	0.0	3876.0	0.00120238	4.307e-05	48000.0	22153.8461538	14400.0	0.0143566666667	0.00662615384615	0.004307	2020-05-05
San Diego	4319.0	158.0	0.0	4161.0	0.00129181	4.726e-05	52666.6666667	24307.6923077	15800.0	0.0157533333333	0.00727076923077	0.004726	2020-05-06
San Diego	4319.0	158.0	0.0	4161.0	0.00129181	4.726e-05	52666.6666667	24307.6923077	15800.0	0.0157533333333	0.00727076923077	0.004726	2020-05-07
San Diego	4429.0	165.0	0.0	4264.0	0.00132471	4.935e-05	55000.0	25384.6153846	16500.0	0.01645	0.00759230769231	0.004935	2020-05-08
San Diego	4662.0	169.0	0.0	4493.0	0.0013944	5.055e-05	56333.3333333	26000.0	16900.0	0.01685	0.00777692307692	0.005055	2020-05-09
San Diego	4776.0	175.0	0.0	4601.0	0.0014285	5.234e-05	58333.3333333	26923.0769231	17500.0	0.0174466666667	0.00805230769231	0.005234	2020-05-10
San Diego	5065.0	175.0	0.0	4890.0	0.00151494	5.234e-05	58333.3333333	26923.0769231	17500.0	0.0174466666667	0.00805230769231	0.005234	2020-05-11
San Diego	5161.0	190.0	0.0	4971.0	0.00154365	5.683e-05	63333.3333333	29230.7692308	19000.0	0.0189433333333	0.00874307692308	0.005683	2020-05-12
San Diego	5161.0	190.0	0.0	4971.0	0.00154365	5.683e-05	63333.3333333	29230.7692308	19000.0	0.0189433333333	0.00874307692308	0.005683	2020-05-13
San Diego	5391.0	200.0	0.0	5191.0	0.00161245	5.982e-05	66666.6666667	30769.2307692	20000.0	0.01994	0.00920307692308	0.005982	2020-05-14
San Diego	5391.0	200.0	0.0	5191.0	0.00161245	5.982e-05	66666.6666667	30769.2307692	20000.0	0.01994	0.00920307692308	0.005982	2020-05-15
San Diego	5662.0	209.0	0.0	5453.0	0.0016935	6.251e-05	69666.6666667	32153.8461538	20900.0	0.0208366666667	0.00961692307692	0.006251	2020-05-16
San Diego	5836.0	209.0	0.0	5627.0	0.00174555	6.251e-05	69666.6666667	32153.8461538	20900.0	0.0208366666667	0.00961692307692	0.006251	2020-05-17
San Diego	5836.0	209.0	0.0	5627.0	0.00174555	6.251e-05	69666.6666667	32153.8461538	20900.0	0.0208366666667	0.00961692307692	0.006251	2020-05-18
San Diego	6026.0	222.0	0.0	5804.0	0.00180238	6.64e-05	74000.0	34153.8461538	22200.0	0.0221333333333	0.0102153846154	0.00664	2020-05-19
San Diego	6140.0	230.0	0.0	5910.0	0.00183647	6.879e-05	76666.6666667	35384.6153846	23000.0	0.02293	0.0105830769231	0.006879	2020-05-20
San Diego	6140.0	230.0	0.0	5910.0	0.00183647	6.879e-05	76666.6666667	35384.6153846	23000.0	0.02293	0.0105830769231	0.006879	2020-05-21
San Diego	6315.0	241.0	0.0	6074.0	0.00188882	7.208e-05	80333.3333333	37076.9230769	24100.0	0.0240266666667	0.0110892307692	0.007208	2020-05-22
San Diego	6559.0	249.0	0.0	6310.0	0.0019618	7.448e-05	83000.0	38307.6923077	24900.0	0.0248266666667	0.0114584615385	0.007448	2020-05-23
San Diego	6559.0	249.0	0.0	6310.0	0.0019618	7.448e-05	83000.0	38307.6923077	24900.0	0.0248266666667	0.0114584615385	0.007448	2020-05-24
San Diego	6701.0	249.0	0.0	6452.0	0.00200427	7.448e-05	83000.0	38307.6923077	24900.0	0.0248266666667	0.0114584615385	0.007448	2020-05-25
San Diego	6797.0	249.0	0.0	6548.0	0.00203298	7.448e-05	83000.0	38307.6923077	24900.0	0.0248266666667	0.0114584615385	0.007448	2020-05-26
San Diego	6882.0	249.0	0.0	6633.0	0.00205841	7.448e-05	83000.0	38307.6923077	24900.0	0.0248266666667	0.0114584615385	0.007448	2020-05-27
San Diego	7100.0	260.0	0.0	6840.0	0.00212361	7.777e-05	86666.6666667	40000.0	26000.0	0.0259233333333	0.0119646153846	0.007777	2020-05-28
San Diego	7100.0	260.0	0.0	6840.0	0.00212361	7.777e-05	86666.6666667	40000.0	26000.0	0.0259233333333	0.0119646153846	0.007777	2020-05-29
San Diego	7385.0	269.0	0.0	7116.0	0.00220885	8.046e-05	89666.6666667	41384.6153846	26900.0	0.02682	0.0123784615385	0.008046	2020-05-30
San Diego	7481.0	269.0	0.0	7212.0	0.00223757	8.046e-05	89666.6666667	41384.6153846	26900.0	0.02682	0.0123784615385	0.008046	2020-05-31
San Diego	7481.0	269.0	0.0	7212.0	0.00223757	8.046e-05	89666.6666667	41384.6153846	26900.0	0.02682	0.0123784615385	0.008046	2020-06-01
San Diego	7554.0	269.0	0.0	7285.0	0.0022594	8.046e-05	89666.6666667	41384.6153846	26900.0	0.02682	0.0123784615385	0.008046	2020-06-02
San Diego	7674.0	276.0	0.0	7398.0	0.00229529	8.255e-05	92000.0	42461.5384615	27600.0	0.0275166666667	0.0127	0.008255	2020-06-03
San Diego	7798.0	283.0	0.0	7515.0	0.00233238	8.465e-05	94333.3333333	43538.4615385	28300.0	0.0282166666667	0.0130230769231	0.008465	2020-06-04
San Diego	7940.0	288.0	0.0	7652.0	0.00237485	8.614e-05	96000.0	44307.6923077	28800.0	0.0287133333333	0.0132523076923	0.008614	2020-06-05
San Diego	8345.0	296.0	0.0	8049.0	0.00249599	8.853e-05	98666.6666667	45538.4615385	29600.0	0.02951	0.01362	0.008853	2020-06-06
San Diego	8345.0	296.0	0.0	8049.0	0.00249599	8.853e-05	98666.6666667	45538.4615385	29600.0	0.02951	0.01362	0.008853	2020-06-07
San Diego	8619.0	296.0	0.0	8323.0	0.00257794	8.853e-05	98666.6666667	45538.4615385	29600.0	0.02951	0.01362	0.008853	2020-06-08
San Diego	8619.0	296.0	0.0	8323.0	0.00257794	8.853e-05	98666.6666667	45538.4615385	29600.0	0.02951	0.01362	0.008853	2020-06-09
San Diego	8837.0	305.0	0.0	8532.0	0.00264315	9.123e-05	101666.666667	46923.0769231	30500.0	0.03041	0.0140353846154	0.009123	2020-06-10
San Diego	8998.0	308.0	0.0	8690.0	0.0026913	9.212e-05	102666.666667	47384.6153846	30800.0	0.0307066666667	0.0141723076923	0.009212	2020-06-11
San Diego	8998.0	308.0	0.0	8690.0	0.0026913	9.212e-05	102666.666667	47384.6153846	30800.0	0.0307066666667	0.0141723076923	0.009212	2020-06-12
San Diego	9314.0	319.0	0.0	8995.0	0.00278582	9.541e-05	106333.333333	49076.9230769	31900.0	0.0318033333333	0.0146784615385	0.009541	2020-06-13
San Diego	9440.0	319.0	0.0	9121.0	0.0028235	9.541e-05	106333.333333	49076.9230769	31900.0	0.0318033333333	0.0146784615385	0.009541	2020-06-14
San Diego	9610.0	320.0	0.0	9290.0	0.00287435	9.571e-05	106666.666667	49230.7692308	32000.0	0.0319033333333	0.0147246153846	0.009571	2020-06-15
San Diego	9730.0	323.0	0.0	9407.0	0.00291024	9.661e-05	107666.666667	49692.3076923	32300.0	0.0322033333333	0.0148630769231	0.009661	2020-06-16
San Diego	9730.0	323.0	0.0	9407.0	0.00291024	9.661e-05	107666.666667	49692.3076923	32300.0	0.0322033333333	0.0148630769231	0.009661	2020-06-17
San Diego	10092.0	331.0	0.0	9761.0	0.00301852	9.9e-05	110333.333333	50923.0769231	33100.0	0.033	0.0152307692308	0.0099	2020-06-18
San Diego	10350.0	332.0	0.0	10018.0	0.00309568	9.93e-05	110666.666667	51076.9230769	33200.0	0.0331	0.0152769230769	0.00993	2020-06-19
San Diego	10484.0	338.0	0.0	10146.0	0.00313576	0.0001011	112666.666667	52000.0	33800.0	0.0337	0.0155538461538	0.01011	2020-06-20
San Diego	10794.0	338.0	0.0	10456.0	0.00322848	0.0001011	112666.666667	52000.0	33800.0	0.0337	0.0155538461538	0.01011	2020-06-21
San Diego	11096.0	338.0	0.0	10758.0	0.00331881	0.0001011	112666.666667	52000.0	33800.0	0.0337	0.0155538461538	0.01011	2020-06-22
San Diego	11294.0	341.0	0.0	10953.0	0.00337803	0.00010199	113666.666667	52461.5384615	34100.0	0.0339966666667	0.0156907692308	0.010199	2020-06-23
San Diego	11626.0	347.0	0.0	11279.0	0.00347734	0.00010379	115666.666667	53384.6153846	34700.0	0.0345966666667	0.0159676923077	0.010379	2020-06-24
San Diego	11961.0	352.0	0.0	11609.0	0.00357753	0.00010528	117333.333333	54153.8461538	35200.0	0.0350933333333	0.0161969230769	0.010528	2020-06-25
San Diego	12401.0	358.0	0.0	12043.0	0.00370914	0.00010708	119333.333333	55076.9230769	35800.0	0.0356933333333	0.0164738461538	0.010708	2020-06-26
San Diego	12837.0	360.0	0.0	12477.0	0.00383955	0.00010768	120000.0	55384.6153846	36000.0	0.0358933333333	0.0165661538462	0.010768	2020-06-27
San Diego	13334.0	361.0	0.0	12973.0	0.0039882	0.00010798	120333.333333	55538.4615385	36100.0	0.0359933333333	0.0166123076923	0.010798	2020-06-28
San Diego	13832.0	361.0	0.0	13471.0	0.00413715	0.00010798	120333.333333	55538.4615385	36100.0	0.0359933333333	0.0166123076923	0.010798	2020-06-29
San Diego	14149.0	365.0	0.0	13784.0	0.00423197	0.00010917	121666.666667	56153.8461538	36500.0	0.03639	0.0167953846154	0.010917	2020-06-30
San Diego	14623.0	370.0	0.0	14253.0	0.00437374	0.00011067	123333.333333	56923.0769231	37000.0	0.03689	0.0170261538462	0.011067	2020-07-01
San Diego	15207.0	377.0	0.0	14830.0	0.00454841	0.00011276	125666.666667	58000.0	37700.0	0.0375866666667	0.0173476923077	0.011276	2020-07-02
San Diego	388.065	744.887	15367.887	3.51	7.008	377.008	0.00011607	0.0002228	0.00459653	1.05e-06	2.1e-06	0.00011276	2020-07-03
San Diego	419.229	1164.116	15787.116	3.504	10.512	380.512	0.00012539	0.00034819	0.00472193	1.05e-06	3.14e-06	0.00011381	2020-07-04
San Diego	449.382	1613.498	16236.498	3.472	13.984	383.984	0.00013441	0.0004826	0.00485634	1.04e-06	4.18e-06	0.00011485	2020-07-05
San Diego	260.31	260.31	709.692	26.781	26.781	1640.279	7.786e-05	7.786e-05	0.00021227	8.01e-06	8.01e-06	0.00049061	2020-07-06
San Diego	221.491	481.801	931.183	33.052	59.833	1673.331	6.625e-05	0.00014411	0.00027852	9.89e-06	1.79e-05	0.00050049	2020-07-07
San Diego	182.308	664.109	1113.491	40.65	100.483	1713.981	5.453e-05	0.00019863	0.00033305	1.216e-05	3.005e-05	0.00051265	2020-07-08
San Diego	1972.973	1972.973	2155.281	78.068	78.068	742.177	0.00059012	0.00059012	0.00064464	2.335e-05	2.335e-05	0.00022199	2020-07-09
San Diego	2434.921	4407.894	4590.202	88.544	166.612	830.721	0.00072828	0.0013184	0.00137293	2.648e-05	4.983e-05	0.00024847	2020-07-10
San Diego	2074.315	2074.315	4509.236	75.447	75.447	4483.341	0.00062043	0.00062043	0.00134871	2.257e-05	2.257e-05	0.00134097	2020-07-11
San Diego	2055.245	4129.56	6564.481	74.754	150.201	4558.095	0.00061472	0.00123515	0.00196344	2.236e-05	4.493e-05	0.00136333	2020-07-12
San Diego	2028.522	6158.082	8593.003	73.782	223.983	4631.877	0.00060673	0.00184188	0.00257017	2.207e-05	6.699e-05	0.00138539	2020-07-13
San Diego	441.743	441.743	2470.265	230.994	230.994	6389.076	0.00013213	0.00013213	0.00073886	6.909e-05	6.909e-05	0.00191097	2020-07-14
San Diego	313.637	755.38	2783.902	268.462	499.456	6657.538	9.381e-05	0.00022593	0.00083266	8.03e-05	0.00014939	0.00199127	2020-07-15
San Diego	201.773	957.153	2985.675	309.216	808.672	6966.754	6.035e-05	0.00028628	0.00089302	9.249e-05	0.00024187	0.00208376	2020-07-16
San Diego	124.427	1081.58	3110.102	353.913	1162.585	7320.667	3.722e-05	0.0003235	0.00093023	0.00010586	0.00034773	0.00218961	2020-07-17
San Diego	23114.0	478.0	0.0	22636.0	0.0069134	0.00014297	159333.333333	73538.4615385	47800.0	0.0476566666667	0.0219953846154	0.014297	2020-07-18
San Diego	23682.0	478.0	0.0	23204.0	0.00708328	0.00014297	159333.333333	73538.4615385	47800.0	0.0476566666667	0.0219953846154	0.014297	2020-07-19
