Jefferson	2.0	0.0	0.0	0.0	2.349e-05	0.0	10.0	4.0	2.5	0.00011745	4.698e-05	2.93625e-05	2020-03-22
Jefferson	2.0	0.0	0.0	0.0	2.349e-05	0.0	10.0	4.0	2.5	0.00011745	4.698e-05	2.93625e-05	2020-03-23
Jefferson	4.0	0.0	0.0	0.0	4.699e-05	0.0	20.0	8.0	5.0	0.00023495	9.398e-05	5.87375e-05	2020-03-24
Jefferson	5.0	0.0	0.0	0.0	5.873e-05	0.0	25.0	10.0	6.25	0.00029365	0.00011746	7.34125e-05	2020-03-25
Jefferson	5.0	0.0	0.0	0.0	5.873e-05	0.0	25.0	10.0	6.25	0.00029365	0.00011746	7.34125e-05	2020-03-26
Jefferson	6.0	0.0	0.0	0.0	7.048e-05	0.0	30.0	12.0	7.5	0.0003524	0.00014096	8.81e-05	2020-03-27
Jefferson	8.0	0.0	0.0	0.0	9.398e-05	0.0	40.0	16.0	10.0	0.0004699	0.00018796	0.000117475	2020-03-28
Jefferson	8.0	0.0	0.0	0.0	9.398e-05	0.0	40.0	16.0	10.0	0.0004699	0.00018796	0.000117475	2020-03-29
Jefferson	10.0	0.0	0.0	0.0	0.00011747	0.0	50.0	20.0	12.5	0.00058735	0.00023494	0.0001468375	2020-03-30
Jefferson	11.0	0.0	0.0	0.0	0.00012922	0.0	55.0	22.0	13.75	0.0006461	0.00025844	0.000161525	2020-03-31
Jefferson	12.0	0.0	0.0	0.0	0.00014096	0.0	60.0	24.0	15.0	0.0007048	0.00028192	0.0001762	2020-04-01
Jefferson	12.0	0.0	0.0	0.0	0.00014096	0.0	60.0	24.0	15.0	0.0007048	0.00028192	0.0001762	2020-04-02
Jefferson	13.0	0.0	0.0	0.0	0.00015271	0.0	65.0	26.0	16.25	0.00076355	0.00030542	0.0001908875	2020-04-03
Jefferson	4	0	0	0	_2020-3-24
Jefferson	5	0	0	0	_2020-3-25
Jefferson	5	0	0	0	_2020-3-26
