Name	Predicted_New_Cases	Total_Predicted_New_Cases	Total_Predicted_Cases	Predicted_New_Deaths	Total_Predicted_New_Deaths	Total_Predicted_Deaths	Predicted_New_per_capita	Predicted_Total_New_per_capita	Predicted_Total_Cases_per_capita	Predicted_New_Deaths_per_capita	Total_Predicted_New_Deaths_per_capita	Total_Predicted_Deaths_per_capita
Cumberland	0.0	43.861	100.861	0.012	40.297	43.297	0.0	0.0040582	0.00933207	1.11e-06	0.00372844	0.00400601
Ford	0.0	34.351	84.351	0.042	137.005	139.005	0.0	0.00258979	0.00635939	3.17e-06	0.01032909	0.01047987
Henderson	0.121	394.909	408.909	0.0	0.0	0.0	1.804e-05	0.05886257	0.06094932	0.0	0.0	0.0
Jersey	0.0	566.167	688.167	0.042	137.005	139.005	0.0	0.02591509	0.03149938	1.92e-06	0.00627111	0.00636266
Massac	0.006	233.079	275.079	0.0	0.449	0.449	4.3e-07	0.01655391	0.01953686	0.0	3.189e-05	3.189e-05
Jefferson	0.0	1333.476	1637.476	0.013	148.979	168.979	0.0	0.03525849	0.04329656	3.4e-07	0.00393916	0.00446798
Bureau	0.0	233.475	474.475	0.033	108.802	111.802	0.0	0.0070765	0.01438108	1e-06	0.00329773	0.00338866
Douglas	0.573	1877.82	2006.82	0.0	0.0	3.0	2.942e-05	0.09640228	0.1030248	0.0	0.0	0.00015401
Scott	0.001	155.196	182.196	0.0	0.0	0.0	2e-07	0.03150548	0.0369866	0.0	0.0	0.0
Unassigned	0.0	8.091	1403.091	0.078	904.833	1113.833	N/A	N/A	N/A	N/A	N/A	N/A
Mason	0.276	902.637	959.637	0.0	0.0	0.0	2.035e-05	0.06654161	0.0707436	0.0	0.0	0.0
Greene	0.009	710.982	776.982	0.0	0.0	0.0	6.9e-07	0.05450644	0.05956624	0.0	0.0	0.0
