Name	Predicted_New_Cases	Total_Predicted_New_Cases	Total_Predicted_Cases	Predicted_New_Deaths	Total_Predicted_New_Deaths	Total_Predicted_Deaths	Predicted_New_per_capita	Predicted_Total_New_per_capita	Predicted_Total_Cases_per_capita	Predicted_New_Deaths_per_capita	Total_Predicted_New_Deaths_per_capita	Total_Predicted_Deaths_per_capita
Montgomery	0.0	64.988	192.988	0.001	137.091	140.091	0.0	0.00227223	0.0067476	3e-08	0.00479322	0.00489812
Henderson	0.0	40.322	49.322	0.0	0.124	0.124	0.0	0.00601014	0.00735162	0.0	1.848e-05	1.848e-05
Boone	0.0	794.033	1489.033	0.002	184.41	207.41	0.0	0.01482041	0.02779239	4e-08	0.00344196	0.00387125
Schuyler	0.0	0.0	14.0	0.002	184.41	184.41	0.0	0.0	0.00202693	2.9e-07	0.026699	0.026699
Scott	0.004	604.829	610.829	0.0	0.0	0.0	8.1e-07	0.12278299	0.12400102	0.0	0.0	0.0
Calhoun	0.003	374.985	380.985	0.0	0.285	0.285	6.2e-07	0.07808934	0.07933882	0.0	5.935e-05	5.935e-05
Iroquois	0.024	3286.213	3505.213	0.0	0.0	5.0	8.7e-07	0.11904844	0.12698207	0.0	0.0	0.00018113
Christian	0.016	2153.178	2233.178	0.0	0.0	4.0	4.9e-07	0.06592505	0.06837445	0.0	0.0	0.00012247
Stephenson	0.011	1491.898	1798.898	0.0	0.0	6.0	2.5e-07	0.03333627	0.04019614	0.0	0.0	0.00013407
Putnam	0.004	516.122	524.122	0.0	0.0	0.0	7e-07	0.08991672	0.09131045	0.0	0.0	0.0
Warren	0.011	1520.123	1690.123	0.0	0.051	0.051	6.5e-07	0.089251	0.09923221	0.0	2.99e-06	2.99e-06
