Name	Predicted_New_Cases	Total_Predicted_New_Cases	Predicted_New_per_capita	Predicted_Total_per_capita
Cumberland	0.0	0.0	0.0	0.0
Vermilion	0.0	0.0	0.0	0.0
Logan	0.0	0.0	0.0	0.0
Pike	0.0	0.0	0.0	0.0
Kendall	3.384	44.23	2.646e-05	0.00034578
Williamson	0.0	-0.07	0.0	-1.05e-06
Montgomery	0.0	0.0	0.0	0.0
Ford	5.638	36.657	0.00042506	0.00276363
McHenry	9.142	119.479	2.963e-05	0.0003872
La Salle	0.547	7.236	5e-06	6.613e-05
Woodford	0.396	5.17	1.028e-05	0.00013441
Peoria	0.01	1.086	5e-08	6.01e-06
Lee	-0.084	-1.113	-2.46e-06	-3.253e-05
Washington	0.044	0.574	3.14e-06	4.104e-05
Jersey	0.0	0.0	0.0	0.0
Kankakee	4.307	56.293	3.915e-05	0.00051164
Massac	0.0	0.0	0.0	0.0
Macon	-5.133	-32.25	-4.902e-05	-0.00030798
Effingham	0.0	0.0	0.0	0.0
Fayette	0.0	0.0	0.0	0.0
Jefferson	0.0	0.0	0.0	0.0
Bureau	0.0	0.0	0.0	0.0
Bond	0.0	0.0	0.0	0.0
Monroe	0.923	12.063	2.688e-05	0.00035133
Douglas	0.0	0.067	0.0	3.46e-06
Marion	-0.231	-3.122	-6.13e-06	-8.298e-05
Winnebago	3.56	46.528	1.253e-05	0.00016378
Mercer	0.0	0.0	0.0	0.0
McLean	3.033	39.635	1.755e-05	0.00022933
Livingston	0.527	6.893	1.475e-05	0.00019275
Henry	0.0	0.0	0.0	0.0
Madison	3.604	47.102	1.363e-05	0.00017811
Boone	0.0	0.0	0.0	0.0
Tazewell	0.0	0.0	0.0	0.0
Rock Island	3.516	45.954	2.451e-05	0.00032029
Ogle	0.0	0.0	0.0	0.0
Calhoun	-14.115	-88.686	-0.00293931	-0.01846863
Iroquois	0.0	0.0	0.0	0.0
Saline	0.0	0.0	0.0	0.0
Christian	0.565	8.466	1.73e-05	0.0002592
Marshall	0.0	0.0	0.0	0.0
Lake	42.455	554.889	6.058e-05	0.00079176
Unassigned	0.079	7.428	N/A	N/A
Will	48.696	636.457	7.034e-05	0.00091932
Randolph	0.0	0.0	0.0	0.0
Macoupin	0.0	0.0	0.0	0.0
Mason	0.0	0.0	0.0	0.0
Adams	0.352	4.595	5.35e-06	6.995e-05
Stephenson	0.088	1.149	1.96e-06	2.567e-05
Cook	451.231	5897.568	8.71e-05	0.00113842
De Kalb	1.187	15.509	1.139e-05	0.00014892
Franklin	-0.21	-2.783	-5.44e-06	-7.191e-05
Gallatin	0.0	0.0	0.0	0.0
Jo Daviess	0.44	5.744	2.057e-05	0.00026885
Moultrie	0.0	0.0	0.0	0.0
Clark	0.0	0.0	0.0	0.0
Menard	1.41	9.164	0.00011471	0.00074578
Dewitt	0.0	0.0	0.0	0.0
Sangamon	1.846	24.126	9.45e-06	0.0001235
Piatt	0.0	0.0	0.0	0.0
Carroll	-3.425	-22.266	-0.00023928	-0.00155575
Dupage	39.115	511.234	4.212e-05	0.00055055
Morgan	0.0	0.0	0.0	0.0
Knox	-54.427	-366.07	-0.0010861	-0.00730504
Whiteside	1.626	21.254	2.923e-05	0.00038208
Clinton	0.396	5.17	1.051e-05	0.00013735
Crawford	0.0	0.0	0.0	0.0
Kane	11.603	151.647	2.172e-05	0.00028387
Champaign	3.384	44.23	1.612e-05	0.00021064
Grundy	0.589	7.793	1.156e-05	0.00015288
Jasper	-1.283	-8.062	-0.00013351	-0.00083887
Wabash	0.0	0.0	0.0	0.0
Saint Clair	5.23	68.356	2.003e-05	0.00026184
Jackson	1.099	14.36	1.914e-05	0.0002501
