Name	Predicted_New_Cases	Total_Predicted_New_Cases	Total_Predicted_Cases	Predicted_New_Deaths	Total_Predicted_New_Deaths	Total_Predicted_Deaths	Predicted_New_per_capita	Predicted_Total_New_per_capita	Predicted_Total_Cases_per_capita	Predicted_New_Deaths_per_capita	Total_Predicted_New_Deaths_per_capita	Total_Predicted_Deaths_per_capita
Cumberland	0.724	32.912	89.912	1.053	13.693	16.693	6.699e-05	0.00304515	0.00831902	9.743e-05	0.00126693	0.0015445
Vermilion	0.0	28.534	277.534	0.0	0.0	2.0	0.0	0.00037151	0.00361344	0.0	0.0	2.604e-05
Logan	5.561	199.54	365.54	0.0	0.0	1.0	0.00019226	0.00689853	0.01263751	0.0	0.0	3.457e-05
Brown	0.038	1.949	16.949	0.0	0.0	0.0	5.8e-06	0.00029728	0.00258527	0.0	0.0	0.0
Pike	1.286	48.264	74.264	0.0	0.0	0.0	8.238e-05	0.00309167	0.00475716	0.0	0.0	0.0
Richland	1.46	47.62	69.62	0.0	0.0	0.0	9.262e-05	0.003021	0.00441667	0.0	0.0	0.0
Wayne	0.517	36.191	102.191	0.007	0.355	2.355	3.166e-05	0.00221596	0.0062571	4.3e-07	2.174e-05	0.0001442
Kendall	6.423	300.911	1712.911	0.008	0.238	23.238	5.021e-05	0.00235243	0.01339101	6e-08	1.86e-06	0.00018167
Fulton	0.425	22.069	59.069	0.008	0.238	0.238	1.22e-05	0.00063337	0.00169524	2.3e-07	6.83e-06	6.83e-06
Williamson	4.009	207.935	661.935	0.162	6.097	13.097	5.979e-05	0.00310092	0.00987138	2.42e-06	9.092e-05	0.00019531
Montgomery	1.372	71.173	245.173	0.044	1.65	8.65	4.797e-05	0.00248848	0.00857218	1.54e-06	5.769e-05	0.00030244
Ford	0.521	27.034	77.034	3.579	46.557	48.557	3.928e-05	0.00203815	0.00580775	0.00026983	0.00351003	0.00366081
McHenry	15.754	779.547	4058.547	0.0	0.182	114.182	5.105e-05	0.00252632	0.01315276	0.0	5.9e-07	0.00037004
La Salle	16.659	780.539	1605.539	1.321	41.069	66.069	0.00015223	0.00713277	0.01467184	1.207e-05	0.0003753	0.00060376
Alexander	0.053	2.748	39.748	1.321	41.069	41.069	8.75e-06	0.00045347	0.00655908	0.00021799	0.00677706	0.00677706
Woodford	3.537	170.433	340.433	0.0	0.0	3.0	9.196e-05	0.00443109	0.00885092	0.0	0.0	7.8e-05
Henderson	10.317	134.197	148.197	0.0	0.0	0.0	0.00153779	0.02000253	0.02208928	0.0	0.0	0.0
Hamilton	0.162	14.193	44.193	0.0	0.0	0.0	1.985e-05	0.0017387	0.00541382	0.0	0.0	0.0
Peoria	15.319	811.564	2528.564	0.085	3.334	39.334	8.481e-05	0.00449319	0.01399928	4.7e-07	1.846e-05	0.00021777
Lee	2.36	103.753	289.753	0.058	3.014	4.014	6.896e-05	0.00303167	0.00846662	1.69e-06	8.807e-05	0.00011729
Washington	0.639	29.938	96.938	0.058	3.014	3.014	4.566e-05	0.00213919	0.00692662	4.14e-06	0.00021536	0.00021536
Jersey	11.907	352.649	474.649	3.579	46.557	48.557	0.00054502	0.01614176	0.02172605	0.00016382	0.00213105	0.00222259
Kankakee	6.574	307.989	2114.989	0.007	0.355	69.355	5.975e-05	0.00279929	0.01922298	6e-08	3.23e-06	0.00063036
Massac	5.667	113.02	155.02	0.007	0.355	0.355	0.00040249	0.00802699	0.01100994	5e-07	2.521e-05	2.521e-05
Hardin	0.08	4.167	22.167	0.007	0.355	0.355	2.046e-05	0.00106573	0.00566931	1.79e-06	9.079e-05	9.079e-05
Macon	10.847	508.227	1186.227	0.0	0.0	23.0	0.00010359	0.00485357	0.01132847	0.0	0.0	0.00021965
Effingham	2.637	136.76	319.76	0.0	0.0	1.0	7.709e-05	0.0039979	0.00934752	0.0	0.0	2.923e-05
Fayette	0.537	27.833	98.833	0.0	0.0	3.0	2.507e-05	0.00129964	0.00461491	0.0	0.0	0.00014008
Cass	1.716	88.987	326.987	0.0	0.0	11.0	0.00013997	0.00725832	0.02667104	0.0	0.0	0.00089723
Jefferson	28.043	830.575	1134.575	3.813	61.77	81.77	0.00074149	0.02196126	0.02999934	0.00010082	0.00163326	0.00216208
Pulaski	0.729	21.587	118.587	0.0	0.0	1.0	0.00013344	0.00395149	0.0217073	0.0	0.0	0.00018305
Bureau	3.542	183.733	424.733	2.842	36.972	39.972	0.00010736	0.00556885	0.01287343	8.614e-05	0.0011206	0.00121153
Coles	5.372	258.836	778.836	0.251	8.189	29.189	0.00010557	0.00508669	0.01530581	4.93e-06	0.00016093	0.00057363
Bond	0.0	3.405	67.405	0.125	5.127	8.127	0.0	0.00020475	0.00405322	7.52e-06	0.0003083	0.0004887
Monroe	1.353	94.175	426.175	0.0	0.0	13.0	3.941e-05	0.00274283	0.01241226	0.0	0.0	0.00037862
Douglas	49.059	638.119	767.119	0.0	0.0	3.0	0.00251856	0.03275933	0.03938185	0.0	0.0	0.00015401
Lawrence	0.562	24.712	75.712	0.0	0.0	0.0	3.565e-05	0.00156752	0.00480254	0.0	0.0	0.0
Marion	1.297	67.273	236.273	0.0	0.0	0.0	3.448e-05	0.00178822	0.00628052	0.0	0.0	0.0
Winnebago	0.567	181.795	3987.795	0.366	18.967	149.967	2e-06	0.00063994	0.01403753	1.29e-06	6.677e-05	0.0005279
McLean	4.791	248.524	934.524	0.0	0.0	15.0	2.772e-05	0.00143798	0.00540725	0.0	0.0	8.679e-05
Livingston	1.453	69.993	199.993	0.007	0.355	3.355	4.063e-05	0.00195724	0.00559249	2e-07	9.93e-06	9.382e-05
Henry	2.497	120.313	382.313	0.0	0.0	1.0	5.087e-05	0.00245087	0.007788	0.0	0.0	2.037e-05
Madison	28.789	1348.843	4125.843	0.578	19.784	97.784	0.00010886	0.00510035	0.01560095	2.19e-06	7.481e-05	0.00036975
Boone	1.897	98.38	868.38	0.0	0.0	23.0	3.541e-05	0.00183624	0.01620807	0.0	0.0	0.00042929
Schuyler	0.0	1.719	20.719	0.0	0.0	0.0	0.0	0.00024888	0.00299971	0.0	0.0	0.0
Tazewell	12.402	563.548	1144.548	0.0	0.0	8.0	9.372e-05	0.00425872	0.00864933	0.0	0.0	6.046e-05
Scott	3.329	93.96	120.96	0.0	0.0	0.0	0.0006758	0.0190743	0.02455542	0.0	0.0	0.0
Rock Island	8.878	450.185	2234.185	0.809	29.043	67.043	6.188e-05	0.00313768	0.01557173	5.64e-06	0.00020242	0.00046727
Ogle	2.049	106.273	526.273	0.0	0.0	5.0	4.024e-05	0.00208694	0.01033468	0.0	0.0	9.819e-05
Calhoun	0.121	6.293	17.293	0.0	0.0	0.0	2.52e-05	0.0013105	0.00360121	0.0	0.0	0.0
Iroquois	0.844	43.785	312.785	0.535	20.097	32.097	3.058e-05	0.00158618	0.01133115	1.938e-05	0.00072805	0.00116277
Saline	0.301	43.53	177.53	0.0	0.0	2.0	1.259e-05	0.00182088	0.00742617	0.0	0.0	8.366e-05
Christian	1.288	73.962	217.962	0.0	0.0	4.0	3.944e-05	0.00226454	0.00667346	0.0	0.0	0.00012247
Marshall	0.37	17.815	45.815	0.0	0.0	0.0	3.208e-05	0.00154456	0.00397217	0.0	0.0	0.0
Lake	36.122	1873.694	14812.694	0.489	22.233	471.233	5.154e-05	0.00267353	0.02113587	7e-07	3.172e-05	0.00067239
Unassigned	0.0	8.091	1403.091	23.159	375.168	584.168	N/A	N/A	N/A	N/A	N/A	N/A
Will	46.197	2164.447	11650.447	0.344	17.042	363.042	6.673e-05	0.00312641	0.01682837	5e-07	2.462e-05	0.00052439
Randolph	2.392	112.061	598.061	0.0	0.0	7.0	7.45e-05	0.00349034	0.0186277	0.0	0.0	0.00021803
Macoupin	8.635	281.63	481.63	0.0	0.0	3.0	0.00019056	0.00621521	0.01062896	0.0	0.0	6.621e-05
Mason	23.582	306.733	363.733	0.0	0.0	0.0	0.00173844	0.02261209	0.02681408	0.0	0.0	0.0
Edwards	0.277	14.358	38.358	0.0	0.0	0.0	4.334e-05	0.00224625	0.00600094	0.0	0.0	0.0
Adams	5.01	276.323	856.323	0.231	9.788	15.788	7.627e-05	0.00420641	0.01303562	3.52e-06	0.000149	0.00024034
Stephenson	0.648	33.593	368.593	0.0	0.0	6.0	1.448e-05	0.00075063	0.00823616	0.0	0.0	0.00013407
Cook	308.989	14888.516	127932.516	1.062	74.501	5008.501	5.964e-05	0.00287396	0.02469505	2e-07	1.438e-05	0.0009668
Clay	1.186	46.483	73.483	1.062	74.501	74.501	8.949e-05	0.00350736	0.00554463	8.013e-05	0.00562144	0.00562144
De Kalb	5.136	266.429	1222.429	0.167	6.26	37.26	4.932e-05	0.0025583	0.01173799	1.6e-06	6.011e-05	0.00035778
Shelby	1.396	67.253	157.253	0.0	0.0	1.0	6.421e-05	0.00309337	0.00723302	0.0	0.0	4.6e-05
Putnam	0.381	17.328	31.328	0.0	0.0	0.0	6.638e-05	0.00301882	0.00545784	0.0	0.0	0.0
Franklin	8.214	294.737	492.737	0.0	0.0	1.0	0.00021224	0.00761575	0.01273189	0.0	0.0	2.584e-05
Gallatin	0.535	24.306	75.306	0.0	0.0	2.0	0.00010577	0.00480546	0.01488849	0.0	0.0	0.00039541
Jo Daviess	0.747	38.731	171.731	0.0	0.0	1.0	3.496e-05	0.00181274	0.00803758	0.0	0.0	4.68e-05
Pope	0.077	3.989	14.989	0.0	0.0	0.0	1.828e-05	0.00094706	0.00355864	0.0	0.0	0.0
Greene	16.134	390.021	456.021	0.0	0.0	0.0	0.00123689	0.02990041	0.03496021	0.0	0.0	0.0
McDonough	0.853	44.227	191.227	0.0	0.0	15.0	2.848e-05	0.00147645	0.00638381	0.0	0.0	0.00050075
Hancock	3.877	139.122	207.122	0.0	0.0	1.0	0.00021727	0.00779657	0.01160738	0.0	0.0	5.604e-05
Union	0.0	26.845	356.845	0.004	3.563	26.563	0.0	0.00159403	0.02118906	2.4e-07	0.00021157	0.00157728
Edgar	0.169	8.777	37.777	0.004	3.563	3.563	9.74e-06	0.00050559	0.00217609	2.3e-07	0.00020524	0.00020524
Moultrie	1.068	55.395	148.395	0.004	3.563	3.563	7.257e-05	0.00376401	0.01008324	2.7e-07	0.0002421	0.0002421
Perry	4.185	190.173	375.173	0.007	0.355	3.355	0.00019765	0.00898144	0.01771857	3.3e-07	1.677e-05	0.00015845
Clark	1.209	54.926	141.926	0.0	0.0	2.0	7.752e-05	0.0035218	0.00910015	0.0	0.0	0.00012824
Menard	0.496	25.706	83.706	0.0	0.0	0.0	4.036e-05	0.00209196	0.00681201	0.0	0.0	0.0
Dewitt	0.098	7.83	41.83	0.0	0.0	0.0	6.21e-06	0.00049654	0.00265267	0.0	0.0	0.0
Sangamon	14.987	741.599	2064.599	0.0	0.0	33.0	7.672e-05	0.0037963	0.01056883	0.0	0.0	0.00016893
Piatt	0.812	44.793	108.793	0.0	0.0	0.0	4.952e-05	0.00273195	0.00663534	0.0	0.0	0.0
Carroll	0.854	38.795	102.795	0.306	9.063	13.063	5.967e-05	0.00271066	0.00718243	2.138e-05	0.00063324	0.00091273
Dupage	41.844	2170.523	14681.523	0.569	29.511	551.511	4.506e-05	0.00233744	0.01581057	6.1e-07	3.178e-05	0.00059392
Morgan	3.921	183.724	469.724	0.207	6.445	12.445	0.0001154	0.00540746	0.01382517	6.09e-06	0.00018969	0.00036629
Knox	2.462	127.721	451.721	0.0	0.0	1.0	4.913e-05	0.00254871	0.00901423	0.0	0.0	1.996e-05
Whiteside	3.432	155.954	522.954	0.243	7.196	24.196	6.17e-05	0.00280362	0.00940125	4.37e-06	0.00012936	0.00043498
Warren	0.304	21.177	215.177	0.243	7.196	7.196	1.785e-05	0.00124337	0.01263369	1.427e-05	0.0004225	0.0004225
Johnson	0.642	33.326	103.326	0.243	7.196	7.196	5.154e-05	0.0026755	0.00829528	1.951e-05	0.00057771	0.00057771
White	0.689	33.186	105.186	0.243	7.196	7.196	5.042e-05	0.00242854	0.00769748	1.778e-05	0.0005266	0.0005266
Clinton	4.197	202.253	621.253	0.0	0.0	17.0	0.00011151	0.0053735	0.01650557	0.0	0.0	0.00045166
Crawford	0.0	0.0	29.0	0.0	0.0	0.0	0.0	0.0	0.00154198	0.0	0.0	0.0
Kane	33.039	1675.333	11623.333	0.419	21.714	326.714	6.185e-05	0.00313606	0.02175774	7.8e-07	4.065e-05	0.00061158
Stark	0.0	0.0	7.0	0.419	21.714	21.714	0.0	0.0	0.00128985	7.721e-05	0.00400111	0.00400111
Champaign	6.099	350.249	2059.249	0.0	0.0	19.0	2.905e-05	0.00166799	0.00980674	0.0	0.0	9.048e-05
Grundy	3.002	140.67	483.67	0.0	0.0	5.0	5.89e-05	0.00275975	0.00948894	0.0	0.0	9.809e-05
Jasper	0.338	17.547	76.547	0.0	0.0	7.0	3.517e-05	0.00182572	0.00796452	0.0	0.0	0.00072833
Wabash	0.0	4.237	46.237	0.0	0.0	0.0	0.0	0.00036687	0.00400355	0.0	0.0	0.0
Saint Clair	21.829	1132.282	5287.282	0.287	14.891	176.891	8.362e-05	0.00433726	0.02025321	1.1e-06	5.704e-05	0.00067759
Jackson	2.279	161.684	901.684	0.005	0.314	20.314	3.969e-05	0.00281586	0.01570358	9e-08	5.47e-06	0.00035379
