Name	Predicted_New_Cases	Total_Predicted_New_Cases	Total_Predicted_Cases	Predicted_New_Deaths	Total_Predicted_New_Deaths	Total_Predicted_Deaths	Predicted_New_per_capita	Predicted_Total_New_per_capita	Predicted_Total_Cases_per_capita	Predicted_New_Deaths_per_capita	Total_Predicted_New_Deaths_per_capita	Total_Predicted_Deaths_per_capita
Richland	0.001	55.711	74.711	0.0	0.0	0.0	6e-08	0.00353429	0.00473964	0.0	0.0	0.0
Fulton	0.239	781.749	814.749	0.0	5.846	5.846	6.86e-06	0.02243568	0.02338276	0.0	0.00016778	0.00016778
Ford	0.287	938.913	987.913	0.0	0.449	2.449	2.164e-05	0.07078657	0.07448078	0.0	3.385e-05	0.00018464
La Salle	0.0	1748.535	2487.535	0.006	152.788	176.788	0.0	0.01597857	0.02273175	5e-08	0.00139622	0.00161554
Alexander	0.0	3.827	40.827	0.006	152.788	152.788	0.0	0.00063152	0.00673713	9.9e-07	0.02521254	0.02521254
Lee	0.0	82.893	252.893	0.022	72.537	73.537	0.0	0.00242214	0.00738956	6.4e-07	0.00211954	0.00214876
Washington	0.0	7.688	73.688	0.022	72.537	72.537	0.0	0.00054934	0.00526531	1.57e-06	0.00518307	0.00518307
Jersey	0.748	2450.024	2554.024	0.0	0.449	2.449	3.424e-05	0.11214464	0.11690502	0.0	2.055e-05	0.0001121
Ogle	0.0	187.175	596.175	0.0	0.0	5.0	0.0	0.00367565	0.01170738	0.0	0.0	9.819e-05
Calhoun	0.0	40.729	49.729	0.0	0.0	0.0	0.0	0.00848167	0.01035589	0.0	0.0	0.0
Will	0.0	2262.459	11413.459	0.125	411.016	755.016	0.0	0.00326799	0.01648605	1.8e-07	0.00059369	0.00109058
De Kalb	0.0	759.528	1686.528	0.002	96.585	126.585	0.0	0.00729313	0.01619435	2e-08	0.00092743	0.00121549
Putnam	0.1	326.398	337.398	0.0	0.0	0.0	1.742e-05	0.05686376	0.05878014	0.0	0.0	0.0
Greene	0.401	1313.667	1352.667	0.0	0.0	0.0	3.074e-05	0.10071044	0.10370032	0.0	0.0	0.0
McDonough	0.014	534.639	675.639	0.0	0.0	15.0	4.7e-07	0.01784807	0.02255513	0.0	0.0	0.00050075
Hancock	0.493	1615.893	1668.893	0.0	0.0	1.0	2.763e-05	0.09055666	0.09352684	0.0	0.0	5.604e-05
Jasper	0.0	54.374	112.374	0.0	0.0	7.0	0.0	0.00565748	0.01169223	0.0	0.0	0.00072833
Wabash	0.0	25.897	59.897	0.0	0.0	0.0	0.0	0.00224236	0.00518634	0.0	0.0	0.0
