Name	Predicted_New_Cases	Total_Predicted_New_Cases	Total_Predicted_Cases	Predicted_New_Deaths	Total_Predicted_New_Deaths	Total_Predicted_Deaths	Predicted_New_per_capita	Predicted_Total_New_per_capita	Predicted_Total_Cases_per_capita	Predicted_New_Deaths_per_capita	Total_Predicted_New_Deaths_per_capita	Total_Predicted_Deaths_per_capita
Fulton	0.059	72.314	87.314	0.0	7.112	7.112	1.69e-06	0.00207536	0.00250585	0.0	0.00020411	0.00020411
Ford	0.21	257.1	283.1	0.0	0.0	1.0	1.583e-05	0.01938329	0.02134349	0.0	0.0	7.539e-05
Alexander	0.0	31.281	52.281	0.0	0.0	0.0	0.0	0.00516188	0.00862723	0.0	0.0	0.0
Lee	0.0	40.484	136.484	0.059	72.314	74.314	0.0	0.00118295	0.00398808	1.72e-06	0.00211302	0.00217146
Washington	0.0	0.0	19.0	0.059	72.314	72.314	0.0	0.0	0.00135763	4.22e-06	0.00516713	0.00516713
Jersey	0.007	79.076	113.076	0.0	0.0	1.0	3.2e-07	0.00361954	0.00517581	0.0	0.0	4.577e-05
Cass	0.004	306.164	425.164	0.0	0.0	0.0	3.3e-07	0.02497259	0.03467896	0.0	0.0	0.0
Coles	0.002	91.473	246.473	0.0	0.0	17.0	4e-08	0.00179764	0.00484373	0.0	0.0	0.00033409
Marion	0.587	719.073	784.073	0.0	0.0	0.0	1.56e-05	0.01911411	0.02084192	0.0	0.0	0.0
Henry	0.338	413.774	491.774	0.0	0.0	1.0	6.89e-06	0.00842889	0.0100178	0.0	0.0	2.037e-05
Ogle	0.0	37.032	277.032	0.0	0.0	4.0	0.0	0.00072722	0.00544021	0.0	0.0	7.855e-05
Calhoun	0.0	0.0	1.0	0.0	0.0	0.0	0.0	0.0	0.00020825	0.0	0.0	0.0
Macoupin	0.001	30.387	80.387	0.0	3.041	6.041	2e-08	0.0006706	0.00177404	0.0	6.711e-05	0.00013332
Mason	0.148	180.771	201.771	0.0	3.041	3.041	1.091e-05	0.01332628	0.01487438	0.0	0.00022418	0.00022418
Adams	1.331	1630.975	1701.975	0.0	0.0	1.0	2.026e-05	0.02482798	0.0259088	0.0	0.0	1.522e-05
Stephenson	0.001	164.923	425.923	0.0	0.0	5.0	2e-08	0.00368518	0.00951719	0.0	0.0	0.00011172
Jo Daviess	0.001	46.298	85.298	0.0	0.0	1.0	5e-08	0.0021669	0.00399223	0.0	0.0	4.68e-05
Union	0.0	40.944	221.944	0.0	10.077	28.077	0.0	0.00243121	0.01317879	0.0	0.00059836	0.00166718
Edgar	0.0	23.38	31.38	0.0	10.077	10.077	0.0	0.00134677	0.0018076	0.0	0.00058047	0.00058047
Moultrie	0.0	0.131	16.131	0.0	10.077	10.077	0.0	8.9e-06	0.00109608	0.0	0.00068472	0.00068472
Perry	0.0	1.351	47.351	0.0	10.077	10.077	0.0	6.38e-05	0.00223628	0.0	0.00047591	0.00047591
Clark	0.0	2.477	16.477	0.0	10.077	10.077	0.0	0.00015882	0.00105649	0.0	0.00064613	0.00064613
Menard	0.0	0.124	23.124	0.0	10.077	10.077	0.0	1.009e-05	0.00188184	0.0	0.00082007	0.00082007
Dewitt	0.0	0.0	4.0	0.0	10.077	10.077	0.0	0.0	0.00025366	0.0	0.00063904	0.00063904
Whiteside	0.008	220.292	398.292	0.002	3.248	18.248	1.4e-07	0.00396023	0.00716018	4e-08	5.839e-05	0.00032805
Warren	0.213	261.116	392.116	0.002	3.248	3.248	1.251e-05	0.01533091	0.02302231	1.2e-07	0.0001907	0.0001907
Johnson	0.0	0.411	20.411	0.002	3.248	3.248	0.0	3.3e-05	0.00163865	1.6e-07	0.00026076	0.00026076
White	0.0	0.014	4.014	0.002	3.248	3.248	0.0	1.02e-06	0.00029374	1.5e-07	0.00023769	0.00023769
Wabash	0.011	189.257	211.257	0.0	0.0	0.0	9.5e-07	0.01638731	0.01829223	0.0	0.0	0.0
