Name	Predicted_New_Cases	Total_Predicted_New_Cases	Total_Predicted_Cases	Predicted_New_Deaths	Total_Predicted_New_Deaths	Total_Predicted_Deaths	Predicted_New_per_capita	Predicted_Total_New_per_capita	Predicted_Total_Cases_per_capita	Predicted_New_Deaths_per_capita	Total_Predicted_New_Deaths_per_capita	Total_Predicted_Deaths_per_capita
Cumberland	0.0	0.0	10.0	3.127	1235.905	1235.905	0.0	0.0	0.00092524	0.00028932	0.11435094	0.11435094
Vermilion	1.926	212.812	262.812	1.374	117.805	119.805	2.508e-05	0.00277077	0.00342176	1.789e-05	0.0015338	0.00155984
Logan	0.109	22.22	35.22	1.374	117.805	117.805	3.77e-06	0.00076819	0.00121763	4.75e-05	0.00407277	0.00407277
Brown	0.0	0.0	10.0	1.374	117.805	117.805	0.0	0.0	0.00152532	0.00020958	0.01796904	0.01796904
Pike	0.0	0.124	2.124	1.374	117.805	117.805	0.0	7.94e-06	0.00013606	8.801e-05	0.00754628	0.00754628
Richland	0.0	0.0	4.0	1.374	117.805	117.805	0.0	0.0	0.00025376	8.717e-05	0.00747351	0.00747351
Wayne	1.818	155.919	166.919	0.0	0.0	1.0	0.00011132	0.00954684	0.01022036	0.0	0.0	6.123e-05
Kendall	0.302	119.364	1037.364	0.03	7.724	27.724	2.36e-06	0.00093315	0.00810979	2.3e-07	6.038e-05	0.00021674
Fulton	0.0	0.0	12.0	0.03	7.724	7.724	0.0	0.0	0.00034439	8.6e-07	0.00022167	0.00022167
Williamson	0.122	42.163	135.163	0.03	6.374	10.374	1.82e-06	0.00062877	0.00201567	4.5e-07	9.505e-05	0.00015471
Montgomery	0.0	0.0	41.0	0.0	0.0	1.0	0.0	0.0	0.00143352	0.0	0.0	3.496e-05
Ford	0.0	0.014	25.014	0.0	0.0	1.0	0.0	1.06e-06	0.00188586	0.0	0.0	7.539e-05
McHenry	0.0	79.828	2000.828	11.096	837.034	928.034	0.0	0.0002587	0.00648419	3.596e-05	0.00271262	0.00300753
La Salle	0.078	38.034	228.034	0.0	0.0	16.0	7.1e-07	0.00034756	0.00208383	0.0	0.0	0.00014621
Alexander	0.018	7.299	27.299	0.0	0.0	0.0	2.97e-06	0.00120446	0.00450479	0.0	0.0	0.0
Woodford	0.101	35.046	67.046	0.0	0.0	2.0	2.63e-06	0.00091116	0.00174313	0.0	0.0	5.2e-05
Henderson	0.0	0.0	8.0	0.0	0.0	0.0	0.0	0.0	0.00119243	0.0	0.0	0.0
Hamilton	0.0	0.0	2.0	0.0	0.0	0.0	0.0	0.0	0.00024501	0.0	0.0	0.0
Peoria	0.0	46.153	480.153	0.0	5.788	30.788	0.0	0.00025552	0.00265835	0.0	3.205e-05	0.00017046
Lee	5.535	474.684	570.684	0.063	24.89	26.89	0.00016173	0.01387032	0.01667545	1.84e-06	0.00072729	0.00078573
Washington	0.0	0.0	19.0	0.063	24.89	24.89	0.0	0.0	0.00135763	4.5e-06	0.00177849	0.00177849
Jersey	0.014	5.531	38.531	0.0	0.0	1.0	6.4e-07	0.00025317	0.00176367	0.0	0.0	4.577e-05
Kankakee	0.651	257.201	1406.201	0.034	13.388	74.388	5.92e-06	0.00233768	0.01278086	3.1e-07	0.00012168	0.00067611
Massac	0.0	0.0	7.0	0.034	13.388	13.388	0.0	0.0	0.00049716	2.41e-06	0.00095085	0.00095085
Hardin	0.0	0.0	1.0	0.034	13.388	13.388	0.0	0.0	0.00025575	8.7e-06	0.00342404	0.00342404
Macon	0.131	43.665	262.665	0.0	0.0	21.0	1.25e-06	0.000417	0.00250845	0.0	0.0	0.00020055
Effingham	4.767	408.85	420.85	0.0	0.0	1.0	0.00013935	0.01195188	0.01230268	0.0	0.0	2.923e-05
Fayette	0.01	3.876	26.876	0.0	0.0	3.0	4.7e-07	0.00018099	0.00125495	0.0	0.0	0.00014008
Cass	19.674	1687.382	1787.382	0.0	0.0	0.0	0.00160473	0.13763312	0.14578972	0.0	0.0	0.0
Jefferson	0.0	1.164	105.164	0.0	0.0	16.0	0.0	3.078e-05	0.00278065	0.0	0.0	0.00042306
Pulaski	7.999	686.038	752.038	0.0	0.0	0.0	0.00146421	0.12557899	0.13766026	0.0	0.0	0.0
Bureau	0.008	5.171	29.171	0.0	0.0	1.0	2.4e-07	0.00015673	0.00088416	0.0	0.0	3.031e-05
Coles	0.064	21.338	172.338	0.0	0.0	17.0	1.26e-06	0.00041934	0.00338681	0.0	0.0	0.00033409
Bond	0.0	0.0	12.0	0.0	0.0	1.0	0.0	0.0	0.00072159	0.0	0.0	6.013e-05
Monroe	0.0	3.672	119.672	0.0	0.0	12.0	0.0	0.00010695	0.00348542	0.0	0.0	0.0003495
Douglas	0.021	20.568	62.568	0.0	0.0	0.0	1.08e-06	0.00105591	0.00321207	0.0	0.0	0.0
Lawrence	1.091	93.551	98.551	0.0	0.0	0.0	6.92e-05	0.00593409	0.00625125	0.0	0.0	0.0
Marion	1.939	166.309	226.309	0.0	0.0	0.0	5.154e-05	0.00442076	0.00601566	0.0	0.0	0.0
Winnebago	0.0	288.789	3171.789	0.0	2.022	84.022	0.0	0.00101657	0.01116509	0.0	7.12e-06	0.00029577
Mercer	0.009	3.43	23.43	0.0	2.022	2.022	5.8e-07	0.00021986	0.00150183	0.0	0.00012961	0.00012961
McLean	0.0	8.054	262.054	0.0	0.0	13.0	0.0	4.66e-05	0.00151627	0.0	0.0	7.522e-05
Livingston	0.008	3.1	40.1	0.0	0.0	2.0	2.2e-07	8.669e-05	0.00112133	0.0	0.0	5.593e-05
Henry	0.009	3.539	78.539	0.0	0.0	1.0	1.8e-07	7.209e-05	0.0015999	0.0	0.0	2.037e-05
Madison	0.829	327.672	1142.672	0.024	6.873	73.873	3.13e-06	0.00123902	0.00432076	9e-08	2.599e-05	0.00027933
Boone	0.455	151.77	707.77	0.055	11.314	31.314	8.49e-06	0.00283275	0.01321033	1.03e-06	0.00021117	0.00058447
Schuyler	0.0	0.0	13.0	0.055	11.314	11.314	0.0	0.0	0.00188215	7.96e-06	0.00163805	0.00163805
Tazewell	0.561	146.469	258.469	0.201	29.307	36.307	4.24e-06	0.00110686	0.00195324	1.52e-06	0.00022147	0.00027437
Scott	0.0	0.0	0.0	0.0	0.0	0.0	0.0	0.0	0.0	0.0	0.0	0.0
Rock Island	0.0	31.555	820.555	0.0	0.394	28.394	0.0	0.00021993	0.00571907	0.0	2.75e-06	0.0001979
Ogle	0.089	29.672	265.672	0.0	0.0	4.0	1.75e-06	0.00058268	0.00521713	0.0	0.0	7.855e-05
Calhoun	0.0	0.0	1.0	0.0	0.0	0.0	0.0	0.0	0.00020825	0.0	0.0	0.0
Iroquois	0.247	58.348	201.348	0.0	0.0	5.0	8.95e-06	0.00211375	0.00729416	0.0	0.0	0.00018113
Saline	1.091	93.551	101.551	0.0	0.0	0.0	4.564e-05	0.00391329	0.00424793	0.0	0.0	0.0
Christian	0.077	26.744	68.744	0.0	0.0	4.0	2.36e-06	0.00081884	0.00210477	0.0	0.0	0.00012247
Marshall	0.727	62.369	68.369	0.0	0.0	0.0	6.303e-05	0.0054074	0.00592761	0.0	0.0	0.0
Lake	0.281	645.163	10001.163	0.233	92.043	493.043	4e-07	0.00092057	0.01427041	3.3e-07	0.00013133	0.00070351
Unassigned	0.0	1.211	52.211	0.008	3.1	4.1	N/A	N/A	N/A	N/A	N/A	N/A
Will	1.869	738.642	7136.642	0.086	35.665	345.665	2.7e-06	0.00106692	0.01030845	1.2e-07	5.152e-05	0.00049929
Randolph	0.0	3.364	281.364	0.0	0.35	7.35	0.0	0.00010478	0.0087636	0.0	1.09e-05	0.00022893
Macoupin	0.0	0.224	47.224	1.374	117.805	120.805	0.0	4.94e-06	0.00104217	3.032e-05	0.00259981	0.00266601
Mason	0.727	62.369	81.369	1.374	117.805	117.805	5.359e-05	0.00459779	0.00599845	0.00010129	0.00868448	0.00868448
Edwards	0.0	0.0	2.0	1.374	117.805	117.805	0.0	0.0	0.00031289	0.00021496	0.01843007	0.01843007
Adams	3.353	287.583	344.583	0.0	0.0	1.0	5.104e-05	0.00437781	0.00524551	0.0	0.0	1.522e-05
Stephenson	0.134	52.982	300.982	0.0	0.0	5.0	2.99e-06	0.00118388	0.0067254	0.0	0.0	0.00011172
Cook	20.334	8036.68	95460.68	1.991	787.091	5210.091	3.93e-06	0.00155133	0.01842695	3.8e-07	0.00015193	0.00100571
Clay	0.0	0.0	2.0	1.991	787.091	787.091	0.0	0.0	0.00015091	0.00015023	0.05938965	0.05938965
De Kalb	0.455	162.086	686.086	0.153	34.425	52.425	4.37e-06	0.00155638	0.00658792	1.47e-06	0.00033056	0.00050339
Shelby	0.0	0.0	16.0	0.0	0.0	1.0	0.0	0.0	0.00073594	0.0	0.0	4.6e-05
Putnam	0.0	0.0	1.0	0.0	0.0	0.0	0.0	0.0	0.00017422	0.0	0.0	0.0
Franklin	0.0	0.0	12.0	0.0	0.0	0.0	0.0	0.0	0.00031007	0.0	0.0	0.0
Gallatin	0.0	0.0	2.0	0.0	0.0	0.0	0.0	0.0	0.00039541	0.0	0.0	0.0
Jo Daviess	0.034	10.888	48.888	0.0	0.0	1.0	1.59e-06	0.00050959	0.00228812	0.0	0.0	4.68e-05
Pope	0.0	0.0	1.0	0.0	0.0	0.0	0.0	0.0	0.00023742	0.0	0.0	0.0
Greene	0.016	5.225	13.225	0.0	0.0	0.0	1.23e-06	0.00040057	0.00101388	0.0	0.0	0.0
McDonough	0.0	0.198	101.198	0.0	0.0	15.0	0.0	6.61e-06	0.00337833	0.0	0.0	0.00050075
Hancock	0.0	0.0	18.0	0.0	0.0	1.0	0.0	0.0	0.00100874	0.0	0.0	5.604e-05
Union	0.278	62.588	244.588	0.656	77.275	95.275	1.651e-05	0.00371641	0.01452337	3.895e-05	0.0045885	0.00565732
Edgar	4.646	398.463	405.463	0.656	77.275	77.275	0.00026763	0.02295294	0.02335616	3.779e-05	0.00445132	0.00445132
Moultrie	0.015	5.974	20.974	0.656	77.275	77.275	1.02e-06	0.00040593	0.00142515	4.457e-05	0.00525073	0.00525073
Perry	0.0	0.834	44.834	0.656	77.275	77.275	0.0	3.939e-05	0.00211741	3.098e-05	0.00364952	0.00364952
Clark	0.008	2.988	16.988	0.656	77.275	77.275	5.1e-07	0.00019159	0.00108925	4.206e-05	0.0049548	0.0049548
Menard	0.01	3.76	26.76	0.656	77.275	77.275	8.1e-07	0.00030599	0.00217773	5.339e-05	0.00628866	0.00628866
Dewitt	0.0	0.0	4.0	0.656	77.275	77.275	0.0	0.0	0.00025366	4.16e-05	0.00490044	0.00490044
Sangamon	0.0	6.718	394.718	0.0	0.0	31.0	0.0	3.439e-05	0.00202059	0.0	0.0	0.00015869
Piatt	6.464	554.376	572.376	0.0	0.0	0.0	0.00039424	0.03381166	0.03490949	0.0	0.0	0.0
Carroll	0.0	0.029	19.029	0.0	0.0	2.0	0.0	2.03e-06	0.00132958	0.0	0.0	0.00013974
Dupage	0.585	684.382	9399.382	0.149	58.965	507.965	6.3e-07	0.00073701	0.01012222	1.6e-07	6.35e-05	0.00054703
Morgan	0.0	2.8	121.8	0.008	3.1	6.1	0.0	8.241e-05	0.00358488	2.4e-07	9.124e-05	0.00017954
Knox	0.0	3.951	120.951	0.008	3.1	3.1	0.0	7.884e-05	0.00241361	1.6e-07	6.186e-05	6.186e-05
Whiteside	0.064	25.224	198.224	0.019	4.995	19.995	1.15e-06	0.00045346	0.00356351	3.4e-07	8.98e-05	0.00035945
Warren	0.004	1.549	130.549	0.019	4.995	4.995	2.3e-07	9.095e-05	0.00766492	1.12e-06	0.00029327	0.00029327
Johnson	0.0	4.005	24.005	0.019	4.995	4.995	0.0	0.00032153	0.00192718	1.53e-06	0.00040101	0.00040101
White	0.0	0.62	3.62	0.019	4.995	4.995	0.0	4.537e-05	0.00026491	1.39e-06	0.00036553	0.00036553
Clinton	0.158	62.395	286.395	0.0	0.0	17.0	4.2e-06	0.00165772	0.007609	0.0	0.0	0.00045166
Crawford	0.0	1.997	19.997	0.0	0.0	0.0	0.0	0.00010618	0.00106327	0.0	0.0	0.0
Kane	2.324	918.41	8348.41	0.173	68.478	320.478	4.35e-06	0.00171917	0.01562741	3.2e-07	0.00012818	0.0005999
Stark	0.0	0.0	3.0	0.173	68.478	68.478	0.0	0.0	0.00055279	3.188e-05	0.01261802	0.01261802
Champaign	0.333	152.533	933.533	0.033	10.1	22.1	1.59e-06	0.00072641	0.00444576	1.6e-07	4.81e-05	0.00010525
Grundy	0.131	46.546	188.546	1.091	93.551	96.551	2.57e-06	0.00091317	0.00369901	2.14e-05	0.00183534	0.0018942
Jasper	0.0	0.0	46.0	0.0	0.0	7.0	0.0	0.0	0.00478618	0.0	0.0	0.00072833
Wabash	5.696	488.544	510.544	0.0	0.0	0.0	0.0004932	0.04230184	0.04420677	0.0	0.0	0.0
Saint Clair	1.485	586.869	2196.869	0.113	51.656	177.656	5.69e-06	0.00224803	0.00841522	4.3e-07	0.00019787	0.00068052
Jackson	0.004	27.281	351.281	0.029	18.265	36.265	7e-08	0.00047512	0.00611785	5.1e-07	0.0003181	0.00063159
