Name	Predicted_New_Cases	Total_Predicted_New_Cases	Total_Predicted_Cases	Predicted_New_Deaths	Total_Predicted_New_Deaths	Total_Predicted_Deaths	Predicted_New_per_capita	Predicted_Total_New_per_capita	Predicted_Total_Cases_per_capita	Predicted_New_Deaths_per_capita	Total_Predicted_New_Deaths_per_capita	Total_Predicted_Deaths_per_capita
Cumberland	0.0	0.0	10.0	10.27	1718.401	1718.401	0.0	0.0	0.00092524	0.00095022	0.15899343	0.15899343
Vermilion	0.067	10.552	54.552	0.0	0.0	1.0	8.7e-07	0.00013739	0.00071026	0.0	0.0	1.302e-05
Logan	0.015	2.533	12.533	0.0	0.0	0.0	5.2e-07	8.757e-05	0.00043329	0.0	0.0	0.0
Brown	0.0	0.0	10.0	0.0	0.0	0.0	0.0	0.0	0.00152532	0.0	0.0	0.0
Pike	0.0	0.0	1.0	0.0	0.0	0.0	0.0	0.0	6.406e-05	0.0	0.0	0.0
Richland	0.021	3.59	7.59	0.0	0.0	0.0	1.33e-06	0.00022775	0.00048151	0.0	0.0	0.0
Wayne	0.0	0.0	9.0	0.0	0.0	1.0	0.0	0.0	0.00055107	0.0	0.0	6.123e-05
Kendall	0.0	27.194	894.194	0.0	0.0	19.0	0.0	0.00021259	0.00699053	0.0	0.0	0.00014854
Fulton	0.0	0.62	12.62	0.0	0.0	0.0	0.0	1.779e-05	0.00036219	0.0	0.0	0.0
Williamson	0.163	31.521	112.521	0.021	3.59	6.59	2.43e-06	0.00047007	0.00167802	3.1e-07	5.354e-05	9.828e-05
Montgomery	0.033	5.49	46.49	0.0	0.0	1.0	1.15e-06	0.00019195	0.00162547	0.0	0.0	3.496e-05
Ford	0.316	22.949	44.949	0.0	0.0	1.0	2.382e-05	0.00173017	0.0033888	0.0	0.0	7.539e-05
McHenry	3.117	521.549	2309.549	0.213	35.585	119.585	1.01e-05	0.00169021	0.00748468	6.9e-07	0.00011532	0.00038755
La Salle	0.252	42.134	217.134	0.163	18.235	34.235	2.3e-06	0.00038503	0.00198423	1.49e-06	0.00016664	0.00031285
Alexander	0.139	23.232	39.232	0.163	18.235	18.235	2.294e-05	0.00383366	0.00647393	2.69e-05	0.00300908	0.00300908
Woodford	0.0	0.547	22.547	0.0	0.0	2.0	0.0	1.422e-05	0.0005862	0.0	0.0	5.2e-05
Henderson	0.0	0.0	8.0	0.0	0.0	0.0	0.0	0.0	0.00119243	0.0	0.0	0.0
Hamilton	0.0	0.0	2.0	0.0	0.0	0.0	0.0	0.0	0.00024501	0.0	0.0	0.0
Peoria	1.431	251.877	605.877	0.126	15.708	32.708	7.92e-06	0.00139451	0.00335441	7e-07	8.697e-05	0.00018109
Lee	1.571	121.025	209.025	0.0	0.0	1.0	4.59e-05	0.00353636	0.00610773	0.0	0.0	2.922e-05
Washington	0.032	5.387	24.387	0.0	0.0	0.0	2.29e-06	0.00038492	0.00174255	0.0	0.0	0.0
Jersey	0.001	4.025	32.025	0.0	0.0	1.0	5e-08	0.00018424	0.00146588	0.0	0.0	4.577e-05
Kankakee	0.0	142.309	1193.309	0.066	16.504	73.504	0.0	0.00129344	0.0108459	6e-07	0.00015	0.00066807
Massac	0.0	0.0	7.0	0.066	16.504	16.504	0.0	0.0	0.00049716	4.69e-06	0.00117216	0.00117216
Hardin	0.0	0.0	1.0	0.066	16.504	16.504	0.0	0.0	0.00025575	1.688e-05	0.00422097	0.00422097
Macon	0.22	34.379	240.379	0.205	19.619	40.619	2.1e-06	0.00032832	0.00229562	1.96e-06	0.00018736	0.00038791
Effingham	0.034	4.946	12.946	0.0	0.0	1.0	9.9e-07	0.00014459	0.00037845	0.0	0.0	2.923e-05
Fayette	0.0	0.036	22.036	0.0	0.0	3.0	0.0	1.68e-06	0.00102895	0.0	0.0	0.00014008
Cass	0.0	0.056	75.056	0.0	0.0	0.0	0.0	4.57e-06	0.00612202	0.0	0.0	0.0
Jefferson	0.0	0.0	101.0	0.0	0.0	16.0	0.0	0.0	0.00267054	0.0	0.0	0.00042306
Pulaski	0.03	10.27	69.27	0.0	0.0	0.0	5.49e-06	0.00187992	0.01267985	0.0	0.0	0.0
Bureau	0.137	22.499	44.499	0.0	0.0	1.0	4.15e-06	0.00068193	0.00134874	0.0	0.0	3.031e-05
Coles	0.462	64.331	206.331	0.321	26.138	43.138	9.08e-06	0.00126424	0.00405485	6.31e-06	0.00051367	0.00084775
Bond	0.0	0.0	12.0	0.0	0.0	1.0	0.0	0.0	0.00072159	0.0	0.0	6.013e-05
Monroe	0.609	61.288	166.288	0.073	4.15	16.15	1.774e-05	0.001785	0.0048431	2.13e-06	0.00012087	0.00047037
Douglas	0.017	2.852	32.852	0.073	4.15	4.15	8.7e-07	0.00014641	0.00168653	3.75e-06	0.00021305	0.00021305
Lawrence	0.0	0.0	4.0	0.073	4.15	4.15	0.0	0.0	0.00025373	4.63e-06	0.00026324	0.00026324
Marion	0.426	42.924	97.924	0.073	4.15	4.15	1.132e-05	0.00114099	0.00260298	1.94e-06	0.00011031	0.00011031
Winnebago	5.984	1001.281	3653.281	0.481	70.104	147.104	2.106e-05	0.00352463	0.01286	1.69e-06	0.00024677	0.00051782
Mercer	0.021	3.59	21.59	0.481	70.104	70.104	1.35e-06	0.00023011	0.00138389	3.083e-05	0.00449356	0.00449356
McLean	0.118	22.706	257.706	0.0	0.0	13.0	6.8e-07	0.00013138	0.00149111	0.0	0.0	7.522e-05
Livingston	0.0	1.165	37.165	0.0	0.0	2.0	0.0	3.258e-05	0.00103926	0.0	0.0	5.593e-05
Henry	0.0	2.016	74.016	0.0	0.0	0.0	0.0	4.107e-05	0.00150776	0.0	0.0	0.0
Madison	1.088	186.388	867.388	0.072	13.79	78.79	4.11e-06	0.00070478	0.00327983	2.7e-07	5.214e-05	0.00029793
Boone	0.0	43.233	558.233	0.0	1.643	19.643	0.0	0.00080693	0.01041927	0.0	3.067e-05	0.00036663
Schuyler	0.0	0.014	13.014	0.0	1.643	1.643	0.0	2.03e-06	0.00188418	0.0	0.00023787	0.00023787
Tazewell	0.159	26.611	108.611	0.066	7.424	13.424	1.2e-06	0.0002011	0.00082077	5e-07	5.61e-05	0.00010144
Scott	0.0	0.0	0.0	0.0	0.0	0.0	0.0	0.0	0.0	0.0	0.0	0.0
Rock Island	0.919	157.528	885.528	0.077	9.058	37.058	6.41e-06	0.00109793	0.00617192	5.4e-07	6.313e-05	0.00025829
Ogle	0.002	26.1	250.1	0.001	0.676	4.676	4e-08	0.00051254	0.00491134	2e-08	1.327e-05	9.182e-05
Calhoun	0.0	0.0	1.0	0.001	0.676	0.676	0.0	0.0	0.00020825	2.1e-07	0.00014077	0.00014077
Iroquois	0.082	13.434	149.434	0.082	8.643	13.643	2.97e-06	0.00048667	0.00541349	2.97e-06	0.00031311	0.00049424
Saline	0.0	0.0	7.0	0.082	8.643	8.643	0.0	0.0	0.00029281	3.43e-06	0.00036154	0.00036154
Christian	0.0	0.03	35.03	0.0	0.0	4.0	0.0	9.2e-07	0.00107253	0.0	0.0	0.00012247
Marshall	0.0	0.0	5.0	0.0	0.0	0.0	0.0	0.0	0.0004335	0.0	0.0	0.0
Lake	0.0	612.93	9546.93	1.038	173.706	540.706	0.0	0.00087457	0.01362228	1.48e-06	0.00024786	0.00077152
Unassigned	0.542	88.793	136.793	0.018	2.958	3.958	N/A	N/A	N/A	N/A	N/A	N/A
Will	3.583	822.933	6873.933	0.129	30.657	327.657	5.18e-06	0.00118868	0.00992898	1.9e-07	4.428e-05	0.00047328
Randolph	0.112	18.693	294.693	0.027	2.969	9.969	3.49e-06	0.00058223	0.00917875	8.4e-07	9.247e-05	0.0003105
Macoupin	0.0	0.139	46.139	0.0	0.0	2.0	0.0	3.07e-06	0.00101823	0.0	0.0	4.414e-05
Mason	0.0	0.0	18.0	0.0	0.0	0.0	0.0	0.0	0.00132694	0.0	0.0	0.0
Edwards	0.0	0.0	2.0	0.0	0.0	0.0	0.0	0.0	0.00031289	0.0	0.0	0.0
Adams	0.179	16.239	61.239	0.0	0.0	1.0	2.72e-06	0.0002472	0.00093223	0.0	0.0	1.522e-05
Stephenson	0.211	35.376	258.376	0.154	17.174	22.174	4.71e-06	0.00079047	0.00577338	3.44e-06	0.00038375	0.00049548
Cook	0.0	6793.044	90771.044	5.96	997.269	5108.269	0.0	0.00131127	0.0175217	1.15e-06	0.0001925	0.00098606
Clay	0.0	0.0	2.0	5.96	997.269	997.269	0.0	0.0	0.00015091	0.00044971	0.07524855	0.07524855
De Kalb	0.0	23.441	489.441	0.0	6.344	19.344	0.0	0.00022508	0.0046997	0.0	6.092e-05	0.00018574
Shelby	0.0	0.0	16.0	0.0	0.0	1.0	0.0	0.0	0.00073594	0.0	0.0	4.6e-05
Putnam	0.0	0.0	1.0	0.0	0.0	0.0	0.0	0.0	0.00017422	0.0	0.0	0.0
Franklin	0.0	0.0	12.0	0.0	0.0	0.0	0.0	0.0	0.00031007	0.0	0.0	0.0
Gallatin	0.0	0.0	2.0	0.0	0.0	0.0	0.0	0.0	0.00039541	0.0	0.0	0.0
Jo Daviess	0.031	4.549	38.549	0.0	0.0	1.0	1.45e-06	0.00021291	0.00180422	0.0	0.0	4.68e-05
Pope	0.0	0.0	1.0	0.0	0.0	0.0	0.0	0.0	0.00023742	0.0	0.0	0.0
Greene	0.023	3.907	10.907	0.0	0.0	0.0	1.76e-06	0.00029952	0.00083617	0.0	0.0	0.0
McDonough	0.0	0.887	97.887	0.0	0.885	15.885	0.0	2.961e-05	0.0032678	0.0	2.954e-05	0.0005303
Hancock	0.012	2.007	20.007	0.0	0.0	1.0	6.7e-07	0.00011247	0.00112122	0.0	0.0	5.604e-05
Union	0.152	33.918	205.918	0.055	9.709	24.709	9.03e-06	0.00201401	0.01222718	3.27e-06	0.00057651	0.00146719
Edgar	0.0	0.0	1.0	0.055	9.709	9.709	0.0	0.0	5.76e-05	3.17e-06	0.00055927	0.00055927
Moultrie	0.028	4.753	17.753	0.055	9.709	9.709	1.9e-06	0.00032296	0.00120629	3.74e-06	0.00065971	0.00065971
Perry	0.022	3.376	46.376	0.055	9.709	9.709	1.04e-06	0.00015944	0.00219023	2.6e-06	0.00045853	0.00045853
Clark	0.011	1.899	13.899	0.055	9.709	9.709	7.1e-07	0.00012176	0.00089119	3.53e-06	0.00062253	0.00062253
Menard	0.077	10.724	32.724	0.055	9.709	9.709	6.27e-06	0.00087272	0.00266309	4.48e-06	0.00079012	0.00079012
Dewitt	0.0	0.0	4.0	0.055	9.709	9.709	0.0	0.0	0.00025366	3.49e-06	0.0006157	0.0006157
Sangamon	0.296	49.523	424.523	0.129	14.416	45.416	1.52e-06	0.00025351	0.00217316	6.6e-07	7.38e-05	0.00023249
Piatt	0.01	1.689	12.689	0.129	14.416	14.416	6.1e-07	0.00010301	0.00077391	7.87e-06	0.00087924	0.00087924
Carroll	2.846	143.282	161.282	0.0	0.0	2.0	0.00019885	0.01001132	0.01126901	0.0	0.0	0.00013974
Dupage	3.962	983.89	9294.89	0.587	103.214	528.214	4.27e-06	0.00105955	0.01000969	6.3e-07	0.00011115	0.00056884
Morgan	1.477	134.135	234.135	0.0	0.0	1.0	4.347e-05	0.00394793	0.00689119	0.0	0.0	2.943e-05
Knox	0.086	14.36	121.36	0.0	0.0	0.0	1.72e-06	0.00028656	0.00242178	0.0	0.0	0.0
Whiteside	0.329	53.842	211.842	0.009	0.934	14.934	5.91e-06	0.00096793	0.00380833	1.6e-07	1.679e-05	0.00026847
Warren	0.269	40.742	167.742	0.009	0.934	0.934	1.579e-05	0.00239209	0.00984864	5.3e-07	5.484e-05	5.484e-05
Johnson	0.073	12.25	26.25	0.009	0.934	0.934	5.86e-06	0.00098346	0.00210742	7.2e-07	7.498e-05	7.498e-05
White	0.0	0.0	2.0	0.009	0.934	0.934	0.0	0.0	0.00014636	6.6e-07	6.835e-05	6.835e-05
Clinton	0.157	26.189	224.189	0.0	0.0	17.0	4.17e-06	0.00069579	0.0059563	0.0	0.0	0.00045166
Crawford	0.01	1.689	12.689	0.0	0.0	0.0	5.3e-07	8.981e-05	0.0006747	0.0	0.0	0.0
Kane	7.357	1377.504	8369.504	0.639	106.864	329.864	1.377e-05	0.00257855	0.01566689	1.2e-06	0.00020004	0.00061747
Stark	0.0	0.0	3.0	0.639	106.864	106.864	0.0	0.0	0.00055279	0.00011774	0.01969117	0.01969117
Champaign	0.0	42.934	746.934	0.0	1.599	10.599	0.0	0.00020446	0.00355712	0.0	7.61e-06	5.048e-05
Grundy	0.923	115.013	241.013	0.0	0.0	2.0	1.811e-05	0.0022564	0.00472834	0.0	0.0	3.924e-05
Jasper	0.0	0.62	46.62	0.0	0.0	7.0	0.0	6.451e-05	0.00485069	0.0	0.0	0.00072833
Wabash	0.246	35.857	47.857	0.0	0.0	0.0	2.13e-05	0.00310477	0.00414382	0.0	0.0	0.0
Saint Clair	3.472	580.894	1948.894	0.197	37.898	144.898	1.33e-05	0.00222514	0.00746534	7.5e-07	0.00014517	0.00055504
Jackson	0.0	8.204	315.204	0.0	1.173	13.173	0.0	0.00014288	0.00548954	0.0	2.043e-05	0.00022942
