Name	Predicted_New_Cases	Total_Predicted_New_Cases	Total_Predicted_Cases	Predicted_New_Deaths	Total_Predicted_New_Deaths	Total_Predicted_Deaths	Predicted_New_per_capita	Predicted_Total_New_per_capita	Predicted_Total_Cases_per_capita	Predicted_New_Deaths_per_capita	Total_Predicted_New_Deaths_per_capita	Total_Predicted_Deaths_per_capita
McHenry	0.0	433.602	455.438	0.032	104.628	522.39	0.0	0.0014052	0.00147596	1e-07	0.00033907	0.00169294
Jersey	0.0	155.769	160.505	0.047	334.577	421.121	0.0	0.00712999	0.00734678	2.15e-06	0.01531455	0.01927592
Bureau	0.0	137.717	146.466	0.021	153.18	308.746	0.0	0.00417413	0.00443931	6.4e-07	0.0046428	0.00935792
Livingston	0.0	50.607	54.919	0.019	137.054	208.903	0.0	0.00141514	0.00153572	5.3e-07	0.0038325	0.00584164
Putnam	0.01	191.239	191.414	0.0	8.743	8.743	1.74e-06	0.0333169	0.03334739	0.0	0.00152317	0.00152317
Pope	0.07	501.677	502.129	0.0	23.326	30.638	1.662e-05	0.1191066	0.11921391	0.0	0.00553799	0.00727398
Hancock	0.0	37.415	40.673	0.015	108.841	166.039	0.0	0.00209678	0.00227937	8.4e-07	0.00609959	0.00930503
Stark	0.394	1292.487	1314.487	0.0	25.944	25.944	7.26e-05	0.23815865	0.24221246	0.0	0.00478054	0.00478054
Jackson	0.0	175.104	178.819	0.006	40.312	130.439	0.0	0.00304958	0.00311428	1e-07	0.00070207	0.0022717
