Name	Confirmed	Deaths	Recovered	Active	Confirmed_per_capita	Deaths_per_capita	IFR_0.30_expected	IFR_0.65_expected	IFR_1.0_expected	IFR_0.30_expected_per_capita	IFR_0.65_expected_per_capita	IFR_1.0_expected_per_capita	Date
Klickitat	4.0	0.0	0.0	0.0	0.00018094	0.0	20.0	8.0	5.0	0.0009047	0.00036188	0.000226175	2020-03-22
Klickitat	4	0	0	0	0.00018094	0.0	20	8	5	0.0009047	0.00036188	0.000226175	2020-03-23
Klickitat	4	0	0	0	0.00018094	0.0	20	8	5	0.0009047	0.00036188	0.000226175	2020-03-24
Klickitat	6	0	0	0	0.00027141	0.0	30	12	7.5	0.00135705	0.00054282	0.0003392625	2020-03-25
Klickitat	7	0	0	0	0.00031664	0.0	35	14	8.75	0.0015832	0.00063328	0.0003958	2020-03-26
Klickitat	7	0	0	0	0.00031664	0.0	35	14	8.75	0.0015832	0.00063328	0.0003958	2020-03-27
Klickitat	7	0	0	0	0.00031664	0.0	35	14	8.75	0.0015832	0.00063328	0.0003958	2020-03-28
Klickitat	7.0	0.0	0.0	0.0	0.00031664	0.0	35.0	14.0	8.75	0.0015832	0.00063328	0.0003958	2020-03-29
Klickitat	8.0	1.0	0.0	0.0	0.00036188	4.523e-05	333.333333333	153.846153846	100.0	0.0150766666667	0.00695846153846	0.004523	2020-03-30
Klickitat	9.0	1.0	0.0	0.0	0.00040711	4.523e-05	333.333333333	153.846153846	100.0	0.0150766666667	0.00695846153846	0.004523	2020-03-31
Klickitat	9.0	1.0	0.0	0.0	0.00040711	4.523e-05	333.333333333	153.846153846	100.0	0.0150766666667	0.00695846153846	0.004523	2020-04-01
Klickitat	9.0	1.0	0.0	0.0	0.00040711	4.523e-05	333.333333333	153.846153846	100.0	0.0150766666667	0.00695846153846	0.004523	2020-04-02
Klickitat	9.0	1.0	0.0	0.0	0.00040711	4.523e-05	333.333333333	153.846153846	100.0	0.0150766666667	0.00695846153846	0.004523	2020-04-03
Klickitat	9.0	1.0	0.0	0.0	0.00040711	4.523e-05	333.333333333	153.846153846	100.0	0.0150766666667	0.00695846153846	0.004523	2020-04-04
Klickitat	11.0	1.0	0.0	0.0	0.00049758	4.523e-05	333.333333333	153.846153846	100.0	0.0150766666667	0.00695846153846	0.004523	2020-04-05
Klickitat	11.0	1.0	0.0	0.0	0.00049758	4.523e-05	333.333333333	153.846153846	100.0	0.0150766666667	0.00695846153846	0.004523	2020-04-06
Klickitat	11.0	1.0	0.0	0.0	0.00049758	4.523e-05	333.333333333	153.846153846	100.0	0.0150766666667	0.00695846153846	0.004523	2020-04-07
Klickitat	11.0	1.0	0.0	0.0	0.00049758	4.523e-05	333.333333333	153.846153846	100.0	0.0150766666667	0.00695846153846	0.004523	2020-04-08
Klickitat	12.0	1.0	0.0	0.0	0.00054281	4.523e-05	333.333333333	153.846153846	100.0	0.0150766666667	0.00695846153846	0.004523	2020-04-09
Klickitat	12.0	1.0	0.0	0.0	0.00054281	4.523e-05	333.333333333	153.846153846	100.0	0.0150766666667	0.00695846153846	0.004523	2020-04-10
Klickitat	12.0	1.0	0.0	0.0	0.00054281	4.523e-05	333.333333333	153.846153846	100.0	0.0150766666667	0.00695846153846	0.004523	2020-04-11
Klickitat	14.0	1.0	0.0	13.0	0.00063328	4.523e-05	333.333333333	153.846153846	100.0	0.0150766666667	0.00695846153846	0.004523	2020-04-12
Klickitat	14.0	1.0	0.0	13.0	0.00063328	4.523e-05	333.333333333	153.846153846	100.0	0.0150766666667	0.00695846153846	0.004523	2020-04-13
Klickitat	14.0	1.0	0.0	13.0	0.00063328	4.523e-05	333.333333333	153.846153846	100.0	0.0150766666667	0.00695846153846	0.004523	2020-04-14
Klickitat	15.0	2.0	0.0	13.0	0.00067852	9.047e-05	666.666666667	307.692307692	200.0	0.0301566666667	0.0139184615385	0.009047	2020-04-15
Klickitat	16.0	2.0	0.0	14.0	0.00072375	9.047e-05	666.666666667	307.692307692	200.0	0.0301566666667	0.0139184615385	0.009047	2020-04-16
Klickitat	16.0	3.0	0.0	13.0	0.00072375	0.0001357	1000.0	461.538461538	300.0	0.0452333333333	0.0208769230769	0.01357	2020-04-17
Klickitat	16.0	3.0	0.0	13.0	0.00072375	0.0001357	1000.0	461.538461538	300.0	0.0452333333333	0.0208769230769	0.01357	2020-04-18
Klickitat	16.0	3.0	0.0	13.0	0.00072375	0.0001357	1000.0	461.538461538	300.0	0.0452333333333	0.0208769230769	0.01357	2020-04-19
Klickitat	16.0	3.0	0.0	13.0	0.00072375	0.0001357	1000.0	461.538461538	300.0	0.0452333333333	0.0208769230769	0.01357	2020-04-20
Klickitat	16.0	3.0	0.0	13.0	0.00072375	0.0001357	1000.0	461.538461538	300.0	0.0452333333333	0.0208769230769	0.01357	2020-04-21
Klickitat	16.0	3.0	0.0	13.0	0.00072375	0.0001357	1000.0	461.538461538	300.0	0.0452333333333	0.0208769230769	0.01357	2020-04-22
Klickitat	16.0	3.0	0.0	13.0	0.00072375	0.0001357	1000.0	461.538461538	300.0	0.0452333333333	0.0208769230769	0.01357	2020-04-23
Klickitat	16.0	3.0	0.0	13.0	0.00072375	0.0001357	1000.0	461.538461538	300.0	0.0452333333333	0.0208769230769	0.01357	2020-04-24
Klickitat	16.0	3.0	0.0	13.0	0.00072375	0.0001357	1000.0	461.538461538	300.0	0.0452333333333	0.0208769230769	0.01357	2020-04-25
Klickitat	16.0	3.0	0.0	13.0	0.00072375	0.0001357	1000.0	461.538461538	300.0	0.0452333333333	0.0208769230769	0.01357	2020-04-26
Klickitat	16.0	3.0	0.0	13.0	0.00072375	0.0001357	1000.0	461.538461538	300.0	0.0452333333333	0.0208769230769	0.01357	2020-04-27
Klickitat	16.0	3.0	0.0	13.0	0.00072375	0.0001357	1000.0	461.538461538	300.0	0.0452333333333	0.0208769230769	0.01357	2020-04-28
Klickitat	16.0	3.0	0.0	13.0	0.00072375	0.0001357	1000.0	461.538461538	300.0	0.0452333333333	0.0208769230769	0.01357	2020-04-29
Klickitat	17.0	3.0	0.0	14.0	0.00076899	0.0001357	1000.0	461.538461538	300.0	0.0452333333333	0.0208769230769	0.01357	2020-04-30
Klickitat	17.0	3.0	0.0	14.0	0.00076899	0.0001357	1000.0	461.538461538	300.0	0.0452333333333	0.0208769230769	0.01357	2020-05-01
Klickitat	17.0	3.0	0.0	14.0	0.00076899	0.0001357	1000.0	461.538461538	300.0	0.0452333333333	0.0208769230769	0.01357	2020-05-02
Klickitat	18.0	3.0	0.0	15.0	0.00081422	0.0001357	1000.0	461.538461538	300.0	0.0452333333333	0.0208769230769	0.01357	2020-05-03
Klickitat	18.0	3.0	0.0	15.0	0.00081422	0.0001357	1000.0	461.538461538	300.0	0.0452333333333	0.0208769230769	0.01357	2020-05-04
Klickitat	17.0	3.0	0.0	14.0	0.00076899	0.0001357	1000.0	461.538461538	300.0	0.0452333333333	0.0208769230769	0.01357	2020-05-05
Klickitat	18.0	3.0	0.0	15.0	0.00081422	0.0001357	1000.0	461.538461538	300.0	0.0452333333333	0.0208769230769	0.01357	2020-05-06
Klickitat	19.0	3.0	0.0	16.0	0.00085946	0.0001357	1000.0	461.538461538	300.0	0.0452333333333	0.0208769230769	0.01357	2020-05-07
Klickitat	19.0	3.0	0.0	16.0	0.00085946	0.0001357	1000.0	461.538461538	300.0	0.0452333333333	0.0208769230769	0.01357	2020-05-08
Klickitat	19.0	3.0	0.0	16.0	0.00085946	0.0001357	1000.0	461.538461538	300.0	0.0452333333333	0.0208769230769	0.01357	2020-05-09
Klickitat	19.0	3.0	0.0	16.0	0.00085946	0.0001357	1000.0	461.538461538	300.0	0.0452333333333	0.0208769230769	0.01357	2020-05-10
Klickitat	20.0	3.0	0.0	17.0	0.00090469	0.0001357	1000.0	461.538461538	300.0	0.0452333333333	0.0208769230769	0.01357	2020-05-11
Klickitat	21.0	3.0	0.0	18.0	0.00094993	0.0001357	1000.0	461.538461538	300.0	0.0452333333333	0.0208769230769	0.01357	2020-05-12
Klickitat	22.0	3.0	0.0	19.0	0.00099516	0.0001357	1000.0	461.538461538	300.0	0.0452333333333	0.0208769230769	0.01357	2020-05-13
Klickitat	22.0	3.0	0.0	19.0	0.00099516	0.0001357	1000.0	461.538461538	300.0	0.0452333333333	0.0208769230769	0.01357	2020-05-14
Klickitat	22.0	3.0	0.0	19.0	0.00099516	0.0001357	1000.0	461.538461538	300.0	0.0452333333333	0.0208769230769	0.01357	2020-05-15
Klickitat	22.0	3.0	0.0	19.0	0.00099516	0.0001357	1000.0	461.538461538	300.0	0.0452333333333	0.0208769230769	0.01357	2020-05-16
Klickitat	24.0	3.0	0.0	21.0	0.00108563	0.0001357	1000.0	461.538461538	300.0	0.0452333333333	0.0208769230769	0.01357	2020-05-17
Klickitat	24.0	3.0	0.0	21.0	0.00108563	0.0001357	1000.0	461.538461538	300.0	0.0452333333333	0.0208769230769	0.01357	2020-05-18
Klickitat	25.0	3.0	0.0	22.0	0.00113086	0.0001357	1000.0	461.538461538	300.0	0.0452333333333	0.0208769230769	0.01357	2020-05-19
Klickitat	24.0	3.0	0.0	21.0	0.00108563	0.0001357	1000.0	461.538461538	300.0	0.0452333333333	0.0208769230769	0.01357	2020-05-20
Klickitat	24.0	3.0	0.0	21.0	0.00108563	0.0001357	1000.0	461.538461538	300.0	0.0452333333333	0.0208769230769	0.01357	2020-05-21
Klickitat	24.0	3.0	0.0	21.0	0.00108563	0.0001357	1000.0	461.538461538	300.0	0.0452333333333	0.0208769230769	0.01357	2020-05-22
Klickitat	24.0	3.0	0.0	21.0	0.00108563	0.0001357	1000.0	461.538461538	300.0	0.0452333333333	0.0208769230769	0.01357	2020-05-23
Klickitat	24.0	3.0	0.0	21.0	0.00108563	0.0001357	1000.0	461.538461538	300.0	0.0452333333333	0.0208769230769	0.01357	2020-05-24
Klickitat	24.0	3.0	0.0	21.0	0.00108563	0.0001357	1000.0	461.538461538	300.0	0.0452333333333	0.0208769230769	0.01357	2020-05-25
Klickitat	24.0	3.0	0.0	21.0	0.00108563	0.0001357	1000.0	461.538461538	300.0	0.0452333333333	0.0208769230769	0.01357	2020-05-26
Klickitat	24.0	3.0	0.0	21.0	0.00108563	0.0001357	1000.0	461.538461538	300.0	0.0452333333333	0.0208769230769	0.01357	2020-05-27
Klickitat	24.0	3.0	0.0	21.0	0.00108563	0.0001357	1000.0	461.538461538	300.0	0.0452333333333	0.0208769230769	0.01357	2020-05-28
Klickitat	24.0	3.0	0.0	21.0	0.00108563	0.0001357	1000.0	461.538461538	300.0	0.0452333333333	0.0208769230769	0.01357	2020-05-29
Klickitat	24.0	3.0	0.0	21.0	0.00108563	0.0001357	1000.0	461.538461538	300.0	0.0452333333333	0.0208769230769	0.01357	2020-05-30
Klickitat	25.0	3.0	0.0	22.0	0.00113086	0.0001357	1000.0	461.538461538	300.0	0.0452333333333	0.0208769230769	0.01357	2020-05-31
Klickitat	25.0	3.0	0.0	22.0	0.00113086	0.0001357	1000.0	461.538461538	300.0	0.0452333333333	0.0208769230769	0.01357	2020-06-01
Klickitat	28.0	3.0	0.0	25.0	0.00126657	0.0001357	1000.0	461.538461538	300.0	0.0452333333333	0.0208769230769	0.01357	2020-06-02
Klickitat	28.0	3.0	0.0	25.0	0.00126657	0.0001357	1000.0	461.538461538	300.0	0.0452333333333	0.0208769230769	0.01357	2020-06-03
Klickitat	29.0	3.0	0.0	26.0	0.0013118	0.0001357	1000.0	461.538461538	300.0	0.0452333333333	0.0208769230769	0.01357	2020-06-04
Klickitat	30.0	3.0	0.0	27.0	0.00135704	0.0001357	1000.0	461.538461538	300.0	0.0452333333333	0.0208769230769	0.01357	2020-06-05
Klickitat	33.0	3.0	0.0	30.0	0.00149274	0.0001357	1000.0	461.538461538	300.0	0.0452333333333	0.0208769230769	0.01357	2020-06-06
Klickitat	33.0	3.0	0.0	30.0	0.00149274	0.0001357	1000.0	461.538461538	300.0	0.0452333333333	0.0208769230769	0.01357	2020-06-07
Klickitat	35.0	3.0	0.0	32.0	0.00158321	0.0001357	1000.0	461.538461538	300.0	0.0452333333333	0.0208769230769	0.01357	2020-06-08
Klickitat	37.0	3.0	0.0	34.0	0.00167368	0.0001357	1000.0	461.538461538	300.0	0.0452333333333	0.0208769230769	0.01357	2020-06-09
Klickitat	37.0	3.0	0.0	34.0	0.00167368	0.0001357	1000.0	461.538461538	300.0	0.0452333333333	0.0208769230769	0.01357	2020-06-10
Klickitat	42.0	3.0	0.0	39.0	0.00189985	0.0001357	1000.0	461.538461538	300.0	0.0452333333333	0.0208769230769	0.01357	2020-06-11
Klickitat	42.0	3.0	0.0	39.0	0.00189985	0.0001357	1000.0	461.538461538	300.0	0.0452333333333	0.0208769230769	0.01357	2020-06-12
Klickitat	45.0	3.0	0.0	42.0	0.00203555	0.0001357	1000.0	461.538461538	300.0	0.0452333333333	0.0208769230769	0.01357	2020-06-13
Klickitat	45.0	3.0	0.0	42.0	0.00203555	0.0001357	1000.0	461.538461538	300.0	0.0452333333333	0.0208769230769	0.01357	2020-06-14
Klickitat	46.0	3.0	0.0	43.0	0.00208079	0.0001357	1000.0	461.538461538	300.0	0.0452333333333	0.0208769230769	0.01357	2020-06-15
Klickitat	49.0	3.0	0.0	46.0	0.00221649	0.0001357	1000.0	461.538461538	300.0	0.0452333333333	0.0208769230769	0.01357	2020-06-16
Klickitat	49.0	3.0	0.0	46.0	0.00221649	0.0001357	1000.0	461.538461538	300.0	0.0452333333333	0.0208769230769	0.01357	2020-06-17
Klickitat	52.0	3.0	0.0	49.0	0.0023522	0.0001357	1000.0	461.538461538	300.0	0.0452333333333	0.0208769230769	0.01357	2020-06-18
Klickitat	51.0	3.0	0.0	48.0	0.00230696	0.0001357	1000.0	461.538461538	300.0	0.0452333333333	0.0208769230769	0.01357	2020-06-19
Klickitat	51.0	3.0	0.0	48.0	0.00230696	0.0001357	1000.0	461.538461538	300.0	0.0452333333333	0.0208769230769	0.01357	2020-06-20
Klickitat	51.0	3.0	0.0	48.0	0.00230696	0.0001357	1000.0	461.538461538	300.0	0.0452333333333	0.0208769230769	0.01357	2020-06-21
Klickitat	52.0	3.0	0.0	49.0	0.0023522	0.0001357	1000.0	461.538461538	300.0	0.0452333333333	0.0208769230769	0.01357	2020-06-22
Klickitat	53.0	3.0	0.0	50.0	0.00239743	0.0001357	1000.0	461.538461538	300.0	0.0452333333333	0.0208769230769	0.01357	2020-06-23
Klickitat	55.0	3.0	0.0	52.0	0.0024879	0.0001357	1000.0	461.538461538	300.0	0.0452333333333	0.0208769230769	0.01357	2020-06-24
Klickitat	55.0	3.0	0.0	52.0	0.0024879	0.0001357	1000.0	461.538461538	300.0	0.0452333333333	0.0208769230769	0.01357	2020-06-25
Klickitat	56.0	3.0	0.0	53.0	0.00253313	0.0001357	1000.0	461.538461538	300.0	0.0452333333333	0.0208769230769	0.01357	2020-06-26
Klickitat	57.0	3.0	0.0	54.0	0.00257837	0.0001357	1000.0	461.538461538	300.0	0.0452333333333	0.0208769230769	0.01357	2020-06-27
Klickitat	59.0	3.0	0.0	56.0	0.00266884	0.0001357	1000.0	461.538461538	300.0	0.0452333333333	0.0208769230769	0.01357	2020-06-28
Klickitat	60.0	3.0	0.0	57.0	0.00271407	0.0001357	1000.0	461.538461538	300.0	0.0452333333333	0.0208769230769	0.01357	2020-06-29
Klickitat	59.0	3.0	0.0	56.0	0.00266884	0.0001357	1000.0	461.538461538	300.0	0.0452333333333	0.0208769230769	0.01357	2020-06-30
Klickitat	59.0	3.0	0.0	56.0	0.00266884	0.0001357	1000.0	461.538461538	300.0	0.0452333333333	0.0208769230769	0.01357	2020-07-01
Klickitat	66.0	3.0	0.0	63.0	0.00298548	0.0001357	1000.0	461.538461538	300.0	0.0452333333333	0.0208769230769	0.01357	2020-07-02
Klickitat	0.955	1.888	60.888	0.0	0.0	3.0	4.32e-05	8.54e-05	0.00275424	0.0	0.0	0.0001357	2020-07-03
Klickitat	0.967	2.855	61.855	0.0	0.0	3.0	4.374e-05	0.00012914	0.00279798	0.0	0.0	0.0001357	2020-07-04
Klickitat	0.971	3.826	62.826	0.0	0.0	3.0	4.392e-05	0.00017307	0.00284191	0.0	0.0	0.0001357	2020-07-05
Klickitat	2.037	2.037	3.008	0.006	0.006	3.832	9.214e-05	9.214e-05	0.00013607	2.7e-07	2.7e-07	0.00017334	2020-07-06
Klickitat	2.018	4.055	5.026	0.007	0.013	3.839	9.128e-05	0.00018343	0.00022735	3.2e-07	5.9e-07	0.00017366	2020-07-07
Klickitat	1.992	6.047	7.018	0.008	0.021	3.847	9.011e-05	0.00027353	0.00031746	3.6e-07	9.5e-07	0.00017402	2020-07-08
Klickitat	8.612	8.612	10.604	0.025	0.025	6.072	0.00038956	0.00038956	0.00047967	1.13e-06	1.13e-06	0.00027466	2020-07-09
Klickitat	10.628	19.24	21.232	0.018	0.043	6.09	0.00048075	0.00087031	0.00096042	8.1e-07	1.95e-06	0.00027548	2020-07-10
Klickitat	8.517	8.517	19.145	0.247	0.247	19.487	0.00038526	0.00038526	0.00086602	1.117e-05	1.117e-05	0.00088149	2020-07-11
Klickitat	8.439	16.956	27.584	0.268	0.515	19.755	0.00038173	0.000767	0.00124775	1.212e-05	2.33e-05	0.00089361	2020-07-12
Klickitat	8.329	25.285	35.913	0.292	0.807	20.047	0.00037676	0.00114376	0.00162451	1.321e-05	3.65e-05	0.00090682	2020-07-13
Klickitat	1.635	1.635	9.964	1.158	1.158	26.443	7.396e-05	7.396e-05	0.00045072	5.238e-05	5.238e-05	0.00119614	2020-07-14
Klickitat	1.205	2.84	11.169	0.745	1.903	27.188	5.451e-05	0.00012847	0.00050522	3.37e-05	8.608e-05	0.00122984	2020-07-15
Klickitat	0.0	2.84	11.169	0.459	2.362	27.647	0.0	0.00012847	0.00050522	2.076e-05	0.00010684	0.0012506	2020-07-16
Klickitat	0.0	2.84	11.169	0.289	2.651	27.936	0.0	0.00012847	0.00050522	1.307e-05	0.00011992	0.00126367	2020-07-17
Klickitat	81.0	3.0	0.0	78.0	0.003664	0.0001357	1000.0	461.538461538	300.0	0.0452333333333	0.0208769230769	0.01357	2020-07-18
Klickitat	82.0	3.0	0.0	79.0	0.00370923	0.0001357	1000.0	461.538461538	300.0	0.0452333333333	0.0208769230769	0.01357	2020-07-19
