Name	Predicted_New_Cases	Total_Predicted_New_Cases	Total_Predicted_Cases	Predicted_New_Deaths	Total_Predicted_New_Deaths	Total_Predicted_Deaths	Predicted_New_per_capita	Predicted_Total_New_per_capita	Predicted_Total_Cases_per_capita	Predicted_New_Deaths_per_capita	Total_Predicted_New_Deaths_per_capita	Total_Predicted_Deaths_per_capita
San Miguel	0.638	3.194	5.194	6.769	47.701	47.701	2.312e-05	0.00011576	0.00018825	0.00024533	0.00172886	0.00172886
Torrance	0.014	0.97	13.97	6.769	47.701	47.701	9e-07	6.222e-05	0.00089603	0.00043416	0.00305952	0.00305952
Quay	0.0	0.0	3.0	6.769	47.701	47.701	0.0	0.0	0.0003635	0.00082019	0.00577984	0.00577984
Los Alamos	0.0	0.231	6.231	6.769	47.701	47.701	0.0	1.209e-05	0.00032621	0.00035438	0.0024973	0.0024973
Sandoval	13.853	137.182	454.182	0.624	4.788	10.788	9.542e-05	0.00094492	0.00312843	4.3e-06	3.298e-05	7.431e-05
Valencia	1.474	14.596	47.596	0.624	4.788	4.788	1.928e-05	0.00019091	0.00062253	8.16e-06	6.262e-05	6.262e-05
Santa Fe	0.821	9.596	95.596	0.624	4.788	4.788	5.47e-06	6.395e-05	0.00063707	4.16e-06	3.191e-05	3.191e-05
Curry	0.008	0.536	10.536	0.624	4.788	4.788	1.6e-07	1.084e-05	0.00021312	1.262e-05	9.685e-05	9.685e-05
Lincoln	0.0	0.0	1.0	0.624	4.788	4.788	0.0	0.0	5.114e-05	3.191e-05	0.00024484	0.00024484
Dona Ana	2.045	20.249	93.249	0.0	0.0	1.0	9.4e-06	9.309e-05	0.00042869	0.0	0.0	4.6e-06
Catron	0.0	0.0	1.0	0.0	0.0	0.0	0.0	0.0	0.00027949	0.0	0.0	0.0
Luna	0.0	0.0	3.0	0.0	0.0	0.0	0.0	0.0	0.00012519	0.0	0.0	0.0
Rio Arriba	1.141	7.16	18.16	0.0	0.0	0.0	2.925e-05	0.00018356	0.00046557	0.0	0.0	0.0
Cibola	0.963	8.998	41.998	0.0	0.0	2.0	3.601e-05	0.00033642	0.00157025	0.0	0.0	7.478e-05
Debaca	0.0	0.0	0.0	0.0	0.0	0.0	0.0	0.0	0.0	0.0	0.0	0.0
Sierra	0.0	0.0	0.0	0.0	0.0	0.0	0.0	0.0	0.0	0.0	0.0	0.0
Socorro	1.334	12.46	43.46	0.0	0.0	1.0	7.971e-05	0.00074455	0.00259695	0.0	0.0	5.976e-05
Chaves	0.016	1.03	22.03	0.0	0.0	0.0	2.5e-07	1.592e-05	0.00034055	0.0	0.0	0.0
San Juan	52.788	264.235	557.235	0.0	0.0	17.0	0.00042216	0.00211315	0.00445635	0.0	0.0	0.00013595
Doña Ana	0.0	0.0	0.0	0.0	0.0	0.0	N/A	N/A	N/A	N/A	N/A	N/A
Eddy	0.021	1.094	11.094	0.0	0.0	1.0	3.6e-07	1.889e-05	0.00019161	0.0	0.0	1.727e-05
Taos	0.003	0.124	16.124	0.0	0.0	0.0	9e-08	3.78e-06	0.00049106	0.0	0.0	0.0
Roosevelt	0.0	0.0	1.0	0.0	0.0	0.0	0.0	0.0	5.335e-05	0.0	0.0	0.0
Colfax	0.0	0.0	5.0	0.0	0.0	0.0	0.0	0.0	0.00041288	0.0	0.0	0.0
Hidalgo	0.0	0.0	0.0	0.0	0.0	0.0	0.0	0.0	0.0	0.0	0.0	0.0
Unassigned	0.0	0.0	2.0	0.0	0.0	0.0	N/A	N/A	N/A	N/A	N/A	N/A
Bernalillo	1.396	73.818	639.818	0.464	6.524	30.524	2.06e-06	0.00010876	0.00094271	6.8e-07	9.61e-06	4.497e-05
Lea	0.0	0.0	2.0	0.464	6.524	6.524	0.0	0.0	2.873e-05	6.67e-06	9.372e-05	9.372e-05
Otero	0.057	0.561	3.561	0.464	6.524	6.524	8.5e-07	8.4e-06	5.332e-05	6.95e-06	9.769e-05	9.769e-05
Union	0.0	0.0	0.0	0.0	0.0	0.0	0.0	0.0	0.0	0.0	0.0	0.0
Guadalupe	0.0	0.0	1.0	0.464	6.524	6.524	0.0	0.0	0.00023036	0.00010689	0.00150288	0.00150288
Harding	0.0	0.0	0.0	0.0	0.0	0.0	0.0	0.0	0.0	0.0	0.0	0.0
McKinley	57.16	372.183	788.183	2.22	11.456	16.456	0.0007907	0.00514847	0.01090307	3.071e-05	0.00015847	0.00022764
Mora	0.0	0.0	0.0	0.0	0.0	0.0	0.0	0.0	0.0	0.0	0.0	0.0
Grant	0.226	3.591	17.591	2.22	11.456	11.456	8.26e-06	0.00013132	0.00064328	8.118e-05	0.00041893	0.00041893
