Name	Predicted_New_Cases	Total_Predicted_New_Cases	Total_Predicted_Cases	Predicted_New_Deaths	Total_Predicted_New_Deaths	Total_Predicted_Deaths	Predicted_New_per_capita	Predicted_Total_New_per_capita	Predicted_Total_Cases_per_capita	Predicted_New_Deaths_per_capita	Total_Predicted_New_Deaths_per_capita	Total_Predicted_Deaths_per_capita
Cumberland	13.535	186.321	524.321	0.096	1.035	5.035	8.965e-05	0.00123414	0.00347297	6.4e-07	6.86e-06	3.335e-05
Atlantic	18.874	253.175	663.175	3.458	32.058	51.058	7.111e-05	0.00095383	0.0024985	1.303e-05	0.00012078	0.00019236
Somerset	39.533	824.95	3312.95	7.609	103.33	273.33	0.00011938	0.00249106	0.01000396	2.298e-05	0.00031202	0.00082536
Hunterdon	9.559	138.308	557.308	1.101	14.183	32.183	7.665e-05	0.001109	0.00446869	8.83e-06	0.00011372	0.00025805
Hudson	323.829	4629.374	15779.374	83.873	738.975	1350.975	0.00047899	0.00684757	0.02334016	0.00012406	0.00109306	0.0019983
Ocean	130.019	1789.842	6657.842	8.317	114.494	336.494	0.0002161	0.00297488	0.01106595	1.382e-05	0.0001903	0.00055928
Camden	86.622	1185.182	3440.182	8.36	89.821	170.821	0.00017083	0.00233728	0.00678433	1.649e-05	0.00017713	0.00033687
Sussex	14.668	237.132	917.132	2.756	37.941	101.941	0.00010418	0.00168419	0.00651377	1.957e-05	0.00026947	0.00072402
Middlesex	206.289	3200.447	11546.447	16.194	217.222	562.222	0.00024864	0.00385742	0.01391666	1.952e-05	0.00026181	0.00067763
Gloucester	13.361	253.382	1023.382	0.863	15.2	40.2	4.585e-05	0.00086951	0.00351185	2.96e-06	5.216e-05	0.00013795
Morris	109.627	1567.204	5803.204	11.399	156.916	425.916	0.00022181	0.00317101	0.01174196	2.306e-05	0.0003175	0.00086178
Mercer	85.759	1225.992	3816.992	7.144	98.344	220.344	0.0002319	0.00331519	0.01032147	1.932e-05	0.00026593	0.00059583
Unassigned	22.08	303.948	888.948	0.01	1.19	3.19	N/A	N/A	N/A	N/A	N/A	N/A
Bergen	312.221	4364.603	17375.603	41.21	543.027	1330.027	0.00033332	0.00465959	0.01854996	4.4e-05	0.00057973	0.00141992
Essex	335.071	4612.578	15341.578	42.48	559.772	1310.772	0.00041896	0.0057674	0.01918256	5.312e-05	0.00069992	0.00163894
Burlington	45.004	643.363	2306.363	25.056	157.33	218.33	0.00010105	0.00144451	0.00517837	5.626e-05	0.00035325	0.00049021
Salem	7.245	93.325	213.325	0.0	0.0	4.0	0.00011572	0.00149065	0.00340737	0.0	0.0	6.389e-05
Passaic	338.35	4458.499	12937.499	16.821	216.681	479.681	0.00067225	0.00885836	0.02570483	3.342e-05	0.00043051	0.00095305
Union	329.135	4530.867	14502.867	18.712	254.092	641.092	0.00058978	0.00811886	0.02598768	3.353e-05	0.00045531	0.00114877
Cape May	8.1	111.503	323.503	1.343	14.428	29.428	8.751e-05	0.00120466	0.00349506	1.451e-05	0.00015588	0.00031793
Warren	20.668	284.519	897.519	4.71	50.607	97.607	0.00019539	0.00268975	0.00848485	4.453e-05	0.00047842	0.00092274
Monmouth	62.665	1138.953	5925.953	17.804	207.996	437.996	0.00010085	0.00183302	0.00953716	2.865e-05	0.00033475	0.00070491
