Name	Predicted_New_Cases	Total_Predicted_New_Cases	Total_Predicted_Cases	Predicted_New_Deaths	Total_Predicted_New_Deaths	Total_Predicted_Deaths	Predicted_New_per_capita	Predicted_Total_New_per_capita	Predicted_Total_Cases_per_capita	Predicted_New_Deaths_per_capita	Total_Predicted_New_Deaths_per_capita	Total_Predicted_Deaths_per_capita
Lincoln	0.0	0.0	1.0	0.0	0.0	0.0	0.0	0.0	0.00019227	0.0	0.0	0.0
Lander	0.0	0.0	0.0	0.0	0.0	0.0	0.0	0.0	0.0	0.0	0.0	0.0
Eureka	0.0	0.0	0.0	0.0	0.0	0.0	0.0	0.0	0.0	0.0	0.0	0.0
Elko County	0.0	0.0	2.0	0.873	271.918	271.918	N/A	N/A	N/A	N/A	N/A	N/A
Esmeralda	0.0	0.0	0.0	0.0	0.0	0.0	0.0	0.0	0.0	0.0	0.0	0.0
Lyon	0.27	54.612	64.612	0.873	271.918	271.918	4.84e-06	0.00097857	0.00115776	1.564e-05	0.00487238	0.00487238
Douglas	0.051	15.141	28.141	0.873	271.918	271.918	1.05e-06	0.0003124	0.00058062	1.801e-05	0.00561037	0.00561037
Carson City	0.087	30.629	55.629	0.873	271.918	271.918	1.57e-06	0.00055273	0.00100388	1.575e-05	0.00490703	0.00490703
Humboldt	0.063	23.171	43.171	0.0	0.0	1.0	3.75e-06	0.00138038	0.00257185	0.0	0.0	5.957e-05
Mineral	0.0	0.0	0.0	0.0	0.0	0.0	0.0	0.0	0.0	0.0	0.0	0.0
Unassigned	0.0	30.176	35.176	0.0	0.0	6.0	N/A	N/A	N/A	N/A	N/A	N/A
Pershing	0.0	0.0	0.0	0.0	0.0	0.0	0.0	0.0	0.0	0.0	0.0	0.0
Clark	6.319	2618.698	5177.698	0.808	240.951	355.951	2.83e-06	0.00117344	0.00232012	3.6e-07	0.00010797	0.0001595
Washoe	1.635	598.067	1147.067	0.167	40.719	54.719	3.51e-06	0.00128414	0.00246292	3.6e-07	8.743e-05	0.00011749
Nye	0.041	15.112	30.112	0.167	40.719	40.719	9e-07	0.00033326	0.00066405	3.68e-06	0.00089796	0.00089796
Storey	0.0	0.0	0.0	0.0	0.0	0.0	0.0	0.0	0.0	0.0	0.0	0.0
Churchill	0.0	0.0	0.0	0.0	0.0	0.0	0.0	0.0	0.0	0.0	0.0	0.0
Elko	0.023	8.271	19.271	0.0	0.0	1.0	4.4e-07	0.00015766	0.00036735	0.0	0.0	1.906e-05
White Pine	0.018	6.623	9.623	0.0	0.0	0.0	1.9e-06	0.000699	0.00101562	0.0	0.0	0.0
