Name	Predicted_New_Cases	Total_Predicted_New_Cases	Total_Predicted_Cases	Predicted_New_Deaths	Total_Predicted_New_Deaths	Total_Predicted_Deaths	Predicted_New_per_capita	Predicted_Total_New_per_capita	Predicted_Total_Cases_per_capita	Predicted_New_Deaths_per_capita	Total_Predicted_New_Deaths_per_capita	Total_Predicted_Deaths_per_capita
Vermilion	4.55	2362.779	2461.779	0.0	0.443	5.443	7.605e-05	0.03949154	0.04114623	0.0	7.4e-06	9.097e-05
Saint Mary	0.001	65.208	428.208	0.001	9.695	44.695	2e-08	0.00131008	0.00860305	2e-08	0.00019478	0.00089796
Saint Tammany	0.007	422.678	2421.678	0.0	3.254	173.254	3e-08	0.00163758	0.00938231	0.0	1.261e-05	0.00067124
Webster	0.196	596.472	927.472	0.002	1.544	11.544	5.05e-06	0.01537378	0.02390515	5e-08	3.98e-05	0.00029754
Jefferson Davis	0.379	648.718	810.718	0.0	0.0	7.0	1.2e-05	0.02054075	0.02567026	0.0	0.0	0.00022165
Lincoln	0.29	695.685	954.685	0.072	51.227	69.227	6.14e-06	0.01474034	0.02022809	1.53e-06	0.00108541	0.0014668
La Salle	0.002	76.388	166.388	0.0	0.0	1.0	1.3e-07	0.00512087	0.01115425	0.0	0.0	6.704e-05
Terrebonne	0.0	211.177	1037.177	0.005	21.039	79.039	0.0	0.00190214	0.00934217	5e-08	0.0001895	0.00071193
West Baton Rouge	0.0	65.325	270.325	0.0	0.235	30.235	0.0	0.0024719	0.01022912	0.0	8.89e-06	0.0011441
Washington	0.002	249.614	809.614	0.002	9.958	52.958	4e-08	0.00535859	0.0173804	4e-08	0.00021377	0.00113688
East Feliciana	0.082	248.119	479.119	0.121	94.384	126.384	4.25e-06	0.01285258	0.02481839	6.27e-06	0.0048891	0.0065467
Desoto	0.0	32.209	307.209	0.0	0.0	17.0	0.0	0.00117397	0.0111973	0.0	0.0	0.00061962
Lafourche	0.007	328.931	1341.931	0.0	2.471	80.471	7e-08	0.0033525	0.01367712	0.0	2.518e-05	0.00082017
Jefferson	7.843	10487.0	18994.0	0.0	13.282	485.282	1.807e-05	0.02416076	0.04375983	0.0	3.06e-05	0.00111803
Ouachita	0.013	1197.884	3086.884	0.0	3.829	69.829	8e-08	0.00775455	0.01998307	0.0	2.479e-05	0.00045204
Saint Bernard	0.002	79.441	659.441	0.001	1.705	24.705	4e-08	0.00170033	0.01411445	2e-08	3.649e-05	0.00052878
Morehouse	5.337	2771.8	2957.8	0.0	0.558	6.558	0.00021013	0.10913458	0.11645799	0.0	2.197e-05	0.00025821
Iberia	8.442	4384.049	4885.049	0.0	0.804	42.804	0.000119	0.06179852	0.06886073	0.0	1.133e-05	0.00060337
Plaquemines	0.116	174.557	402.557	0.0	0.0	17.0	4.96e-06	0.00745651	0.01719594	0.0	0.0	0.00072619
Bossier	0.0	143.143	671.143	0.001	11.737	39.737	0.0	0.00112547	0.0052769	1e-08	9.228e-05	0.00031243
Livingston	0.239	724.965	1297.965	0.044	34.041	67.041	1.71e-06	0.00519439	0.00929994	3.2e-07	0.0002439	0.00048035
Saint Charles	0.022	93.213	760.213	0.056	48.406	94.406	4.2e-07	0.00176276	0.01437646	1.06e-06	0.00091541	0.00178532
Natchitoches	0.035	148.731	343.731	0.0	0.0	13.0	9.1e-07	0.00384725	0.00889136	0.0	0.0	0.00033627
Catahoula	0.088	174.786	338.786	0.0	0.0	3.0	9.16e-06	0.01819172	0.03526082	0.0	0.0	0.00031224
Bienville	0.0	73.887	256.887	0.001	6.382	30.382	0.0	0.00555207	0.0193032	8e-08	0.00047956	0.00228299
Saint James	0.0	15.093	328.093	0.0	0.0	28.0	0.0	0.00071745	0.015596	0.0	0.0	0.00133099
Unassigned	0.013	766.166	1224.166	0.0	0.815	112.815	N/A	N/A	N/A	N/A	N/A	N/A
Evangeline	0.0	25.671	125.671	0.0	0.0	1.0	0.0	0.0007676	0.00375777	0.0	0.0	2.99e-05
Claiborne	0.004	67.429	152.429	0.0	0.0	10.0	2.5e-07	0.00422911	0.00956027	0.0	0.0	0.0006272
Tensas	0.0	0.438	22.438	0.0	0.0	0.0	0.0	9.816e-05	0.00502869	0.0	0.0	0.0
Allen	7.111	3693.087	3936.087	0.0	0.0	10.0	0.00027772	0.14423304	0.15372337	0.0	0.0	0.00039055
Franklin	2.383	1694.108	2133.108	0.0	0.512	14.512	0.00011823	0.08404981	0.10582993	0.0	2.54e-05	0.00071998
Lafayette	49.474	27565.205	28867.205	0.0	1.555	33.555	0.00020378	0.11353892	0.11890175	0.0	6.4e-06	0.00013821
Rapides	0.011	865.732	2094.732	0.014	42.391	89.391	8e-08	0.00663081	0.01604396	1.1e-07	0.00032468	0.00068466
Union	0.006	289.725	724.725	0.0	0.428	20.428	2.7e-07	0.0129747	0.03245522	0.0	1.917e-05	0.00091482
Orleans	0.554	1683.271	9142.271	0.001	31.116	554.116	1.42e-06	0.00430497	0.02338141	0.0	7.958e-05	0.00141715
Saint Landry	0.0	179.079	572.079	0.0	7.112	62.112	0.0	0.00216373	0.00691217	0.0	8.593e-05	0.00075047
Concordia	0.043	102.954	219.954	0.0	0.0	5.0	2.2e-06	0.00526027	0.0112382	0.0	0.0	0.00025547
West Feliciana	0.0	30.975	269.975	0.001	6.382	20.382	0.0	0.00200356	0.01746281	6e-08	0.00041281	0.00131837
Sabine	0.615	437.245	500.245	0.0	0.0	1.0	2.559e-05	0.01819428	0.02081579	0.0	0.0	4.161e-05
Assumption	0.003	69.742	351.742	0.018	24.088	38.088	1.3e-07	0.00312744	0.01577318	8.1e-07	0.00108018	0.00170798
Vernon	0.122	243.162	310.162	0.0	0.0	3.0	2.5e-06	0.00497671	0.00634797	0.0	0.0	6.14e-05
Winn	0.055	233.184	448.184	0.062	53.641	58.641	3.89e-06	0.01649809	0.03170964	4.39e-06	0.00379517	0.00414893
Calcasieu	0.781	1558.962	2382.962	0.0	0.03	52.03	3.85e-06	0.00767538	0.01173226	0.0	1.5e-07	0.00025616
Beauregard	0.0	109.138	248.138	0.002	16.772	22.772	0.0	0.00292964	0.00666089	5e-08	0.00045022	0.00061128
Tangipahoa	0.009	465.295	1547.295	0.022	44.874	86.874	7e-08	0.00347814	0.01156623	1.6e-07	0.00033544	0.00064939
Saint Martin	14.482	7521.19	7962.19	0.0	1.379	29.379	0.00027008	0.14026575	0.14849014	0.0	2.572e-05	0.0005479
East Baton Rouge	0.012	1133.612	5490.612	0.0	23.651	283.651	3e-08	0.00257081	0.01245161	0.0	5.364e-05	0.00064326
Acadia	0.0	282.918	907.918	0.003	25.987	57.987	0.0	0.00454925	0.0145991	5e-08	0.00041786	0.00093242
Jackson	0.0	97.04	270.04	0.0	0.0	15.0	0.0	0.00610238	0.01698151	0.0	0.0	0.00094328
