Name	Predicted_New_Cases	Total_Predicted_New_Cases	Total_Predicted_Cases	Predicted_New_Deaths	Total_Predicted_New_Deaths	Total_Predicted_Deaths	Predicted_New_per_capita	Predicted_Total_New_per_capita	Predicted_Total_Cases_per_capita	Predicted_New_Deaths_per_capita	Total_Predicted_New_Deaths_per_capita	Total_Predicted_Deaths_per_capita
Vermilion	0.484	20.672	81.672	0.21	6.266	10.266	8.09e-06	0.00034551	0.00136507	3.51e-06	0.00010473	0.00017159
Saint Mary	1.277	57.202	399.202	0.387	12.616	44.616	2.566e-05	0.00114923	0.00802029	7.78e-06	0.00025347	0.00089637
Richland	1.254	56.181	213.181	0.0	0.0	3.0	6.21e-05	0.00278234	0.0105577	0.0	0.0	0.00014857
Saint Tammany	6.298	282.179	2145.179	0.69	25.406	191.406	2.44e-05	0.00109325	0.00831107	2.67e-06	9.843e-05	0.00074156
East Carroll	2.593	127.873	332.873	0.69	25.406	25.406	0.00036848	0.01817152	0.04730325	9.805e-05	0.00361035	0.00361035
Cameron	0.236	10.557	20.557	0.69	25.406	25.406	3.387e-05	0.00151507	0.0029502	9.902e-05	0.0036461	0.0036461
Pointe Coupee	0.965	43.244	258.244	0.162	5.297	30.297	4.398e-05	0.00197101	0.01177046	7.38e-06	0.00024143	0.0013809
West Carroll	0.935	41.882	131.882	0.0	0.0	1.0	8.514e-05	0.0038137	0.01200892	0.0	0.0	9.106e-05
Webster	5.946	185.478	380.478	0.86	15.789	23.789	0.00015326	0.00478061	0.00980664	2.217e-05	0.00040695	0.00061315
Jefferson Davis	42.776	478.741	574.741	0.0	0.0	7.0	0.00135444	0.01515867	0.01819837	0.0	0.0	0.00022165
Lincoln	0.374	30.207	214.207	0.091	6.043	24.043	7.92e-06	0.00064003	0.00453867	1.93e-06	0.00012804	0.00050943
La Salle	1.588	49.541	115.541	0.0	0.0	1.0	0.00010646	0.00332111	0.00774559	0.0	0.0	6.704e-05
Terrebonne	4.371	191.384	947.384	0.296	13.278	68.278	3.937e-05	0.00172385	0.00853338	2.67e-06	0.0001196	0.000615
West Baton Rouge	1.144	51.242	243.242	0.119	3.892	34.892	4.329e-05	0.001939	0.0092043	4.5e-06	0.00014727	0.00132032
Caldwell	1.564	59.618	133.618	0.0	0.0	1.0	0.00015703	0.00598574	0.01341546	0.0	0.0	0.0001004
Washington	2.766	121.113	610.113	0.715	22.32	64.32	5.938e-05	0.0026	0.01309761	1.535e-05	0.00047916	0.00138079
Saint John the Baptist	1.151	51.585	932.585	0.338	14.443	98.443	2.665e-05	0.00119454	0.02159561	7.83e-06	0.00033445	0.00227962
East Feliciana	0.391	17.536	224.536	0.01	0.313	31.313	2.025e-05	0.00090837	0.01163098	5.2e-07	1.621e-05	0.00162202
Desoto	1.847	67.99	330.99	0.0	0.0	17.0	6.732e-05	0.00247813	0.01206408	0.0	0.0	0.00061962
Lafourche	5.443	243.872	1165.872	1.554	32.59	108.59	5.548e-05	0.00248557	0.01188271	1.584e-05	0.00033216	0.00110676
Jefferson	15.25	751.952	8691.952	0.0	10.852	472.852	3.513e-05	0.0017324	0.02002519	0.0	2.5e-05	0.00108939
Red River	0.0	1.475	53.475	0.0	0.0	7.0	0.0	0.000174	0.00630825	0.0	0.0	0.00082576
Ouachita	18.129	713.362	2256.362	2.119	66.109	122.109	0.00011736	0.00461798	0.01460665	1.372e-05	0.00042796	0.00079048
Saint Bernard	0.872	39.071	594.071	0.086	2.802	25.802	1.866e-05	0.00083626	0.01271529	1.84e-06	5.997e-05	0.00055226
Morehouse	1.944	63.396	198.396	0.0	0.0	5.0	7.654e-05	0.0024961	0.00781148	0.0	0.0	0.00019687
Iberia	1.18	50.456	478.456	0.451	13.448	54.448	1.663e-05	0.00071124	0.00674442	6.36e-06	0.00018957	0.00076751
Plaquemines	0.231	17.898	236.898	0.0	0.0	17.0	9.87e-06	0.00076455	0.01011952	0.0	0.0	0.00072619
Bossier	15.461	385.238	858.238	1.873	24.181	50.181	0.00012156	0.00302896	0.00674795	1.473e-05	0.00019012	0.00039455
Livingston	2.74	122.746	603.746	0.473	15.421	46.421	1.963e-05	0.00087948	0.00432585	3.39e-06	0.00011049	0.00033261
Saint Charles	0.168	20.642	672.642	0.028	1.93	46.93	3.18e-06	0.00039036	0.0127204	5.3e-07	3.65e-05	0.0008875
Caddo	6.264	386.498	3141.498	1.332	55.486	265.486	2.579e-05	0.00159104	0.01293213	5.48e-06	0.00022841	0.00109289
Madison	120.757	1802.126	2021.126	0.0	0.0	2.0	0.01081955	0.16146636	0.18108825	0.0	0.0	0.0001792
Natchitoches	0.0	5.803	184.803	0.0	0.0	13.0	0.0	0.00015011	0.00478034	0.0	0.0	0.00033627
Catahoula	0.732	27.91	148.91	0.0	0.0	3.0	7.619e-05	0.00290487	0.01549854	0.0	0.0	0.00031224
Bienville	0.312	18.577	175.577	0.002	0.08	24.08	2.344e-05	0.00139593	0.01319334	1.5e-07	6.01e-06	0.00180944
Avoyelles	2.708	106.563	281.563	0.0	0.0	9.0	6.693e-05	0.00263366	0.0069587	0.0	0.0	0.00022243
Iberville	1.843	76.762	679.762	0.269	7.678	50.678	5.632e-05	0.00234596	0.02077449	8.22e-06	0.00023465	0.00154879
Saint James	1.957	61.038	366.038	1.886	34.632	61.632	9.303e-05	0.00290146	0.01739972	8.965e-05	0.00164624	0.0029297
Unassigned	73.744	825.333	1020.333	0.323	14.472	127.472	N/A	N/A	N/A	N/A	N/A	N/A
Evangeline	0.329	14.727	99.727	0.0	0.0	1.0	9.84e-06	0.00044036	0.002982	0.0	0.0	2.99e-05
Claiborne	0.0	0.763	70.763	0.0	0.0	10.0	0.0	4.785e-05	0.00443822	0.0	0.0	0.0006272
Tensas	3.467	86.379	107.379	0.0	0.0	0.0	0.00077701	0.01935881	0.02406522	0.0	0.0	0.0
Allen	8.182	91.573	280.573	0.0	0.0	10.0	0.00031955	0.00357637	0.01095774	0.0	0.0	0.00039055
Franklin	3.412	152.876	542.876	0.353	11.525	23.525	0.00016928	0.00758464	0.02693372	1.751e-05	0.00057179	0.00116715
Saint Helena	10.047	112.441	167.441	0.0	0.0	1.0	0.00097905	0.01095703	0.0163166	0.0	0.0	9.745e-05
Lafayette	6.75	315.166	1223.166	0.386	13.683	43.683	2.78e-05	0.00129814	0.00503812	1.59e-06	5.636e-05	0.00017993
Rapides	9.665	433.017	1425.017	1.772	57.785	95.785	7.403e-05	0.00331656	0.01091449	1.357e-05	0.00044259	0.00073364
Union	1.985	86.898	452.898	0.515	16.062	36.062	8.889e-05	0.00389154	0.02028204	2.306e-05	0.0007193	0.00161496
Orleans	4.036	245.962	7492.962	0.476	18.73	531.73	1.032e-05	0.00062905	0.01916329	1.22e-06	4.79e-05	0.0013599
Saint Landry	228.318	2257.946	2573.946	0.0	0.014	54.014	0.00275866	0.02728174	0.03109983	0.0	1.7e-07	0.00065263
Concordia	0.578	25.876	122.876	0.0	0.0	5.0	2.953e-05	0.00132209	0.00627815	0.0	0.0	0.00025547
Ascension	4.598	186.368	1086.368	0.618	16.141	74.141	3.688e-05	0.00149487	0.00871381	4.96e-06	0.00012947	0.00059469
West Feliciana	0.989	40.097	264.097	0.082	2.233	15.233	6.397e-05	0.0025936	0.0170826	5.3e-06	0.00014444	0.00098532
Sabine	0.225	13.608	65.608	0.0	0.0	1.0	9.36e-06	0.00056625	0.00273003	0.0	0.0	4.161e-05
Assumption	0.11	7.335	265.335	0.023	1.396	14.396	4.93e-06	0.00032892	0.01189843	1.03e-06	6.26e-05	0.00064556
Vernon	2.464	61.381	100.381	0.0	0.0	3.0	5.043e-05	0.00125626	0.00205446	0.0	0.0	6.14e-05
Winn	0.0	16.12	206.12	0.0	0.0	2.0	0.0	0.00114051	0.01458327	0.0	0.0	0.0001415
Calcasieu	2.399	102.539	763.539	0.0	1.499	52.499	1.181e-05	0.00050484	0.0037592	0.0	7.38e-06	0.00025847
Beauregard	11.271	294.472	408.472	0.0	0.0	4.0	0.00030255	0.00790465	0.01096481	0.0	0.0	0.00010737
Tangipahoa	5.712	237.963	1202.963	1.075	30.705	69.705	4.27e-05	0.0017788	0.0089923	8.04e-06	0.00022952	0.00052105
Saint Martin	0.0	3.121	294.121	0.0	0.706	25.706	0.0	5.82e-05	0.00548518	0.0	1.317e-05	0.0004794
Grant	32.522	363.981	411.981	0.0	0.0	1.0	0.00144658	0.01618989	0.01832493	0.0	0.0	4.448e-05
East Baton Rouge	21.945	938.004	4961.004	1.001	40.589	292.589	4.977e-05	0.00212721	0.01125056	2.27e-06	9.205e-05	0.00066353
Acadia	5.708	237.78	754.78	1.018	29.09	58.09	9.178e-05	0.00382344	0.01213668	1.637e-05	0.00046776	0.00093407
Jackson	3.42	111.523	250.523	1.674	32.884	47.884	0.00021507	0.00701314	0.01575418	0.00010527	0.00206792	0.00301119
