Name	Predicted_New_Cases	Total_Predicted_New_Cases	Total_Predicted_Cases	Predicted_New_Deaths	Total_Predicted_New_Deaths	Total_Predicted_Deaths	Predicted_New_per_capita	Predicted_Total_New_per_capita	Predicted_Total_Cases_per_capita	Predicted_New_Deaths_per_capita	Total_Predicted_New_Deaths_per_capita	Total_Predicted_Deaths_per_capita
Vermilion	1.397	42.611	103.611	0.711	12.272	16.272	2.335e-05	0.0007122	0.00173176	1.188e-05	0.00020511	0.00027197
Saint Mary	1.362	62.65	401.65	0.524	16.734	48.734	2.736e-05	0.00125869	0.00806947	1.053e-05	0.0003362	0.00097911
Richland	1.396	64.216	217.216	0.0	0.0	3.0	6.914e-05	0.00318027	0.01075753	0.0	0.0	0.00014857
Saint Tammany	6.172	297.717	2143.717	2.183	55.14	220.14	2.391e-05	0.00115345	0.00830541	8.46e-06	0.00021363	0.00085289
East Carroll	3.067	154.163	349.163	2.183	55.14	55.14	0.00043584	0.02190749	0.04961816	0.00031022	0.00783573	0.00783573
Cameron	0.257	11.813	20.813	2.183	55.14	55.14	3.688e-05	0.00169532	0.00298694	0.00031329	0.00791332	0.00791332
Pointe Coupee	1.123	50.327	263.327	0.288	8.774	33.774	5.119e-05	0.00229385	0.01200214	1.313e-05	0.00039991	0.00153938
West Carroll	0.0	11.942	95.942	0.288	8.774	8.774	0.0	0.00108742	0.0087363	2.622e-05	0.00079894	0.00079894
Webster	10.682	269.864	451.864	2.388	30.967	38.967	0.00027532	0.00695562	0.01164658	6.155e-05	0.00079816	0.00100436
Jefferson Davis	26.33	317.287	408.287	0.0	0.0	7.0	0.0008337	0.01004645	0.01292784	0.0	0.0	0.00022165
Lincoln	1.144	55.196	228.196	0.293	10.262	27.262	2.424e-05	0.00116951	0.00483507	6.21e-06	0.00021743	0.00057763
La Salle	1.072	37.518	98.518	0.0	0.0	1.0	7.186e-05	0.00251512	0.00660441	0.0	0.0	6.704e-05
Terrebonne	5.814	238.03	982.03	0.409	18.822	73.822	5.237e-05	0.00214401	0.00884544	3.68e-06	0.00016954	0.00066494
West Baton Rouge	1.588	69.233	254.233	0.135	3.93	34.93	6.009e-05	0.00261978	0.0096202	5.11e-06	0.00014871	0.00132175
Caldwell	45.107	543.552	614.552	0.0	0.0	1.0	0.00452882	0.05457349	0.06170201	0.0	0.0	0.0001004
Washington	3.071	133.851	598.851	0.611	17.795	59.795	6.593e-05	0.00287345	0.01285585	1.312e-05	0.00038201	0.00128365
Saint John the Baptist	1.286	59.145	936.145	1.334	37.088	121.088	2.978e-05	0.0013696	0.02167805	3.089e-05	0.00085884	0.002804
East Feliciana	0.431	20.774	221.774	0.092	3.208	33.208	2.233e-05	0.00107609	0.0114879	4.77e-06	0.00016617	0.00172018
Desoto	2.709	86.528	348.528	0.033	0.604	17.604	9.874e-05	0.00315381	0.01270331	1.2e-06	2.201e-05	0.00064164
Lafourche	8.61	352.474	1254.474	0.094	4.52	79.52	8.775e-05	0.00359246	0.01278575	9.6e-07	4.607e-05	0.00081048
Jefferson	20.635	995.365	8857.365	0.63	33.529	492.529	4.754e-05	0.0022932	0.02040628	1.45e-06	7.725e-05	0.00113473
Red River	0.0	1.146	52.146	0.0	0.15	7.15	0.0	0.00013519	0.00615147	0.0	1.769e-05	0.00084346
Ouachita	12.873	577.0	2047.0	0.769	32.51	86.51	8.333e-05	0.00373523	0.01325134	4.98e-06	0.00021045	0.00056003
Saint Bernard	0.796	38.421	590.421	0.018	0.642	23.642	1.704e-05	0.00082235	0.01263717	3.9e-07	1.374e-05	0.00050603
Morehouse	0.557	26.86	159.86	0.0	0.0	5.0	2.193e-05	0.00105756	0.0062942	0.0	0.0	0.00019687
Iberia	0.935	45.113	469.113	0.22	7.696	48.696	1.318e-05	0.00063592	0.00661272	3.1e-06	0.00010848	0.00068643
Plaquemines	0.833	40.159	258.159	0.0	0.0	17.0	3.558e-05	0.00171546	0.01102772	0.0	0.0	0.00072619
Bossier	1.804	87.012	550.012	0.105	3.687	29.687	1.418e-05	0.00068414	0.0043245	8.3e-07	2.899e-05	0.00023342
Livingston	2.935	134.986	598.986	0.726	23.2	54.2	2.103e-05	0.00096718	0.00429175	5.2e-06	0.00016623	0.00038834
Saint Charles	0.897	43.285	692.285	0.156	5.453	50.453	1.696e-05	0.00081857	0.01309187	2.95e-06	0.00010312	0.00095412
Caddo	6.977	454.851	3185.851	0.98	47.286	253.286	2.872e-05	0.00187242	0.01311471	4.03e-06	0.00019466	0.00104266
Madison	2.883	132.591	341.591	0.0	0.0	2.0	0.00025831	0.01187985	0.03060577	0.0	0.0	0.0001792
Natchitoches	0.826	40.701	217.701	0.0	0.0	13.0	2.137e-05	0.00105282	0.00563131	0.0	0.0	0.00033627
Catahoula	20.77	250.286	371.286	0.0	0.0	3.0	0.00216174	0.02604975	0.03864342	0.0	0.0	0.00031224
Bienville	0.58	27.989	180.989	0.05	1.766	24.766	4.358e-05	0.00210317	0.01360002	3.76e-06	0.0001327	0.00186099
Avoyelles	2.192	92.73	253.73	0.0	0.0	9.0	5.417e-05	0.00229178	0.00627082	0.0	0.0	0.00022243
Iberville	1.634	73.238	669.238	0.253	7.725	49.725	4.994e-05	0.00223826	0.02045286	7.73e-06	0.00023609	0.00151967
Saint James	3.428	86.605	390.605	5.801	75.207	102.207	0.00016295	0.00411679	0.01856752	0.00027575	0.00357499	0.00485844
Unassigned	25.596	308.436	428.436	0.4	19.297	130.297	N/A	N/A	N/A	N/A	N/A	N/A
Evangeline	0.0	1.268	85.268	0.0	0.0	1.0	0.0	3.792e-05	0.00254965	0.0	0.0	2.99e-05
Claiborne	0.117	7.625	73.625	0.0	0.0	10.0	7.34e-06	0.00047824	0.00461772	0.0	0.0	0.0006272
Tensas	22.658	273.038	294.038	0.0	0.0	0.0	0.00507799	0.06119184	0.06589825	0.0	0.0	0.0
Allen	0.085	4.087	190.087	0.0	0.0	10.0	3.32e-06	0.00015962	0.00742382	0.0	0.0	0.00039055
Franklin	4.726	222.803	608.803	0.281	9.409	21.409	0.00023447	0.01105393	0.03020455	1.394e-05	0.00046681	0.00106217
Saint Helena	0.068	3.304	58.304	0.0	0.0	1.0	6.63e-06	0.00032196	0.00568154	0.0	0.0	9.745e-05
Lafayette	7.833	377.857	1257.857	0.431	15.072	44.072	3.226e-05	0.00155636	0.00518101	1.78e-06	6.208e-05	0.00018153
Rapides	8.751	422.101	1379.101	1.567	54.835	92.835	6.703e-05	0.00323295	0.01056281	1.2e-05	0.00041999	0.00071104
Union	1.964	90.329	438.329	0.464	14.832	34.832	8.795e-05	0.00404519	0.0196296	2.078e-05	0.00066422	0.00155987
Orleans	4.31	280.971	7510.971	0.278	13.385	525.385	1.102e-05	0.00071858	0.01920935	7.1e-07	3.423e-05	0.00134368
Saint Landry	103.327	1245.116	1554.116	0.0	0.062	54.062	0.00124845	0.01504417	0.01877768	0.0	7.5e-07	0.00065321
Concordia	0.009	13.149	109.149	0.0	0.0	5.0	4.6e-07	0.00067183	0.00557679	0.0	0.0	0.00025547
Ascension	7.675	268.569	1150.569	0.085	4.087	62.087	6.156e-05	0.0021542	0.00922877	6.8e-07	3.278e-05	0.000498
West Feliciana	0.661	31.899	253.899	0.128	4.487	17.487	4.276e-05	0.00206332	0.01642296	8.28e-06	0.00029023	0.00113111
Sabine	0.454	21.904	72.904	0.0	0.0	1.0	1.889e-05	0.00091145	0.00303362	0.0	0.0	4.161e-05
Assumption	0.0	2.714	259.714	0.0	0.62	13.62	0.0	0.0001217	0.01164637	0.0	2.78e-05	0.00061076
Vernon	2.029	51.247	85.247	0.0	0.0	3.0	4.153e-05	0.00104885	0.00174472	0.0	0.0	6.14e-05
Winn	0.0	25.198	211.198	0.0	0.0	2.0	0.0	0.00178279	0.01494255	0.0	0.0	0.0001415
Calcasieu	2.221	102.14	739.14	0.129	8.485	59.485	1.093e-05	0.00050288	0.00363908	6.4e-07	4.177e-05	0.00029287
Beauregard	88.326	1064.353	1165.353	0.0	0.0	4.0	0.00237098	0.02857093	0.03128212	0.0	0.0	0.00010737
Tangipahoa	4.247	204.879	1148.879	0.701	24.53	63.53	3.175e-05	0.0015315	0.00858802	5.24e-06	0.00018336	0.00047489
Saint Martin	0.369	17.821	303.821	0.128	4.487	28.487	6.88e-06	0.00033235	0.00566608	2.39e-06	8.368e-05	0.00053127
Grant	2.712	61.136	105.136	0.0	0.0	1.0	0.00012063	0.00271933	0.00467645	0.0	0.0	4.448e-05
East Baton Rouge	27.423	1122.648	5071.648	0.625	30.164	282.164	6.219e-05	0.00254594	0.01150148	1.42e-06	6.841e-05	0.00063989
Acadia	3.519	169.759	671.759	0.577	20.203	48.203	5.658e-05	0.00272968	0.01080172	9.28e-06	0.00032486	0.00077509
Jackson	0.917	44.243	175.243	0.44	15.392	30.392	5.767e-05	0.00278223	0.01102019	2.767e-05	0.00096793	0.00191121
