Name	Predicted_New_Cases	Total_Predicted_New_Cases	Total_Predicted_Cases	Predicted_New_Deaths	Total_Predicted_New_Deaths	Total_Predicted_Deaths	Predicted_New_per_capita	Predicted_Total_New_per_capita	Predicted_Total_Cases_per_capita	Predicted_New_Deaths_per_capita	Total_Predicted_New_Deaths_per_capita	Total_Predicted_Deaths_per_capita
Vermilion	16.4	412.131	1176.131	22.895	313.744	322.744	0.00027411	0.00688837	0.01965788	0.00038267	0.00524392	0.00539435
Saint Mary	11.112	366.032	1406.032	15.878	344.423	383.423	0.00022325	0.00735388	0.02824832	0.000319	0.00691974	0.00770328
Richland	1.744	67.183	439.183	2.896	82.069	87.069	8.637e-05	0.00332721	0.02175035	0.00014342	0.00406443	0.00431205
Saint Tammany	14.622	563.346	4262.346	15.397	593.186	782.186	5.665e-05	0.00218257	0.01651362	5.965e-05	0.00229818	0.00303042
East Carroll	3.065	118.068	601.068	0.0	22.636	23.636	0.00043555	0.01677817	0.08541538	0.0	0.00321671	0.00335882
Cameron	1.261	40.121	163.121	0.0	0.0	4.475	0.00018097	0.00575789	0.02341002	0.0	0.0	0.00064222
Pointe Coupee	2.321	89.435	588.435	3.667	103.931	131.931	0.00010579	0.00407634	0.02682019	0.00016714	0.00473706	0.00601326
West Carroll	0.802	30.916	228.916	1.981	56.139	61.139	7.303e-05	0.00281515	0.02084465	0.00018039	0.00511191	0.0055672
Webster	268.403	2636.374	3264.374	0.0	35.448	47.448	0.00691796	0.06795129	0.08413769	0.0	0.00091366	0.00122295
Jefferson Davis	4.011	154.538	907.538	4.419	125.241	141.241	0.000127	0.00489323	0.02873593	0.00013992	0.00396558	0.0044722
Lincoln	1.963	75.623	580.623	5.249	148.758	168.758	4.159e-05	0.00160232	0.01230238	0.00011122	0.00315192	0.00357568
La Salle	0.547	21.078	165.078	0.697	26.852	27.852	3.667e-05	0.00141302	0.01106643	4.673e-05	0.00180009	0.00186713
Terrebonne	14.269	549.743	2620.743	0.0	48.829	116.829	0.00012853	0.0049517	0.02360583	0.0	0.00043982	0.00105231
West Baton Rouge	2.12	81.662	548.662	3.923	111.18	143.18	8.022e-05	0.0030901	0.02076142	0.00014845	0.00420706	0.00541794
Caldwell	58.354	573.179	715.179	0.895	34.493	35.493	0.00585884	0.05754809	0.07180512	8.986e-05	0.00346315	0.00356355
Washington	3.352	129.16	1071.16	0.0	29.076	80.076	7.196e-05	0.00277274	0.02299515	0.0	0.00062419	0.00171903
Saint John the Baptist	505.155	4961.862	6104.862	7.579	291.998	379.998	0.01169774	0.11490047	0.14136861	0.0001755	0.00676172	0.00879951
East Feliciana	173.39	1703.112	2099.112	0.0	17.297	51.297	0.00898161	0.08822129	0.10873411	0.0	0.00089599	0.00265719
Desoto	211.865	2081.028	2572.028	0.0	20.919	41.919	0.00772215	0.07585027	0.09374646	0.0	0.00076247	0.00152788
Lafourche	7.987	307.726	2235.726	0.0	49.728	141.728	8.14e-05	0.00313638	0.02278679	0.0	0.00050683	0.00144451
Jefferson	5393.971	52982.006	65236.006	75.282	2900.392	3400.392	0.01242704	0.12206401	0.15029572	0.00017344	0.00668215	0.00783408
Red River	0.599	23.058	152.058	0.854	24.192	33.192	7.066e-05	0.00272007	0.01793771	0.00010074	0.00285384	0.00391554
Ouachita	23.958	923.033	4492.033	0.0	94.873	190.873	0.00015509	0.00597529	0.02907935	0.0	0.00061416	0.00123562
Saint Bernard	330.87	3249.95	4065.95	0.0	42.882	66.882	0.00708183	0.0695608	0.08702618	0.0	0.00091783	0.00143152
Morehouse	1.129	43.511	378.511	4.033	114.289	124.289	4.445e-05	0.00171317	0.01490318	0.00015879	0.00449992	0.00489365
Iberia	8.937	344.324	1951.324	0.0	27.373	80.373	0.00012598	0.00485367	0.02750629	0.0	0.00038586	0.00113296
Plaquemines	0.0	7.246	348.246	0.0	23.107	41.107	0.0	0.00030953	0.01487595	0.0	0.00098706	0.00175596
Bossier	6.885	265.242	1829.242	13.086	370.838	415.838	5.413e-05	0.00208548	0.01438253	0.00010289	0.00291574	0.00326955
Livingston	9.546	367.787	2259.787	12.785	362.315	404.315	6.84e-05	0.0026352	0.01619141	9.16e-05	0.00259599	0.00289692
Saint Charles	0.0	20.755	1032.755	5.255	202.459	252.459	0.0	0.0003925	0.01953053	9.938e-05	0.00382872	0.00477428
Caddo	18.615	717.165	5682.165	0.0	145.621	402.621	7.663e-05	0.00295224	0.0233909	0.0	0.00059946	0.00165741
Madison	1.595	61.461	539.461	6.261	177.436	183.436	0.00014291	0.00550676	0.04833447	0.00056097	0.01589786	0.01643544
Natchitoches	2.303	88.743	571.743	3.276	92.848	106.848	5.957e-05	0.00229553	0.01478939	8.474e-05	0.00240172	0.00276386
Catahoula	0.688	26.524	248.524	0.0	9.249	12.249	7.161e-05	0.00276062	0.02586636	0.0	0.00096264	0.00127488
Bienville	0.0	5.959	302.959	0.0	17.865	45.865	0.0	0.00044778	0.02276518	0.0	0.00134243	0.00344642
Avoyelles	3.02	116.365	735.365	4.185	118.611	138.611	7.464e-05	0.00287591	0.01817421	0.00010343	0.00293142	0.00342571
Iberville	398.727	3916.475	4826.475	0.0	44.383	87.383	0.01218566	0.11969301	0.1475039	0.0	0.00135641	0.00267055
Saint James	1.788	68.905	578.905	5.857	165.978	195.978	8.499e-05	0.00327542	0.02751842	0.00027841	0.00788981	0.00931587
Unassigned	0.043	1.654	6.654	0.802	30.915	140.915	N/A	N/A	N/A	N/A	N/A	N/A
Evangeline	2.387	91.952	532.952	0.0	2.131	4.131	7.138e-05	0.00274951	0.01593613	0.0	6.372e-05	0.00012352
Claiborne	0.564	21.745	186.745	1.928	54.642	64.642	3.537e-05	0.00136384	0.01171256	0.00012092	0.00342712	0.00405432
Tensas	0.15	5.786	45.786	0.0	0.0	2.032	3.362e-05	0.00129673	0.01026132	0.0	0.0	0.0004554
Allen	2.911	112.144	740.144	4.618	130.874	144.874	0.00011369	0.00437977	0.02890623	0.00018036	0.00511127	0.00565804
Franklin	269.982	2651.882	3279.882	0.0	29.969	43.969	0.01339462	0.13156787	0.16272485	0.0	0.00148685	0.00218143
Saint Helena	0.688	26.503	190.503	0.0	4.571	5.571	6.704e-05	0.00258263	0.01856393	0.0	0.00044543	0.00054288
Lafayette	26.577	1023.912	5871.912	0.0	23.206	82.206	0.00010947	0.00421741	0.02418594	0.0	9.558e-05	0.0003386
Rapides	8.437	325.054	2603.054	10.53	405.705	490.705	6.462e-05	0.00248965	0.0199373	8.065e-05	0.00310737	0.00375841
Union	0.0	8.943	507.943	0.0	36.821	66.821	0.0	0.00040049	0.02274711	0.0	0.00164895	0.00299243
Orleans	4084.576	40120.537	49385.537	63.478	2445.592	2990.592	0.01044633	0.10260849	0.12630378	0.00016235	0.00625462	0.00764846
Saint Landry	7.298	281.174	1718.174	0.0	28.145	91.145	8.818e-05	0.0033973	0.02075992	0.0	0.00034006	0.00110126
Concordia	73.943	726.302	904.302	0.0	6.786	13.786	0.003778	0.03710924	0.04620386	0.0	0.00034672	0.00070437
Ascension	7.653	294.842	2190.842	8.033	309.486	373.486	6.139e-05	0.00236494	0.01757285	6.443e-05	0.0024824	0.00299575
West Feliciana	123.645	1214.495	1497.495	0.0	15.694	29.694	0.00799774	0.07855724	0.09686255	0.0	0.00101514	0.0019207
Sabine	2.494	84.796	388.796	0.0	2.807	5.807	0.00010378	0.00352846	0.01617826	0.0	0.0001168	0.00024164
Assumption	200.308	1967.514	2416.514	0.0	21.96	38.96	0.00898242	0.08822933	0.10836386	0.0	0.00098475	0.00174709
Vernon	21.08	379.672	765.672	24.591	230.281	243.281	0.00043144	0.00777061	0.01567073	0.0005033	0.00471308	0.00497914
Winn	137.527	1350.854	1667.854	0.0	15.854	20.854	0.00973022	0.09557478	0.11800297	0.0	0.00112169	0.00147545
Calcasieu	210.916	4053.502	8284.502	0.0	18.377	98.377	0.00103842	0.01995698	0.04078785	0.0	9.048e-05	0.00048435
Beauregard	2.429	93.584	564.584	3.061	86.745	95.745	6.52e-05	0.00251212	0.0151554	8.217e-05	0.00232854	0.00257013
Tangipahoa	10.058	387.511	2687.511	22.389	634.485	681.485	7.518e-05	0.00289669	0.02008948	0.00016736	0.00474286	0.00509419
Saint Martin	5.429	209.163	1419.163	10.706	303.393	334.393	0.00010125	0.00390077	0.02646655	0.00019966	0.0056581	0.00623623
Grant	0.691	26.64	180.64	0.628	24.21	27.21	3.074e-05	0.00118495	0.00803487	2.793e-05	0.00107686	0.0012103
East Baton Rouge	34.269	1320.272	9686.272	0.0	228.893	516.893	7.772e-05	0.00299411	0.02196653	0.0	0.00051908	0.00117221
Acadia	8.028	309.288	2005.288	0.0	40.923	91.923	0.00012909	0.00497328	0.03224454	0.0	0.00065803	0.0014781
Jackson	117.707	1156.171	1432.171	0.0	12.759	30.759	0.00740202	0.07270601	0.09006232	0.0	0.00080235	0.00193428
