Name	Predicted_New_Cases	Total_Predicted_New_Cases	Total_Predicted_Cases	Predicted_New_Deaths	Total_Predicted_New_Deaths	Total_Predicted_Deaths	Predicted_New_per_capita	Predicted_Total_New_per_capita	Predicted_Total_Cases_per_capita	Predicted_New_Deaths_per_capita	Total_Predicted_New_Deaths_per_capita	Total_Predicted_Deaths_per_capita
Vermilion	0.033	23.712	76.712	0.0	0.014	3.014	5.5e-07	0.00039632	0.00128217	0.0	2.3e-07	5.038e-05
Saint Mary	0.16	99.633	407.633	0.004	1.424	30.424	3.21e-06	0.00200171	0.00818968	8e-08	2.861e-05	0.00061124
Richland	0.248	90.007	214.007	0.01	5.687	8.687	1.228e-05	0.00445756	0.0105986	5e-07	0.00028165	0.00043022
Saint Tammany	0.763	415.516	2102.516	0.052	37.692	193.692	2.96e-06	0.00160983	0.00814578	2e-07	0.00014603	0.00075042
East Carroll	1.876	565.615	680.615	0.052	37.692	37.692	0.00026659	0.08037729	0.09671948	7.39e-06	0.00535626	0.00535626
Cameron	0.0	0.0	3.0	0.052	37.692	37.692	0.0	0.0	0.00043054	7.46e-06	0.0054093	0.0054093
Pointe Coupee	0.0	10.724	199.724	0.0	2.646	26.646	0.0	0.00048879	0.00910319	0.0	0.0001206	0.00121449
West Carroll	0.254	117.277	161.277	0.0	2.647	2.647	2.313e-05	0.01067902	0.01468558	0.0	0.00024103	0.00024103
Webster	0.469	170.606	312.606	0.112	22.33	28.33	1.209e-05	0.00439729	0.00805727	2.89e-06	0.00057555	0.00073019
Jefferson Davis	0.02	14.094	89.094	0.01	4.162	11.162	6.3e-07	0.00044627	0.00282104	3.2e-07	0.00013178	0.00035343
Lincoln	0.173	80.003	222.003	0.056	14.882	28.882	3.67e-06	0.00169512	0.00470385	1.19e-06	0.00031532	0.00061196
La Salle	0.037	26.845	74.845	0.0	0.0	1.0	2.48e-06	0.00179962	0.00501743	0.0	0.0	6.704e-05
Terrebonne	0.01	139.91	786.91	0.014	12.339	60.339	9e-08	0.00126021	0.00708794	1.3e-07	0.00011114	0.00054349
West Baton Rouge	0.036	25.615	183.615	0.0	0.0	30.0	1.36e-06	0.00096927	0.00694801	0.0	0.0	0.0011352
Caldwell	0.007	6.477	58.477	0.0	0.0	0.0	7e-07	0.0006503	0.00587118	0.0	0.0	0.0
Washington	0.077	77.212	484.212	0.047	22.728	60.728	1.65e-06	0.00165755	0.01039483	1.01e-06	0.00048791	0.00130368
Saint John the Baptist	0.065	46.532	895.532	0.0	0.0	78.0	1.51e-06	0.00107753	0.02073759	0.0	0.0	0.00180622
East Feliciana	0.0	24.887	215.887	0.001	13.639	41.639	0.0	0.00128915	0.01118296	5e-08	0.0007065	0.0021569
Desoto	0.106	61.314	302.314	0.024	8.309	25.309	3.86e-06	0.0022348	0.01101888	8.7e-07	0.00030285	0.00092247
Lafourche	0.0	67.41	848.41	0.018	13.086	84.086	0.0	0.00068705	0.0086471	1.8e-07	0.00013337	0.00085701
Jefferson	0.0	502.937	7896.937	0.0	3.307	441.307	0.0	0.0011587	0.01819357	0.0	7.62e-06	0.00101672
Red River	0.025	18.016	66.016	0.0	0.0	7.0	2.95e-06	0.00212528	0.00778766	0.0	0.0	0.00082576
Ouachita	0.655	472.254	1622.254	0.073	29.36	66.36	4.24e-06	0.00305715	0.01050173	4.7e-07	0.00019006	0.00042958
Saint Bernard	0.469	141.508	672.508	1.127	180.857	202.857	1.004e-05	0.00302879	0.01439413	2.412e-05	0.003871	0.00434188
Morehouse	0.588	213.619	334.619	0.0	0.0	5.0	2.315e-05	0.00841086	0.01317501	0.0	0.0	0.00019687
Iberia	0.403	196.13	599.13	0.17	48.121	85.121	5.68e-06	0.00276469	0.00844547	2.4e-06	0.00067832	0.00119988
Plaquemines	0.025	18.235	219.235	0.006	2.314	19.314	1.07e-06	0.00077894	0.00936501	2.6e-07	9.885e-05	0.00082503
Bossier	0.416	213.584	615.584	0.051	15.309	41.309	3.27e-06	0.00167932	0.00484007	4e-07	0.00012037	0.00032479
Livingston	0.144	104.022	507.022	0.029	11.787	38.787	1.03e-06	0.00074532	0.00363282	2.1e-07	8.445e-05	0.00027791
Saint Charles	0.0	25.99	656.99	0.001	4.955	48.955	0.0	0.0004915	0.0124244	2e-08	9.37e-05	0.00092579
Caddo	4.356	2237.153	4664.153	0.062	44.52	222.52	1.793e-05	0.00920935	0.01920021	2.6e-07	0.00018327	0.00091601
Madison	1.346	433.326	510.326	0.062	44.52	44.52	0.0001206	0.03882502	0.04572404	5.56e-06	0.00398889	0.00398889
Natchitoches	1.567	537.011	694.011	0.282	52.623	65.623	4.053e-05	0.01389097	0.01795212	7.29e-06	0.00136121	0.00169748
Catahoula	0.038	27.515	139.515	0.0	0.0	3.0	3.96e-06	0.00286376	0.01452071	0.0	0.0	0.00031224
Bienville	2.62	789.879	928.879	0.519	83.315	105.315	0.00019687	0.0593537	0.06979854	3.9e-05	0.00626052	0.00791366
Avoyelles	0.079	57.161	174.161	0.0	0.0	9.0	1.95e-06	0.00141271	0.00430431	0.0	0.0	0.00022243
Iberville	0.508	184.565	743.565	0.341	68.227	108.227	1.553e-05	0.00564057	0.0227244	1.042e-05	0.00208511	0.00330757
Saint James	0.036	25.615	318.615	0.032	12.948	37.948	1.71e-06	0.00121762	0.01514546	1.52e-06	0.00061549	0.00180387
Unassigned	0.099	71.587	155.587	0.228	164.427	269.427	N/A	N/A	N/A	N/A	N/A	N/A
Evangeline	50.743	6476.804	6551.804	0.0	0.0	1.0	0.0015173	0.19366696	0.19590958	0.0	0.0	2.99e-05
Claiborne	0.008	5.594	67.594	0.0	0.0	10.0	5e-07	0.00035085	0.00423946	0.0	0.0	0.0006272
Tensas	0.204	65.527	75.527	0.0	0.0	0.0	4.572e-05	0.01468557	0.01692671	0.0	0.0	0.0
Allen	0.387	278.742	462.742	0.0	0.0	10.0	1.511e-05	0.01088623	0.01807233	0.0	0.0	0.00039055
Franklin	0.102	73.379	383.379	0.026	10.4	20.4	5.06e-06	0.00364055	0.01902059	1.29e-06	0.00051598	0.00101211
Saint Helena	0.033	20.385	71.385	0.0	0.0	1.0	3.22e-06	0.00198645	0.00695625	0.0	0.0	9.745e-05
Lafayette	0.203	227.926	916.926	0.0	0.0	24.0	8.4e-07	0.00093881	0.00377675	0.0	0.0	9.885e-05
Rapides	0.796	573.481	1252.481	0.092	36.988	59.988	6.1e-06	0.0043924	0.009593	7e-07	0.0002833	0.00045946
Union	0.426	231.735	534.735	0.107	34.395	51.395	1.908e-05	0.01037774	0.02394693	4.79e-06	0.0015403	0.00230161
Orleans	0.885	593.124	7638.124	0.0	3.291	509.291	2.26e-06	0.00151692	0.01953454	0.0	8.42e-06	0.00130251
Saint Landry	5.688	912.423	1164.423	0.005	3.802	56.802	6.873e-05	0.01102439	0.0140692	6e-08	4.594e-05	0.00068631
Concordia	0.334	127.956	213.956	0.049	10.504	15.504	1.707e-05	0.00653771	0.01093174	2.5e-06	0.00053669	0.00079215
Ascension	0.0	53.386	858.386	0.024	15.767	70.767	0.0	0.00042821	0.00688515	1.9e-07	0.00012647	0.00056763
West Feliciana	0.085	46.081	251.081	0.057	18.463	30.463	5.5e-06	0.00298066	0.01624069	3.69e-06	0.00119424	0.00197044
Sabine	0.105	53.755	94.755	0.0	0.0	1.0	4.37e-06	0.00223681	0.00394287	0.0	0.0	4.161e-05
Assumption	9.448	1205.927	1450.927	0.0	0.295	12.295	0.00042368	0.05407744	0.06506399	0.0	1.323e-05	0.00055135
Vernon	0.02	12.421	36.421	0.517	65.98	68.98	4.1e-07	0.00025422	0.00074542	1.058e-05	0.00135039	0.00141179
Winn	0.183	131.654	281.654	0.0	0.0	2.0	1.295e-05	0.0093147	0.01992741	0.0	0.0	0.0001415
Calcasieu	1.448	526.358	1107.358	0.595	119.094	163.094	7.13e-06	0.00259147	0.00545196	2.93e-06	0.00058635	0.00080298
Beauregard	0.027	19.799	80.799	0.0	0.0	4.0	7.2e-07	0.00053147	0.00216893	0.0	0.0	0.00010737
Tangipahoa	0.294	212.08	1038.08	0.042	16.879	50.879	2.2e-06	0.00158532	0.00775978	3.1e-07	0.00012617	0.00038033
Saint Martin	1.05	279.499	571.499	0.0	0.0	22.0	1.958e-05	0.00521249	0.01065812	0.0	0.0	0.00041029
Grant	0.029	21.032	49.032	0.0	0.0	1.0	1.29e-06	0.0009355	0.00218094	0.0	0.0	4.448e-05
East Baton Rouge	0.0	442.39	3933.39	0.0	15.858	248.858	0.0	0.00100325	0.00892014	0.0	3.596e-05	0.00056436
Acadia	0.0	165.053	562.053	0.0	11.873	33.873	0.0	0.00265401	0.00903767	0.0	0.00019091	0.00054467
Jackson	0.344	131.793	231.793	0.197	42.02	53.02	2.163e-05	0.00828783	0.01457634	1.239e-05	0.00264243	0.00333417
