Name	Predicted_New_Cases	Total_Predicted_New_Cases	Total_Predicted_Cases	Predicted_New_Deaths	Total_Predicted_New_Deaths	Total_Predicted_Deaths	Predicted_New_per_capita	Predicted_Total_New_per_capita	Predicted_Total_Cases_per_capita	Predicted_New_Deaths_per_capita	Total_Predicted_New_Deaths_per_capita	Total_Predicted_Deaths_per_capita
Vermilion	0.991	1.991	28.991	0.0	0.0	1.0	1.656e-05	3.328e-05	0.00048456	0.0	0.0	1.671e-05
Saint Mary	6.588	13.237	142.237	0.0	0.0	2.0	0.00013236	0.00026594	0.00285766	0.0	0.0	4.018e-05
Richland	1.506	3.026	23.026	0.0	0.0	0.0	7.458e-05	0.00014986	0.00114035	0.0	0.0	0.0
Saint Tammany	43.938	91.045	989.045	2.829	5.545	60.545	0.00017023	0.00035274	0.00383186	1.096e-05	2.148e-05	0.00023457
East Carroll	0.0	0.0	1.0	0.0	0.0	0.0	0.0	0.0	0.00014211	0.0	0.0	0.0
Cameron	0.0	0.0	2.0	2.829	5.545	5.545	0.0	0.0	0.00028703	0.000406	0.00079578	0.00079578
Pointe Coupee	3.435	6.902	55.902	0.0	0.0	4.0	0.00015656	0.00031459	0.00254795	0.0	0.0	0.00018232
West Carroll	0.0	0.0	4.0	0.0	0.0	0.0	0.0	0.0	0.00036423	0.0	0.0	0.0
Webster	2.537	5.519	70.519	0.004	0.008	2.008	6.539e-05	0.00014225	0.00181759	1e-07	2.1e-07	5.176e-05
Jefferson Davis	3.435	6.902	53.902	0.0	0.0	4.0	0.00010876	0.00021854	0.00170673	0.0	0.0	0.00012665
Lincoln	2.992	5.659	47.659	0.0	0.0	0.0	6.34e-05	0.0001199	0.00100981	0.0	0.0	0.0
La Salle	0.925	1.858	14.858	0.0	0.0	0.0	6.201e-05	0.00012456	0.00099604	0.0	0.0	0.0
Terrebonne	15.8	32.324	297.324	0.324	0.657	17.657	0.00014232	0.00029115	0.00267809	2.92e-06	5.92e-06	0.00015904
West Baton Rouge	4.125	8.454	84.454	0.632	1.281	10.281	0.00015609	0.0003199	0.00319575	2.391e-05	4.847e-05	0.00038903
Caldwell	0.0	0.0	18.0	0.632	1.281	1.281	0.0	0.0	0.00180723	6.345e-05	0.00012861	0.00012861
Washington	9.708	19.544	181.544	0.885	1.698	10.698	0.00020841	0.00041956	0.0038973	1.9e-05	3.645e-05	0.00022966
Saint John the Baptist	28.244	58.022	620.022	0.895	1.828	49.828	0.00065404	0.0013436	0.01435768	2.073e-05	4.233e-05	0.00115385
East Feliciana	5.284	10.617	87.617	0.0	0.0	4.0	0.00027371	0.00054996	0.00453857	0.0	0.0	0.0002072
Desoto	6.393	13.189	143.189	0.062	0.129	7.129	0.00023302	0.00048072	0.00521902	2.26e-06	4.7e-06	0.00025984
Lafourche	32.745	65.794	551.794	0.724	1.391	14.391	0.00033374	0.00067058	0.00562395	7.38e-06	1.418e-05	0.00014667
Jefferson	266.357	549.81	5737.81	10.068	20.379	230.379	0.00061365	0.00126669	0.01321921	2.32e-05	4.695e-05	0.00053076
Red River	1.651	3.318	16.318	0.0	0.0	2.0	0.00019476	0.00039141	0.00192497	0.0	0.0	0.00023593
Ouachita	25.994	52.23	439.23	0.652	1.252	8.252	0.00016827	0.00033811	0.00284337	4.22e-06	8.1e-06	5.342e-05
Saint Bernard	16.482	34.886	411.886	0.0	0.0	8.0	0.00035277	0.00074669	0.00881586	0.0	0.0	0.00017123
Morehouse	1.738	3.605	35.605	0.0	0.0	2.0	6.843e-05	0.00014194	0.00140188	0.0	0.0	7.875e-05
Iberia	8.481	16.77	164.77	0.0	0.0	5.0	0.00011955	0.00023639	0.00232263	0.0	0.0	7.048e-05
Plaquemines	6.762	14.095	156.095	0.622	1.289	12.289	0.00028885	0.00060209	0.00666788	2.657e-05	5.506e-05	0.00052495
Bossier	8.337	17.31	224.31	0.0	0.0	10.0	6.555e-05	0.0001361	0.00176365	0.0	0.0	7.863e-05
Livingston	7.461	15.225	144.225	0.0	0.0	4.0	5.346e-05	0.00010909	0.00103337	0.0	0.0	2.866e-05
Saint Charles	20.06	42.331	502.331	0.684	1.417	25.417	0.00037936	0.00080053	0.00949963	1.294e-05	2.68e-05	0.00048066
Caddo	59.419	121.255	1218.255	2.642	5.309	61.309	0.0002446	0.00049915	0.005015	1.088e-05	2.185e-05	0.00025238
Madison	0.0	0.0	2.0	2.642	5.309	5.309	0.0	0.0	0.0001792	0.00023672	0.00047567	0.00047567
Natchitoches	3.135	6.299	48.299	2.642	5.309	5.309	8.109e-05	0.00016294	0.00124936	6.834e-05	0.00013733	0.00013733
Catahoula	1.599	3.212	24.212	0.0	0.0	1.0	0.00016642	0.0003343	0.00251998	0.0	0.0	0.00010408
Bienville	3.092	5.879	42.879	4.722	8.722	14.722	0.00023234	0.00044176	0.00322205	0.00035482	0.0006554	0.00110625
Avoyelles	3.408	6.772	71.772	1.11	2.11	4.11	8.423e-05	0.00016737	0.00177381	2.743e-05	5.215e-05	0.00010158
Iberville	14.894	30.276	283.276	0.998	2.011	19.011	0.00045518	0.00092528	0.00865731	3.05e-05	6.146e-05	0.000581
Saint James	7.161	15.383	223.383	0.515	1.071	14.071	0.0003404	0.00073124	0.01061858	2.448e-05	5.091e-05	0.00066887
Unassigned	2.511	5.133	61.133	0.065	0.132	3.132	N/A	N/A	N/A	N/A	N/A	N/A
Evangeline	2.392	4.73	43.73	0.065	0.132	0.132	7.152e-05	0.00014143	0.0013076	1.94e-06	3.95e-06	3.95e-06
Claiborne	2.799	5.666	46.666	1.057	2.057	6.057	0.00017555	0.00035537	0.00292687	6.629e-05	0.00012901	0.00037989
Tensas	0.0	0.0	1.0	0.0	0.0	0.0	0.0	0.0	0.00022411	0.0	0.0	0.0
Allen	4.544	9.215	83.215	1.013	2.013	10.013	0.00017747	0.00035989	0.00324995	3.956e-05	7.862e-05	0.00039106
Franklin	3.369	6.769	55.769	1.086	2.086	4.086	0.00016715	0.00033583	0.00276687	5.388e-05	0.00010349	0.00020272
Saint Helena	0.0	0.0	14.0	1.086	2.086	2.086	0.0	0.0	0.00136426	0.00010583	0.00020327	0.00020327
Lafayette	13.162	26.446	389.446	0.941	1.808	16.808	5.421e-05	0.00010893	0.0016041	3.88e-06	7.45e-06	6.923e-05
Rapides	9.512	19.112	194.112	0.092	0.176	5.176	7.285e-05	0.00014638	0.00148674	7e-07	1.35e-06	3.964e-05
Union	2.275	4.675	54.675	0.956	1.956	5.956	0.00010188	0.00020936	0.0024485	4.281e-05	8.76e-05	0.00026673
Orleans	206.916	444.512	6162.512	11.696	23.5	299.5	0.00052919	0.00113684	0.01576066	2.991e-05	6.01e-05	0.00076597
Saint Landry	9.875	18.448	133.448	2.214	4.014	20.014	0.00011932	0.0002229	0.00161239	2.675e-05	4.85e-05	0.00024182
Concordia	0.0	0.0	19.0	0.0	0.0	1.0	0.0	0.0	0.00097077	0.0	0.0	5.109e-05
Ascension	18.414	37.987	475.987	1.643	3.399	30.399	0.0001477	0.0003047	0.00381791	1.318e-05	2.726e-05	0.00024383
West Feliciana	2.239	4.706	50.706	1.643	3.399	3.399	0.00014483	0.0003044	0.00327982	0.00010627	0.00021986	0.00021986
Sabine	0.33	0.663	10.663	1.643	3.399	3.399	1.373e-05	2.759e-05	0.0004437	6.837e-05	0.00014144	0.00014144
Assumption	8.067	16.209	139.209	0.0	0.0	1.0	0.00036175	0.00072686	0.00624256	0.0	0.0	4.484e-05
Vernon	0.559	1.141	15.141	0.0	0.0	0.0	1.144e-05	2.335e-05	0.00030989	0.0	0.0	0.0
Winn	1.387	2.787	14.787	0.0	0.0	2.0	9.813e-05	0.00019718	0.0010462	0.0	0.0	0.0001415
Calcasieu	15.915	31.773	304.773	0.889	1.698	15.698	7.836e-05	0.00015643	0.00150052	4.38e-06	8.36e-06	7.729e-05
Beauregard	1.4	2.942	30.942	0.0	0.0	1.0	3.758e-05	7.897e-05	0.00083059	0.0	0.0	2.684e-05
Tangipahoa	28.434	57.132	448.132	0.0	0.0	11.0	0.00021255	0.00042707	0.00334984	0.0	0.0	8.223e-05
Saint Martin	11.1	22.06	190.06	0.666	1.266	10.266	0.00020701	0.00041141	0.00354451	1.242e-05	2.361e-05	0.00019145
Grant	0.375	0.855	12.855	0.666	1.266	1.266	1.668e-05	3.803e-05	0.00057179	2.962e-05	5.631e-05	5.631e-05
East Baton Rouge	80.185	162.309	1457.309	3.809	7.653	65.653	0.00018184	0.00036808	0.00330489	8.64e-06	1.736e-05	0.00014889
Acadia	3.414	7.143	111.143	0.434	0.901	5.901	5.49e-05	0.00011486	0.00178715	6.98e-06	1.449e-05	9.489e-05
Jackson	0.462	0.929	9.929	0.434	0.901	0.901	2.905e-05	5.842e-05	0.00062439	2.729e-05	5.666e-05	5.666e-05
