Name	Confirmed	Deaths	Recovered	Active	Confirmed_per_capita	Deaths_per_capita	IFR_0.30_expected	IFR_0.65_expected	IFR_1.0_expected	IFR_0.30_expected_per_capita	IFR_0.65_expected_per_capita	IFR_1.0_expected_per_capita
Saint Martin	41.0	3.0	0.0	0.0	0.00076463	5.595e-05	1000.0	461.538461538	300.0	0.01865	0.00860769230769	0.005595
Orleans	2270.0	115.0	0.0	0.0	0.00580554	0.00029411	38333.3333333	17692.3076923	11500.0	0.0980366666667	0.0452476923077	0.029411
Red River	1.0	0.0	0.0	0.0	0.00011797	0.0	5.0	2.0	1.25	0.00058985	0.00023594	0.0001474625
Jackson	4.0	0.0	0.0	0.0	0.00025154	0.0	20.0	8.0	5.0	0.0012577	0.00050308	0.000314425
Richland	3.0	0.0	0.0	0.0	0.00014857	0.0	15.0	6.0	3.75	0.00074285	0.00029714	0.0001857125
Saint Helena	1.0	0.0	0.0	0.0	9.745e-05	0.0	5.0	2.0	1.25	0.00048725	0.0001949	0.0001218125
Grant	3.0	0.0	0.0	0.0	0.00013344	0.0	15.0	6.0	3.75	0.0006672	0.00026688	0.0001668
Union	11.0	0.0	0.0	0.0	0.00049261	0.0	55.0	22.0	13.75	0.00246305	0.00098522	0.0006157625
Plaquemines	47.0	4.0	0.0	0.0	0.00200769	0.00017087	1333.33333333	615.384615385	400.0	0.0569566666667	0.0262876923077	0.017087
Tangipahoa	33.0	2.0	0.0	0.0	0.00024668	1.495e-05	666.666666667	307.692307692	200.0	0.00498333333333	0.0023	0.001495
Winn	1.0	0.0	0.0	0.0	7.075e-05	0.0	5.0	2.0	1.25	0.00035375	0.0001415	8.84375e-05
Assumption	25.0	0.0	0.0	0.0	0.00112108	0.0	125.0	50.0	31.25	0.0056054	0.00224216	0.00140135
Evangeline	11.0	0.0	0.0	0.0	0.00032892	0.0	55.0	22.0	13.75	0.0016446	0.00065784	0.00041115
Saint Landry	45.0	1.0	0.0	0.0	0.00054371	1.208e-05	333.333333333	153.846153846	100.0	0.00402666666667	0.00185846153846	0.001208
Desoto	39.0	1.0	0.0	0.0	0.00142149	3.645e-05	333.333333333	153.846153846	100.0	0.01215	0.00560769230769	0.003645
Concordia	5.0	0.0	0.0	0.0	0.00025547	0.0	25.0	10.0	6.25	0.00127735	0.00051094	0.0003193375
La Salle	2.0	0.0	0.0	0.0	0.00013408	0.0	10.0	4.0	2.5	0.0006704	0.00026816	0.0001676
Sabine	3.0	0.0	0.0	0.0	0.00012483	0.0	15.0	6.0	3.75	0.00062415	0.00024966	0.0001560375
Morehouse	2.0	0.0	0.0	0.0	7.875e-05	0.0	10.0	4.0	2.5	0.00039375	0.0001575	9.84375e-05
Pointe Coupee	7.0	0.0	0.0	0.0	0.00031905	0.0	35.0	14.0	8.75	0.00159525	0.0006381	0.0003988125
East Feliciana	10.0	0.0	0.0	0.0	0.000518	0.0	50.0	20.0	12.5	0.00259	0.001036	0.0006475
West Feliciana	8.0	0.0	0.0	0.0	0.00051746	0.0	40.0	16.0	10.0	0.0025873	0.00103492	0.000646825
Saint Tammany	270.0	6.0	0.0	0.0	0.00104606	2.325e-05	2000.0	923.076923077	600.0	0.00775	0.00357692307692	0.002325
Vernon	6.0	0.0	0.0	0.0	0.0001228	0.0	30.0	12.0	7.5	0.000614	0.0002456	0.0001535
Acadia	47.0	1.0	0.0	0.0	0.00075575	1.608e-05	333.333333333	153.846153846	100.0	0.00536	0.00247384615385	0.001608
Beauregard	8.0	0.0	0.0	0.0	0.00021475	0.0	40.0	16.0	10.0	0.00107375	0.0004295	0.0002684375
Saint John the Baptist	118.0	13.0	0.0	0.0	0.00273249	0.00030104	4333.33333333	2000.0	1300.0	0.100346666667	0.0463138461538	0.030104
Claiborne	10.0	0.0	0.0	0.0	0.0006272	0.0	50.0	20.0	12.5	0.003136	0.0012544	0.000784
Catahoula	3.0	1.0	0.0	0.0	0.00031224	0.00010408	333.333333333	153.846153846	100.0	0.0346933333333	0.0160123076923	0.010408
Lincoln	13.0	0.0	0.0	0.0	0.00027545	0.0	65.0	26.0	16.25	0.00137725	0.0005509	0.0003443125
Natchitoches	2.0	0.0	0.0	0.0	5.173e-05	0.0	10.0	4.0	2.5	0.00025865	0.00010346	6.46625e-05
Iberia	49.0	1.0	0.0	0.0	0.00069071	1.41e-05	333.333333333	153.846153846	100.0	0.0047	0.00216923076923	0.00141
Webster	17.0	1.0	0.0	0.0	0.00043817	2.577e-05	333.333333333	153.846153846	100.0	0.00859	0.00396461538462	0.002577
Lafourche	105.0	4.0	0.0	0.0	0.00107017	4.077e-05	1333.33333333	615.384615385	400.0	0.01359	0.00627230769231	0.004077
East Carroll	1.0	0.0	0.0	0.0	0.00014211	0.0	5.0	2.0	1.25	0.00071055	0.00028422	0.0001776375
Madison	1.0	0.0	0.0	0.0	8.96e-05	0.0	5.0	2.0	1.25	0.000448	0.0001792	0.000112
Calcasieu	90.0	1.0	0.0	0.0	0.00044311	4.92e-06	333.333333333	153.846153846	100.0	0.00164	0.000756923076923	0.000492
Jefferson Davis	9.0	0.0	0.0	0.0	0.00028497	0.0	45.0	18.0	11.25	0.00142485	0.00056994	0.0003562125
Livingston	25.0	0.0	0.0	0.0	0.00017913	0.0	125.0	50.0	31.25	0.00089565	0.00035826	0.0002239125
Jefferson	1433.0	64.0	0.0	0.0	0.00330146	0.00014745	21333.3333333	9846.15384615	6400.0	0.04915	0.0226846153846	0.014745
Iberville	36.0	3.0	0.0	0.0	0.00110021	9.168e-05	1000.0	461.538461538	300.0	0.03056	0.0141046153846	0.009168
Avoyelles	31.0	2.0	0.0	0.0	0.00076615	4.943e-05	666.666666667	307.692307692	200.0	0.0164766666667	0.00760461538462	0.004943
Saint Bernard	94.0	3.0	0.0	0.0	0.00201194	6.421e-05	1000.0	461.538461538	300.0	0.0214033333333	0.00987846153846	0.006421
Ouachita	80.0	1.0	0.0	0.0	0.00051788	6.47e-06	333.333333333	153.846153846	100.0	0.00215666666667	0.000995384615385	0.000647
Caddo	298.0	7.0	0.0	0.0	0.00122673	2.882e-05	2333.33333333	1076.92307692	700.0	0.00960666666667	0.00443384615385	0.002882
Bossier	75.0	1.0	0.0	0.0	0.00058969	7.86e-06	333.333333333	153.846153846	100.0	0.00262	0.00120923076923	0.000786
Terrebonne	55.0	1.0	0.0	0.0	0.0004954	9.01e-06	333.333333333	153.846153846	100.0	0.00300333333333	0.00138615384615	0.000901
Saint Charles	82.0	7.0	0.0	0.0	0.00155071	0.00013238	2333.33333333	1076.92307692	700.0	0.0441266666667	0.0203661538462	0.013238
Rapides	69.0	4.0	0.0	0.0	0.00052848	3.064e-05	1333.33333333	615.384615385	400.0	0.0102133333333	0.00471384615385	0.003064
West Baton Rouge	14.0	1.0	0.0	0.0	0.00052976	3.784e-05	333.333333333	153.846153846	100.0	0.0126133333333	0.00582153846154	0.003784
East Baton Rouge	244.0	10.0	0.0	0.0	0.00055334	2.268e-05	3333.33333333	1538.46153846	1000.0	0.00756	0.00348923076923	0.002268
Washington	39.0	2.0	0.0	0.0	0.00083723	4.294e-05	666.666666667	307.692307692	200.0	0.0143133333333	0.00660615384615	0.004294
Vermilion	10.0	1.0	0.0	0.0	0.00016714	1.671e-05	333.333333333	153.846153846	100.0	0.00557	0.00257076923077	0.001671
Saint Mary	26.0	0.0	0.0	0.0	0.00052236	0.0	130.0	52.0	32.5	0.0026118	0.00104472	0.00065295
Bienville	6.0	1.0	0.0	0.0	0.00045086	7.514e-05	333.333333333	153.846153846	100.0	0.0250466666667	0.01156	0.007514
Saint James	86.0	4.0	0.0	0.0	0.00408804	0.00019014	1333.33333333	615.384615385	400.0	0.06338	0.0292523076923	0.019014
Ascension	189.0	5.0	0.0	0.0	0.00151598	4.011e-05	1666.66666667	769.230769231	500.0	0.01337	0.00617076923077	0.004011
Allen	19.0	0.0	0.0	0.0	0.00074204	0.0	95.0	38.0	23.75	0.0037102	0.00148408	0.00092755
Unassigned	28.0	0.0	0.0	0.0	N/A	N/A	140.0	56.0	35.0	N/A	N/A	N/A
Lafayette	159.0	2.0	0.0	0.0	0.00065491	8.24e-06	666.666666667	307.692307692	200.0	0.00274666666667	0.00126769230769	0.000824
Franklin	5.0	0.0	0.0	0.0	0.00024807	0.0	25.0	10.0	6.25	0.00124035	0.00049614	0.0003100875
