Name	Predicted_New_Cases	Total_Predicted_New_Cases	Total_Predicted_Cases	Predicted_New_Deaths	Total_Predicted_New_Deaths	Total_Predicted_Deaths	Predicted_New_per_capita	Predicted_Total_New_per_capita	Predicted_Total_Cases_per_capita	Predicted_New_Deaths_per_capita	Total_Predicted_New_Deaths_per_capita	Total_Predicted_Deaths_per_capita
Vermilion	0.0	3.669	56.669	0.0	0.0	3.0	0.0	6.132e-05	0.00094717	0.0	0.0	5.014e-05
Saint Mary	0.631	50.683	369.683	0.005	0.334	30.334	1.268e-05	0.00101826	0.00742723	1e-07	6.71e-06	0.00060943
Richland	0.907	47.526	182.526	0.043	2.904	5.904	4.492e-05	0.0023537	0.00903952	2.13e-06	0.00014382	0.00029239
Saint Tammany	6.194	353.532	2102.532	0.0	1.256	159.256	2.4e-05	0.00136969	0.00814584	0.0	4.87e-06	0.00061701
East Carroll	4.936	258.502	406.502	0.0	1.256	1.256	0.00070144	0.03673469	0.05776638	0.0	0.00017849	0.00017849
Cameron	0.012	0.732	6.732	0.0	1.256	1.256	1.72e-06	0.00010505	0.00096613	0.0	0.00018025	0.00018025
Pointe Coupee	0.503	32.202	229.202	0.177	8.623	32.623	2.293e-05	0.00146773	0.01044676	8.07e-06	0.00039303	0.00148692
West Carroll	1.664	89.95	151.95	0.177	8.623	8.623	0.00015152	0.00819068	0.01383628	1.612e-05	0.00078519	0.00078519
Webster	0.979	58.561	205.561	0.176	7.61	14.61	2.523e-05	0.00150938	0.00529824	4.54e-06	0.00019614	0.00037657
Jefferson Davis	0.021	5.608	81.608	0.02	2.057	9.057	6.6e-07	0.00017757	0.002584	6.3e-07	6.513e-05	0.00028678
Lincoln	0.747	44.699	201.699	0.004	0.173	14.173	1.583e-05	0.00094709	0.00427365	8e-08	3.67e-06	0.0003003
La Salle	0.0	5.098	56.098	0.0	0.0	1.0	0.0	0.00034176	0.00376068	0.0	0.0	6.704e-05
Terrebonne	0.088	72.407	751.407	0.201	12.024	64.024	7.9e-07	0.00065219	0.00676815	1.81e-06	0.0001083	0.00057668
West Baton Rouge	0.354	21.204	187.204	0.056	2.421	32.421	1.34e-05	0.00080236	0.00708382	2.12e-06	9.161e-05	0.00122681
Caldwell	0.043	3.459	57.459	0.056	2.421	2.421	4.32e-06	0.00034729	0.00576898	5.62e-06	0.00024307	0.00024307
Washington	2.086	109.231	534.231	0.597	20.144	58.144	4.478e-05	0.00234492	0.01146861	1.282e-05	0.00043244	0.00124821
Saint John the Baptist	0.846	48.257	908.257	3.852	58.404	137.404	1.959e-05	0.00111747	0.02103226	8.92e-05	0.00135245	0.00318183
East Feliciana	0.5	29.922	223.922	0.333	14.356	44.356	2.59e-05	0.00154996	0.01159917	1.725e-05	0.00074364	0.00229764
Desoto	0.0	5.521	252.521	0.0	1.233	18.233	0.0	0.00020123	0.009204	0.0	4.494e-05	0.00066456
Lafourche	1.378	82.423	903.423	0.374	22.396	93.396	1.404e-05	0.00084007	0.0092078	3.81e-06	0.00022826	0.0009519
Jefferson	12.082	722.909	8306.909	18.308	344.015	794.015	2.784e-05	0.00166549	0.01913809	4.218e-05	0.00079257	0.00182931
Red River	0.195	12.189	62.189	0.083	3.913	10.913	2.3e-05	0.00143789	0.0073362	9.79e-06	0.0004616	0.00128737
Ouachita	9.762	527.56	1775.56	1.268	45.091	86.091	6.319e-05	0.00341518	0.01149416	8.21e-06	0.0002919	0.00055731
Saint Bernard	0.981	51.382	587.382	0.353	11.918	33.918	2.1e-05	0.00109976	0.01257212	7.56e-06	0.00025509	0.00072597
Morehouse	0.401	35.699	157.699	0.0	0.0	5.0	1.579e-05	0.00140558	0.00620911	0.0	0.0	0.00019687
Iberia	0.0	22.91	430.91	0.001	3.326	41.326	0.0	0.00032294	0.0060742	1e-08	4.688e-05	0.00058254
Plaquemines	0.244	14.596	225.596	0.148	6.4	23.4	1.042e-05	0.00062349	0.00963674	6.32e-06	0.00027339	0.00099957
Bossier	1.04	84.289	499.289	0.075	5.064	31.064	8.18e-06	0.00066273	0.00392569	5.9e-07	3.982e-05	0.00024424
Livingston	3.296	172.636	594.636	0.353	11.918	40.918	2.362e-05	0.00123694	0.00426058	2.53e-06	8.539e-05	0.00029318
Saint Charles	0.836	45.19	683.19	0.335	11.905	55.905	1.581e-05	0.00085459	0.01291987	6.34e-06	0.00022514	0.00105722
Caddo	0.0	170.018	2732.018	1.647	88.993	276.993	0.0	0.00069989	0.01124648	6.78e-06	0.00036634	0.00114025
Madison	1.81	108.308	205.308	1.647	88.993	88.993	0.00016217	0.00970415	0.01839513	0.00014757	0.00797357	0.00797357
Natchitoches	0.0	19.115	188.115	0.0	0.15	13.15	0.0	0.00049445	0.00486601	0.0	3.88e-06	0.00034015
Catahoula	0.0	1.018	114.018	0.0	0.0	3.0	0.0	0.00010595	0.01186699	0.0	0.0	0.00031224
Bienville	0.0	15.287	161.287	0.0	2.248	25.248	0.0	0.00114871	0.01211955	0.0	0.00016892	0.0018972
Avoyelles	1.392	75.244	203.244	0.0	0.0	9.0	3.44e-05	0.00185962	0.00502308	0.0	0.0	0.00022243
Iberville	1.246	74.531	641.531	0.248	10.72	51.72	3.808e-05	0.00227777	0.01960609	7.58e-06	0.00032762	0.00158064
Saint James	0.276	17.687	311.687	0.12	5.84	30.84	1.312e-05	0.00084076	0.01481613	5.7e-06	0.00027761	0.00146599
Unassigned	0.288	17.256	101.256	1.979	118.404	223.404	N/A	N/A	N/A	N/A	N/A	N/A
Evangeline	0.0	2.745	80.745	0.0	0.0	1.0	0.0	8.208e-05	0.00241441	0.0	0.0	2.99e-05
Claiborne	0.581	25.075	91.075	0.0	0.0	10.0	3.644e-05	0.00157269	0.00571218	0.0	0.0	0.0006272
Tensas	0.0	0.776	11.776	0.0	0.0	0.0	0.0	0.00017391	0.00263918	0.0	0.0	0.0
Allen	0.0	8.614	192.614	0.0	0.0	10.0	0.0	0.00033642	0.00752252	0.0	0.0	0.00039055
Franklin	2.097	106.18	438.18	0.349	11.184	21.184	0.00010404	0.00526791	0.02173943	1.731e-05	0.00055487	0.001051
Saint Helena	0.521	28.972	79.972	0.0	0.0	1.0	5.077e-05	0.00282323	0.00779302	0.0	0.0	9.745e-05
Lafayette	4.243	242.169	1010.169	0.289	11.365	37.365	1.748e-05	0.00099748	0.00416081	1.19e-06	4.681e-05	0.0001539
Rapides	6.496	397.447	1187.447	0.919	41.401	67.401	4.975e-05	0.00304412	0.00909489	7.04e-06	0.0003171	0.00051624
Union	0.0	18.854	335.854	0.0	1.739	18.739	0.0	0.00084433	0.01504048	0.0	7.788e-05	0.00083918
Orleans	7.684	459.757	7586.757	0.302	18.082	525.082	1.965e-05	0.00117583	0.01940317	7.7e-07	4.624e-05	0.0013429
Saint Landry	0.0	6.621	263.621	0.075	4.498	58.498	0.0	8e-05	0.00318521	9.1e-07	5.435e-05	0.0007068
Concordia	1.258	67.995	154.995	0.0	0.0	5.0	6.428e-05	0.0034741	0.00791922	0.0	0.0	0.00025547
Ascension	1.431	85.638	905.638	0.201	12.024	68.024	1.148e-05	0.00068691	0.00726417	1.61e-06	9.645e-05	0.00054562
West Feliciana	0.797	44.322	253.322	0.871	32.595	45.595	5.155e-05	0.00286688	0.01638564	5.634e-05	0.00210834	0.00294922
Sabine	0.0	2.501	48.501	0.0	0.0	1.0	0.0	0.00010407	0.00201818	0.0	0.0	4.161e-05
Assumption	0.652	37.218	289.218	0.326	12.813	26.813	2.924e-05	0.00166897	0.01296942	1.462e-05	0.00057457	0.00120238
Vernon	0.06	5.353	31.353	0.052	3.121	6.121	1.23e-06	0.00010956	0.00064169	1.06e-06	6.388e-05	0.00012528
Winn	3.372	182.247	346.247	0.0	0.0	2.0	0.00023857	0.01289423	0.02449745	0.0	0.0	0.0001415
Calcasieu	0.0	40.651	639.651	0.003	5.875	54.875	0.0	0.00020014	0.00314925	1e-08	2.892e-05	0.00027017
Beauregard	0.456	24.62	90.62	0.0	0.0	4.0	1.224e-05	0.00066089	0.00243256	0.0	0.0	0.00010737
Tangipahoa	4.595	248.326	1106.326	0.776	27.61	62.61	3.435e-05	0.00185627	0.00826993	5.8e-06	0.00020639	0.00046802
Saint Martin	0.0	6.094	304.094	0.0	0.379	23.379	0.0	0.00011365	0.00567117	0.0	7.07e-06	0.000436
Grant	0.0	1.953	29.953	0.0	0.0	1.0	0.0	8.687e-05	0.00133231	0.0	0.0	4.448e-05
East Baton Rouge	0.0	151.758	3769.758	0.313	24.978	263.978	0.0	0.00034416	0.00854906	7.1e-07	5.665e-05	0.00059865
Acadia	25.78	964.769	1382.769	9.203	198.777	221.777	0.00041454	0.01551325	0.02223459	0.00014798	0.00319629	0.00356612
Jackson	1.546	80.984	186.984	0.521	17.588	30.588	9.722e-05	0.00509269	0.01175852	3.276e-05	0.00110602	0.00192353
