Name	Predicted_New_Cases	Total_Predicted_New_Cases	Total_Predicted_Cases	Predicted_New_Deaths	Total_Predicted_New_Deaths	Total_Predicted_Deaths	Predicted_New_per_capita	Predicted_Total_New_per_capita	Predicted_Total_Cases_per_capita	Predicted_New_Deaths_per_capita	Total_Predicted_New_Deaths_per_capita	Total_Predicted_Deaths_per_capita
Valley	0.06	0.821	2.821	1.093	20.217	20.217	5.43e-06	7.436e-05	0.0002555	9.899e-05	0.00183108	0.00183108
Kootenai	0.015	1.837	46.837	1.093	20.217	20.217	9e-08	1.137e-05	0.00029	6.77e-06	0.00012518	0.00012518
Ada	8.22	166.1	704.1	0.329	5.843	14.843	1.749e-05	0.00035343	0.00149819	7e-07	1.243e-05	3.158e-05
Power	0.0	0.0	2.0	0.0	0.0	0.0	0.0	0.0	0.00025747	0.0	0.0	0.0
Lewis	0.0	0.0	1.0	0.0	0.0	0.0	0.0	0.0	0.000259	0.0	0.0	0.0
Butte	0.0	0.0	0.0	0.0	0.0	0.0	0.0	0.0	0.0	0.0	0.0	0.0
Bonner	0.158	2.171	6.171	0.329	5.843	5.843	3.53e-06	4.854e-05	0.00013797	7.36e-06	0.00013064	0.00013064
Lincoln	0.013	1.942	16.942	0.329	5.843	5.843	2.43e-06	0.00036231	0.00316082	6.138e-05	0.00109011	0.00109011
Washington	0.0	0.0	1.0	0.0	0.0	0.0	0.0	0.0	9.842e-05	0.0	0.0	0.0
Teton	0.254	3.523	9.523	0.329	5.843	5.843	2.182e-05	0.00030266	0.00081813	2.826e-05	0.00050198	0.00050198
Shoshone	0.0	0.0	0.0	0.0	0.0	0.0	0.0	0.0	0.0	0.0	0.0	0.0
Canyon	6.209	85.473	252.473	0.516	5.547	10.547	2.778e-05	0.00038243	0.00112964	2.31e-06	2.482e-05	4.719e-05
Jefferson	0.002	0.299	4.299	0.516	5.547	5.547	7e-08	1.016e-05	0.00014603	1.753e-05	0.00018842	0.00018842
Gooding	0.0	0.0	5.0	0.516	5.547	5.547	0.0	0.0	0.00032903	3.396e-05	0.00036503	0.00036503
Boundary	0.0	0.0	1.0	0.0	0.0	0.0	0.0	0.0	8.37e-05	0.0	0.0	0.0
Custer	0.0	0.0	2.0	0.516	5.547	5.547	0.0	0.0	0.00046729	0.00012056	0.00129603	0.00129603
Blaine	0.0	13.183	471.183	0.0	0.11	5.11	0.0	0.00058329	0.02084788	0.0	4.87e-06	0.0002261
Boise	0.0	0.0	0.0	0.0	0.0	0.0	0.0	0.0	0.0	0.0	0.0	0.0
Bonneville	0.84	11.57	27.57	0.002	0.194	0.194	7.19e-06	9.901e-05	0.00023594	2e-08	1.66e-06	1.66e-06
Bingham	0.0	0.0	2.0	0.002	0.194	0.194	0.0	0.0	4.326e-05	4e-08	4.2e-06	4.2e-06
Lemhi	0.0	0.0	0.0	0.0	0.0	0.0	0.0	0.0	0.0	0.0	0.0	0.0
Fremont	0.0	0.0	2.0	0.002	0.194	0.194	0.0	0.0	0.00015188	1.5e-07	1.473e-05	1.473e-05
Elmore	0.007	0.811	18.811	0.002	0.194	0.194	2.6e-07	2.975e-05	0.00069008	7e-08	7.12e-06	7.12e-06
Madison	1.025	5.853	10.853	0.002	0.194	0.194	2.608e-05	0.00014892	0.00027613	5e-08	4.94e-06	4.94e-06
Minidoka	0.368	5.061	11.061	0.002	0.194	0.194	1.767e-05	0.00024303	0.00053114	1e-07	9.32e-06	9.32e-06
Benewah	0.0	0.0	0.0	0.0	0.0	0.0	0.0	0.0	0.0	0.0	0.0	0.0
Clearwater	0.0	0.0	0.0	0.0	0.0	0.0	0.0	0.0	0.0	0.0	0.0	0.0
Bear Lake	0.0	0.0	0.0	0.0	0.0	0.0	0.0	0.0	0.0	0.0	0.0	0.0
Unassigned	0.0	0.0	0.0	0.0	0.0	0.0	N/A	N/A	N/A	N/A	N/A	N/A
Cassia	0.392	5.397	15.397	0.0	0.0	1.0	1.643e-05	0.00022616	0.0006452	0.0	0.0	4.19e-05
Adams	0.0	0.0	1.0	0.0	0.0	0.0	0.0	0.0	0.00023529	0.0	0.0	0.0
Franklin	0.0	0.0	0.0	0.0	0.0	0.0	0.0	0.0	0.0	0.0	0.0	0.0
Camas	0.0	0.0	1.0	0.0	0.0	0.0	0.0	0.0	0.00088731	0.0	0.0	0.0
Latah	0.0	0.0	3.0	0.0	0.0	0.0	0.0	0.0	7.475e-05	0.0	0.0	0.0
Nez Perce	0.69	9.497	29.497	0.826	8.878	17.878	1.708e-05	0.00023503	0.00072998	2.044e-05	0.00021971	0.00044244
Owyhee	0.21	2.894	6.894	0.826	8.878	8.878	1.796e-05	0.0002475	0.00058958	7.064e-05	0.00075926	0.00075926
Clark	0.0	0.0	0.0	0.0	0.0	0.0	0.0	0.0	0.0	0.0	0.0	0.0
Bannock	0.0	0.054	5.054	0.0	8.052	8.052	0.0	6.2e-07	5.8e-05	0.0	9.241e-05	9.241e-05
Idaho	0.0	0.0	3.0	0.826	8.878	8.878	0.0	0.0	0.00018168	5.002e-05	0.00053764	0.00053764
Jerome	1.471	20.249	50.249	0.0	0.0	2.0	6.125e-05	0.00084318	0.0020924	0.0	0.0	8.328e-05
Twin Falls	4.265	58.718	137.718	0.0	0.0	7.0	4.955e-05	0.00068212	0.00159987	0.0	0.0	8.132e-05
Payette	0.315	4.337	13.337	0.0	0.0	1.0	1.338e-05	0.00018415	0.0005663	0.0	0.0	4.246e-05
Oneida	0.0	0.0	0.0	0.0	0.0	0.0	0.0	0.0	0.0	0.0	0.0	0.0
Caribou	0.0	0.0	1.0	0.0	0.0	0.0	0.0	0.0	0.00014164	0.0	0.0	0.0
Gem	0.158	2.171	11.171	0.0	0.0	0.0	8.96e-06	0.00012311	0.00063349	0.0	0.0	0.0
