Name	Confirmed	Deaths	Recovered	Active	Confirmed_per_capita	Deaths_per_capita	IFR_0.30_expected	IFR_0.65_expected	IFR_1.0_expected	IFR_0.30_expected_per_capita	IFR_0.65_expected_per_capita	IFR_1.0_expected_per_capita	Date
Lincoln	0.0	0.0	0.0	0.0	0.0	0.0	0.0	0.0	0.0	0.0	0.0	0.0	2020-03-22
Lincoln	0	0	0	0	0.0	0.0	0	0	0	0.0	0.0	0.0	2020-03-23
Lincoln	0	0	0	0	0	0	0	0	0	0	0	0	2020-03-24
Lincoln	0	0	0	0	0	0	0	0	0	0	0	0	2020-03-25
Lincoln	0	0	0	0	0	0	0	0	0	0	0	0	2020-03-26
Lincoln	1	0	0	0	0.00017627	0.0	5	2	1.25	0.00088135	0.00035254	0.0002203375	2020-03-27
Lincoln	1	0	0	0	1.7627e-4	0	5	2	1.25	8.8135e-4	3.5254e-4	2.203375e-4	2020-03-28
Lincoln	1.0	0.0	0.0	0.0	0.00017627	0.0	5.0	2.0	1.25	0.00088135	0.00035254	0.0002203375	2020-03-29
Lincoln	1.0	0.0	0.0	0.0	0.00017627	0.0	5.0	2.0	1.25	0.00088135	0.00035254	0.0002203375	2020-03-30
Lincoln	1.0	0.0	0.0	0.0	0.00017627	0.0	5.0	2.0	1.25	0.00088135	0.00035254	0.0002203375	2020-03-31
Lincoln	1.0	0.0	0.0	0.0	0.00017627	0.0	5.0	2.0	1.25	0.00088135	0.00035254	0.0002203375	2020-04-01
Lincoln	1.0	0.0	0.0	0.0	0.00017627	0.0	5.0	2.0	1.25	0.00088135	0.00035254	0.0002203375	2020-04-02
Lincoln	1.0	0.0	0.0	0.0	0.00017627	0.0	5.0	2.0	1.25	0.00088135	0.00035254	0.0002203375	2020-04-03
Lincoln	1.0	0.0	0.0	0.0	0.00017627	0.0	5.0	2.0	1.25	0.00088135	0.00035254	0.0002203375	2020-04-04
Lincoln	1.0	0.0	0.0	0.0	0.00017627	0.0	5.0	2.0	1.25	0.00088135	0.00035254	0.0002203375	2020-04-05
Lincoln	2.0	0.0	0.0	0.0	0.00035255	0.0	10.0	4.0	2.5	0.00176275	0.0007051	0.0004406875	2020-04-06
Lincoln	2.0	0.0	0.0	0.0	0.00035255	0.0	10.0	4.0	2.5	0.00176275	0.0007051	0.0004406875	2020-04-07
Lincoln	2.0	0.0	0.0	0.0	0.00035255	0.0	10.0	4.0	2.5	0.00176275	0.0007051	0.0004406875	2020-04-08
Lincoln	2.0	0.0	0.0	0.0	0.00035255	0.0	10.0	4.0	2.5	0.00176275	0.0007051	0.0004406875	2020-04-09
Lincoln	2.0	0.0	0.0	0.0	0.00035255	0.0	10.0	4.0	2.5	0.00176275	0.0007051	0.0004406875	2020-04-10
Lincoln	2.0	0.0	0.0	0.0	0.00035255	0.0	10.0	4.0	2.5	0.00176275	0.0007051	0.0004406875	2020-04-11
Lincoln	2.0	0.0	0.0	2.0	0.00035255	0.0	10.0	4.0	2.5	0.00176275	0.0007051	0.0004406875	2020-04-12
Lincoln	2.0	0.0	0.0	2.0	0.00035255	0.0	10.0	4.0	2.5	0.00176275	0.0007051	0.0004406875	2020-04-13
Lincoln	2.0	0.0	0.0	2.0	0.00035255	0.0	10.0	4.0	2.5	0.00176275	0.0007051	0.0004406875	2020-04-14
Lincoln	2.0	0.0	0.0	2.0	0.00035255	0.0	10.0	4.0	2.5	0.00176275	0.0007051	0.0004406875	2020-04-15
Lincoln	2.0	0.0	0.0	2.0	0.00035255	0.0	10.0	4.0	2.5	0.00176275	0.0007051	0.0004406875	2020-04-16
Lincoln	2.0	0.0	0.0	2.0	0.00035255	0.0	10.0	4.0	2.5	0.00176275	0.0007051	0.0004406875	2020-04-17
Lincoln	2.0	0.0	0.0	2.0	0.00035255	0.0	10.0	4.0	2.5	0.00176275	0.0007051	0.0004406875	2020-04-18
Lincoln	2.0	0.0	0.0	2.0	0.00035255	0.0	10.0	4.0	2.5	0.00176275	0.0007051	0.0004406875	2020-04-19
Lincoln	2.0	0.0	0.0	2.0	0.00035255	0.0	10.0	4.0	2.5	0.00176275	0.0007051	0.0004406875	2020-04-20
Lincoln	2.0	0.0	0.0	2.0	0.00035255	0.0	10.0	4.0	2.5	0.00176275	0.0007051	0.0004406875	2020-04-21
Lincoln	2.0	0.0	0.0	2.0	0.00035255	0.0	10.0	4.0	2.5	0.00176275	0.0007051	0.0004406875	2020-04-22
Lincoln	2.0	0.0	0.0	2.0	0.00035255	0.0	10.0	4.0	2.5	0.00176275	0.0007051	0.0004406875	2020-04-23
Lincoln	2.0	0.0	0.0	2.0	0.00035255	0.0	10.0	4.0	2.5	0.00176275	0.0007051	0.0004406875	2020-04-24
Lincoln	2.0	0.0	0.0	2.0	0.00035255	0.0	10.0	4.0	2.5	0.00176275	0.0007051	0.0004406875	2020-04-25
Lincoln	2.0	0.0	0.0	2.0	0.00035255	0.0	10.0	4.0	2.5	0.00176275	0.0007051	0.0004406875	2020-04-26
Lincoln	2.0	0.0	0.0	2.0	0.00035255	0.0	10.0	4.0	2.5	0.00176275	0.0007051	0.0004406875	2020-04-27
Lincoln	2.0	0.0	0.0	2.0	0.00035255	0.0	10.0	4.0	2.5	0.00176275	0.0007051	0.0004406875	2020-04-28
Lincoln	3.0	0.0	0.0	3.0	0.00052882	0.0	15.0	6.0	3.75	0.0026441	0.00105764	0.000661025	2020-04-29
Lincoln	3.0	0.0	0.0	3.0	0.00052882	0.0	15.0	6.0	3.75	0.0026441	0.00105764	0.000661025	2020-04-30
Lincoln	3.0	0.0	0.0	3.0	0.00052882	0.0	15.0	6.0	3.75	0.0026441	0.00105764	0.000661025	2020-05-01
Lincoln	3.0	0.0	0.0	3.0	0.00052882	0.0	15.0	6.0	3.75	0.0026441	0.00105764	0.000661025	2020-05-02
Lincoln	3.0	0.0	0.0	3.0	0.00052882	0.0	15.0	6.0	3.75	0.0026441	0.00105764	0.000661025	2020-05-03
Lincoln	3.0	0.0	0.0	3.0	0.00052882	0.0	15.0	6.0	3.75	0.0026441	0.00105764	0.000661025	2020-05-04
Lincoln	3.0	0.0	0.0	3.0	0.00052882	0.0	15.0	6.0	3.75	0.0026441	0.00105764	0.000661025	2020-05-05
Lincoln	3.0	0.0	0.0	3.0	0.00052882	0.0	15.0	6.0	3.75	0.0026441	0.00105764	0.000661025	2020-05-06
Lincoln	3.0	0.0	0.0	3.0	0.00052882	0.0	15.0	6.0	3.75	0.0026441	0.00105764	0.000661025	2020-05-07
Lincoln	3.0	0.0	0.0	3.0	0.00052882	0.0	15.0	6.0	3.75	0.0026441	0.00105764	0.000661025	2020-05-08
Lincoln	3.0	0.0	0.0	3.0	0.00052882	0.0	15.0	6.0	3.75	0.0026441	0.00105764	0.000661025	2020-05-09
Lincoln	3.0	0.0	0.0	3.0	0.00052882	0.0	15.0	6.0	3.75	0.0026441	0.00105764	0.000661025	2020-05-10
Lincoln	4.0	0.0	0.0	4.0	0.00070509	0.0	20.0	8.0	5.0	0.00352545	0.00141018	0.0008813625	2020-05-11
Lincoln	4.0	0.0	0.0	4.0	0.00070509	0.0	20.0	8.0	5.0	0.00352545	0.00141018	0.0008813625	2020-05-12
Lincoln	4.0	0.0	0.0	4.0	0.00070509	0.0	20.0	8.0	5.0	0.00352545	0.00141018	0.0008813625	2020-05-13
Lincoln	4.0	0.0	0.0	4.0	0.00070509	0.0	20.0	8.0	5.0	0.00352545	0.00141018	0.0008813625	2020-05-14
Lincoln	4.0	0.0	0.0	4.0	0.00070509	0.0	20.0	8.0	5.0	0.00352545	0.00141018	0.0008813625	2020-05-15
Lincoln	4.0	0.0	0.0	4.0	0.00070509	0.0	20.0	8.0	5.0	0.00352545	0.00141018	0.0008813625	2020-05-16
Lincoln	4.0	0.0	0.0	4.0	0.00070509	0.0	20.0	8.0	5.0	0.00352545	0.00141018	0.0008813625	2020-05-17
Lincoln	4.0	0.0	0.0	4.0	0.00070509	0.0	20.0	8.0	5.0	0.00352545	0.00141018	0.0008813625	2020-05-18
Lincoln	4.0	0.0	0.0	4.0	0.00070509	0.0	20.0	8.0	5.0	0.00352545	0.00141018	0.0008813625	2020-05-19
Lincoln	4.0	0.0	0.0	4.0	0.00070509	0.0	20.0	8.0	5.0	0.00352545	0.00141018	0.0008813625	2020-05-20
Lincoln	4.0	0.0	0.0	4.0	0.00070509	0.0	20.0	8.0	5.0	0.00352545	0.00141018	0.0008813625	2020-05-21
Lincoln	4.0	0.0	0.0	4.0	0.00070509	0.0	20.0	8.0	5.0	0.00352545	0.00141018	0.0008813625	2020-05-22
Lincoln	5.0	0.0	0.0	5.0	0.00088137	0.0	25.0	10.0	6.25	0.00440685	0.00176274	0.0011017125	2020-05-23
Lincoln	5.0	0.0	0.0	5.0	0.00088137	0.0	25.0	10.0	6.25	0.00440685	0.00176274	0.0011017125	2020-05-24
Lincoln	5.0	0.0	0.0	5.0	0.00088137	0.0	25.0	10.0	6.25	0.00440685	0.00176274	0.0011017125	2020-05-25
Lincoln	5.0	0.0	0.0	5.0	0.00088137	0.0	25.0	10.0	6.25	0.00440685	0.00176274	0.0011017125	2020-05-26
Lincoln	5.0	0.0	0.0	5.0	0.00088137	0.0	25.0	10.0	6.25	0.00440685	0.00176274	0.0011017125	2020-05-27
Lincoln	5.0	0.0	0.0	5.0	0.00088137	0.0	25.0	10.0	6.25	0.00440685	0.00176274	0.0011017125	2020-05-28
Lincoln	5.0	0.0	0.0	5.0	0.00088137	0.0	25.0	10.0	6.25	0.00440685	0.00176274	0.0011017125	2020-05-29
Lincoln	5.0	0.0	0.0	5.0	0.00088137	0.0	25.0	10.0	6.25	0.00440685	0.00176274	0.0011017125	2020-05-30
Lincoln	5.0	0.0	0.0	5.0	0.00088137	0.0	25.0	10.0	6.25	0.00440685	0.00176274	0.0011017125	2020-05-31
Lincoln	5.0	0.0	0.0	5.0	0.00088137	0.0	25.0	10.0	6.25	0.00440685	0.00176274	0.0011017125	2020-06-01
Lincoln	6.0	0.0	0.0	6.0	0.00105764	0.0	30.0	12.0	7.5	0.0052882	0.00211528	0.00132205	2020-06-02
Lincoln	6.0	0.0	0.0	6.0	0.00105764	0.0	30.0	12.0	7.5	0.0052882	0.00211528	0.00132205	2020-06-03
Lincoln	6.0	0.0	0.0	6.0	0.00105764	0.0	30.0	12.0	7.5	0.0052882	0.00211528	0.00132205	2020-06-04
Lincoln	6.0	0.0	0.0	6.0	0.00105764	0.0	30.0	12.0	7.5	0.0052882	0.00211528	0.00132205	2020-06-05
Lincoln	6.0	0.0	0.0	6.0	0.00105764	0.0	30.0	12.0	7.5	0.0052882	0.00211528	0.00132205	2020-06-06
Lincoln	6.0	0.0	0.0	6.0	0.00105764	0.0	30.0	12.0	7.5	0.0052882	0.00211528	0.00132205	2020-06-07
Lincoln	6.0	0.0	0.0	6.0	0.00105764	0.0	30.0	12.0	7.5	0.0052882	0.00211528	0.00132205	2020-06-08
Lincoln	6.0	0.0	0.0	6.0	0.00105764	0.0	30.0	12.0	7.5	0.0052882	0.00211528	0.00132205	2020-06-09
Lincoln	6.0	0.0	0.0	6.0	0.00105764	0.0	30.0	12.0	7.5	0.0052882	0.00211528	0.00132205	2020-06-10
Lincoln	6.0	0.0	0.0	6.0	0.00105764	0.0	30.0	12.0	7.5	0.0052882	0.00211528	0.00132205	2020-06-11
Lincoln	6.0	0.0	0.0	6.0	0.00105764	0.0	30.0	12.0	7.5	0.0052882	0.00211528	0.00132205	2020-06-12
Lincoln	6.0	0.0	0.0	6.0	0.00105764	0.0	30.0	12.0	7.5	0.0052882	0.00211528	0.00132205	2020-06-13
Lincoln	6.0	0.0	0.0	6.0	0.00105764	0.0	30.0	12.0	7.5	0.0052882	0.00211528	0.00132205	2020-06-14
Lincoln	6.0	0.0	0.0	6.0	0.00105764	0.0	30.0	12.0	7.5	0.0052882	0.00211528	0.00132205	2020-06-15
Lincoln	6.0	0.0	0.0	6.0	0.00105764	0.0	30.0	12.0	7.5	0.0052882	0.00211528	0.00132205	2020-06-16
Lincoln	6.0	0.0	0.0	6.0	0.00105764	0.0	30.0	12.0	7.5	0.0052882	0.00211528	0.00132205	2020-06-17
Lincoln	6.0	0.0	0.0	6.0	0.00105764	0.0	30.0	12.0	7.5	0.0052882	0.00211528	0.00132205	2020-06-18
Lincoln	6.0	0.0	0.0	6.0	0.00105764	0.0	30.0	12.0	7.5	0.0052882	0.00211528	0.00132205	2020-06-19
Lincoln	6.0	0.0	0.0	6.0	0.00105764	0.0	30.0	12.0	7.5	0.0052882	0.00211528	0.00132205	2020-06-20
Lincoln	6.0	0.0	0.0	6.0	0.00105764	0.0	30.0	12.0	7.5	0.0052882	0.00211528	0.00132205	2020-06-21
Lincoln	6.0	0.0	0.0	6.0	0.00105764	0.0	30.0	12.0	7.5	0.0052882	0.00211528	0.00132205	2020-06-22
Lincoln	6.0	0.0	0.0	6.0	0.00105764	0.0	30.0	12.0	7.5	0.0052882	0.00211528	0.00132205	2020-06-23
Lincoln	7.0	0.0	0.0	7.0	0.00123392	0.0	35.0	14.0	8.75	0.0061696	0.00246784	0.0015424	2020-06-24
Lincoln	7.0	0.0	0.0	7.0	0.00123392	0.0	35.0	14.0	8.75	0.0061696	0.00246784	0.0015424	2020-06-25
Lincoln	7.0	0.0	0.0	7.0	0.00123392	0.0	35.0	14.0	8.75	0.0061696	0.00246784	0.0015424	2020-06-26
Lincoln	7.0	0.0	0.0	7.0	0.00123392	0.0	35.0	14.0	8.75	0.0061696	0.00246784	0.0015424	2020-06-27
Lincoln	7.0	0.0	0.0	7.0	0.00123392	0.0	35.0	14.0	8.75	0.0061696	0.00246784	0.0015424	2020-06-28
Lincoln	9.0	0.0	0.0	9.0	0.00158646	0.0	45.0	18.0	11.25	0.0079323	0.00317292	0.001983075	2020-06-29
Lincoln	8.0	0.0	0.0	8.0	0.00141019	0.0	40.0	16.0	10.0	0.00705095	0.00282038	0.0017627375	2020-06-30
Lincoln	9.0	0.0	0.0	9.0	0.00158646	0.0	45.0	18.0	11.25	0.0079323	0.00317292	0.001983075	2020-07-01
Lincoln	10.0	0.0	0.0	10.0	0.00176274	0.0	50.0	20.0	12.5	0.0088137	0.00352548	0.002203425	2020-07-02
Lincoln	0.232	0.441	9.441	0.0	0.0	0.0	4.09e-05	7.774e-05	0.0016642	0.0	0.0	0.0	2020-07-03
Lincoln	0.255	0.696	9.696	0.0	0.0	0.0	4.495e-05	0.00012269	0.00170915	0.0	0.0	0.0	2020-07-04
Lincoln	0.278	0.974	9.974	0.0	0.0	0.0	4.9e-05	0.00017169	0.00175815	0.0	0.0	0.0	2020-07-05
Lincoln	0.055	0.055	0.333	0.0	0.0	0.974	9.7e-06	9.7e-06	5.87e-05	0.0	0.0	0.00017169	2020-07-06
Lincoln	0.054	0.109	0.387	0.0	0.0	0.974	9.52e-06	1.921e-05	6.822e-05	0.0	0.0	0.00017169	2020-07-07
Lincoln	0.053	0.162	0.44	0.0	0.0	0.974	9.34e-06	2.856e-05	7.756e-05	0.0	0.0	0.00017169	2020-07-08
Lincoln	1.13	1.13	1.183	0.0	0.0	0.162	0.00019919	0.00019919	0.00020853	0.0	0.0	2.856e-05	2020-07-09
Lincoln	1.395	2.525	2.578	0.0	0.0	0.162	0.0002459	0.00044509	0.00045443	0.0	0.0	2.856e-05	2020-07-10
Lincoln	1.264	1.264	2.659	0.0	0.0	2.525	0.00022281	0.00022281	0.00046871	0.0	0.0	0.00044509	2020-07-11
Lincoln	1.253	2.517	3.912	0.0	0.0	2.525	0.00022087	0.00044368	0.00068958	0.0	0.0	0.00044509	2020-07-12
Lincoln	1.236	3.753	5.148	0.0	0.0	2.525	0.00021787	0.00066155	0.00090746	0.0	0.0	0.00044509	2020-07-13
Lincoln	0.279	0.279	1.515	0.0	0.0	3.753	4.918e-05	4.918e-05	0.00026705	0.0	0.0	0.00066155	2020-07-14
Lincoln	0.222	0.501	1.737	0.0	0.0	3.753	3.913e-05	8.831e-05	0.00030619	0.0	0.0	0.00066155	2020-07-15
Lincoln	0.174	0.675	1.911	0.0	0.0	3.753	3.067e-05	0.00011898	0.00033686	0.0	0.0	0.00066155	2020-07-16
Lincoln	0.132	0.807	2.043	0.0	0.0	3.753	2.327e-05	0.00014225	0.00036013	0.0	0.0	0.00066155	2020-07-17
Lincoln	40.0	0.0	0.0	40.0	0.00705094	0.0	200.0	80.0	50.0	0.0352547	0.01410188	0.008813675	2020-07-18
Lincoln	47.0	0.0	0.0	47.0	0.00828486	0.0	235.0	94.0	58.75	0.0414243	0.01656972	0.010356075	2020-07-19
