Name	Confirmed	Deaths	Recovered	Active	Confirmed_per_capita	Deaths_per_capita	IFR_0.30_expected	IFR_0.65_expected	IFR_1.0_expected	IFR_0.30_expected_per_capita	IFR_0.65_expected_per_capita	IFR_1.0_expected_per_capita	Date
Garfield	0	0	0	0	0.0	0.0	0	0	0	0.0	0.0	0.0	2020-03-23
Garfield	0	0	0	0	0.0	0.0	0	0	0	0.0	0.0	0.0	2020-03-24
Garfield	0	0	0	0	0.0	0.0	0	0	0	0.0	0.0	0.0	2020-03-25
Garfield	0	0	0	0	0.0	0.0	0	0	0	0.0	0.0	0.0	2020-03-26
Garfield	0	0	0	0	0.0	0.0	0	0	0	0.0	0.0	0.0	2020-03-27
Garfield	0	0	0	0	0.0	0.0	0	0	0	0.0	0.0	0.0	2020-03-28
Garfield	0.0	0.0	0.0	0.0	0.0	0.0	0.0	0.0	0.0	0.0	0.0	0.0	2020-03-29
Garfield	0.0	0.0	0.0	0.0	0.0	0.0	0.0	0.0	0.0	0.0	0.0	0.0	2020-03-30
Garfield	0.0	0.0	0.0	0.0	0.0	0.0	0.0	0.0	0.0	0.0	0.0	0.0	2020-04-23
Garfield	0.0	0.0	0.0	0.0	0.0	0.0	0.0	0.0	0.0	0.0	0.0	0.0	2020-04-24
Garfield	0.0	0.0	0.0	0.0	0.0	0.0	0.0	0.0	0.0	0.0	0.0	0.0	2020-04-25
Garfield	0.0	0.0	0.0	0.0	0.0	0.0	0.0	0.0	0.0	0.0	0.0	0.0	2020-04-26
Garfield	0.0	0.0	0.0	0.0	0.0	0.0	0.0	0.0	0.0	0.0	0.0	0.0	2020-04-27
Garfield	0.0	0.0	0.0	0.0	0.0	0.0	0.0	0.0	0.0	0.0	0.0	0.0	2020-04-28
Garfield	0.0	0.0	0.0	0.0	0.0	0.0	0.0	0.0	0.0	0.0	0.0	0.0	2020-04-29
Garfield	0.0	0.0	0.0	0.0	0.0	0.0	0.0	0.0	0.0	0.0	0.0	0.0	2020-04-30
Garfield	0.0	0.0	0.0	0.0	0.0	0.0	0.0	0.0	0.0	0.0	0.0	0.0	2020-05-01
Garfield	0.0	0.0	0.0	0.0	0.0	0.0	0.0	0.0	0.0	0.0	0.0	0.0	2020-05-02
Garfield	0.0	0.0	0.0	0.0	0.0	0.0	0.0	0.0	0.0	0.0	0.0	0.0	2020-05-03
Garfield	0.0	0.0	0.0	0.0	0.0	0.0	0.0	0.0	0.0	0.0	0.0	0.0	2020-05-04
Garfield	0.0	0.0	0.0	0.0	0.0	0.0	0.0	0.0	0.0	0.0	0.0	0.0	2020-05-05
Garfield	0.0	0.0	0.0	0.0	0.0	0.0	0.0	0.0	0.0	0.0	0.0	0.0	2020-05-06
Garfield	0.0	0.0	0.0	0.0	0.0	0.0	0.0	0.0	0.0	0.0	0.0	0.0	2020-05-07
Garfield	0.0	0.0	0.0	0.0	0.0	0.0	0.0	0.0	0.0	0.0	0.0	0.0	2020-05-08
Garfield	0.0	0.0	0.0	0.0	0.0	0.0	0.0	0.0	0.0	0.0	0.0	0.0	2020-05-09
Garfield	0.0	0.0	0.0	0.0	0.0	0.0	0.0	0.0	0.0	0.0	0.0	0.0	2020-05-10
Garfield	0.0	0.0	0.0	0.0	0.0	0.0	0.0	0.0	0.0	0.0	0.0	0.0	2020-05-11
Garfield	0.0	0.0	0.0	0.0	0.0	0.0	0.0	0.0	0.0	0.0	0.0	0.0	2020-05-12
Garfield	0.0	0.0	0.0	0.0	0.0	0.0	0.0	0.0	0.0	0.0	0.0	0.0	2020-05-13
Garfield	0.0	0.0	0.0	0.0	0.0	0.0	0.0	0.0	0.0	0.0	0.0	0.0	2020-05-14
Garfield	0.0	0.0	0.0	0.0	0.0	0.0	0.0	0.0	0.0	0.0	0.0	0.0	2020-05-15
Garfield	0.0	0.0	0.0	0.0	0.0	0.0	0.0	0.0	0.0	0.0	0.0	0.0	2020-05-16
Garfield	0.0	0.0	0.0	0.0	0.0	0.0	0.0	0.0	0.0	0.0	0.0	0.0	2020-05-17
Garfield	0.0	0.0	0.0	0.0	0.0	0.0	0.0	0.0	0.0	0.0	0.0	0.0	2020-05-18
Garfield	0.0	0.0	0.0	0.0	0.0	0.0	0.0	0.0	0.0	0.0	0.0	0.0	2020-05-19
Garfield	0.0	0.0	0.0	0.0	0.0	0.0	0.0	0.0	0.0	0.0	0.0	0.0	2020-05-20
Garfield	0.0	0.0	0.0	0.0	0.0	0.0	0.0	0.0	0.0	0.0	0.0	0.0	2020-05-21
Garfield	0.0	0.0	0.0	0.0	0.0	0.0	0.0	0.0	0.0	0.0	0.0	0.0	2020-05-22
Garfield	0.0	0.0	0.0	0.0	0.0	0.0	0.0	0.0	0.0	0.0	0.0	0.0	2020-05-23
Garfield	0.0	0.0	0.0	0.0	0.0	0.0	0.0	0.0	0.0	0.0	0.0	0.0	2020-05-24
Garfield	0.0	0.0	0.0	0.0	0.0	0.0	0.0	0.0	0.0	0.0	0.0	0.0	2020-05-25
Garfield	0.0	0.0	0.0	0.0	0.0	0.0	0.0	0.0	0.0	0.0	0.0	0.0	2020-05-26
Garfield	0.0	0.0	0.0	0.0	0.0	0.0	0.0	0.0	0.0	0.0	0.0	0.0	2020-05-27
Garfield	0.0	0.0	0.0	0.0	0.0	0.0	0.0	0.0	0.0	0.0	0.0	0.0	2020-05-28
Garfield	0.0	0.0	0.0	0.0	0.0	0.0	0.0	0.0	0.0	0.0	0.0	0.0	2020-05-29
Garfield	0.0	0.0	0.0	0.0	0.0	0.0	0.0	0.0	0.0	0.0	0.0	0.0	2020-05-30
Garfield	0.0	0.0	0.0	0.0	0.0	0.0	0.0	0.0	0.0	0.0	0.0	0.0	2020-05-31
Garfield	0.0	0.0	0.0	0.0	0.0	0.0	0.0	0.0	0.0	0.0	0.0	0.0	2020-06-01
Garfield	0.0	0.0	0.0	0.0	0.0	0.0	0.0	0.0	0.0	0.0	0.0	0.0	2020-06-02
Garfield	0.0	0.0	0.0	0.0	0.0	0.0	0.0	0.0	0.0	0.0	0.0	0.0	2020-06-03
Garfield	0.0	0.0	0.0	0.0	0.0	0.0	0.0	0.0	0.0	0.0	0.0	0.0	2020-06-04
Garfield	0.0	0.0	0.0	0.0	0.0	0.0	0.0	0.0	0.0	0.0	0.0	0.0	2020-06-05
Garfield	0.0	0.0	0.0	0.0	0.0	0.0	0.0	0.0	0.0	0.0	0.0	0.0	2020-06-06
Garfield	0.0	0.0	0.0	0.0	0.0	0.0	0.0	0.0	0.0	0.0	0.0	0.0	2020-06-07
Garfield	0.0	0.0	0.0	0.0	0.0	0.0	0.0	0.0	0.0	0.0	0.0	0.0	2020-06-08
Garfield	0.0	0.0	0.0	0.0	0.0	0.0	0.0	0.0	0.0	0.0	0.0	0.0	2020-06-09
Garfield	0.0	0.0	0.0	0.0	0.0	0.0	0.0	0.0	0.0	0.0	0.0	0.0	2020-06-10
Garfield	0.0	0.0	0.0	0.0	0.0	0.0	0.0	0.0	0.0	0.0	0.0	0.0	2020-06-11
Garfield	0.0	0.0	0.0	0.0	0.0	0.0	0.0	0.0	0.0	0.0	0.0	0.0	2020-06-12
Garfield	0.0	0.0	0.0	0.0	0.0	0.0	0.0	0.0	0.0	0.0	0.0	0.0	2020-06-13
Garfield	0.0	0.0	0.0	0.0	0.0	0.0	0.0	0.0	0.0	0.0	0.0	0.0	2020-06-14
Garfield	0.0	0.0	0.0	0.0	0.0	0.0	0.0	0.0	0.0	0.0	0.0	0.0	2020-06-15
Garfield	0.0	0.0	0.0	0.0	0.0	0.0	0.0	0.0	0.0	0.0	0.0	0.0	2020-06-16
Garfield	0.0	0.0	0.0	0.0	0.0	0.0	0.0	0.0	0.0	0.0	0.0	0.0	2020-06-17
Garfield	0.0	0.0	0.0	0.0	0.0	0.0	0.0	0.0	0.0	0.0	0.0	0.0	2020-06-18
Garfield	0.0	0.0	0.0	0.0	0.0	0.0	0.0	0.0	0.0	0.0	0.0	0.0	2020-06-19
Garfield	0.0	0.0	0.0	0.0	0.0	0.0	0.0	0.0	0.0	0.0	0.0	0.0	2020-06-20
Garfield	0.0	0.0	0.0	0.0	0.0	0.0	0.0	0.0	0.0	0.0	0.0	0.0	2020-06-21
Garfield	0.0	0.0	0.0	0.0	0.0	0.0	0.0	0.0	0.0	0.0	0.0	0.0	2020-06-22
Garfield	0.0	0.0	0.0	0.0	0.0	0.0	0.0	0.0	0.0	0.0	0.0	0.0	2020-06-23
Garfield	0.0	0.0	0.0	0.0	0.0	0.0	0.0	0.0	0.0	0.0	0.0	0.0	2020-06-24
Garfield	0.0	0.0	0.0	0.0	0.0	0.0	0.0	0.0	0.0	0.0	0.0	0.0	2020-06-25
Garfield	0.0	0.0	0.0	0.0	0.0	0.0	0.0	0.0	0.0	0.0	0.0	0.0	2020-06-26
Garfield	0.0	0.0	0.0	0.0	0.0	0.0	0.0	0.0	0.0	0.0	0.0	0.0	2020-06-27
Garfield	0.0	0.0	0.0	0.0	0.0	0.0	0.0	0.0	0.0	0.0	0.0	0.0	2020-06-28
Garfield	0.0	0.0	0.0	0.0	0.0	0.0	0.0	0.0	0.0	0.0	0.0	0.0	2020-06-29
Garfield	0.0	0.0	0.0	0.0	0.0	0.0	0.0	0.0	0.0	0.0	0.0	0.0	2020-06-30
Garfield	0.0	0.0	0.0	0.0	0.0	0.0	0.0	0.0	0.0	0.0	0.0	0.0	2020-07-01
Garfield	0.0	0.0	0.0	0.0	0.0	0.0	0.0	0.0	0.0	0.0	0.0	0.0	2020-07-02
Garfield	0.0	0.0	0.0	0.0	0.0	0.0	0.0	0.0	0.0	0.0	0.0	0.0	2020-07-03
Garfield	0.0	0.0	0.0	0.0	0.0	0.0	0.0	0.0	0.0	0.0	0.0	0.0	2020-07-04
Garfield	0.0	0.0	0.0	0.0	0.0	0.0	0.0	0.0	0.0	0.0	0.0	0.0	2020-07-05
Garfield	0.0	0.0	0.0	0.0	0.0	0.0	0.0	0.0	0.0	0.0	0.0	0.0	2020-07-06
Garfield	0.0	0.0	0.0	0.0	0.0	0.0	0.0	0.0	0.0	0.0	0.0	0.0	2020-07-07
Garfield	0.0	0.0	0.0	0.0	0.0	0.0	0.0	0.0	0.0	0.0	0.0	0.0	2020-07-08
Garfield	0.0	0.0	0.0	0.0	0.0	0.0	0.0	0.0	0.0	0.0	0.0	0.0	2020-07-09
Garfield	0.0	0.0	0.0	0.0	0.0	0.0	0.0	0.0	0.0	0.0	0.0	0.0	2020-07-10
Garfield	0.0	0.0	0.0	0.0	0.0	0.0	0.0	0.0	0.0	0.0	0.0	0.0	2020-07-11
Garfield	1.0	0.0	0.0	1.0	0.00044504	0.0	5.0	2.0	1.25	0.0022252	0.00089008	0.0005563	2020-07-12
Garfield	1.0	0.0	0.0	1.0	0.00044504	0.0	5.0	2.0	1.25	0.0022252	0.00089008	0.0005563	2020-07-13
Garfield	2.0	0.0	0.0	2.0	0.00089008	0.0	10.0	4.0	2.5	0.0044504	0.00178016	0.0011126	2020-07-14
Garfield	2.0	0.0	0.0	2.0	0.00089008	0.0	10.0	4.0	2.5	0.0044504	0.00178016	0.0011126	2020-07-15
Garfield	2.0	0.0	0.0	2.0	0.00089008	0.0	10.0	4.0	2.5	0.0044504	0.00178016	0.0011126	2020-07-16
Garfield	2.0	0.0	0.0	2.0	0.00089008	0.0	10.0	4.0	2.5	0.0044504	0.00178016	0.0011126	2020-07-17
Garfield	2.0	0.0	0.0	2.0	0.00089008	0.0	10.0	4.0	2.5	0.0044504	0.00178016	0.0011126	2020-07-18
Garfield	2.0	0.0	0.0	2.0	0.00089008	0.0	10.0	4.0	2.5	0.0044504	0.00178016	0.0011126	2020-07-19
Garfield	2.0	0.0	0.0	2.0	0.00089008	0.0	10.0	4.0	2.5	0.0044504	0.00178016	0.0011126	2020-07-20
Garfield	2.0	0.0	0.0	2.0	0.00089008	0.0	10.0	4.0	2.5	0.0044504	0.00178016	0.0011126	2020-07-21
Garfield	2.0	0.0	0.0	2.0	0.00089008	0.0	10.0	4.0	2.5	0.0044504	0.00178016	0.0011126	2020-07-22
Garfield	2.0	0.0	0.0	2.0	0.00089008	0.0	10.0	4.0	2.5	0.0044504	0.00178016	0.0011126	2020-07-23
Garfield	2.0	0.0	0.0	2.0	0.00089008	0.0	10.0	4.0	2.5	0.0044504	0.00178016	0.0011126	2020-07-24
Garfield	2.0	0.0	0.0	2.0	0.00089008	0.0	10.0	4.0	2.5	0.0044504	0.00178016	0.0011126	2020-07-25
Garfield	2.0	0.0	0.0	2.0	0.00089008	0.0	10.0	4.0	2.5	0.0044504	0.00178016	0.0011126	2020-07-26
Garfield	2.0	0.0	0.0	2.0	0.00089008	0.0	10.0	4.0	2.5	0.0044504	0.00178016	0.0011126	2020-07-27
Garfield	2.0	0.0	0.0	2.0	0.00089008	0.0	10.0	4.0	2.5	0.0044504	0.00178016	0.0011126	2020-07-28
Garfield	2.0	0.0	0.0	2.0	0.00089008	0.0	10.0	4.0	2.5	0.0044504	0.00178016	0.0011126	2020-07-29
Garfield	2.0	0.0	0.0	2.0	0.00089008	0.0	10.0	4.0	2.5	0.0044504	0.00178016	0.0011126	2020-07-30
Garfield	2.0	0.0	0.0	2.0	0.00089008	0.0	10.0	4.0	2.5	0.0044504	0.00178016	0.0011126	2020-07-31
Garfield	2.0	0.0	0.0	2.0	0.00089008	0.0	10.0	4.0	2.5	0.0044504	0.00178016	0.0011126	2020-08-01
