Name	Predicted_New_Cases	Total_Predicted_New_Cases	Total_Predicted_Cases	Predicted_New_Deaths	Total_Predicted_New_Deaths	Total_Predicted_Deaths	Predicted_New_per_capita	Predicted_Total_New_per_capita	Predicted_Total_Cases_per_capita	Predicted_New_Deaths_per_capita	Total_Predicted_New_Deaths_per_capita	Total_Predicted_Deaths_per_capita
Honduras	2.443	4125.719	11485.719	0.101	170.839	460.839	2.5e-07	0.00043032	0.00119799	1e-08	1.782e-05	4.807e-05
Haiti	2.658	4488.095	8284.095	0.0	6.965	64.965	2.4e-07	0.00040349	0.00074476	0.0	6.3e-07	5.84e-06
Saint Vincent and the Grenadines	0.0	0.593	27.593	0.0	6.965	6.965	0.0	5.38e-06	0.00025037	0.0	6.32e-05	6.32e-05
Guatemala	8.485	8909.973	17130.973	3.522	1715.578	2031.578	4.9e-07	0.00051659	0.00099323	2e-07	9.947e-05	0.00011779
Dominican Republic	5.059	8543.518	29351.518	0.018	115.704	665.704	4.8e-07	0.00080393	0.00276193	0.0	1.089e-05	6.264e-05
Dominica	0.004	6.073	24.073	0.018	115.704	115.704	6e-08	8.479e-05	0.0003361	2.5e-07	0.00161541	0.00161541
The Bahamas	0.002	3.151	106.151	0.0	0.0	11.0	1e-08	8.17e-06	0.00027526	0.0	0.0	2.852e-05
Jamaica	0.0	10.828	615.828	0.0	1.425	11.425	0.0	3.69e-06	0.00020983	0.0	4.9e-07	3.89e-06
Nicaragua	0.738	1245.82	2709.82	0.022	37.446	92.446	1.1e-07	0.00019269	0.00041912	0.0	5.79e-06	1.43e-05
Mexico	81.237	103551.727	232735.727	12.133	15465.917	30822.917	6.4e-07	0.0008206	0.00184432	1e-07	0.00012256	0.00024426
El Salvador	0.26	1685.901	4959.901	0.0	12.986	76.986	4e-08	0.00026257	0.00077248	0.0	2.02e-06	1.199e-05
Saint Lucia	0.009	7.059	26.059	0.0	12.986	12.986	5e-08	3.881e-05	0.00014327	0.0	7.14e-05	7.14e-05
Panama	9.173	11692.985	29581.985	0.218	228.823	641.823	2.2e-06	0.00279946	0.00708233	5e-08	5.478e-05	0.00015366
Costa Rica	1.399	1238.158	2699.158	0.011	4.85	16.85	2.8e-07	0.00024766	0.00053989	0.0	9.7e-07	3.37e-06
United States of America	328.118	554123.232	2554435.232	7.57	21248.932	134169.932	1e-06	0.0016937	0.00780773	2e-08	6.495e-05	0.0004101
Cuba	0.158	442.554	2653.554	0.0	0.067	83.067	1e-08	3.903e-05	0.00023404	0.0	1e-08	7.33e-06
Saint Kitts and Nevis	0.0	0.0	15.0	0.0	0.067	0.067	0.0	0.0	0.00028604	0.0	1.28e-06	1.28e-06
Trinidad and Tobago	0.0	0.067	117.067	0.0	0.0	8.0	0.0	5e-08	8.423e-05	0.0	0.0	5.76e-06
Antigua and Barbuda	0.0	0.124	26.124	0.0	0.0	3.0	0.0	1.29e-06	0.00027132	0.0	0.0	3.116e-05
Canada	0.0	11290.458	109997.458	0.0	1422.602	9459.602	0.0	0.00030466	0.00296818	0.0	3.839e-05	0.00025526
Paraguay	0.074	482.955	1684.955	0.0	0.0	11.0	1e-08	6.943e-05	0.00024223	0.0	0.0	1.58e-06
