Name	Confirmed	Deaths	Recovered	Active	Confirmed_per_capita	Deaths_per_capita	IFR_0.30_expected	IFR_0.65_expected	IFR_1.0_expected	IFR_0.30_expected_per_capita	IFR_0.65_expected_per_capita	IFR_1.0_expected_per_capita
Canada	6280	64	0	0	0.00016946	1.73e-06	21333.3333333	9846.15384615	6400.0	0.000576666666667	0.000266153846154	0.000173
Jamaica	32.0	1.0	2.0	29.0	1.09e-05	3.4e-07	333.333333333	153.846153846	100.0	0.000113333333333	5.23076923077e-05	3.4e-05
Honduras	110.0	3.0	3.0	104.0	1.147e-05	3.1e-07	1000.0	461.538461538	300.0	0.000103333333333	4.76923076923e-05	3.1e-05
Saint Lucia	9.0	0.0	1.0	8.0	4.948e-05	0.0	45.0	18.0	11.25	0.0002474	9.896e-05	6.185e-05
Cuba	139.0	3.0	4.0	132.0	1.226e-05	2.6e-07	1000.0	461.538461538	300.0	8.66666666667e-05	4e-05	2.6e-05
El Salvador	24.0	0.0	0.0	24.0	3.74e-06	0.0	120.0	48.0	30.0	1.87e-05	7.48e-06	4.675e-06
The Bahamas	11.0	0.0	1.0	10.0	2.852e-05	0.0	55.0	22.0	13.75	0.0001426	5.704e-05	3.565e-05
Panama	901.0	17.0	4.0	880.0	0.00021571	4.07e-06	5666.66666667	2615.38461538	1700.0	0.00135666666667	0.000626153846154	0.000407
Mexico	848.0	16.0	4.0	828.0	6.72e-06	1.3e-07	5333.33333333	2461.53846154	1600.0	4.33333333333e-05	2e-05	1.3e-05
United States of America	140886	2467	0	0	0.00043062	7.54e-06	822333.333333	379538.461538	246700.0	0.00251333333333	0.00116	0.000754
Costa Rica	314.0	2.0	3.0	309.0	6.281e-05	4e-07	666.666666667	307.692307692	200.0	0.000133333333333	6.15384615385e-05	4e-05
Saint Kitts and Nevis	2.0	0.0	0.0	2.0	3.814e-05	0.0	10.0	4.0	2.5	0.0001907	7.628e-05	4.7675e-05
Trinidad and Tobago	78.0	3.0	1.0	74.0	5.612e-05	2.16e-06	1000.0	461.538461538	300.0	0.00072	0.000332307692308	0.000216
Guatemala	34.0	1.0	10.0	23.0	1.97e-06	6e-08	333.333333333	153.846153846	100.0	2e-05	9.23076923077e-06	6e-06
Antigua and Barbuda	7.0	0.0	0.0	7.0	7.27e-05	0.0	35.0	14.0	8.75	0.0003635	0.0001454	9.0875e-05
Paraguay	59.0	3.0	1.0	55.0	8.48e-06	4.3e-07	1000.0	461.538461538	300.0	0.000143333333333	6.61538461538e-05	4.3e-05
Saint Vincent and the Grenadines	1.0	0.0	1.0	0.0	9.07e-06	0.0	5.0	2.0	1.25	4.535e-05	1.814e-05	1.13375e-05
Dominican Republic	859.0	39.0	3.0	817.0	8.083e-05	3.67e-06	13000.0	6000.0	3900.0	0.00122333333333	0.000564615384615	0.000367
Nicaragua	4.0	1.0	0.0	3.0	6.2e-07	1.5e-07	333.333333333	153.846153846	100.0	5e-05	2.30769230769e-05	1.5e-05
Haiti	15.0	0.0	1.0	14.0	1.35e-06	0.0	75.0	30.0	18.75	6.75e-06	2.7e-06	1.6875e-06
Dominica	11.0	0.0	0.0	11.0	0.00015358	0.0	55.0	22.0	13.75	0.0007679	0.00030716	0.000191975
