Name	Predicted_New_Cases	Total_Predicted_New_Cases	Total_Predicted_Cases	Predicted_New_Deaths	Total_Predicted_New_Deaths	Total_Predicted_Deaths	Predicted_New_per_capita	Predicted_Total_New_per_capita	Predicted_Total_Cases_per_capita	Predicted_New_Deaths_per_capita	Total_Predicted_New_Deaths_per_capita	Total_Predicted_Deaths_per_capita
Honduras	30.428	3661.421	10596.421	1.326	159.511	430.511	3.17e-06	0.00038189	0.00110523	1.4e-07	1.664e-05	4.49e-05
Haiti	32.493	3909.919	7571.919	0.0	11.941	67.941	2.92e-06	0.00035151	0.00068073	0.0	1.07e-06	6.11e-06
Saint Vincent and the Grenadines	0.0	0.296	27.296	0.0	11.935	11.935	0.0	2.69e-06	0.00024767	0.0	0.00010829	0.00010829
Guatemala	74.048	7544.359	15410.359	141.297	5110.232	5399.232	4.29e-06	0.00043741	0.00089347	8.19e-06	0.00029628	0.00031304
Dominican Republic	61.221	7366.826	27781.826	0.712	101.02	645.02	5.76e-06	0.00069321	0.00261423	7e-08	9.51e-06	6.07e-05
Dominica	0.058	6.936	24.936	0.712	101.02	101.02	8.1e-07	9.684e-05	0.00034815	9.94e-06	0.0014104	0.0014104
The Bahamas	0.01	1.696	104.696	0.0	0.0	11.0	3e-08	4.4e-06	0.00027149	0.0	0.0	2.852e-05
Jamaica	0.0	8.138	613.138	0.0	1.277	11.277	0.0	2.77e-06	0.00020892	0.0	4.4e-07	3.84e-06
Nicaragua	10.352	1245.645	2709.645	0.317	38.167	93.167	1.6e-06	0.00019266	0.00041909	5e-08	5.9e-06	1.441e-05
Mexico	895.256	95212.697	219513.697	184.878	17371.153	32020.153	7.09e-06	0.00075451	0.00173954	1.47e-06	0.00013766	0.00025374
El Salvador	7.999	1285.103	4476.103	0.016	18.387	78.387	1.25e-06	0.00020015	0.00069713	0.0	2.86e-06	1.221e-05
Saint Lucia	2.888	82.494	101.494	0.016	18.387	18.387	1.588e-05	0.00045354	0.000558	9e-08	0.00010109	0.00010109
Panama	92.983	10339.448	27572.448	2.129	208.224	611.224	2.226e-05	0.0024754	0.00660122	5.1e-07	4.985e-05	0.00014634
Costa Rica	21.45	1628.245	3003.245	0.074	3.234	14.234	4.29e-06	0.00032569	0.00060072	1e-08	6.5e-07	2.85e-06
United States of America	4468.897	518425.901	2497684.901	156.47	19850.881	131836.881	1.366e-05	0.00158459	0.00763427	4.8e-07	6.067e-05	0.00040296
Cuba	3.618	435.352	2640.352	0.0	0.124	83.124	3.2e-07	3.84e-05	0.00023287	0.0	1e-08	7.33e-06
Saint Kitts and Nevis	0.0	0.0	15.0	0.0	0.124	0.124	0.0	0.0	0.00028604	0.0	2.36e-06	2.36e-06
Trinidad and Tobago	0.0	0.124	117.124	0.0	0.0	8.0	0.0	9e-08	8.427e-05	0.0	0.0	5.76e-06
Antigua and Barbuda	0.0	0.62	26.62	0.0	0.0	3.0	0.0	6.44e-06	0.00027647	0.0	0.0	3.116e-05
Canada	57.221	10950.474	109178.474	9.827	1560.585	9529.585	1.54e-06	0.00029549	0.00294608	2.7e-07	4.211e-05	0.00025715
Paraguay	4.265	513.222	1700.222	0.0	0.0	11.0	6.1e-07	7.378e-05	0.00024442	0.0	0.0	1.58e-06
