Name	Predicted_New_Cases	Total_Predicted_New_Cases	Total_Predicted_Cases	Predicted_New_Deaths	Total_Predicted_New_Deaths	Total_Predicted_Deaths	Predicted_New_per_capita	Predicted_Total_New_per_capita	Predicted_Total_Cases_per_capita	Predicted_New_Deaths_per_capita	Total_Predicted_New_Deaths_per_capita	Total_Predicted_Deaths_per_capita
Honduras	11.568	11.568	542.244	3.312	3.312	53.361	1.21e-06	1.21e-06	5.656e-05	3.5e-07	3.5e-07	5.57e-06
Haiti	2.149	2.149	76.318	0.0	0.0	5.0	1.9e-07	1.9e-07	6.86e-06	0.0	0.0	4.5e-07
Saint Vincent and the Grenadines	0.018	0.018	13.036	0.0	0.0	0.0	1.6e-07	1.6e-07	0.00011828	0.0	0.0	0.0
Guatemala	18.199	18.199	419.417	0.437	0.437	11.819	1.06e-06	1.06e-06	2.432e-05	3e-08	3e-08	6.9e-07
Dominican Republic	253.955	253.955	6045.164	8.755	8.755	282.644	2.39e-05	2.39e-05	0.00056884	8.2e-07	8.2e-07	2.66e-05
Dominica	0.0	0.0	16.0	8.755	8.755	17.644	0.0	0.0	0.00022339	0.00012223	0.00012223	0.00024634
The Bahamas	1.771	1.771	75.535	0.181	0.181	11.345	4.59e-06	4.59e-06	0.00019587	4.7e-07	4.7e-07	2.942e-05
Jamaica	18.026	18.026	292.644	0.184	0.184	6.348	6.14e-06	6.14e-06	9.971e-05	6e-08	6e-08	2.16e-06
Nicaragua	0.141	0.141	11.283	0.186	0.186	3.337	2e-08	2e-08	1.75e-06	3e-08	3e-08	5.2e-07
Mexico	524.067	524.067	12660.08	57.509	57.509	1180.918	4.15e-06	4.15e-06	0.00010032	4.6e-07	4.6e-07	9.36e-06
El Salvador	11.136	11.136	272.02	0.184	0.184	8.348	1.73e-06	1.73e-06	4.237e-05	3e-08	3e-08	1.3e-06
Saint Lucia	0.0	0.0	15.0	0.184	0.184	0.348	0.0	0.0	8.247e-05	1.01e-06	1.01e-06	1.91e-06
Panama	163.576	163.576	5494.669	5.896	5.896	157.803	3.916e-05	3.916e-05	0.0013155	1.41e-06	1.41e-06	3.778e-05
Costa Rica	7.113	7.113	701.473	0.295	0.295	6.615	1.42e-06	1.42e-06	0.00014031	6e-08	6e-08	1.32e-06
United States of America	28984.592	28984.592	927256.116	2673.016	2673.016	55321.834	8.859e-05	8.859e-05	0.00283419	8.17e-06	8.17e-06	0.00016909
Cuba	52.793	52.793	1340.397	2.548	2.548	47.868	4.66e-06	4.66e-06	0.00011822	2.2e-07	2.2e-07	4.22e-06
Saint Kitts and Nevis	0.214	0.214	15.454	2.548	2.548	4.868	4.08e-06	4.08e-06	0.00029469	4.859e-05	4.859e-05	9.283e-05
Trinidad and Tobago	0.0	0.0	115.196	0.0	0.0	8.0	0.0	0.0	8.288e-05	0.0	0.0	5.76e-06
Antigua and Barbuda	0.074	0.074	24.19	0.0	0.0	3.0	7.7e-07	7.7e-07	0.00025123	0.0	0.0	3.116e-05
Canada	1743.763	1743.763	46751.465	134.378	134.378	2505.716	4.705e-05	4.705e-05	0.00126155	3.63e-06	3.63e-06	6.761e-05
Paraguay	8.988	8.988	231.059	0.237	0.237	9.455	1.29e-06	1.29e-06	3.322e-05	3e-08	3e-08	1.36e-06
