Name	Predicted_New_Cases	Total_Predicted_New_Cases	Total_Predicted_Cases	Predicted_New_Deaths	Total_Predicted_New_Deaths	Total_Predicted_Deaths	Predicted_New_per_capita	Predicted_Total_New_per_capita	Predicted_Total_Cases_per_capita	Predicted_New_Deaths_per_capita	Total_Predicted_New_Deaths_per_capita	Total_Predicted_Deaths_per_capita
Honduras	263.807	6286.81	50585.81	27.649	505.263	1905.263	2.752e-05	0.00065573	0.00527621	2.88e-06	5.27e-05	0.00019872
Haiti	12.28	269.794	7780.794	0.718	13.124	179.124	1.1e-06	2.426e-05	0.00069951	6e-08	1.18e-06	1.61e-05
Saint Vincent and the Grenadines	0.203	3.718	58.718	0.718	13.124	13.124	1.84e-06	3.374e-05	0.00053278	6.51e-06	0.00011908	0.00011908
Guatemala	687.93	12393.954	64758.954	26.158	478.024	2515.024	3.989e-05	0.00071858	0.00375462	1.52e-06	2.772e-05	0.00014582
Dominican Republic	953.323	17966.608	92261.608	12.272	224.259	1437.259	8.971e-05	0.00169063	0.00868168	1.15e-06	2.11e-05	0.00013524
Dominica	0.0	0.0	18.0	12.272	224.259	224.259	0.0	0.0	0.00025131	0.00017134	0.00313102	0.00313102
The Bahamas	33.312	577.229	1292.229	1.057	12.352	26.352	8.638e-05	0.00149681	0.00335087	2.74e-06	3.203e-05	6.833e-05
Jamaica	4.739	86.603	1006.603	0.131	1.882	13.882	1.61e-06	2.951e-05	0.00034298	4e-08	6.4e-07	4.73e-06
Nicaragua	25.179	460.133	4362.133	0.865	15.799	138.799	3.89e-06	7.117e-05	0.00067468	1.3e-07	2.44e-06	2.147e-05
Mexico	5024.216	90517.823	540478.823	416.045	7602.894	56471.894	3.981e-05	0.00071731	0.00428303	3.3e-06	6.025e-05	0.00044751
El Salvador	287.335	5250.823	23512.823	7.225	130.163	616.163	4.475e-05	0.00081779	0.00366201	1.13e-06	2.027e-05	9.596e-05
Saint Lucia	0.111	2.033	27.033	7.225	130.163	130.163	6.1e-07	1.118e-05	0.00014862	3.972e-05	0.00071562	0.00071562
Panama	735.485	13440.412	82864.412	16.023	311.066	1833.066	0.00017609	0.00321782	0.01983886	3.84e-06	7.447e-05	0.00043886
Costa Rica	270.601	5945.283	25782.283	5.988	109.427	290.427	5.413e-05	0.00118919	0.00515703	1.2e-06	2.189e-05	5.809e-05
United States of America	45253.846	826978.555	5597906.555	869.835	15466.16	172264.16	0.00013832	0.00252769	0.01711022	2.66e-06	4.727e-05	0.00052653
Cuba	15.433	278.04	2979.04	0.0	0.0	88.0	1.36e-06	2.452e-05	0.00026275	0.0	0.0	7.76e-06
Saint Kitts and Nevis	0.0	0.0	17.0	0.0	0.0	0.0	0.0	0.0	0.00032417	0.0	0.0	0.0
Trinidad and Tobago	12.505	130.161	324.161	0.0	0.0	8.0	9e-06	9.365e-05	0.00023323	0.0	0.0	5.76e-06
Antigua and Barbuda	1.02	18.645	110.645	0.0	0.0	3.0	1.059e-05	0.00019364	0.00114913	0.0	0.0	3.116e-05
Canada	241.72	5082.831	124728.831	5.721	104.547	9108.547	6.52e-06	0.00013716	0.0033657	1.5e-07	2.82e-06	0.00024579
Paraguay	162.318	2704.611	8556.611	1.224	21.756	80.756	2.333e-05	0.00038881	0.00123009	1.8e-07	3.13e-06	1.161e-05
