Name	Confirmed	Deaths	Recovered	Active	Confirmed_per_capita	Deaths_per_capita	IFR_0.30_expected	IFR_0.65_expected	IFR_1.0_expected	IFR_0.30_expected_per_capita	IFR_0.65_expected_per_capita	IFR_1.0_expected_per_capita	Date
Metcalfe	0.0	0.0	0.0	0.0	0.0	0.0	0.0	0.0	0.0	0.0	0.0	0.0	2020-03-22
Metcalfe	0	0	0	0	0.0	0.0	0	0	0	0.0	0.0	0.0	2020-03-23
Metcalfe	0	0	0	0	0.0	0.0	0	0	0	0.0	0.0	0.0	2020-03-24
Metcalfe	0	0	0	0	0.0	0.0	0	0	0	0.0	0.0	0.0	2020-03-25
Metcalfe	0	0	0	0	0.0	0.0	0	0	0	0.0	0.0	0.0	2020-03-26
Metcalfe	0	0	0	0	0.0	0.0	0	0	0	0.0	0.0	0.0	2020-03-27
Metcalfe	0	0	0	0	0.0	0.0	0	0	0	0.0	0.0	0.0	2020-03-28
Metcalfe	0.0	0.0	0.0	0.0	0.0	0.0	0.0	0.0	0.0	0.0	0.0	0.0	2020-03-29
Metcalfe	0.0	0.0	0.0	0.0	0.0	0.0	0.0	0.0	0.0	0.0	0.0	0.0	2020-03-30
Metcalfe	0.0	0.0	0.0	0.0	0.0	0.0	0.0	0.0	0.0	0.0	0.0	0.0	2020-04-28
Metcalfe	1.0	0.0	0.0	1.0	9.97e-05	0.0	5.0	2.0	1.25	0.0004985	0.0001994	0.000124625	2020-04-29
Metcalfe	1.0	0.0	0.0	1.0	9.97e-05	0.0	5.0	2.0	1.25	0.0004985	0.0001994	0.000124625	2020-04-30
Metcalfe	1.0	0.0	0.0	1.0	9.97e-05	0.0	5.0	2.0	1.25	0.0004985	0.0001994	0.000124625	2020-05-01
Metcalfe	1.0	0.0	0.0	1.0	9.97e-05	0.0	5.0	2.0	1.25	0.0004985	0.0001994	0.000124625	2020-05-02
Metcalfe	1.0	0.0	0.0	1.0	9.97e-05	0.0	5.0	2.0	1.25	0.0004985	0.0001994	0.000124625	2020-05-03
Metcalfe	1.0	0.0	0.0	1.0	9.97e-05	0.0	5.0	2.0	1.25	0.0004985	0.0001994	0.000124625	2020-05-04
Metcalfe	1.0	0.0	0.0	1.0	9.97e-05	0.0	5.0	2.0	1.25	0.0004985	0.0001994	0.000124625	2020-05-05
Metcalfe	1.0	0.0	0.0	1.0	9.97e-05	0.0	5.0	2.0	1.25	0.0004985	0.0001994	0.000124625	2020-05-06
Metcalfe	2.0	0.0	0.0	2.0	0.0001994	0.0	10.0	4.0	2.5	0.000997	0.0003988	0.00024925	2020-05-07
Metcalfe	2.0	0.0	0.0	2.0	0.0001994	0.0	10.0	4.0	2.5	0.000997	0.0003988	0.00024925	2020-05-08
Metcalfe	2.0	0.0	0.0	2.0	0.0001994	0.0	10.0	4.0	2.5	0.000997	0.0003988	0.00024925	2020-05-09
Metcalfe	2.0	0.0	0.0	2.0	0.0001994	0.0	10.0	4.0	2.5	0.000997	0.0003988	0.00024925	2020-05-10
Metcalfe	2.0	0.0	0.0	2.0	0.0001994	0.0	10.0	4.0	2.5	0.000997	0.0003988	0.00024925	2020-05-11
Metcalfe	3.0	0.0	0.0	3.0	0.0002991	0.0	15.0	6.0	3.75	0.0014955	0.0005982	0.000373875	2020-05-12
Metcalfe	3.0	0.0	0.0	3.0	0.0002991	0.0	15.0	6.0	3.75	0.0014955	0.0005982	0.000373875	2020-05-13
Metcalfe	3.0	0.0	0.0	3.0	0.0002991	0.0	15.0	6.0	3.75	0.0014955	0.0005982	0.000373875	2020-05-14
Metcalfe	3.0	0.0	0.0	3.0	0.0002991	0.0	15.0	6.0	3.75	0.0014955	0.0005982	0.000373875	2020-05-15
Metcalfe	3.0	0.0	0.0	3.0	0.0002991	0.0	15.0	6.0	3.75	0.0014955	0.0005982	0.000373875	2020-05-16
Metcalfe	3.0	0.0	0.0	3.0	0.0002991	0.0	15.0	6.0	3.75	0.0014955	0.0005982	0.000373875	2020-05-17
Metcalfe	3.0	0.0	0.0	3.0	0.0002991	0.0	15.0	6.0	3.75	0.0014955	0.0005982	0.000373875	2020-05-18
Metcalfe	3.0	0.0	0.0	3.0	0.0002991	0.0	15.0	6.0	3.75	0.0014955	0.0005982	0.000373875	2020-05-19
Metcalfe	3.0	0.0	0.0	3.0	0.0002991	0.0	15.0	6.0	3.75	0.0014955	0.0005982	0.000373875	2020-05-20
Metcalfe	4.0	0.0	0.0	4.0	0.0003988	0.0	20.0	8.0	5.0	0.001994	0.0007976	0.0004985	2020-05-21
Metcalfe	4.0	0.0	0.0	4.0	0.0003988	0.0	20.0	8.0	5.0	0.001994	0.0007976	0.0004985	2020-05-22
Metcalfe	4.0	0.0	0.0	4.0	0.0003988	0.0	20.0	8.0	5.0	0.001994	0.0007976	0.0004985	2020-05-23
Metcalfe	4.0	0.0	0.0	4.0	0.0003988	0.0	20.0	8.0	5.0	0.001994	0.0007976	0.0004985	2020-05-24
Metcalfe	4.0	0.0	0.0	4.0	0.0003988	0.0	20.0	8.0	5.0	0.001994	0.0007976	0.0004985	2020-05-25
Metcalfe	4.0	0.0	0.0	4.0	0.0003988	0.0	20.0	8.0	5.0	0.001994	0.0007976	0.0004985	2020-05-26
Metcalfe	4.0	0.0	0.0	4.0	0.0003988	0.0	20.0	8.0	5.0	0.001994	0.0007976	0.0004985	2020-05-27
Metcalfe	4.0	0.0	0.0	4.0	0.0003988	0.0	20.0	8.0	5.0	0.001994	0.0007976	0.0004985	2020-05-28
Metcalfe	6.0	0.0	0.0	6.0	0.00059821	0.0	30.0	12.0	7.5	0.00299105	0.00119642	0.0007477625	2020-05-29
Metcalfe	6.0	1.0	0.0	5.0	0.00059821	9.97e-05	333.333333333	153.846153846	100.0	0.0332333333333	0.0153384615385	0.00997	2020-05-30
Metcalfe	6.0	1.0	0.0	5.0	0.00059821	9.97e-05	333.333333333	153.846153846	100.0	0.0332333333333	0.0153384615385	0.00997	2020-05-31
Metcalfe	6.0	1.0	0.0	5.0	0.00059821	9.97e-05	333.333333333	153.846153846	100.0	0.0332333333333	0.0153384615385	0.00997	2020-06-01
Metcalfe	6.0	1.0	0.0	5.0	0.00059821	9.97e-05	333.333333333	153.846153846	100.0	0.0332333333333	0.0153384615385	0.00997	2020-06-02
Metcalfe	7.0	1.0	0.0	6.0	0.00069791	9.97e-05	333.333333333	153.846153846	100.0	0.0332333333333	0.0153384615385	0.00997	2020-06-03
Metcalfe	7.0	2.0	0.0	5.0	0.00069791	0.0001994	666.666666667	307.692307692	200.0	0.0664666666667	0.0306769230769	0.01994	2020-06-04
Metcalfe	7.0	2.0	0.0	5.0	0.00069791	0.0001994	666.666666667	307.692307692	200.0	0.0664666666667	0.0306769230769	0.01994	2020-06-05
Metcalfe	7.0	2.0	0.0	5.0	0.00069791	0.0001994	666.666666667	307.692307692	200.0	0.0664666666667	0.0306769230769	0.01994	2020-06-06
Metcalfe	7.0	2.0	0.0	5.0	0.00069791	0.0001994	666.666666667	307.692307692	200.0	0.0664666666667	0.0306769230769	0.01994	2020-06-07
Metcalfe	7.0	2.0	0.0	5.0	0.00069791	0.0001994	666.666666667	307.692307692	200.0	0.0664666666667	0.0306769230769	0.01994	2020-06-08
Metcalfe	7.0	2.0	0.0	5.0	0.00069791	0.0001994	666.666666667	307.692307692	200.0	0.0664666666667	0.0306769230769	0.01994	2020-06-09
Metcalfe	7.0	2.0	0.0	5.0	0.00069791	0.0001994	666.666666667	307.692307692	200.0	0.0664666666667	0.0306769230769	0.01994	2020-06-10
Metcalfe	7.0	2.0	0.0	5.0	0.00069791	0.0001994	666.666666667	307.692307692	200.0	0.0664666666667	0.0306769230769	0.01994	2020-06-11
Metcalfe	7.0	2.0	0.0	5.0	0.00069791	0.0001994	666.666666667	307.692307692	200.0	0.0664666666667	0.0306769230769	0.01994	2020-06-12
Metcalfe	7.0	2.0	0.0	5.0	0.00069791	0.0001994	666.666666667	307.692307692	200.0	0.0664666666667	0.0306769230769	0.01994	2020-06-13
Metcalfe	7.0	2.0	0.0	5.0	0.00069791	0.0001994	666.666666667	307.692307692	200.0	0.0664666666667	0.0306769230769	0.01994	2020-06-14
Metcalfe	8.0	2.0	0.0	6.0	0.00079761	0.0001994	666.666666667	307.692307692	200.0	0.0664666666667	0.0306769230769	0.01994	2020-06-15
Metcalfe	8.0	2.0	0.0	6.0	0.00079761	0.0001994	666.666666667	307.692307692	200.0	0.0664666666667	0.0306769230769	0.01994	2020-06-16
Metcalfe	8.0	2.0	0.0	6.0	0.00079761	0.0001994	666.666666667	307.692307692	200.0	0.0664666666667	0.0306769230769	0.01994	2020-06-17
Metcalfe	8.0	2.0	0.0	6.0	0.00079761	0.0001994	666.666666667	307.692307692	200.0	0.0664666666667	0.0306769230769	0.01994	2020-06-18
Metcalfe	8.0	2.0	0.0	6.0	0.00079761	0.0001994	666.666666667	307.692307692	200.0	0.0664666666667	0.0306769230769	0.01994	2020-06-19
Metcalfe	8.0	2.0	0.0	6.0	0.00079761	0.0001994	666.666666667	307.692307692	200.0	0.0664666666667	0.0306769230769	0.01994	2020-06-20
Metcalfe	8.0	2.0	0.0	6.0	0.00079761	0.0001994	666.666666667	307.692307692	200.0	0.0664666666667	0.0306769230769	0.01994	2020-06-21
Metcalfe	8.0	2.0	0.0	6.0	0.00079761	0.0001994	666.666666667	307.692307692	200.0	0.0664666666667	0.0306769230769	0.01994	2020-06-22
Metcalfe	8.0	2.0	0.0	6.0	0.00079761	0.0001994	666.666666667	307.692307692	200.0	0.0664666666667	0.0306769230769	0.01994	2020-06-23
Metcalfe	9.0	2.0	0.0	7.0	0.00089731	0.0001994	666.666666667	307.692307692	200.0	0.0664666666667	0.0306769230769	0.01994	2020-06-24
Metcalfe	9.0	2.0	0.0	7.0	0.00089731	0.0001994	666.666666667	307.692307692	200.0	0.0664666666667	0.0306769230769	0.01994	2020-06-25
Metcalfe	9.0	2.0	0.0	7.0	0.00089731	0.0001994	666.666666667	307.692307692	200.0	0.0664666666667	0.0306769230769	0.01994	2020-06-26
Metcalfe	9.0	2.0	0.0	7.0	0.00089731	0.0001994	666.666666667	307.692307692	200.0	0.0664666666667	0.0306769230769	0.01994	2020-06-27
Metcalfe	9.0	2.0	0.0	7.0	0.00089731	0.0001994	666.666666667	307.692307692	200.0	0.0664666666667	0.0306769230769	0.01994	2020-06-28
Metcalfe	9.0	2.0	0.0	7.0	0.00089731	0.0001994	666.666666667	307.692307692	200.0	0.0664666666667	0.0306769230769	0.01994	2020-06-29
Metcalfe	9.0	2.0	0.0	7.0	0.00089731	0.0001994	666.666666667	307.692307692	200.0	0.0664666666667	0.0306769230769	0.01994	2020-06-30
Metcalfe	10.0	2.0	0.0	8.0	0.00099701	0.0001994	666.666666667	307.692307692	200.0	0.0664666666667	0.0306769230769	0.01994	2020-07-01
Metcalfe	11.0	2.0	0.0	9.0	0.00109671	0.0001994	666.666666667	307.692307692	200.0	0.0664666666667	0.0306769230769	0.01994	2020-07-02
Metcalfe	0.15	0.301	10.301	0.0	0.0	2.0	1.496e-05	3.001e-05	0.00102702	0.0	0.0	0.0001994	2020-07-03
Metcalfe	0.148	0.449	10.449	0.0	0.0	2.0	1.476e-05	4.477e-05	0.00104177	0.0	0.0	0.0001994	2020-07-04
Metcalfe	0.146	0.595	10.595	0.0	0.0	2.0	1.456e-05	5.932e-05	0.00105633	0.0	0.0	0.0001994	2020-07-05
Metcalfe	0.3	0.3	0.446	0.069	0.069	0.664	2.991e-05	2.991e-05	4.447e-05	6.88e-06	6.88e-06	6.62e-05	2020-07-06
Metcalfe	0.297	0.597	0.743	0.068	0.137	0.732	2.961e-05	5.952e-05	7.408e-05	6.78e-06	1.366e-05	7.298e-05	2020-07-07
Metcalfe	0.293	0.89	1.036	0.067	0.204	0.799	2.921e-05	8.873e-05	0.00010329	6.68e-06	2.034e-05	7.966e-05	2020-07-08
Metcalfe	1.331	1.331	1.624	0.228	0.228	1.118	0.0001327	0.0001327	0.00016191	2.273e-05	2.273e-05	0.00011147	2020-07-09
Metcalfe	1.643	2.974	3.267	0.281	0.509	1.399	0.00016381	0.00029651	0.00032572	2.802e-05	5.075e-05	0.00013948	2020-07-10
Metcalfe	1.373	1.373	3.016	0.196	0.196	3.17	0.00013689	0.00013689	0.0003007	1.954e-05	1.954e-05	0.00031605	2020-07-11
Metcalfe	1.36	2.733	4.376	0.194	0.39	3.364	0.00013559	0.00027248	0.00043629	1.934e-05	3.888e-05	0.00033539	2020-07-12
Metcalfe	1.342	4.075	5.718	0.192	0.582	3.556	0.0001338	0.00040628	0.00057009	1.914e-05	5.803e-05	0.00035454	2020-07-13
Metcalfe	0.284	0.284	1.626	0.114	0.114	4.189	2.832e-05	2.832e-05	0.00016211	1.137e-05	1.137e-05	0.00041765	2020-07-14
Metcalfe	0.215	0.499	1.841	0.081	0.195	4.27	2.144e-05	4.975e-05	0.00018355	8.08e-06	1.944e-05	0.00042572	2020-07-15
Metcalfe	0.159	0.658	2.0	0.052	0.247	4.322	1.585e-05	6.56e-05	0.0001994	5.18e-06	2.463e-05	0.00043091	2020-07-16
Metcalfe	0.0	0.658	2.0	0.032	0.279	4.354	0.0	6.56e-05	0.0001994	3.19e-06	2.782e-05	0.0004341	2020-07-17
Metcalfe	18.0	2.0	0.0	16.0	0.00179462	0.0001994	666.666666667	307.692307692	200.0	0.0664666666667	0.0306769230769	0.01994	2020-07-18
Metcalfe	18.0	2.0	0.0	16.0	0.00179462	0.0001994	666.666666667	307.692307692	200.0	0.0664666666667	0.0306769230769	0.01994	2020-07-19
