Name	Confirmed	Deaths	Recovered	Active	Confirmed_per_capita	Deaths_per_capita	IFR_0.30_expected	IFR_0.65_expected	IFR_1.0_expected	IFR_0.30_expected_per_capita	IFR_0.65_expected_per_capita	IFR_1.0_expected_per_capita	Date
Plymouth	25.0	0.0	0.0	0.0	4.825e-05	0.0	125.0	50.0	31.25	0.00024125	9.65e-05	6.03125e-05	2020-03-22
Plymouth	32	0	0	0	6.176e-05	0.0	160	64	40	0.0003088	0.00012352	7.72e-05	7	0	2020-03-23
Plymouth	64	0	0	0	0.00012352	0.0	320	128	80	0.0006176	0.00024704	0.0001544	32	0	357.1	0	2020-03-24
Plymouth	101	0	0	0	0.00019493	0.0	505	202	126.25	0.00097465	0.00038986	0.0002436625	37	0	15.6	0	2020-03-25
Plymouth	138	0	0	0	0.00026634	0.0	690	276	172.5	0.0013317	0.00053268	0.000332925	37	0	0	100	2020-03-26
Plymouth	187	0	0	0	0.00036091	0.0	935	374	233.75	0.00180455	0.00072182	0.0004511375	49	0	32.4	100	2020-03-27
Plymouth	272	0	0	0	0.00052496	0.0	1360	544	340	0.0026248	0.00104992	0.0006562	85	0	73.5	100	2020-03-28
Plymouth	325	0	0	0	0.00062725	0.0	1625	650	406.25	0.00313625	0.0012545	0.0007840625	53	0	-37.6	100	2020-03-29
Plymouth	380	0	0	0	0.0007334	0.0	1900	760	475	0.003667	0.0014668	0.00091675	55	0	3.8	0	2020-03-30
Plymouth	459	2	0	0	0.00088587	3.86e-06	666.666666667	307.692307692	200	0.00128666666667	0.000593846153846	0.000386	79	2	43.6	100	2020-03-31
Plymouth	561	5	0	0	0.00108274	9.65e-06	1666.66666667	769.230769231	500	0.00321666666667	0.00148461538462	0.000965	102	3	29.1	50	2020-04-01
Plymouth	621	6	0	0	0.00119854	1.158e-05	2000	923.076923077	600	0.00386	0.00178153846154	0.001158	60	1	-41.2	-66.7	2020-04-02
Plymouth	745	7	0	0	0.00143786	1.351e-05	2333.33333333	1076.92307692	700	0.00450333333333	0.00207846153846	0.001351	124	1	106.7	0	2020-04-03
Plymouth	898	8	0	0	0.00173315	1.544e-05	2666.66666667	1230.76923077	800	0.00514666666667	0.00237538461538	0.001544	153	1	23.4	0	2020-04-04
Plymouth	963.0	10.0	0.0	0.0	0.0018586	1.93e-05	3333.33333333	1538.46153846	1000.0	0.00643333333333	0.00296923076923	0.00193	2020-04-05
Plymouth	1067.0	15.0	0.0	0.0	0.00205932	2.895e-05	5000.0	2307.69230769	1500.0	0.00965	0.00445384615385	0.002895	2020-04-06
