Name	Confirmed	Deaths	Recovered	Active	Confirmed_per_capita	Deaths_per_capita	IFR_0.30_expected	IFR_0.65_expected	IFR_1.0_expected	IFR_0.30_expected_per_capita	IFR_0.65_expected_per_capita	IFR_1.0_expected_per_capita	Date
Crawford	0.0	0.0	0.0	0.0	0.0	0.0	0.0	0.0	0.0	0.0	0.0	0.0	2020-03-22
Crawford	1	0	0	0	1.577e-05	0.0	5	2	1.25	7.885e-05	3.154e-05	1.97125e-05	2020-03-23
Crawford	1	0	0	0	1.577e-05	0.0	5	2	1.25	7.885e-05	3.154e-05	1.97125e-05	2020-03-24
Crawford	1	0	0	0	1.577e-05	0.0	5	2	1.25	7.885e-05	3.154e-05	1.97125e-05	2020-03-25
Crawford	1	0	0	0	1.577e-05	0.0	5	2	1.25	7.885e-05	3.154e-05	1.97125e-05	2020-03-26
Crawford	1	0	0	0	1.577e-05	0.0	5	2	1.25	7.885e-05	3.154e-05	1.97125e-05	2020-03-27
Crawford	1	0	0	0	1.577e-05	0.0	5	2	1.25	7.885e-05	3.154e-05	1.97125e-05	2020-03-28
Crawford	1.0	0.0	0.0	0.0	1.577e-05	0.0	5.0	2.0	1.25	7.885e-05	3.154e-05	1.97125e-05	2020-03-29
Crawford	1.0	0.0	0.0	0.0	1.577e-05	0.0	5.0	2.0	1.25	7.885e-05	3.154e-05	1.97125e-05	2020-03-30
Crawford	1.0	0.0	0.0	0.0	1.577e-05	0.0	5.0	2.0	1.25	7.885e-05	3.154e-05	1.97125e-05	2020-03-31
Crawford	1.0	0.0	0.0	0.0	1.577e-05	0.0	5.0	2.0	1.25	7.885e-05	3.154e-05	1.97125e-05	2020-04-01
Crawford	1.0	0.0	0.0	0.0	1.577e-05	0.0	5.0	2.0	1.25	7.885e-05	3.154e-05	1.97125e-05	2020-04-02
Crawford	1.0	0.0	0.0	0.0	1.577e-05	0.0	5.0	2.0	1.25	7.885e-05	3.154e-05	1.97125e-05	2020-04-03
Crawford	1.0	0.0	0.0	0.0	1.577e-05	0.0	5.0	2.0	1.25	7.885e-05	3.154e-05	1.97125e-05	2020-04-04
Crawford	1.0	0.0	0.0	0.0	1.577e-05	0.0	5.0	2.0	1.25	7.885e-05	3.154e-05	1.97125e-05	2020-04-05
Crawford	1.0	0.0	0.0	0.0	1.577e-05	0.0	5.0	2.0	1.25	7.885e-05	3.154e-05	1.97125e-05	2020-04-06
Crawford	1.0	0.0	0.0	0.0	1.577e-05	0.0	5.0	2.0	1.25	7.885e-05	3.154e-05	1.97125e-05	2020-04-07
Crawford	1.0	0.0	0.0	0.0	1.577e-05	0.0	5.0	2.0	1.25	7.885e-05	3.154e-05	1.97125e-05	2020-04-08
Crawford	3.0	0.0	0.0	0.0	4.731e-05	0.0	15.0	6.0	3.75	0.00023655	9.462e-05	5.91375e-05	2020-04-09
Crawford	3.0	0.0	0.0	0.0	4.731e-05	0.0	15.0	6.0	3.75	0.00023655	9.462e-05	5.91375e-05	2020-04-10
Crawford	3.0	0.0	0.0	0.0	4.731e-05	0.0	15.0	6.0	3.75	0.00023655	9.462e-05	5.91375e-05	2020-04-11
Crawford	3.0	0.0	0.0	3.0	4.731e-05	0.0	15.0	6.0	3.75	0.00023655	9.462e-05	5.91375e-05	2020-04-12
Crawford	4.0	0.0	0.0	4.0	6.309e-05	0.0	20.0	8.0	5.0	0.00031545	0.00012618	7.88625e-05	2020-04-13
Crawford	4.0	0.0	0.0	4.0	6.309e-05	0.0	20.0	8.0	5.0	0.00031545	0.00012618	7.88625e-05	2020-04-14
Crawford	4.0	0.0	0.0	4.0	6.309e-05	0.0	20.0	8.0	5.0	0.00031545	0.00012618	7.88625e-05	2020-04-15
Crawford	4.0	0.0	0.0	4.0	6.309e-05	0.0	20.0	8.0	5.0	0.00031545	0.00012618	7.88625e-05	2020-04-16
Crawford	4.0	0.0	0.0	4.0	6.309e-05	0.0	20.0	8.0	5.0	0.00031545	0.00012618	7.88625e-05	2020-04-17
Crawford	4.0	0.0	0.0	4.0	6.309e-05	0.0	20.0	8.0	5.0	0.00031545	0.00012618	7.88625e-05	2020-04-18
Crawford	4.0	0.0	0.0	4.0	6.309e-05	0.0	20.0	8.0	5.0	0.00031545	0.00012618	7.88625e-05	2020-04-19
Crawford	4.0	0.0	0.0	4.0	6.309e-05	0.0	20.0	8.0	5.0	0.00031545	0.00012618	7.88625e-05	2020-04-20
Crawford	4.0	0.0	0.0	4.0	6.309e-05	0.0	20.0	8.0	5.0	0.00031545	0.00012618	7.88625e-05	2020-04-21
Crawford	4.0	0.0	0.0	4.0	6.309e-05	0.0	20.0	8.0	5.0	0.00031545	0.00012618	7.88625e-05	2020-04-22
Crawford	4.0	0.0	0.0	4.0	6.309e-05	0.0	20.0	8.0	5.0	0.00031545	0.00012618	7.88625e-05	2020-04-23
Crawford	4.0	0.0	0.0	4.0	6.309e-05	0.0	20.0	8.0	5.0	0.00031545	0.00012618	7.88625e-05	2020-04-24
Crawford	4.0	0.0	0.0	4.0	6.309e-05	0.0	20.0	8.0	5.0	0.00031545	0.00012618	7.88625e-05	2020-04-25
Crawford	4.0	0.0	0.0	4.0	6.309e-05	0.0	20.0	8.0	5.0	0.00031545	0.00012618	7.88625e-05	2020-04-26
Crawford	4.0	0.0	0.0	4.0	6.309e-05	0.0	20.0	8.0	5.0	0.00031545	0.00012618	7.88625e-05	2020-04-27
Crawford	4.0	0.0	0.0	4.0	6.309e-05	0.0	20.0	8.0	5.0	0.00031545	0.00012618	7.88625e-05	2020-04-28
Crawford	4.0	0.0	0.0	4.0	6.309e-05	0.0	20.0	8.0	5.0	0.00031545	0.00012618	7.88625e-05	2020-04-29
Crawford	4.0	0.0	0.0	4.0	6.309e-05	0.0	20.0	8.0	5.0	0.00031545	0.00012618	7.88625e-05	2020-04-30
Crawford	4.0	0.0	0.0	4.0	6.309e-05	0.0	20.0	8.0	5.0	0.00031545	0.00012618	7.88625e-05	2020-05-01
Crawford	5.0	0.0	0.0	5.0	7.886e-05	0.0	25.0	10.0	6.25	0.0003943	0.00015772	9.8575e-05	2020-05-02
Crawford	5.0	0.0	0.0	5.0	7.886e-05	0.0	25.0	10.0	6.25	0.0003943	0.00015772	9.8575e-05	2020-05-03
Crawford	5.0	0.0	0.0	5.0	7.886e-05	0.0	25.0	10.0	6.25	0.0003943	0.00015772	9.8575e-05	2020-05-04
Crawford	4.0	0.0	0.0	4.0	6.309e-05	0.0	20.0	8.0	5.0	0.00031545	0.00012618	7.88625e-05	2020-05-05
Crawford	4.0	0.0	0.0	4.0	6.309e-05	0.0	20.0	8.0	5.0	0.00031545	0.00012618	7.88625e-05	2020-05-06
Crawford	5.0	0.0	0.0	5.0	7.886e-05	0.0	25.0	10.0	6.25	0.0003943	0.00015772	9.8575e-05	2020-05-07
Crawford	5.0	0.0	0.0	5.0	7.886e-05	0.0	25.0	10.0	6.25	0.0003943	0.00015772	9.8575e-05	2020-05-08
Crawford	5.0	0.0	0.0	5.0	7.886e-05	0.0	25.0	10.0	6.25	0.0003943	0.00015772	9.8575e-05	2020-05-09
Crawford	5.0	0.0	0.0	5.0	7.886e-05	0.0	25.0	10.0	6.25	0.0003943	0.00015772	9.8575e-05	2020-05-10
Crawford	5.0	0.0	0.0	5.0	7.886e-05	0.0	25.0	10.0	6.25	0.0003943	0.00015772	9.8575e-05	2020-05-11
Crawford	8.0	0.0	0.0	8.0	0.00012617	0.0	40.0	16.0	10.0	0.00063085	0.00025234	0.0001577125	2020-05-12
Crawford	8.0	0.0	0.0	8.0	0.00012617	0.0	40.0	16.0	10.0	0.00063085	0.00025234	0.0001577125	2020-05-13
Crawford	8.0	0.0	0.0	8.0	0.00012617	0.0	40.0	16.0	10.0	0.00063085	0.00025234	0.0001577125	2020-05-14
Crawford	9.0	0.0	0.0	9.0	0.00014194	0.0	45.0	18.0	11.25	0.0007097	0.00028388	0.000177425	2020-05-15
Crawford	11.0	0.0	0.0	11.0	0.00017349	0.0	55.0	22.0	13.75	0.00086745	0.00034698	0.0002168625	2020-05-16
Crawford	11.0	0.0	0.0	11.0	0.00017349	0.0	55.0	22.0	13.75	0.00086745	0.00034698	0.0002168625	2020-05-17
Crawford	11.0	0.0	0.0	11.0	0.00017349	0.0	55.0	22.0	13.75	0.00086745	0.00034698	0.0002168625	2020-05-18
Crawford	12.0	0.0	0.0	12.0	0.00018926	0.0	60.0	24.0	15.0	0.0009463	0.00037852	0.000236575	2020-05-19
Crawford	12.0	0.0	0.0	12.0	0.00018926	0.0	60.0	24.0	15.0	0.0009463	0.00037852	0.000236575	2020-05-20
Crawford	12.0	0.0	0.0	12.0	0.00018926	0.0	60.0	24.0	15.0	0.0009463	0.00037852	0.000236575	2020-05-21
Crawford	12.0	0.0	0.0	12.0	0.00018926	0.0	60.0	24.0	15.0	0.0009463	0.00037852	0.000236575	2020-05-22
Crawford	13.0	0.0	0.0	13.0	0.00020503	0.0	65.0	26.0	16.25	0.00102515	0.00041006	0.0002562875	2020-05-23
Crawford	13.0	0.0	0.0	13.0	0.00020503	0.0	65.0	26.0	16.25	0.00102515	0.00041006	0.0002562875	2020-05-24
Crawford	14.0	0.0	0.0	14.0	0.0002208	0.0	70.0	28.0	17.5	0.001104	0.0004416	0.000276	2020-05-25
Crawford	17.0	0.0	0.0	17.0	0.00026811	0.0	85.0	34.0	21.25	0.00134055	0.00053622	0.0003351375	2020-05-26
Crawford	17.0	0.0	0.0	17.0	0.00026811	0.0	85.0	34.0	21.25	0.00134055	0.00053622	0.0003351375	2020-05-27
Crawford	17.0	0.0	0.0	17.0	0.00026811	0.0	85.0	34.0	21.25	0.00134055	0.00053622	0.0003351375	2020-05-28
Crawford	18.0	0.0	0.0	18.0	0.00028388	0.0	90.0	36.0	22.5	0.0014194	0.00056776	0.00035485	2020-05-29
Crawford	24.0	0.0	0.0	24.0	0.00037851	0.0	120.0	48.0	30.0	0.00189255	0.00075702	0.0004731375	2020-05-30
Crawford	29.0	0.0	0.0	29.0	0.00045737	0.0	145.0	58.0	36.25	0.00228685	0.00091474	0.0005717125	2020-05-31
Crawford	30.0	0.0	0.0	30.0	0.00047314	0.0	150.0	60.0	37.5	0.0023657	0.00094628	0.000591425	2020-06-01
Crawford	31.0	0.0	0.0	31.0	0.00048891	0.0	155.0	62.0	38.75	0.00244455	0.00097782	0.0006111375	2020-06-02
Crawford	34.0	0.0	0.0	34.0	0.00053623	0.0	170.0	68.0	42.5	0.00268115	0.00107246	0.0006702875	2020-06-03
Crawford	35.0	0.0	0.0	35.0	0.000552	0.0	175.0	70.0	43.75	0.00276	0.001104	0.00069	2020-06-04
Crawford	35.0	0.0	0.0	35.0	0.000552	0.0	175.0	70.0	43.75	0.00276	0.001104	0.00069	2020-06-05
Crawford	39.0	0.0	0.0	39.0	0.00061508	0.0	195.0	78.0	48.75	0.0030754	0.00123016	0.00076885	2020-06-06
Crawford	41.0	0.0	0.0	41.0	0.00064663	0.0	205.0	82.0	51.25	0.00323315	0.00129326	0.0008082875	2020-06-07
Crawford	42.0	0.0	0.0	42.0	0.0006624	0.0	210.0	84.0	52.5	0.003312	0.0013248	0.000828	2020-06-08
Crawford	43.0	0.0	0.0	43.0	0.00067817	0.0	215.0	86.0	53.75	0.00339085	0.00135634	0.0008477125	2020-06-09
Crawford	43.0	0.0	0.0	43.0	0.00067817	0.0	215.0	86.0	53.75	0.00339085	0.00135634	0.0008477125	2020-06-10
Crawford	47.0	0.0	0.0	47.0	0.00074125	0.0	235.0	94.0	58.75	0.00370625	0.0014825	0.0009265625	2020-06-11
Crawford	51.0	0.0	0.0	51.0	0.00080434	0.0	255.0	102.0	63.75	0.0040217	0.00160868	0.001005425	2020-06-12
Crawford	51.0	0.0	0.0	51.0	0.00080434	0.0	255.0	102.0	63.75	0.0040217	0.00160868	0.001005425	2020-06-13
Crawford	56.0	0.0	0.0	56.0	0.0008832	0.0	280.0	112.0	70.0	0.004416	0.0017664	0.001104	2020-06-14
Crawford	61.0	0.0	0.0	61.0	0.00096205	0.0	305.0	122.0	76.25	0.00481025	0.0019241	0.0012025625	2020-06-15
Crawford	65.0	0.0	0.0	65.0	0.00102514	0.0	325.0	130.0	81.25	0.0051257	0.00205028	0.001281425	2020-06-16
Crawford	69.0	0.0	0.0	69.0	0.00108823	0.0	345.0	138.0	86.25	0.00544115	0.00217646	0.0013602875	2020-06-17
Crawford	75.0	0.0	0.0	75.0	0.00118285	0.0	375.0	150.0	93.75	0.00591425	0.0023657	0.0014785625	2020-06-18
Crawford	83.0	0.0	0.0	83.0	0.00130902	0.0	415.0	166.0	103.75	0.0065451	0.00261804	0.001636275	2020-06-19
Crawford	91.0	0.0	0.0	91.0	0.0014352	0.0	455.0	182.0	113.75	0.007176	0.0028704	0.001794	2020-06-20
Crawford	97.0	0.0	0.0	97.0	0.00152982	0.0	485.0	194.0	121.25	0.0076491	0.00305964	0.001912275	2020-06-21
Crawford	98.0	0.0	0.0	98.0	0.0015456	0.0	490.0	196.0	122.5	0.007728	0.0030912	0.001932	2020-06-22
Crawford	105.0	0.0	0.0	105.0	0.00165599	0.0	525.0	210.0	131.25	0.00827995	0.00331198	0.0020699875	2020-06-23
Crawford	112.0	0.0	0.0	112.0	0.00176639	0.0	560.0	224.0	140.0	0.00883195	0.00353278	0.0022079875	2020-06-24
Crawford	121.0	0.0	0.0	121.0	0.00190834	0.0	605.0	242.0	151.25	0.0095417	0.00381668	0.002385425	2020-06-25
Crawford	131.0	0.0	0.0	131.0	0.00206605	0.0	655.0	262.0	163.75	0.01033025	0.0041321	0.0025825625	2020-06-26
Crawford	135.0	0.0	0.0	135.0	0.00212914	0.0	675.0	270.0	168.75	0.0106457	0.00425828	0.002661425	2020-06-27
Crawford	148.0	0.0	0.0	148.0	0.00233416	0.0	740.0	296.0	185.0	0.0116708	0.00466832	0.0029177	2020-06-28
Crawford	155.0	0.0	0.0	155.0	0.00244456	0.0	775.0	310.0	193.75	0.0122228	0.00488912	0.0030557	2020-06-29
Crawford	159.0	1.0	0.0	158.0	0.00250765	1.577e-05	333.333333333	153.846153846	100.0	0.00525666666667	0.00242615384615	0.001577	2020-06-30
Crawford	166.0	1.0	0.0	165.0	0.00261805	1.577e-05	333.333333333	153.846153846	100.0	0.00525666666667	0.00242615384615	0.001577	2020-07-01
Crawford	190.0	1.0	0.0	189.0	0.00299656	1.577e-05	333.333333333	153.846153846	100.0	0.00525666666667	0.00242615384615	0.001577	2020-07-02
Crawford	7.485	14.801	180.801	0.0	0.0	1.0	0.00011805	0.00023343	0.00285148	0.0	0.0	1.577e-05	2020-07-03
Crawford	7.581	22.382	188.382	0.0	0.0	1.0	0.00011956	0.00035299	0.00297104	0.0	0.0	1.577e-05	2020-07-04
Crawford	7.608	29.99	195.99	0.0	0.0	1.0	0.00011999	0.00047298	0.00309103	0.0	0.0	1.577e-05	2020-07-05
Crawford	0.645	0.645	8.253	0.0	0.0	29.99	1.017e-05	1.017e-05	0.00013016	0.0	0.0	0.00047298	2020-07-06
Crawford	0.581	1.226	8.834	0.0	0.0	29.99	9.16e-06	1.934e-05	0.00013932	0.0	0.0	0.00047298	2020-07-07
Crawford	0.522	1.748	9.356	0.0	0.0	29.99	8.23e-06	2.757e-05	0.00014756	0.0	0.0	0.00047298	2020-07-08
Crawford	21.457	21.457	21.979	0.0	0.0	1.748	0.00033841	0.00033841	0.00034664	0.0	0.0	2.757e-05	2020-07-09
Crawford	26.481	47.938	48.46	0.0	0.0	1.748	0.00041764	0.00075605	0.00076428	0.0	0.0	2.757e-05	2020-07-10
Crawford	23.485	23.485	49.966	0.0	0.0	47.938	0.00037039	0.00037039	0.00078803	0.0	0.0	0.00075605	2020-07-11
Crawford	23.269	46.754	73.235	0.0	0.0	47.938	0.00036698	0.00073738	0.00115502	0.0	0.0	0.00075605	2020-07-12
Crawford	22.967	69.721	96.202	0.0	0.0	47.938	0.00036222	0.0010996	0.00151724	0.0	0.0	0.00075605	2020-07-13
Crawford	5.406	5.406	28.373	0.0	0.0	69.721	8.526e-05	8.526e-05	0.00044748	0.0	0.0	0.0010996	2020-07-14
Crawford	4.223	9.629	32.596	0.0	0.0	69.721	6.66e-05	0.00015186	0.00051408	0.0	0.0	0.0010996	2020-07-15
Crawford	3.205	12.834	35.801	0.0	0.0	69.721	5.055e-05	0.00020241	0.00056463	0.0	0.0	0.0010996	2020-07-16
Crawford	2.361	15.195	38.162	0.0	0.0	69.721	3.724e-05	0.00023965	0.00060187	0.0	0.0	0.0010996	2020-07-17
Crawford	347.0	3.0	0.0	344.0	0.00547267	4.731e-05	1000.0	461.538461538	300.0	0.01577	0.00727846153846	0.004731	2020-07-18
Crawford	353.0	3.0	0.0	350.0	0.0055673	4.731e-05	1000.0	461.538461538	300.0	0.01577	0.00727846153846	0.004731	2020-07-19
