Name	Predicted_New_Cases	Total_Predicted_New_Cases	Total_Predicted_Cases	Predicted_New_Deaths	Total_Predicted_New_Deaths	Total_Predicted_Deaths	Predicted_New_per_capita	Predicted_Total_New_per_capita	Predicted_Total_Cases_per_capita	Predicted_New_Deaths_per_capita	Total_Predicted_New_Deaths_per_capita	Total_Predicted_Deaths_per_capita
Guyana	1.011	111.625	126.318	0.113	9.011	11.562	1.3e-06	0.00014329	0.00016215	1.5e-07	1.157e-05	1.484e-05
Brazil	1150.975	114689.231	107956.103	64.339	7105.659	6915.999	5.49e-06	0.00054752	0.00051538	3.1e-07	3.392e-05	3.302e-05
Ecuador	127.084	14035.3	18264.192	8.048	868.836	998.442	7.44e-06	0.00082153	0.00106906	4.7e-07	5.086e-05	5.844e-05
Uruguay	2.344	258.846	687.595	0.357	28.357	26.357	6.8e-07	7.504e-05	0.00019934	1e-07	8.22e-06	7.64e-06
Venezuela	134.154	4547.144	2651.649	0.0	0.286	10.143	4.65e-06	0.0001575	9.185e-05	0.0	1e-08	3.5e-07
Argentina	37.952	4191.452	5549.702	2.092	236.1	284.096	8.5e-07	9.42e-05	0.00012473	5e-08	5.31e-06	6.38e-06
Belize	0.0	1.21	18.605	0.0	0.0	2.0	0.0	3.16e-06	4.857e-05	0.0	0.0	5.22e-06
Bolivia	12.349	1333.177	1375.763	1.148	87.2	87.174	1.09e-06	0.00011743	0.00012118	1e-07	7.68e-06	7.68e-06
Colombia	61.977	6528.707	7856.342	3.614	399.094	416.354	1.25e-06	0.0001315	0.00015824	7e-08	8.04e-06	8.39e-06
Suriname	0.0	0.0	10.0	0.0	0.0	1.0	0.0	0.0	1.736e-05	0.0	0.0	1.74e-06
Peru	382.789	42275.663	42243.226	53.752	3516.982	2357.367	1.197e-05	0.00132156	0.00132054	1.68e-06	0.00010994	7.369e-05
Grenada	0.006	0.716	15.361	53.752	3516.982	1785.367	5e-08	6.42e-06	0.00013782	0.00048228	0.03155546	0.01601887
Barbados	0.0	3.554	77.777	0.0	0.0	6.0	0.0	1.24e-05	0.00027134	0.0	0.0	2.093e-05
Curacao	0.0	0.0	1.0	0.0	0.0	0.0	0.0	0.0	6.26e-06	0.0	0.0	0.0
Chile	170.66	17977.482	20886.071	3.825	381.129	360.477	9.11e-06	0.00095987	0.00111516	2e-07	2.035e-05	1.925e-05
Aruba	0.0	0.0	4.0	3.825	381.129	192.477	0.0	0.0	3.779e-05	3.614e-05	0.00360082	0.00181848
