Name	Predicted_New_Cases	Total_Predicted_New_Cases	Total_Predicted_Cases	Predicted_New_Deaths	Total_Predicted_New_Deaths	Total_Predicted_Deaths	Predicted_New_per_capita	Predicted_Total_New_per_capita	Predicted_Total_Cases_per_capita	Predicted_New_Deaths_per_capita	Total_Predicted_New_Deaths_per_capita	Total_Predicted_Deaths_per_capita
Guyana	1.336	238.529	253.4	0.004	0.534	45.802	1.72e-06	0.0003062	0.00032529	1e-08	6.9e-07	5.88e-05
Brazil	3967.291	635865.553	679793.821	124.218	20888.801	153572.44	1.894e-05	0.0030356	0.00324531	5.9e-07	9.972e-05	0.00073315
Ecuador	96.336	15126.884	16312.631	0.0	50.266	3507.29	5.64e-06	0.00088542	0.00095483	0.0	2.94e-06	0.00020529
Uruguay	0.891	139.959	149.325	0.009	0.961	29.395	2.6e-07	4.058e-05	4.329e-05	0.0	2.8e-07	8.52e-06
Venezuela	120.511	18922.819	19767.631	1.363	199.44	2717.186	4.17e-06	0.00065544	0.00068471	5e-08	6.91e-06	9.412e-05
Argentina	806.766	126679.684	133260.17	27.111	3966.678	23709.4	1.813e-05	0.00284709	0.00299498	6.1e-07	8.915e-05	0.00053286
Belize	3.329	487.002	506.007	0.003	0.42	50.821	8.69e-06	0.00127131	0.00132092	1e-08	1.1e-06	0.00013267
Bolivia	123.76	20811.672	22176.56	4.806	1078.793	5285.868	1.09e-05	0.00183312	0.00195334	4.2e-07	9.502e-05	0.00046559
Colombia	1294.841	203318.056	213224.653	46.8	7348.642	37422.582	2.608e-05	0.00409513	0.00429467	9.4e-07	0.00014801	0.00075375
Suriname	11.207	1759.771	1841.742	24.573	896.823	1138.83	1.946e-05	0.00305521	0.00319752	4.266e-05	0.00155701	0.00197717
Peru	488.089	91977.364	99153.255	27.659	4534.792	26318.993	1.526e-05	0.00287526	0.00309958	8.6e-07	0.00014176	0.00082274
Grenada	0.0	0.0	24.0	27.659	4534.792	4534.792	0.0	0.0	0.00021534	0.00024817	0.04068757	0.04068757
Chile	31.344	4921.67	6788.409	3.361	692.248	6359.198	1.67e-06	0.00026278	0.00036245	1.8e-07	3.696e-05	0.00033953
Aruba	0.0	0.0	4.0	3.361	692.248	692.248	0.0	0.0	3.779e-05	3.175e-05	0.00654021	0.00654021
