Name	Predicted_New_Cases	Total_Predicted_New_Cases	Total_Predicted_Cases	Predicted_New_Deaths	Total_Predicted_New_Deaths	Total_Predicted_Deaths	Predicted_New_per_capita	Predicted_Total_New_per_capita	Predicted_Total_Cases_per_capita	Predicted_New_Deaths_per_capita	Total_Predicted_New_Deaths_per_capita	Total_Predicted_Deaths_per_capita
Guyana	0.023	140.451	140.237	0.008	12.664	13.336	3e-08	0.0001803	0.00018002	1e-08	1.626e-05	1.712e-05
Brazil	54.654	149236.118	124681.386	1.468	8940.624	7802.046	2.6e-07	0.00071245	0.00059523	1e-08	4.268e-05	3.725e-05
Ecuador	2.899	17659.773	20014.336	0.245	1101.681	1110.963	1.7e-07	0.00103368	0.0011715	1e-08	6.448e-05	6.503e-05
Uruguay	0.053	325.689	719.871	0.026	39.85	31.938	2e-08	9.442e-05	0.0002087	1e-08	1.155e-05	9.26e-06
Venezuela	18.607	10223.229	5431.918	0.0	0.286	10.143	6.4e-07	0.00035411	0.00018815	0.0	1e-08	3.5e-07
Argentina	0.866	5273.85	6072.358	0.032	294.874	312.453	2e-08	0.00011853	0.00013647	0.0	6.63e-06	7.02e-06
Belize	0.0	1.21	18.605	0.0	0.0	2.0	0.0	3.16e-06	4.857e-05	0.0	0.0	5.22e-06
Bolivia	0.376	1690.45	1548.413	0.088	124.656	105.372	3e-08	0.0001489	0.00013639	1e-08	1.098e-05	9.28e-06
Colombia	2.291	8345.587	8734.939	0.082	502.162	466.122	5e-08	0.00016809	0.00017593	0.0	1.011e-05	9.39e-06
Suriname	0.0	0.0	10.0	0.0	0.0	1.0	0.0	0.0	1.736e-05	0.0	0.0	1.74e-06
Peru	8.732	53192.916	47514.824	4.733	5343.145	3245.939	2.7e-07	0.00166284	0.00148534	1.5e-07	0.00016703	0.00010147
Grenada	0.0	0.898	15.449	4.733	5343.145	2673.939	0.0	8.06e-06	0.00013861	4.247e-05	0.04794036	0.02399141
Barbados	0.0	3.554	77.777	0.0	0.0	6.0	0.0	1.24e-05	0.00027134	0.0	0.0	2.093e-05
Curacao	0.0	0.0	1.0	0.0	0.0	0.0	0.0	0.0	6.26e-06	0.0	0.0	0.0
Chile	6.307	22980.459	23305.383	0.182	495.938	416.06	3.4e-07	0.00122699	0.00124434	1e-08	2.648e-05	2.221e-05
Aruba	0.0	0.0	4.0	0.182	495.938	248.06	0.0	0.0	3.779e-05	1.72e-06	0.00468551	0.00234362
