Name	Predicted_New_Cases	Total_Predicted_New_Cases	Total_Predicted_Cases	Predicted_New_Deaths	Total_Predicted_New_Deaths	Total_Predicted_Deaths	Predicted_New_per_capita	Predicted_Total_New_per_capita	Predicted_Total_Cases_per_capita	Predicted_New_Deaths_per_capita	Total_Predicted_New_Deaths_per_capita	Total_Predicted_Deaths_per_capita
Guyana	1.384	38.462	119.366	0.144	3.26	10.805	1.78e-06	4.937e-05	0.00015323	1.8e-07	4.18e-06	1.387e-05
Brazil	1541.895	39977.24	100101.387	88.09	2448.308	6473.455	7.36e-06	0.00019085	0.00047788	4.2e-07	1.169e-05	3.09e-05
Ecuador	173.998	4835.97	17390.068	10.975	300.03	943.15	1.018e-05	0.00028306	0.00101789	6.4e-07	1.756e-05	5.521e-05
Uruguay	3.209	89.188	671.474	0.452	10.256	23.972	9.3e-07	2.586e-05	0.00019467	1.3e-07	2.97e-06	6.95e-06
Venezuela	137.288	1457.886	1825.408	0.0	0.015	10.143	4.76e-06	5.05e-05	6.323e-05	0.0	0.0	3.5e-07
Argentina	51.962	1444.197	5288.657	2.875	81.194	269.686	1.17e-06	3.246e-05	0.00011886	6e-08	1.82e-06	6.06e-06
Belize	0.0	0.127	18.605	0.0	0.0	2.0	0.0	3.3e-07	4.857e-05	0.0	0.0	5.22e-06
Bolivia	16.841	460.38	1290.922	1.433	31.669	79.536	1.48e-06	4.055e-05	0.00011371	1.3e-07	2.79e-06	7.01e-06
Colombia	84.107	2260.166	7431.226	4.948	137.511	391.498	1.69e-06	4.552e-05	0.00014968	1e-07	2.77e-06	7.89e-06
Suriname	0.0	0.0	10.0	0.0	0.0	1.0	0.0	0.0	1.736e-05	0.0	0.0	1.74e-06
Peru	524.1	14566.404	39610.282	63.922	1283.5	2008.097	1.638e-05	0.00045535	0.00123824	2e-06	4.012e-05	6.277e-05
Grenada	0.009	0.247	15.317	63.922	1283.5	1436.097	8e-08	2.22e-06	0.00013743	0.00057353	0.01151596	0.01288511
Barbados	0.0	0.365	77.777	0.0	0.0	6.0	0.0	1.27e-06	0.00027134	0.0	0.0	2.093e-05
Curacao	0.0	0.0	1.0	0.0	0.0	0.0	0.0	0.0	6.26e-06	0.0	0.0	0.0
Chile	231.598	6223.605	19715.47	5.124	132.85	334.374	1.237e-05	0.00033229	0.00105266	2.7e-07	7.09e-06	1.785e-05
Aruba	0.0	0.0	4.0	5.124	132.85	166.374	0.0	0.0	3.779e-05	4.841e-05	0.00125514	0.00157186
