Name	Confirmed	Deaths	Recovered	Active	Confirmed_per_capita	Deaths_per_capita	IFR_0.30_expected	IFR_0.65_expected	IFR_1.0_expected	IFR_0.30_expected_per_capita	IFR_0.65_expected_per_capita	IFR_1.0_expected_per_capita	Date
Jersey	0.0	0.0	0.0	0.0	0.0	0.0	0.0	0.0	0.0	0.0	0.0	0.0	2020-03-22
Jersey	0	0	0	0	0.0	0.0	0	0	0	0.0	0.0	0.0	2020-03-23
Jersey	0	0	0	0	0.0	0.0	0	0	0	0.0	0.0	0.0	2020-03-24
Jersey	0	0	0	0	0.0	0.0	0	0	0	0.0	0.0	0.0	2020-03-25
Jersey	0	0	0	0	0.0	0.0	0	0	0	0.0	0.0	0.0	2020-03-26
Jersey	0	0	0	0	0	0	0	0	0	0	0	0	2020-03-27
Jersey	0	0	0	0	0.0	0.0	0	0	0	0.0	0.0	0.0	2020-03-28
Jersey	0.0	0.0	0.0	0.0	0.0	0.0	0.0	0.0	0.0	0.0	0.0	0.0	2020-03-29
Jersey	0.0	0.0	0.0	0.0	0.0	0.0	0.0	0.0	0.0	0.0	0.0	0.0	2020-03-30
Jersey	1.0	0.0	0.0	0.0	4.577e-05	0.0	5.0	2.0	1.25	0.00022885	9.154e-05	5.72125e-05	2020-04-03
Jersey	1.0	0.0	0.0	0.0	4.577e-05	0.0	5.0	2.0	1.25	0.00022885	9.154e-05	5.72125e-05	2020-04-04
Jersey	2.0	0.0	0.0	0.0	9.155e-05	0.0	10.0	4.0	2.5	0.00045775	0.0001831	0.0001144375	2020-04-05
Jersey	3.0	0.0	0.0	0.0	0.00013732	0.0	15.0	6.0	3.75	0.0006866	0.00027464	0.00017165	2020-04-06
Jersey	3.0	0.0	0.0	0.0	0.00013732	0.0	15.0	6.0	3.75	0.0006866	0.00027464	0.00017165	2020-04-07
Jersey	5.0	0.0	0.0	0.0	0.00022886	0.0	25.0	10.0	6.25	0.0011443	0.00045772	0.000286075	2020-04-08
Jersey	5.0	0.0	0.0	0.0	0.00022886	0.0	25.0	10.0	6.25	0.0011443	0.00045772	0.000286075	2020-04-09
Jersey	6.0	0.0	0.0	0.0	0.00027464	0.0	30.0	12.0	7.5	0.0013732	0.00054928	0.0003433	2020-04-10
Jersey	6.0	0.0	0.0	0.0	0.00027464	0.0	30.0	12.0	7.5	0.0013732	0.00054928	0.0003433	2020-04-11
Jersey	6.0	0.0	0.0	6.0	0.00027464	0.0	30.0	12.0	7.5	0.0013732	0.00054928	0.0003433	2020-04-12
Jersey	6.0	0.0	0.0	6.0	0.00027464	0.0	30.0	12.0	7.5	0.0013732	0.00054928	0.0003433	2020-04-13
Jersey	6.0	0.0	0.0	6.0	0.00027464	0.0	30.0	12.0	7.5	0.0013732	0.00054928	0.0003433	2020-04-14
Jersey	8.0	0.0	0.0	8.0	0.00036618	0.0	40.0	16.0	10.0	0.0018309	0.00073236	0.000457725	2020-04-15
Jersey	8.0	0.0	0.0	8.0	0.00036618	0.0	40.0	16.0	10.0	0.0018309	0.00073236	0.000457725	2020-04-16
Jersey	8.0	0.0	0.0	8.0	0.00036618	0.0	40.0	16.0	10.0	0.0018309	0.00073236	0.000457725	2020-04-17
Jersey	8.0	0.0	0.0	8.0	0.00036618	0.0	40.0	16.0	10.0	0.0018309	0.00073236	0.000457725	2020-04-18
Jersey	8.0	0.0	0.0	8.0	0.00036618	0.0	40.0	16.0	10.0	0.0018309	0.00073236	0.000457725	2020-04-19
Jersey	8.0	0.0	0.0	8.0	0.00036618	0.0	40.0	16.0	10.0	0.0018309	0.00073236	0.000457725	2020-04-20
Jersey	10.0	0.0	0.0	10.0	0.00045773	0.0	50.0	20.0	12.5	0.00228865	0.00091546	0.0005721625	2020-04-21
Jersey	10.0	0.0	0.0	10.0	0.00045773	0.0	50.0	20.0	12.5	0.00228865	0.00091546	0.0005721625	2020-04-22
Jersey	11.0	0.0	0.0	11.0	0.0005035	0.0	55.0	22.0	13.75	0.0025175	0.001007	0.000629375	2020-04-23
Jersey	12.0	0.0	0.0	12.0	0.00054927	0.0	60.0	24.0	15.0	0.00274635	0.00109854	0.0006865875	2020-04-24
Jersey	12.0	1.0	0.0	11.0	0.00054927	4.577e-05	333.333333333	153.846153846	100.0	0.0152566666667	0.00704153846154	0.004577	2020-04-25
Jersey	12.0	1.0	0.0	11.0	0.00054927	4.577e-05	333.333333333	153.846153846	100.0	0.0152566666667	0.00704153846154	0.004577	2020-04-26
Jersey	12.0	1.0	0.0	11.0	0.00054927	4.577e-05	333.333333333	153.846153846	100.0	0.0152566666667	0.00704153846154	0.004577	2020-04-27
Jersey	12.0	1.0	0.0	11.0	0.00054927	4.577e-05	333.333333333	153.846153846	100.0	0.0152566666667	0.00704153846154	0.004577	2020-04-28
Jersey	12.0	1.0	0.0	11.0	0.00054927	4.577e-05	333.333333333	153.846153846	100.0	0.0152566666667	0.00704153846154	0.004577	2020-04-29
Jersey	12.0	1.0	0.0	11.0	0.00054927	4.577e-05	333.333333333	153.846153846	100.0	0.0152566666667	0.00704153846154	0.004577	2020-04-30
Jersey	12.0	1.0	0.0	11.0	0.00054927	4.577e-05	333.333333333	153.846153846	100.0	0.0152566666667	0.00704153846154	0.004577	2020-05-01
Jersey	13.0	1.0	0.0	12.0	0.00059505	4.577e-05	333.333333333	153.846153846	100.0	0.0152566666667	0.00704153846154	0.004577	2020-05-02
Jersey	13.0	1.0	0.0	12.0	0.00059505	4.577e-05	333.333333333	153.846153846	100.0	0.0152566666667	0.00704153846154	0.004577	2020-05-03
Jersey	14.0	1.0	0.0	13.0	0.00064082	4.577e-05	333.333333333	153.846153846	100.0	0.0152566666667	0.00704153846154	0.004577	2020-05-04
Jersey	14.0	1.0	0.0	13.0	0.00064082	4.577e-05	333.333333333	153.846153846	100.0	0.0152566666667	0.00704153846154	0.004577	2020-05-05
Jersey	15.0	1.0	0.0	14.0	0.00068659	4.577e-05	333.333333333	153.846153846	100.0	0.0152566666667	0.00704153846154	0.004577	2020-05-06
Jersey	16.0	1.0	0.0	15.0	0.00073237	4.577e-05	333.333333333	153.846153846	100.0	0.0152566666667	0.00704153846154	0.004577	2020-05-07
Jersey	16.0	1.0	0.0	15.0	0.00073237	4.577e-05	333.333333333	153.846153846	100.0	0.0152566666667	0.00704153846154	0.004577	2020-05-08
Jersey	16.0	1.0	0.0	15.0	0.00073237	4.577e-05	333.333333333	153.846153846	100.0	0.0152566666667	0.00704153846154	0.004577	2020-05-09
Jersey	17.0	1.0	0.0	16.0	0.00077814	4.577e-05	333.333333333	153.846153846	100.0	0.0152566666667	0.00704153846154	0.004577	2020-05-10
Jersey	17.0	1.0	0.0	16.0	0.00077814	4.577e-05	333.333333333	153.846153846	100.0	0.0152566666667	0.00704153846154	0.004577	2020-05-11
Jersey	17.0	1.0	0.0	16.0	0.00077814	4.577e-05	333.333333333	153.846153846	100.0	0.0152566666667	0.00704153846154	0.004577	2020-05-12
Jersey	17.0	1.0	0.0	16.0	0.00077814	4.577e-05	333.333333333	153.846153846	100.0	0.0152566666667	0.00704153846154	0.004577	2020-05-13
Jersey	18.0	1.0	0.0	17.0	0.00082391	4.577e-05	333.333333333	153.846153846	100.0	0.0152566666667	0.00704153846154	0.004577	2020-05-14
Jersey	18.0	1.0	0.0	17.0	0.00082391	4.577e-05	333.333333333	153.846153846	100.0	0.0152566666667	0.00704153846154	0.004577	2020-05-15
Jersey	18.0	1.0	0.0	17.0	0.00082391	4.577e-05	333.333333333	153.846153846	100.0	0.0152566666667	0.00704153846154	0.004577	2020-05-16
Jersey	18.0	1.0	0.0	17.0	0.00082391	4.577e-05	333.333333333	153.846153846	100.0	0.0152566666667	0.00704153846154	0.004577	2020-05-17
Jersey	19.0	1.0	0.0	18.0	0.00086968	4.577e-05	333.333333333	153.846153846	100.0	0.0152566666667	0.00704153846154	0.004577	2020-05-18
Jersey	19.0	1.0	0.0	18.0	0.00086968	4.577e-05	333.333333333	153.846153846	100.0	0.0152566666667	0.00704153846154	0.004577	2020-05-19
Jersey	20.0	1.0	0.0	19.0	0.00091546	4.577e-05	333.333333333	153.846153846	100.0	0.0152566666667	0.00704153846154	0.004577	2020-05-20
Jersey	20.0	1.0	0.0	19.0	0.00091546	4.577e-05	333.333333333	153.846153846	100.0	0.0152566666667	0.00704153846154	0.004577	2020-05-21
Jersey	20.0	1.0	0.0	19.0	0.00091546	4.577e-05	333.333333333	153.846153846	100.0	0.0152566666667	0.00704153846154	0.004577	2020-05-22
Jersey	20.0	1.0	0.0	19.0	0.00091546	4.577e-05	333.333333333	153.846153846	100.0	0.0152566666667	0.00704153846154	0.004577	2020-05-23
Jersey	20.0	1.0	0.0	19.0	0.00091546	4.577e-05	333.333333333	153.846153846	100.0	0.0152566666667	0.00704153846154	0.004577	2020-05-24
Jersey	20.0	1.0	0.0	19.0	0.00091546	4.577e-05	333.333333333	153.846153846	100.0	0.0152566666667	0.00704153846154	0.004577	2020-05-25
Jersey	20.0	1.0	0.0	19.0	0.00091546	4.577e-05	333.333333333	153.846153846	100.0	0.0152566666667	0.00704153846154	0.004577	2020-05-26
Jersey	20.0	1.0	0.0	19.0	0.00091546	4.577e-05	333.333333333	153.846153846	100.0	0.0152566666667	0.00704153846154	0.004577	2020-05-27
Jersey	20.0	1.0	0.0	19.0	0.00091546	4.577e-05	333.333333333	153.846153846	100.0	0.0152566666667	0.00704153846154	0.004577	2020-05-28
Jersey	20.0	1.0	0.0	19.0	0.00091546	4.577e-05	333.333333333	153.846153846	100.0	0.0152566666667	0.00704153846154	0.004577	2020-05-29
Jersey	20.0	1.0	0.0	19.0	0.00091546	4.577e-05	333.333333333	153.846153846	100.0	0.0152566666667	0.00704153846154	0.004577	2020-05-30
Jersey	24.0	1.0	0.0	23.0	0.00109855	4.577e-05	333.333333333	153.846153846	100.0	0.0152566666667	0.00704153846154	0.004577	2020-05-31
Jersey	24.0	1.0	0.0	23.0	0.00109855	4.577e-05	333.333333333	153.846153846	100.0	0.0152566666667	0.00704153846154	0.004577	2020-06-01
Jersey	24.0	1.0	0.0	23.0	0.00109855	4.577e-05	333.333333333	153.846153846	100.0	0.0152566666667	0.00704153846154	0.004577	2020-06-02
Jersey	24.0	1.0	0.0	23.0	0.00109855	4.577e-05	333.333333333	153.846153846	100.0	0.0152566666667	0.00704153846154	0.004577	2020-06-03
Jersey	24.0	1.0	0.0	23.0	0.00109855	4.577e-05	333.333333333	153.846153846	100.0	0.0152566666667	0.00704153846154	0.004577	2020-06-04
Jersey	24.0	1.0	0.0	23.0	0.00109855	4.577e-05	333.333333333	153.846153846	100.0	0.0152566666667	0.00704153846154	0.004577	2020-06-05
Jersey	24.0	1.0	0.0	23.0	0.00109855	4.577e-05	333.333333333	153.846153846	100.0	0.0152566666667	0.00704153846154	0.004577	2020-06-06
Jersey	26.0	1.0	0.0	25.0	0.00119009	4.577e-05	333.333333333	153.846153846	100.0	0.0152566666667	0.00704153846154	0.004577	2020-06-07
Jersey	25.0	1.0	0.0	24.0	0.00114432	4.577e-05	333.333333333	153.846153846	100.0	0.0152566666667	0.00704153846154	0.004577	2020-06-08
Jersey	26.0	1.0	0.0	25.0	0.00119009	4.577e-05	333.333333333	153.846153846	100.0	0.0152566666667	0.00704153846154	0.004577	2020-06-09
Jersey	27.0	1.0	0.0	26.0	0.00123587	4.577e-05	333.333333333	153.846153846	100.0	0.0152566666667	0.00704153846154	0.004577	2020-06-10
Jersey	28.0	1.0	0.0	27.0	0.00128164	4.577e-05	333.333333333	153.846153846	100.0	0.0152566666667	0.00704153846154	0.004577	2020-06-11
Jersey	28.0	1.0	0.0	27.0	0.00128164	4.577e-05	333.333333333	153.846153846	100.0	0.0152566666667	0.00704153846154	0.004577	2020-06-12
Jersey	28.0	1.0	0.0	27.0	0.00128164	4.577e-05	333.333333333	153.846153846	100.0	0.0152566666667	0.00704153846154	0.004577	2020-06-13
Jersey	28.0	1.0	0.0	27.0	0.00128164	4.577e-05	333.333333333	153.846153846	100.0	0.0152566666667	0.00704153846154	0.004577	2020-06-14
Jersey	28.0	1.0	0.0	27.0	0.00128164	4.577e-05	333.333333333	153.846153846	100.0	0.0152566666667	0.00704153846154	0.004577	2020-06-15
Jersey	29.0	1.0	0.0	28.0	0.00132741	4.577e-05	333.333333333	153.846153846	100.0	0.0152566666667	0.00704153846154	0.004577	2020-06-16
Jersey	29.0	1.0	0.0	28.0	0.00132741	4.577e-05	333.333333333	153.846153846	100.0	0.0152566666667	0.00704153846154	0.004577	2020-06-17
Jersey	29.0	1.0	0.0	28.0	0.00132741	4.577e-05	333.333333333	153.846153846	100.0	0.0152566666667	0.00704153846154	0.004577	2020-06-18
Jersey	29.0	1.0	0.0	28.0	0.00132741	4.577e-05	333.333333333	153.846153846	100.0	0.0152566666667	0.00704153846154	0.004577	2020-06-19
Jersey	29.0	1.0	0.0	28.0	0.00132741	4.577e-05	333.333333333	153.846153846	100.0	0.0152566666667	0.00704153846154	0.004577	2020-06-20
Jersey	31.0	1.0	0.0	30.0	0.00141896	4.577e-05	333.333333333	153.846153846	100.0	0.0152566666667	0.00704153846154	0.004577	2020-06-21
Jersey	33.0	1.0	0.0	32.0	0.0015105	4.577e-05	333.333333333	153.846153846	100.0	0.0152566666667	0.00704153846154	0.004577	2020-06-22
Jersey	32.0	1.0	0.0	31.0	0.00146473	4.577e-05	333.333333333	153.846153846	100.0	0.0152566666667	0.00704153846154	0.004577	2020-06-23
Jersey	33.0	1.0	0.0	32.0	0.0015105	4.577e-05	333.333333333	153.846153846	100.0	0.0152566666667	0.00704153846154	0.004577	2020-06-24
Jersey	34.0	1.0	0.0	33.0	0.00155628	4.577e-05	333.333333333	153.846153846	100.0	0.0152566666667	0.00704153846154	0.004577	2020-06-25
Jersey	35.0	1.0	0.0	34.0	0.00160205	4.577e-05	333.333333333	153.846153846	100.0	0.0152566666667	0.00704153846154	0.004577	2020-06-26
Jersey	35.0	1.0	0.0	34.0	0.00160205	4.577e-05	333.333333333	153.846153846	100.0	0.0152566666667	0.00704153846154	0.004577	2020-06-27
Jersey	35.0	1.0	0.0	34.0	0.00160205	4.577e-05	333.333333333	153.846153846	100.0	0.0152566666667	0.00704153846154	0.004577	2020-06-28
Jersey	35.0	1.0	0.0	34.0	0.00160205	4.577e-05	333.333333333	153.846153846	100.0	0.0152566666667	0.00704153846154	0.004577	2020-06-29
Jersey	35.0	1.0	0.0	34.0	0.00160205	4.577e-05	333.333333333	153.846153846	100.0	0.0152566666667	0.00704153846154	0.004577	2020-06-30
Jersey	35.0	1.0	0.0	34.0	0.00160205	4.577e-05	333.333333333	153.846153846	100.0	0.0152566666667	0.00704153846154	0.004577	2020-07-01
Jersey	35.0	1.0	0.0	34.0	0.00160205	4.577e-05	333.333333333	153.846153846	100.0	0.0152566666667	0.00704153846154	0.004577	2020-07-02
Jersey	0.599	1.203	36.203	0.0	0.0	1.0	2.742e-05	5.506e-05	0.00165712	0.0	0.0	4.577e-05	2020-07-03
Jersey	0.591	1.794	36.794	0.0	0.0	1.0	2.705e-05	8.212e-05	0.00168417	0.0	0.0	4.577e-05	2020-07-04
Jersey	0.582	2.376	37.376	0.0	0.0	1.0	2.664e-05	0.00010876	0.00171081	0.0	0.0	4.577e-05	2020-07-05
Jersey	1.4	1.4	1.982	0.02	0.02	2.396	6.408e-05	6.408e-05	9.072e-05	9.2e-07	9.2e-07	0.00010967	2020-07-06
Jersey	1.387	2.787	3.369	0.024	0.044	2.42	6.349e-05	0.00012757	0.00015421	1.1e-06	2.01e-06	0.00011077	2020-07-07
Jersey	1.369	4.156	4.738	0.03	0.074	2.45	6.266e-05	0.00019023	0.00021687	1.37e-06	3.39e-06	0.00011214	2020-07-08
Jersey	5.16	5.16	6.529	0.135	0.135	4.291	0.00023619	0.00023619	0.00029885	6.18e-06	6.18e-06	0.00019641	2020-07-09
Jersey	6.368	11.528	12.897	0.097	0.232	4.388	0.00029148	0.00052767	0.00059033	4.44e-06	1.062e-05	0.00020085	2020-07-10
Jersey	5.037	5.037	11.405	0.309	0.309	11.837	0.00023056	0.00023056	0.00052204	1.414e-05	1.414e-05	0.00054181	2020-07-11
Jersey	4.991	10.028	16.396	0.336	0.645	12.173	0.00022845	0.00045901	0.00075049	1.538e-05	2.952e-05	0.00055719	2020-07-12
Jersey	4.926	14.954	21.322	0.365	1.01	12.538	0.00022548	0.00068449	0.00097597	1.671e-05	4.623e-05	0.0005739	2020-07-13
Jersey	0.963	0.963	5.889	0.756	0.756	15.71	4.408e-05	4.408e-05	0.00026956	3.46e-05	3.46e-05	0.00071909	2020-07-14
Jersey	0.709	1.672	6.598	0.486	1.242	16.196	3.245e-05	7.653e-05	0.00030201	2.225e-05	5.685e-05	0.00074134	2020-07-15
Jersey	0.0	1.672	6.598	0.3	1.542	16.496	0.0	7.653e-05	0.00030201	1.373e-05	7.058e-05	0.00075507	2020-07-16
Jersey	0.0	1.672	6.598	0.189	1.731	16.685	0.0	7.653e-05	0.00030201	8.65e-06	7.923e-05	0.00076372	2020-07-17
Jersey	51.0	1.0	0.0	50.0	0.00233442	4.577e-05	333.333333333	153.846153846	100.0	0.0152566666667	0.00704153846154	0.004577	2020-07-18
Jersey	52.0	1.0	0.0	51.0	0.00238019	4.577e-05	333.333333333	153.846153846	100.0	0.0152566666667	0.00704153846154	0.004577	2020-07-19
