Name	Predicted_New_Cases	Total_Predicted_New_Cases	Total_Predicted_Cases	Predicted_New_Deaths	Total_Predicted_New_Deaths	Total_Predicted_Deaths	Predicted_New_per_capita	Predicted_Total_New_per_capita	Predicted_Total_Cases_per_capita	Predicted_New_Deaths_per_capita	Total_Predicted_New_Deaths_per_capita	Total_Predicted_Deaths_per_capita
Josephine	0.047	16.066	35.066	0.0	0.0	1.0	5.4e-07	0.00018384	0.00040124	0.0	0.0	1.144e-05
Linn	0.104	35.545	88.545	0.073	16.674	20.674	8.2e-07	0.00027915	0.00069537	5.7e-07	0.00013095	0.00016236
Lane	0.124	42.258	86.258	0.0	0.0	1.0	3.3e-07	0.00011132	0.00022723	0.0	0.0	2.63e-06
Hood River	0.017	5.943	9.943	0.0	0.0	0.0	7.3e-07	0.00025367	0.00042441	0.0	0.0	0.0
Curry	0.0	0.0	3.0	0.0	0.0	0.0	0.0	0.0	0.0001315	0.0	0.0	0.0
Yamhill	0.017	14.651	46.651	0.019	7.431	13.431	1.6e-07	0.00013692	0.00043598	1.8e-07	6.945e-05	0.00012552
Coos	0.0	0.0	1.0	0.0	0.0	0.0	0.0	0.0	1.553e-05	0.0	0.0	0.0
Lincoln	0.0	0.0	4.0	0.0	2.971	2.971	0.0	0.0	8.099e-05	0.0	6.016e-05	6.016e-05
Multnomah	1.751	564.13	994.13	0.542	113.463	135.463	2.16e-06	0.00069484	0.00122448	6.7e-07	0.00013975	0.00016685
Washington	1.027	339.707	703.707	0.081	17.678	24.678	1.72e-06	0.00056836	0.00117737	1.4e-07	2.958e-05	4.129e-05
Harney	0.0	0.0	0.0	0.0	0.0	0.0	0.0	0.0	0.0	0.0	0.0	0.0
Clatsop	0.03	8.706	14.706	0.081	17.678	17.678	7.5e-07	0.00021894	0.00036983	2.04e-06	0.00044457	0.00044457
Clackamas	0.473	160.888	302.888	0.0	0.0	3.0	1.14e-06	0.00038668	0.00072796	0.0	0.0	7.21e-06
Klamath	0.043	26.306	52.306	0.0	0.0	0.0	6.4e-07	0.00038884	0.00077315	0.0	0.0	0.0
Morrow	0.015	4.955	9.955	0.0	0.0	0.0	1.32e-06	0.00043572	0.0008754	0.0	0.0	0.0
Jefferson	0.0	0.0	1.0	0.0	0.0	0.0	0.0	0.0	4.134e-05	0.0	0.0	0.0
Baker	0.0	0.0	0.0	0.0	0.0	0.0	0.0	0.0	0.0	0.0	0.0	0.0
Douglas	0.037	12.655	32.655	0.0	0.0	0.0	3.4e-07	0.00011475	0.0002961	0.0	0.0	0.0
Marion	0.871	280.525	574.525	0.184	38.469	48.469	2.51e-06	0.00080874	0.00165632	5.3e-07	0.0001109	0.00013973
Wheeler	0.0	0.0	0.0	0.0	0.0	0.0	0.0	0.0	0.0	0.0	0.0	0.0
Malheur	0.029	9.901	13.901	0.184	38.469	38.469	9.4e-07	0.00032225	0.00045243	5.99e-06	0.00125204	0.00125204
Benton	0.0	1.954	26.954	0.0	21.877	24.877	0.0	2.122e-05	0.00029266	0.0	0.00023753	0.00027011
Columbia	0.0	1.517	15.517	0.0	21.877	21.877	0.0	2.896e-05	0.00029626	0.0	0.00041768	0.00041768
Sherman	0.0	0.0	1.0	0.0	0.0	0.0	0.0	0.0	0.00058548	0.0	0.0	0.0
Lake	0.0	0.0	0.0	0.0	0.0	0.0	0.0	0.0	0.0	0.0	0.0	0.0
Unassigned	0.0	0.0	1.0	0.0	0.0	0.0	N/A	N/A	N/A	N/A	N/A	N/A
Gilliam	0.0	0.0	0.0	0.0	0.0	0.0	0.0	0.0	0.0	0.0	0.0	0.0
Crook	0.0	0.0	1.0	0.0	0.0	0.0	0.0	0.0	4.19e-05	0.0	0.0	0.0
Union	0.009	2.972	6.972	3.369	253.638	253.638	3.4e-07	0.00011232	0.00026348	0.00012732	0.00958535	0.00958535
Tillamook	0.015	4.955	9.955	3.369	253.638	253.638	5.6e-07	0.00018498	0.00037164	0.00012577	0.0094687	0.0094687
Deschutes	0.163	55.46	110.46	3.369	253.638	253.638	8.5e-07	0.00028886	0.00057532	1.755e-05	0.00132106	0.00132106
Wallowa	0.0	0.0	1.0	0.0	0.0	0.0	0.0	0.0	0.00014122	0.0	0.0	0.0
Umatilla	0.385	76.895	93.895	3.369	253.638	253.638	4.97e-06	0.00099199	0.0012113	4.346e-05	0.00327207	0.00327207
Wasco	0.029	9.901	19.901	3.369	253.638	253.638	1.09e-06	0.00037355	0.00075084	0.00012711	0.00956944	0.00956944
Polk	0.002	15.897	45.897	0.0	0.0	1.0	2e-08	0.00018651	0.00053848	0.0	0.0	1.173e-05
Grant	0.0	0.0	1.0	0.0	0.0	0.0	0.0	0.0	0.00013935	0.0	0.0	0.0
Jackson	0.138	48.418	95.418	0.0	0.0	0.0	6.3e-07	0.00022052	0.00043458	0.0	0.0	0.0
