Name	Predicted_New_Cases	Total_Predicted_New_Cases	Total_Predicted_Cases	Predicted_New_Deaths	Total_Predicted_New_Deaths	Total_Predicted_Deaths	Predicted_New_per_capita	Predicted_Total_New_per_capita	Predicted_Total_Cases_per_capita	Predicted_New_Deaths_per_capita	Total_Predicted_New_Deaths_per_capita	Total_Predicted_Deaths_per_capita
Shasta	0.0	4.658	29.658	0.0	0.331	3.331	0.0	2.587e-05	0.00016473	0.0	1.84e-06	1.85e-05
Yuba	0.0	20.497	35.497	0.0	0.0	1.0	0.0	0.00026264	0.00045485	0.0	0.0	1.281e-05
Alpine	0.0	0.0	2.0	0.0	0.0	0.0	0.0	0.0	0.00181653	0.0	0.0	0.0
San Mateo	0.0	112.478	859.478	0.0	10.197	31.197	0.0	0.00014616	0.00111687	0.0	1.325e-05	4.054e-05
Sutter	0.0	13.514	37.514	0.0	0.0	3.0	0.0	0.0001396	0.00038751	0.0	0.0	3.099e-05
Riverside	0.0	2852.206	4813.206	0.0	78.841	128.841	0.0	0.00116381	0.00196397	0.0	3.217e-05	5.257e-05
Sacramento	0.0	867.211	1720.211	0.0	53.051	85.051	0.0	0.00056277	0.00111631	0.0	3.443e-05	5.519e-05
Butte	0.0	4.793	20.793	0.0	43.851	43.851	0.0	2.073e-05	8.991e-05	0.0	0.00018962	0.00018962
Ventura	0.0	251.713	616.713	0.0	14.14	27.14	0.0	0.0002958	0.00072472	0.0	1.662e-05	3.189e-05
Kern	0.0	671.951	1204.951	0.0	3.375	6.375	0.0	0.00074931	0.00134367	0.0	3.76e-06	7.11e-06
San Benito	0.0	46.965	85.965	0.0	0.067	2.067	0.0	0.0007632	0.00139696	0.0	1.09e-06	3.359e-05
San Bernardino	0.026	2034.754	3011.754	0.057	175.749	206.749	1e-08	0.00093698	0.00138688	3e-08	8.093e-05	9.521e-05
Kings	0.0	21.962	34.962	0.0	0.0	1.0	0.0	0.00014509	0.00023098	0.0	0.0	6.61e-06
Trinity	0.0	0.0	0.0	0.0	0.0	0.0	0.0	0.0	0.0	0.0	0.0	0.0
Madera	0.0	15.204	48.204	0.0	0.0	2.0	0.0	9.643e-05	0.00030572	0.0	0.0	1.268e-05
Fresno	0.005	409.977	660.977	0.0	0.0	7.0	1e-08	0.00041229	0.0006647	0.0	0.0	7.04e-06
Glenn	0.0	6.758	10.758	0.0	0.0	0.0	0.0	0.00024095	0.00038357	0.0	0.0	0.0
Tulare	0.004	464.992	816.992	0.008	52.608	67.608	1e-08	0.00099813	0.00175372	2e-08	0.00011293	0.00014512
Santa Barbara	0.0	352.353	665.353	0.0	0.0	2.0	0.0	0.0007891	0.00149006	0.0	0.0	4.48e-06
San Joaquin	0.002	309.671	650.671	0.006	38.282	55.282	0.0	0.00041144	0.0008645	1e-08	5.086e-05	7.345e-05
Sierra	0.0	0.0	0.0	0.0	0.0	0.0	0.0	0.0	0.0	0.0	0.0	0.0
Alameda	0.0	794.491	1758.491	0.0	31.891	67.891	0.0	0.00047667	0.00105504	0.0	1.913e-05	4.073e-05
Placer	0.0	25.912	154.912	0.0	2.698	9.698	0.0	6.591e-05	0.00039403	0.0	6.86e-06	2.467e-05
Siskiyou	0.0	5.853	10.853	0.0	2.72	2.72	0.0	0.00013386	0.00024822	0.0	6.221e-05	6.221e-05
Solano	0.0	184.146	324.146	0.0	0.0	2.0	0.0	0.00041232	0.00072579	0.0	0.0	4.48e-06
Contra Costa	0.0	321.305	936.305	0.0	11.208	25.208	0.0	0.00027934	0.00081403	0.0	9.74e-06	2.192e-05
Del Norte	0.0	0.0	2.0	0.0	11.224	11.224	0.0	0.0	7.187e-05	0.0	0.00040333	0.00040333
Humboldt	0.0	1.59	52.59	0.0	1.395	1.395	0.0	1.166e-05	0.00038563	0.0	1.023e-05	1.023e-05
Calaveras	0.0	20.215	29.215	0.0	11.224	11.224	0.0	0.00044329	0.00064065	0.0	0.00024613	0.00024613
Santa Clara	0.0	1327.729	3120.729	0.0	56.838	121.838	0.0	0.00068525	0.00161064	0.0	2.933e-05	6.288e-05
Lake	0.0	0.0	5.0	0.0	56.839	56.839	0.0	0.0	7.766e-05	0.0	0.00088284	0.00088284
San Francisco	0.033	1712.438	2725.438	0.046	91.806	108.806	4e-08	0.00193867	0.0030855	5e-08	0.00010393	0.00012318
Unassigned	0.0	0.0	8.0	0.0	0.0	2.0	N/A	N/A	N/A	N/A	N/A	N/A
Stanislaus	0.002	235.91	398.91	0.0	0.0	4.0	0.0	0.00042907	0.00072553	0.0	0.0	7.28e-06
Amador	0.551	359.319	366.319	0.0	0.0	0.0	1.399e-05	0.00912371	0.00930145	0.0	0.0	0.0
Plumas	0.0	0.0	4.0	0.0	0.0	0.0	0.0	0.0	0.00021272	0.0	0.0	0.0
Los Angeles	0.0	8361.757	18878.757	0.0	638.475	1043.475	0.0	0.00082744	0.00186816	0.0	6.318e-05	0.00010326
Mono	0.0	9.911	32.911	0.0	0.0	1.0	0.0	0.00069551	0.00230954	0.0	0.0	7.018e-05
Modoc	0.0	0.0	0.0	0.0	0.0	0.0	0.0	0.0	0.0	0.0	0.0	0.0
Monterey	0.0	80.192	180.192	0.0	8.902	11.902	0.0	0.0001841	0.00041367	0.0	2.044e-05	2.732e-05
Mariposa	0.0	0.0	0.0	0.0	0.0	0.0	0.0	0.0	0.0	0.0	0.0	0.0
Sonoma	0.0	153.065	313.065	0.0	0.789	2.789	0.0	0.00030617	0.0006262	0.0	1.58e-06	5.58e-06
Tuolumne	0.0	0.0	2.0	0.0	0.235	0.235	0.0	0.0	3.667e-05	0.0	4.31e-06	4.31e-06
Colusa	0.0	0.0	3.0	0.0	0.235	0.235	0.0	0.0	0.00013872	0.0	1.087e-05	1.087e-05
Santa Cruz	0.0	36.822	132.822	0.0	3.2	5.2	0.0	0.00013426	0.0004843	0.0	1.167e-05	1.896e-05
San Luis Obispo	0.001	77.021	197.021	0.0	0.0	1.0	0.0	0.00027119	0.00069371	0.0	0.0	3.52e-06
Marin	0.0	14.065	185.065	0.0	0.0	10.0	0.0	5.417e-05	0.0007127	0.0	0.0	3.851e-05
El Dorado	0.0	39.421	74.421	0.0	0.0	0.0	0.0	0.00020674	0.0003903	0.0	0.0	0.0
Tehama	0.0	0.0	1.0	0.0	0.0	0.0	0.0	0.0	1.565e-05	0.0	0.0	0.0
Inyo	0.0	1.475	18.475	0.0	0.0	0.0	0.0	8.2e-05	0.00102713	0.0	0.0	0.0
Yolo	0.005	243.712	345.712	0.018	35.537	39.537	2e-08	0.00110573	0.00156851	8e-08	0.00016123	0.00017938
San Diego	0.0	597.18	2527.18	0.0	81.958	134.958	0.0	0.00017862	0.00075588	0.0	2.451e-05	4.037e-05
Imperial	0.0	64.771	181.771	0.0	0.0	3.0	0.0	0.00035622	0.00099969	0.0	0.0	1.65e-05
Merced	0.019	303.1	379.1	0.0	0.0	3.0	7e-08	0.00110312	0.00137972	0.0	0.0	1.092e-05
Nevada	0.0	1.497	35.497	0.0	0.0	1.0	0.0	1.502e-05	0.00035605	0.0	0.0	1.003e-05
Napa	0.003	83.772	121.772	0.0	0.0	2.0	2e-08	0.00060087	0.00087344	0.0	0.0	1.435e-05
Mendocino	0.0	0.0	4.0	0.0	0.0	0.0	0.0	0.0	4.566e-05	0.0	0.0	0.0
Orange	0.0	1534.229	2910.229	0.0	34.016	56.016	0.0	0.00048156	0.00091345	0.0	1.068e-05	1.758e-05
Lassen	0.0	0.0	0.0	0.0	0.0	0.0	0.0	0.0	0.0	0.0	0.0	0.0
