Name	Predicted_New_Cases	Total_Predicted_New_Cases	Total_Predicted_Cases	Predicted_New_Deaths	Total_Predicted_New_Deaths	Total_Predicted_Deaths	Predicted_New_per_capita	Predicted_Total_New_per_capita	Predicted_Total_Cases_per_capita	Predicted_New_Deaths_per_capita	Total_Predicted_New_Deaths_per_capita	Total_Predicted_Deaths_per_capita
Potter	0.0	0.0	21.0	2.783	178.818	178.818	0.0	0.0	0.00126339	0.00016743	0.01075791	0.01075791
Cumberland	1.113	73.182	82.366	0.083	3.999	32.308	4.43e-06	0.00029107	0.0003276	3.3e-07	1.591e-05	0.0001285
Pike	0.0	7.267	7.347	0.03	1.929	2.235	0.0	0.00012992	0.00013135	5.4e-07	3.449e-05	3.996e-05
Forest	0.048	3.09	3.272	0.03	1.929	1.929	6.59e-06	0.00042451	0.00044951	4.12e-06	0.00026501	0.00026501
Wayne	0.004	0.246	0.602	0.065	4.202	5.283	8e-08	4.8e-06	1.174e-05	1.27e-06	8.195e-05	0.00010303
Fulton	0.0	0.65	1.132	0.001	0.049	1.513	0.0	4.476e-05	7.795e-05	7e-08	3.37e-06	0.00010418
Lackawanna	1.137	73.024	77.788	0.755	34.916	49.377	5.39e-06	0.00034643	0.00036903	3.58e-06	0.00016564	0.00023424
Dauphin	3.044	195.521	215.56	0.002	0.956	60.118	1.099e-05	0.0007056	0.00077792	1e-08	3.45e-06	0.00021696
Huntingdon	0.325	20.896	24.017	0.038	1.77	10.292	7.2e-06	0.00046263	0.00053173	8.4e-07	3.919e-05	0.00022786
Somerset	0.285	18.302	19.602	0.015	0.708	4.654	3.85e-06	0.00024748	0.00026506	2e-07	9.57e-06	6.293e-05
Cameron	0.068	4.042	4.138	0.015	0.708	0.708	1.514e-05	0.00089982	0.00092119	3.34e-06	0.00015761	0.00015761
Montgomery	2.086	133.978	172.013	0.287	34.432	149.896	2.52e-06	0.00016169	0.00020759	3.5e-07	4.155e-05	0.0001809
Tioga	0.051	3.737	4.153	0.0	0.036	1.275	1.25e-06	9.168e-05	0.00010188	0.0	8.8e-07	3.128e-05
Washington	2.455	157.732	170.449	0.302	13.963	51.862	1.184e-05	0.00076072	0.00082205	1.46e-06	6.734e-05	0.00025012
Bedford	0.246	16.177	17.959	0.0	0.0	5.262	5.11e-06	0.00033579	0.00037278	0.0	0.0	0.00010922
Susquehanna	0.11	7.037	7.545	0.0	0.351	1.98	2.71e-06	0.00017337	0.00018589	0.0	8.65e-06	4.878e-05
Erie	1.663	157.658	175.12	6.957	150.958	204.54	6.11e-06	0.0005795	0.00064368	2.557e-05	0.00055487	0.00075182
Bucks	1.144	101.717	127.076	0.0	7.598	89.551	1.82e-06	0.00016192	0.00020229	0.0	1.209e-05	0.00014255
Carbon	0.036	2.475	4.061	0.06	3.133	7.948	5.6e-07	3.854e-05	6.323e-05	9.3e-07	4.878e-05	0.00012375
Bradford	0.117	7.509	8.033	0.002	0.122	1.814	1.92e-06	0.00012344	0.00013205	3e-08	2.01e-06	2.982e-05
Fayette	5.068	325.559	339.289	0.172	7.95	49.143	3.885e-05	0.00249583	0.00260109	1.32e-06	6.095e-05	0.00037675
Jefferson	0.557	35.751	38.193	4.334	200.323	206.36	1.276e-05	0.00081921	0.00087516	9.931e-05	0.00459025	0.00472858
Schuylkill	0.276	17.746	20.418	0.038	1.764	10.743	1.94e-06	0.00012491	0.00014372	2.7e-07	1.242e-05	7.562e-05
Northumberland	3.287	211.184	224.191	0.367	16.968	50.322	3.609e-05	0.00231859	0.00246139	4.03e-06	0.00018629	0.00055249
Monroe	0.599	38.509	43.516	0.399	18.459	34.016	3.53e-06	0.00022718	0.00025672	2.35e-06	0.0001089	0.00020068
Lawrence	0.0	19.847	26.936	0.001	4.563	26.083	0.0	0.00023029	0.00031254	1e-08	5.294e-05	0.00030264
Delaware	4.379	294.906	350.758	0.169	14.479	186.635	7.75e-06	0.00052219	0.00062108	3e-07	2.564e-05	0.00033047
Indiana	1.614	103.704	110.959	0.103	4.773	26.395	1.91e-05	0.00122725	0.00131311	1.22e-06	5.648e-05	0.00031236
Mercer	3.044	195.584	208.267	0.245	11.312	48.289	2.75e-05	0.00176706	0.00188165	2.21e-06	0.0001022	0.00043628
Columbia	0.083	5.34	7.087	0.114	5.249	10.553	1.27e-06	8.158e-05	0.00010827	1.74e-06	8.019e-05	0.00016122
Blair	2.17	139.379	148.282	0.394	18.207	44.491	1.772e-05	0.00113786	0.00121054	3.22e-06	0.00014864	0.00036322
Lehigh	1.298	83.356	99.337	0.736	34.024	82.539	3.53e-06	0.00022645	0.00026986	2e-06	9.243e-05	0.00022423
Elk	0.175	11.241	11.85	0.0	0.007	1.881	5.8e-06	0.0003726	0.00039279	0.0	2.3e-07	6.235e-05
Allegheny	7.511	642.499	724.419	0.898	53.572	309.753	6.16e-06	0.00052731	0.00059454	7.4e-07	4.397e-05	0.00025422
Centre	0.117	7.507	10.015	0.012	0.558	7.408	7.2e-07	4.611e-05	6.152e-05	7e-08	3.43e-06	4.55e-05
Beaver	1.479	105.082	116.914	0.071	3.871	40.016	8.98e-06	0.00063786	0.00070968	4.3e-07	2.35e-05	0.0002429
Northampton	1.585	134.616	143.91	0.276	18.566	47.988	5.2e-06	0.00044164	0.00047213	9.1e-07	6.091e-05	0.00015744
Mc Kean	0.0	0.138	0.601	0.18	11.579	13.131	0.0	3.37e-06	1.467e-05	4.39e-06	0.00028264	0.00032052
Adams	1.583	101.682	107.265	0.022	1.016	17.765	1.54e-05	0.00098902	0.00104332	2.1e-07	9.88e-06	0.00017279
Wyoming	0.079	5.087	5.665	0.009	0.608	2.078	2.92e-06	0.00018809	0.00020946	3.3e-07	2.248e-05	7.683e-05
Chester	0.359	35.164	63.709	0.343	22.011	108.903	6.9e-07	6.736e-05	0.00012204	6.6e-07	4.216e-05	0.00020861
Venango	0.07	4.495	4.725	0.343	22.011	22.011	1.37e-06	8.768e-05	9.217e-05	6.69e-06	0.00042935	0.00042935
Franklin	1.538	98.788	109.313	0.055	2.551	34.127	9.93e-06	0.00063802	0.000706	3.6e-07	1.648e-05	0.00022041
Butler	2.018	129.642	139.088	0.084	3.889	30.98	1.074e-05	0.00069	0.00074027	4.5e-07	2.07e-05	0.00016489
Greene	0.226	14.54	15.492	0.617	39.627	42.516	6.19e-06	0.00039829	0.00042437	1.69e-05	0.00108549	0.00116463
Montour	0.213	13.656	15.133	0.0	0.0	4.131	1.168e-05	0.00074868	0.00082966	0.0	0.0	0.00022648
Union	2.807	180.329	188.392	0.0	0.0	25.215	6.268e-05	0.00402655	0.00420659	0.0	0.0	0.00056302
Lancaster	5.635	362.0	400.565	0.119	7.641	124.715	1.037e-05	0.00066598	0.00073693	2.2e-07	1.406e-05	0.00022944
Westmoreland	2.221	142.683	155.991	0.078	3.608	44.009	6.33e-06	0.00040696	0.00044491	2.2e-07	1.029e-05	0.00012552
Perry	0.076	4.894	5.381	0.005	0.305	2.023	1.65e-06	0.00010607	0.00011663	1.1e-07	6.61e-06	4.385e-05
Lycoming	2.381	152.938	161.253	0.0	0.0	24.241	2.095e-05	0.00134553	0.00141868	0.0	0.0	0.00021327
Philadelphia	7.57	486.327	593.325	1.547	99.409	424.227	4.78e-06	0.000307	0.00037454	9.8e-07	6.275e-05	0.0002678
Clarion	0.137	8.805	9.27	0.001	0.055	1.467	3.53e-06	0.00022706	0.00023905	3e-08	1.42e-06	3.783e-05
Clearfield	1.243	79.826	84.965	11.822	546.395	561.134	1.566e-05	0.00100552	0.00107025	0.00014891	0.00688259	0.00706825
Berks	0.853	54.772	81.235	0.269	17.308	96.702	2.03e-06	0.00013036	0.00019335	6.4e-07	4.119e-05	0.00023016
Warren	0.0	1.282	1.975	0.37	23.791	25.925	0.0	3.246e-05	5e-05	9.37e-06	0.00060233	0.00065636
Sullivan	0.0	0.0	10.0	0.37	23.791	23.791	0.0	0.0	0.00164718	6.095e-05	0.00391879	0.00391879
Clinton	0.135	8.658	9.498	0.004	0.232	2.736	3.49e-06	0.00022381	0.00024553	1e-07	6e-06	7.073e-05
Crawford	0.915	58.798	61.428	5.821	269.042	276.807	1.076e-05	0.00069123	0.00072215	6.843e-05	0.00316286	0.00325414
Snyder	0.343	22.003	22.995	0.0	0.0	3.083	8.46e-06	0.00054275	0.00056722	0.0	0.0	7.605e-05
York	8.944	574.546	610.718	0.313	20.136	125.595	1.995e-05	0.00128169	0.00136238	7e-07	4.492e-05	0.00028018
Armstrong	1.161	74.579	78.452	0.233	10.781	22.216	1.779e-05	0.00114275	0.00120209	3.57e-06	0.00016519	0.00034041
Lebanon	0.41	26.352	31.71	0.047	2.188	17.81	2.9e-06	0.00018648	0.00022439	3.3e-07	1.548e-05	0.00012603
Juniata	0.068	4.374	5.279	0.005	0.312	2.95	2.75e-06	0.00017706	0.00021369	2e-07	1.263e-05	0.00011941
Luzerne	1.219	78.305	96.153	0.054	6.16	62.168	3.84e-06	0.00024652	0.0003027	1.7e-07	1.939e-05	0.00019571
