Name	Predicted_New_Cases	Total_Predicted_New_Cases	Total_Predicted_Cases	Predicted_New_Deaths	Total_Predicted_New_Deaths	Total_Predicted_Deaths	Predicted_New_per_capita	Predicted_Total_New_per_capita	Predicted_Total_Cases_per_capita	Predicted_New_Deaths_per_capita	Total_Predicted_New_Deaths_per_capita	Total_Predicted_Deaths_per_capita
Potter	0.0	0.54	4.62	2.551	2383.242	2458.846	0.0	3.249e-05	0.00027794	0.00015347	0.14337878	0.1479272
Cumberland	0.175	214.295	408.437	0.029	15.627	19.871	7e-07	0.00085233	0.0016245	1.2e-07	6.215e-05	7.903e-05
Pike	0.221	359.185	677.963	0.02	12.16	21.396	3.95e-06	0.0064217	0.01212098	3.6e-07	0.0002174	0.00038253
Forest	0.006	9.718	17.118	0.02	12.16	12.396	8.2e-07	0.00133507	0.0023517	2.75e-06	0.00167056	0.00170298
Wayne	0.021	85.114	173.945	0.0	0.0	3.0	4.1e-07	0.00165992	0.00339233	0.0	0.0	5.851e-05
Fulton	0.001	1.621	3.688	0.0	0.0	0.0	7e-08	0.00011162	0.00025394	0.0	0.0	0.0
Lackawanna	0.119	736.927	1416.954	0.08	69.139	112.152	5.6e-07	0.00349597	0.00672202	3.8e-07	0.00032799	0.00053205
Dauphin	0.245	396.883	799.212	0.067	41.307	51.107	8.8e-07	0.00143229	0.00288423	2.4e-07	0.00014907	0.00018444
Huntingdon	0.0	1.913	15.433	0.067	41.307	42.107	0.0	4.235e-05	0.00034168	1.48e-06	0.00091452	0.00093223
Somerset	0.0	14.798	34.66	0.067	41.307	42.107	0.0	0.0002001	0.00046868	9.1e-07	0.00055857	0.00056938
Cameron	0.0	0.0	1.0	0.067	41.307	42.107	0.0	0.0	0.00022262	1.492e-05	0.00919568	0.00937378
Montgomery	0.0	1143.442	4296.424	0.165	202.594	394.292	0.0	0.00137996	0.00518514	2e-07	0.0002445	0.00047585
Tioga	0.0	0.725	15.049	0.0	0.0	1.0	0.0	1.779e-05	0.00036918	0.0	0.0	2.453e-05
Washington	0.023	37.696	122.247	0.0	0.0	2.0	1.1e-07	0.0001818	0.00058958	0.0	0.0	9.65e-06
Bedford	0.023	37.274	53.807	0.0	0.0	1.0	4.8e-07	0.0007737	0.00111688	0.0	0.0	2.076e-05
Susquehanna	0.57	308.863	379.694	0.0	0.0	4.0	1.404e-05	0.00760952	0.0093546	0.0	0.0	9.855e-05
Erie	0.031	49.477	111.513	0.0	0.0	0.0	1.1e-07	0.00018186	0.00040988	0.0	0.0	0.0
Bucks	1.195	1938.94	3904.713	1.373	592.744	688.233	1.9e-06	0.00308653	0.00621577	2.19e-06	0.00094357	0.00109557
Carbon	0.066	107.051	255.455	0.067	41.307	51.107	1.03e-06	0.00166676	0.00397738	1.04e-06	0.00064314	0.00079572
Bradford	0.008	14.965	40.601	0.0	0.0	1.0	1.3e-07	0.000246	0.00066742	0.0	0.0	1.644e-05
Fayette	0.0	7.309	76.576	0.0	0.0	3.0	0.0	5.603e-05	0.00058705	0.0	0.0	2.3e-05
Jefferson	0.015	24.304	28.304	0.0	0.0	0.0	3.4e-07	0.00055691	0.00064856	0.0	0.0	0.0
Schuylkill	0.166	269.197	547.273	0.0	0.0	5.0	1.17e-06	0.00189486	0.00385222	0.0	0.0	3.519e-05
Northumberland	0.122	135.655	213.562	0.0	0.0	0.0	1.34e-06	0.00148936	0.0023447	0.0	0.0	0.0
Monroe	0.0	386.575	1382.153	0.001	29.169	69.796	0.0	0.00228058	0.00815396	1e-08	0.00017208	0.00041176
Lawrence	0.0	6.851	67.975	0.0	1.972	7.248	0.0	7.949e-05	0.00078872	0.0	2.288e-05	8.41e-05
Delaware	0.044	2135.759	4799.857	0.721	390.697	496.808	8e-08	0.00378177	0.00849907	1.28e-06	0.0006918	0.00087969
Indiana	0.0	11.547	66.703	0.0	0.0	4.0	0.0	0.00013665	0.00078938	0.0	0.0	4.734e-05
Mercer	0.023	62.084	123.8	0.0	0.0	1.0	2.1e-07	0.00056092	0.00111851	0.0	0.0	9.03e-06
Cambria	0.0	2.028	21.579	0.0	0.0	1.0	0.0	1.54e-05	0.00016381	0.0	0.0	7.59e-06
Mifflin	0.014	22.465	43.389	0.0	0.0	0.0	3e-07	0.00048602	0.00093871	0.0	0.0	0.0
Columbia	0.175	284.323	504.021	0.083	51.627	59.627	2.67e-06	0.00434373	0.00770015	1.27e-06	0.00078873	0.00091095
Blair	0.0	12.455	27.166	0.083	51.627	52.627	0.0	0.00010168	0.00022178	6.8e-07	0.00042147	0.00042964
Lehigh	0.022	1342.773	3664.413	0.011	44.532	79.536	6e-08	0.00364785	0.00995494	3e-08	0.00012098	0.00021607
Elk	0.0	0.0	2.0	0.011	44.532	46.536	0.0	0.0	6.629e-05	3.6e-07	0.00147608	0.00154251
Allegheny	0.0	311.389	1376.696	0.142	122.553	181.122	0.0	0.00025556	0.00112987	1.2e-07	0.00010058	0.00014865
Centre	0.0	2.94	77.256	0.0	0.0	1.0	0.0	1.806e-05	0.00047453	0.0	0.0	6.14e-06
Beaver	0.145	235.813	543.515	0.116	72.285	109.685	8.8e-07	0.00143141	0.00329919	7e-07	0.00043878	0.0006658
Northampton	0.283	1131.897	2651.844	0.047	36.832	73.805	9.3e-07	0.00371349	0.00870008	1.5e-07	0.00012084	0.00024214
Mc Kean	0.006	9.614	14.01	0.047	36.832	37.805	1.5e-07	0.00023467	0.00034197	1.15e-06	0.00089904	0.00092279
Unassigned	0.0	0.0	0.0	0.0	0.0	0.0	N/A	N/A	N/A	N/A	N/A	N/A
Adams	0.064	104.241	193.53	0.0	0.0	1.0	6.2e-07	0.00101391	0.00188239	0.0	0.0	9.73e-06
Wyoming	0.0	12.68	30.613	0.0	0.0	1.0	0.0	0.00046883	0.00113189	0.0	0.0	3.697e-05
Chester	0.338	908.569	1863.311	0.165	120.138	167.005	6.5e-07	0.0017404	0.00356925	3.2e-07	0.00023013	0.0003199
Venango	0.0	0.18	6.26	0.165	120.138	123.005	0.0	3.51e-06	0.00012211	3.22e-06	0.00234342	0.00239935
Franklin	0.077	124.443	244.563	0.165	120.138	123.005	5e-07	0.00080371	0.00157951	1.07e-06	0.00077591	0.00079443
Butler	0.0	72.114	238.025	0.0	5.641	10.97	0.0	0.00038381	0.00126685	0.0	3.002e-05	5.839e-05
Greene	0.0	0.995	26.355	0.0	5.641	5.97	0.0	2.726e-05	0.00072194	0.0	0.00015452	0.00016353
Montour	0.33	150.112	199.716	0.0	5.641	5.97	1.809e-05	0.00822982	0.01094934	0.0	0.00030927	0.0003273
Union	0.028	45.156	75.014	0.0	5.641	5.97	6.3e-07	0.00100828	0.00167498	0.0	0.00012596	0.0001333
Lancaster	0.818	1327.624	2618.246	0.11	121.645	227.045	1.5e-06	0.00244247	0.00481687	2e-07	0.00022379	0.0004177
Westmoreland	0.062	165.724	458.973	0.0	0.0	16.0	1.8e-07	0.00047267	0.00130907	0.0	0.0	4.563e-05
Perry	0.0	0.997	21.415	0.0	0.0	1.0	0.0	2.161e-05	0.00046414	0.0	0.0	2.167e-05
Lycoming	0.031	49.582	91.622	0.0	0.0	0.0	2.7e-07	0.00043622	0.00080608	0.0	0.0	0.0
Philadelphia	6.196	10050.858	20017.378	0.852	795.91	1191.159	3.91e-06	0.00634469	0.01263613	5.4e-07	0.00050242	0.00075193
Clarion	0.0	5.073	23.913	0.0	0.0	1.0	0.0	0.00013082	0.00061665	0.0	0.0	2.579e-05
Clearfield	0.0	0.447	11.607	0.0	0.0	0.0	0.0	5.63e-06	0.00014621	0.0	0.0	0.0
Berks	1.371	2730.464	4791.442	0.045	72.919	149.919	3.26e-06	0.00649875	0.01140407	1.1e-07	0.00017355	0.00035682
Warren	0.0	0.0	1.0	0.045	72.919	75.919	0.0	0.0	2.532e-05	1.14e-06	0.00184614	0.0019221
Sullivan	0.0	0.0	1.0	0.045	72.919	75.919	0.0	0.0	0.00016472	7.41e-06	0.01201104	0.01250519
Clinton	0.085	43.157	54.757	0.045	72.919	75.919	2.2e-06	0.00111563	0.00141549	1.16e-06	0.00188499	0.00196254
Crawford	0.0	0.893	17.293	0.045	72.919	75.919	0.0	1.05e-05	0.0002033	5.3e-07	0.00085724	0.0008925
Snyder	0.026	41.806	71.526	0.0	0.0	1.0	6.4e-07	0.00103123	0.00176433	0.0	0.0	2.467e-05
York	0.565	627.04	1142.72	0.028	14.385	20.585	1.26e-06	0.00139879	0.00254916	6e-08	3.209e-05	4.592e-05
Armstrong	0.0	24.484	63.911	0.0	0.0	2.0	0.0	0.00037516	0.00097928	0.0	0.0	3.065e-05
Lebanon	0.843	855.772	1386.994	0.0	0.0	5.0	5.97e-06	0.00605582	0.00981498	0.0	0.0	3.538e-05
Juniata	0.065	104.893	181.209	0.0	0.0	0.0	2.63e-06	0.00424599	0.00733521	0.0	0.0	0.0
Luzerne	0.0	349.401	2168.063	0.0	24.198	62.54	0.0	0.00109997	0.00682541	0.0	7.618e-05	0.00019689
