Name	Predicted_New_Cases	Total_Predicted_New_Cases	Total_Predicted_Cases	Predicted_New_Deaths	Total_Predicted_New_Deaths	Total_Predicted_Deaths	Predicted_New_per_capita	Predicted_Total_New_per_capita	Predicted_Total_Cases_per_capita	Predicted_New_Deaths_per_capita	Total_Predicted_New_Deaths_per_capita	Total_Predicted_Deaths_per_capita
Potter	0.0	0.0	4.0	0.0	1196.993	1196.993	0.0	0.0	0.00024064	0.0	0.07201257	0.07201257
Cumberland	0.0	50.89	685.89	0.003	14.3	66.3	0.0	0.00020241	0.00272803	1e-08	5.688e-05	0.0002637
Pike	0.0	0.539	477.539	0.0	0.536	19.536	0.0	9.64e-06	0.0085377	0.0	9.58e-06	0.00034928
Forest	0.0	0.0	7.0	0.0	0.536	0.536	0.0	0.0	0.00096167	0.0	7.364e-05	7.364e-05
Wayne	0.0	1.9	121.9	0.0	0.328	8.328	0.0	3.705e-05	0.00237733	0.0	6.4e-06	0.00016242
Fulton	0.0	0.708	15.708	0.0	0.0	1.0	0.0	4.875e-05	0.00108159	0.0	0.0	6.886e-05
Lackawanna	0.0	45.504	1596.504	0.0	53.176	224.176	0.0	0.00021587	0.0075738	0.0	0.00025227	0.00106349
Dauphin	0.488	783.608	2086.608	0.0	32.174	106.174	1.76e-06	0.00282792	0.00753024	0.0	0.00011611	0.00038317
Huntingdon	0.0	2.048	233.048	0.0	0.0	2.0	0.0	4.534e-05	0.00515958	0.0	0.0	4.428e-05
Somerset	0.0	1.242	39.242	0.0	0.0	1.0	0.0	1.679e-05	0.00053064	0.0	0.0	1.352e-05
Cameron	0.0	0.0	2.0	0.0	0.0	0.0	0.0	0.0	0.00044524	0.0	0.0	0.0
Montgomery	0.408	1930.443	9023.443	0.037	174.841	860.841	4.9e-07	0.00232975	0.01088993	4e-08	0.00021101	0.00103891
Tioga	0.284	69.322	86.322	0.0	0.0	2.0	6.97e-06	0.00170061	0.00211766	0.0	0.0	4.906e-05
Washington	0.0	12.963	152.963	0.0	0.0	5.0	0.0	6.252e-05	0.00073772	0.0	0.0	2.411e-05
Bedford	0.0	1.294	41.294	0.0	0.0	2.0	0.0	2.686e-05	0.00085715	0.0	0.0	4.151e-05
Susquehanna	0.009	43.349	153.349	0.0	0.0	15.0	2.2e-07	0.001068	0.00377809	0.0	0.0	0.00036956
Erie	0.01	207.078	502.078	0.0	0.0	4.0	4e-08	0.00076115	0.00184546	0.0	0.0	1.47e-05
Bucks	0.0	218.908	5318.908	0.03	143.766	646.766	0.0	0.00034847	0.00846697	5e-08	0.00022886	0.00102956
Carbon	0.0	6.217	243.217	0.0	1.064	25.064	0.0	9.68e-05	0.00378683	0.0	1.657e-05	0.00039024
Bradford	0.0	7.832	53.832	0.0	0.0	3.0	0.0	0.00012875	0.00088491	0.0	0.0	4.932e-05
Fayette	0.0	0.943	95.943	0.0	0.0	4.0	0.0	7.23e-06	0.00073553	0.0	0.0	3.067e-05
Jefferson	0.316	77.021	86.021	0.0	0.0	0.0	7.24e-06	0.00176488	0.00197111	0.0	0.0	0.0
Schuylkill	0.0	130.519	761.519	0.001	19.915	53.915	0.0	0.00091871	0.00536028	1e-08	0.00014018	0.0003795
Northumberland	0.023	107.179	301.179	0.0	0.0	3.0	2.5e-07	0.00117672	0.00330664	0.0	0.0	3.294e-05
Monroe	0.0	9.345	1329.345	0.0	0.995	101.995	0.0	5.513e-05	0.00784242	0.0	5.87e-06	0.00060172
Lawrence	0.002	9.908	89.908	0.0	0.0	8.0	2e-08	0.00011496	0.00104321	0.0	0.0	9.282e-05
Delaware	0.0	264.955	6745.955	0.0	131.083	690.083	0.0	0.00046915	0.01194501	0.0	0.00023211	0.00122192
Indiana	0.0	1.166	92.166	0.0	0.653	5.653	0.0	1.38e-05	0.00109071	0.0	7.73e-06	6.69e-05
Mercer	0.0	3.475	110.475	0.0	0.653	5.653	0.0	3.14e-05	0.00099812	0.0	5.9e-06	5.107e-05
Cambria	0.0	1.383	59.383	0.0	0.0	2.0	0.0	1.05e-05	0.00045079	0.0	0.0	1.518e-05
Mifflin	0.001	4.166	63.166	0.0	0.0	1.0	2e-08	9.013e-05	0.00136658	0.0	0.0	2.163e-05
Columbia	0.002	16.156	364.156	0.014	12.953	43.953	3e-08	0.00024682	0.00556337	2.1e-07	0.00019789	0.00067149
Blair	0.0	2.2	52.2	0.0	0.0	1.0	0.0	1.796e-05	0.00042615	0.0	0.0	8.16e-06
Lehigh	0.0	184.32	3954.32	0.0	56.72	284.72	0.0	0.00050073	0.01074252	0.0	0.00015409	0.00077349
Elk	0.0	0.0	6.0	0.0	0.0	1.0	0.0	0.0	0.00019888	0.0	0.0	3.315e-05
Allegheny	0.0	348.613	2267.613	0.0	4.281	168.281	0.0	0.00028611	0.00186106	0.0	3.51e-06	0.00013811
Centre	0.0	26.645	180.645	0.0	2.414	9.414	0.0	0.00016366	0.00110958	0.0	1.483e-05	5.782e-05
Beaver	0.027	126.768	716.768	0.001	4.501	77.501	1.6e-07	0.00076949	0.00435085	1e-08	2.732e-05	0.00047044
Northampton	0.145	688.665	3770.665	0.002	49.107	259.107	4.8e-07	0.00225935	0.01237066	1e-08	0.00016111	0.00085007
Mc Kean	0.001	3.827	15.827	0.0	0.0	1.0	2e-08	9.341e-05	0.00038633	0.0	0.0	2.441e-05
Unassigned	0.0	0.0	0.0	0.0	0.0	0.0	N/A	N/A	N/A	N/A	N/A	N/A
Adams	0.0	53.971	303.971	0.0	3.508	11.508	0.0	0.00052495	0.0029566	0.0	3.412e-05	0.00011193
Wyoming	0.0	0.646	34.646	0.0	0.084	7.084	0.0	2.389e-05	0.001281	0.0	3.11e-06	0.00026192
Chester	0.346	1094.215	3878.215	0.106	149.679	430.679	6.6e-07	0.00209601	0.00742888	2e-07	0.00028672	0.00082498
Venango	0.0	1.125	10.125	0.106	149.679	149.679	0.0	2.194e-05	0.0001975	2.07e-06	0.00291965	0.00291965
Franklin	0.0	66.629	843.629	0.0	7.103	42.103	0.0	0.00043032	0.00544857	0.0	4.587e-05	0.00027192
Butler	0.007	50.76	280.76	0.0	0.0	12.0	4e-08	0.00027016	0.00149429	0.0	0.0	6.387e-05
Greene	0.0	0.0	27.0	0.0	0.0	1.0	0.0	0.0	0.0007396	0.0	0.0	2.739e-05
Montour	0.0	0.307	53.307	0.0	0.0	1.0	0.0	1.683e-05	0.00292253	0.0	0.0	5.482e-05
Union	0.0	0.348	62.348	0.0	0.0	1.0	0.0	7.77e-06	0.00139216	0.0	0.0	2.233e-05
Lancaster	0.279	1323.065	4512.065	0.013	59.668	356.668	5.1e-07	0.00243409	0.008301	2e-08	0.00010977	0.00065617
Westmoreland	0.0	16.362	465.362	0.0	0.0	38.0	0.0	4.667e-05	0.00132729	0.0	0.0	0.00010838
Perry	0.126	99.661	160.661	0.585	142.485	145.485	2.73e-06	0.00216002	0.00348211	1.268e-05	0.00308817	0.00315319
Lycoming	0.0	7.847	171.847	0.0	6.917	23.917	0.0	6.904e-05	0.00151189	0.0	6.085e-05	0.00021042
Philadelphia	1.117	5290.464	28171.464	0.0	134.624	1454.624	7.1e-07	0.00333965	0.01778347	0.0	8.498e-05	0.00091824
Clarion	0.0	0.137	27.137	0.0	0.0	2.0	0.0	3.53e-06	0.00069979	0.0	0.0	5.157e-05
Clearfield	0.052	40.854	80.854	0.0	0.0	0.0	6.6e-07	0.00051461	0.00101847	0.0	0.0	0.0
Berks	0.0	435.629	4509.629	0.0	28.017	345.017	0.0	0.00103684	0.01073333	0.0	6.668e-05	0.00082117
Warren	0.0	0.067	3.067	0.0	0.0	1.0	0.0	1.7e-06	7.765e-05	0.0	0.0	2.532e-05
Sullivan	0.284	69.322	72.322	0.0	0.0	0.0	4.678e-05	0.01141855	0.0119127	0.0	0.0	0.0
Clinton	0.006	26.907	83.907	0.0	0.0	3.0	1.6e-07	0.00069556	0.00216904	0.0	0.0	7.755e-05
Crawford	2.671	650.827	679.827	0.0	0.0	0.0	3.14e-05	0.00765112	0.00799204	0.0	0.0	0.0
Snyder	0.0	8.093	53.093	0.0	0.0	1.0	0.0	0.00019963	0.00130964	0.0	0.0	2.467e-05
York	0.194	366.498	1379.498	0.058	38.434	64.434	4.3e-07	0.00081758	0.00307736	1.3e-07	8.574e-05	0.00014374
Armstrong	2.086	508.339	570.339	0.0	0.854	4.854	3.196e-05	0.00778908	0.00873909	0.0	1.309e-05	7.438e-05
Lebanon	0.23	290.736	1262.736	0.247	132.069	165.069	1.63e-06	0.00205738	0.00893568	1.75e-06	0.00093458	0.0011681
Juniata	0.001	3.041	98.041	0.004	3.289	7.289	4e-08	0.0001231	0.00396863	1.6e-07	0.00013314	0.00029505
Luzerne	0.0	242.743	2981.743	0.008	37.714	186.714	0.0	0.00076419	0.009387	3e-08	0.00011873	0.00058781
