Grand Forks	0.0	0.0	0.0	0.0	0.0	0.0	0.0	0.0	0.0	0.0	0.0	0.0	2020-03-22
Grand Forks	0.0	0.0	0.0	0.0	0.0	0.0	0.0	0.0	0.0	0.0	0.0	0.0	2020-03-23
Grand Forks	0.0	0.0	0.0	0.0	0.0	0.0	0.0	0.0	0.0	0.0	0.0	0.0	2020-03-24
Grand Forks	0.0	0.0	0.0	0.0	0.0	0.0	0.0	0.0	0.0	0.0	0.0	0.0	2020-03-25
Grand Forks	0.0	0.0	0.0	0.0	0.0	0.0	0.0	0.0	0.0	0.0	0.0	0.0	2020-03-26
Grand Forks	0.0	0.0	0.0	0.0	0.0	0.0	0.0	0.0	0.0	0.0	0.0	0.0	2020-03-27
Grand Forks	0.0	0.0	0.0	0.0	0.0	0.0	0.0	0.0	0.0	0.0	0.0	0.0	2020-03-28
Grand Forks	0.0	0.0	0.0	0.0	0.0	0.0	0.0	0.0	0.0	0.0	0.0	0.0	2020-03-29
Grand Forks	2.0	0.0	0.0	0.0	2.826e-05	0.0	10.0	4.0	2.5	0.0001413	5.652e-05	3.5325e-05	2020-03-30
Grand Forks	2.0	0.0	0.0	0.0	2.826e-05	0.0	10.0	4.0	2.5	0.0001413	5.652e-05	3.5325e-05	2020-03-31
Grand Forks	5.0	0.0	0.0	0.0	7.065e-05	0.0	25.0	10.0	6.25	0.00035325	0.0001413	8.83125e-05	2020-04-01
Grand Forks	5.0	0.0	0.0	0.0	7.065e-05	0.0	25.0	10.0	6.25	0.00035325	0.0001413	8.83125e-05	2020-04-02
Grand Forks	6.0	0.0	0.0	0.0	8.478e-05	0.0	30.0	12.0	7.5	0.0004239	0.00016956	0.000105975	2020-04-03
Grand Forks	0	0	0	0	_2020-3-24
Grand Forks	0	0	0	0	_2020-3-25
Grand Forks	0	0	0	0	_2020-3-26
