Name	Predicted_New_Cases	Total_Predicted_New_Cases	Total_Predicted_Cases	Predicted_New_Deaths	Total_Predicted_New_Deaths	Total_Predicted_Deaths	Predicted_New_per_capita	Predicted_Total_New_per_capita	Predicted_Total_Cases_per_capita	Predicted_New_Deaths_per_capita	Total_Predicted_New_Deaths_per_capita	Total_Predicted_Deaths_per_capita
Hampden	61.768	464.266	6309.266	0.962	18.796	572.796	0.00013131	0.00098695	0.01341238	2.05e-06	3.996e-05	0.00121766
Middlesex	139.33	1124.753	21830.753	11.654	104.148	1653.148	8.629e-05	0.00069656	0.01351989	7.22e-06	6.45e-05	0.0010238
Norfolk	31.4	280.616	8160.616	7.373	55.418	849.418	4.451e-05	0.00039782	0.01156897	1.045e-05	7.856e-05	0.00120419
Worcester	98.048	917.267	11564.267	13.594	103.027	819.027	0.00011801	0.00110402	0.01391878	1.636e-05	0.000124	0.00098578
Brockton	0.0	0.0	0.0	0.0	0.0	0.0	N/A	N/A	N/A	N/A	N/A	N/A
Hampshire	6.249	54.313	897.313	0.56	5.598	87.598	3.873e-05	0.00033661	0.00556111	3.47e-06	3.469e-05	0.00054289
Bristol	73.605	603.057	7382.057	6.428	47.923	437.923	0.0001305	0.00106921	0.01308824	1.14e-05	8.497e-05	0.00077643
Unassigned	0.042	0.838	309.838	0.034	0.396	5.396	N/A	N/A	N/A	N/A	N/A	N/A
Plymouth	45.816	399.164	8055.164	6.22	46.373	576.373	8.843e-05	0.00077039	0.01554655	1.2e-05	8.95e-05	0.00111241
Essex	111.735	894.298	14672.298	7.515	67.157	945.157	0.00014132	0.00113111	0.01855754	9.5e-06	8.494e-05	0.00119544
Berkshire	5.965	33.414	572.414	0.436	2.023	42.023	4.721e-05	0.00026446	0.00453046	3.45e-06	1.601e-05	0.0003326
Franklin	0.761	5.768	322.768	0.404	2.646	49.646	1.072e-05	8.128e-05	0.0045484	5.69e-06	3.729e-05	0.0006996
Dukes and Nantucket	0.026	0.798	39.798	0.0	0.0	1.0	N/A	N/A	N/A	N/A	N/A	N/A
Barnstable	17.496	123.77	1409.77	1.992	14.975	125.975	8.198e-05	0.00057996	0.00660583	9.33e-06	7.017e-05	0.00059029
Suffolk	67.4	673.829	18269.829	5.916	44.822	894.822	8.349e-05	0.00083472	0.02263213	7.33e-06	5.552e-05	0.00110848
Dukes	0.0	0.0	0.0	0.0	0.0	0.0	0.0	0.0	0.0	0.0	0.0	0.0
Nantucket	0.0	0.0	0.0	0.0	0.0	0.0	0.0	0.0	0.0	0.0	0.0	0.0
