Name	Predicted_New_Cases	Total_Predicted_New_Cases	Total_Predicted_Cases	Predicted_New_Deaths	Total_Predicted_New_Deaths	Total_Predicted_Deaths	Predicted_New_per_capita	Predicted_Total_New_per_capita	Predicted_Total_Cases_per_capita	Predicted_New_Deaths_per_capita	Total_Predicted_New_Deaths_per_capita	Total_Predicted_Deaths_per_capita
Hampden	28.397	2893.28	4587.28	1.399	168.381	270.381	6.037e-05	0.0061506	0.00975175	2.97e-06	0.00035795	0.00057478
Middlesex	87.097	8873.858	14856.858	7.503	542.842	691.842	5.394e-05	0.00549562	0.00920092	4.65e-06	0.00033618	0.00042846
Norfolk	107.607	8168.208	11006.208	1.03	123.989	214.989	0.00015255	0.01157974	0.01560306	1.46e-06	0.00017577	0.00030478
Worcester	29.195	3105.011	5233.011	2.784	191.534	240.534	3.514e-05	0.0037372	0.00629847	3.35e-06	0.00023053	0.00028951
Brockton	0.0	0.0	0.0	0.0	0.0	0.0	N/A	N/A	N/A	N/A	N/A	N/A
Hampshire	2.058	255.134	479.134	0.0	0.0	6.0	1.275e-05	0.0015812	0.00296944	0.0	0.0	3.719e-05
Bristol	21.196	2159.532	3553.532	5.464	356.632	399.632	3.758e-05	0.00382881	0.00630034	9.69e-06	0.0006323	0.00070854
Unassigned	0.0	10.052	457.052	0.0	90.865	190.865	N/A	N/A	N/A	N/A	N/A	N/A
Plymouth	42.772	4018.862	6159.862	0.0	0.0	55.0	8.255e-05	0.00775644	0.0118886	0.0	0.0	0.00010615
Essex	66.498	6248.198	9661.198	1.399	168.381	269.381	8.411e-05	0.00790273	0.0122195	1.77e-06	0.00021297	0.00034071
Berkshire	1.421	220.781	575.781	0.172	21.802	41.802	1.125e-05	0.0017474	0.0045571	1.36e-06	0.00017256	0.00033085
Franklin	0.71	111.745	259.745	0.242	31.213	56.213	1.001e-05	0.00157469	0.00366029	3.41e-06	0.00043985	0.00079215
Dukes and Nantucket	0.0	3.043	24.043	0.0	0.0	1.0	N/A	N/A	N/A	N/A	N/A	N/A
Barnstable	0.605	316.504	818.504	0.099	19.036	35.036	2.83e-06	0.00148306	0.00383531	4.6e-07	8.92e-05	0.00016417
Suffolk	97.505	9535.028	15114.028	1.638	160.181	246.181	0.00012079	0.01181171	0.01872281	2.03e-06	0.00019843	0.00030496
Dukes	0.0	0.0	0.0	0.0	0.0	0.0	0.0	0.0	0.0	0.0	0.0	0.0
Nantucket	0.0	0.0	0.0	0.0	0.0	0.0	0.0	0.0	0.0	0.0	0.0	0.0
