Name	Predicted_New_Cases	Total_Predicted_New_Cases	Total_Predicted_Cases	Predicted_New_Deaths	Total_Predicted_New_Deaths	Total_Predicted_Deaths	Predicted_New_per_capita	Predicted_Total_New_per_capita	Predicted_Total_Cases_per_capita	Predicted_New_Deaths_per_capita	Total_Predicted_New_Deaths_per_capita	Total_Predicted_Deaths_per_capita
New York	290.094	124626.572	242928.572	35.005	15038.294	23493.294	0.00017811	0.076519	0.1491548	2.149e-05	0.00923331	0.01442456
Wayne	0.0	15.539	63.539	0.0	12645.166	12645.166	0.0	0.00017253	0.00070549	0.0	0.140402	0.140402
Fulton	0.093	39.918	63.918	35.005	15038.294	15038.294	1.74e-06	0.00074486	0.0011927	0.00065319	0.2806123	0.2806123
Seneca	0.0	0.0	18.0	35.005	15038.294	15038.294	0.0	0.0	0.00052478	0.00102055	0.43843423	0.43843423
Lewis	0.008	3.324	10.324	35.005	15038.294	15038.294	3e-07	0.00012569	0.00039037	0.00132359	0.56862003	0.56862003
Montgomery	0.137	58.88	90.88	0.0	0.0	1.0	2.77e-06	0.00119058	0.00183763	0.0	0.0	2.022e-05
Schenectady	0.888	327.503	564.503	0.053	12.087	20.087	5.72e-06	0.00210816	0.00363375	3.4e-07	7.78e-05	0.0001293
Kings	0.0	0.0	0.0	0.0	0.0	0.0	0.0	0.0	0.0	0.0	0.0	0.0
Hamilton	0.022	6.895	9.895	0.053	12.087	12.087	4.96e-06	0.00155503	0.00223162	1.195e-05	0.00272598	0.00272598
Tioga	0.267	83.646	108.646	0.053	12.087	12.087	5.5e-06	0.00172253	0.00223736	1.09e-06	0.00024891	0.00024891
Washington	0.588	148.269	190.269	0.058	24.948	26.948	9.61e-06	0.00242281	0.00310912	9.5e-07	0.00040767	0.00044035
Richmond	0.0	0.0	0.0	0.0	0.0	0.0	0.0	0.0	0.0	0.0	0.0	0.0
Rockland	0.164	5513.021	13987.021	1.091	468.59	766.59	5e-07	0.01692694	0.04294515	3.35e-06	0.00143874	0.00235371
Chenango	0.0	23.05	94.05	0.0	351.695	351.695	0.0	0.0004849	0.0019785	0.0	0.0073985	0.0073985
Cayuga	0.478	142.003	178.003	0.0	0.0	1.0	6.2e-06	0.00184073	0.00230738	0.0	0.0	1.296e-05
Erie	0.0	1157.158	2969.158	0.0	113.609	214.609	0.0	0.00125816	0.00322833	0.0	0.00012353	0.00023334
Ulster	4.274	1469.518	2214.518	0.0	0.0	13.0	2.393e-05	0.00822803	0.01239939	0.0	0.0	7.279e-05
Bronx	0.0	0.0	0.0	0.0	0.0	0.0	0.0	0.0	0.0	0.0	0.0	0.0
Jefferson	0.0	28.073	75.073	0.0	0.0	0.0	0.0	0.0002512	0.00067176	0.0	0.0	0.0
Broome	0.504	207.323	360.323	0.054	14.366	22.366	2.63e-06	0.00108173	0.00188002	2.8e-07	7.496e-05	0.0001167
Nassau	76.258	32760.953	59475.953	5.584	2398.955	3455.955	5.614e-05	0.02411832	0.04378567	4.11e-06	0.00176609	0.00254424
Monroe	1.675	852.881	1736.881	0.2	86.045	142.045	2.26e-06	0.0011487	0.00233932	2.7e-07	0.00011589	0.00019131
Chautauqua	0.0	7.853	31.853	0.0	0.0	3.0	0.0	6.138e-05	0.00024897	0.0	0.0	2.345e-05
Chemung	0.0	22.358	91.358	0.0	0.0	1.0	0.0	0.00026536	0.00108432	0.0	0.0	1.187e-05
Niagara	0.595	255.693	484.693	0.0	0.0	9.0	2.83e-06	0.00121508	0.00230331	0.0	0.0	4.277e-05
Delaware	0.0	24.452	70.452	0.0	0.0	3.0	0.0	0.00054915	0.00158223	0.0	0.0	6.737e-05
Livingston	0.085	36.483	70.483	0.0	0.0	3.0	1.34e-06	0.00057702	0.00111476	0.0	0.0	4.745e-05
Steuben	0.791	291.702	442.702	0.0	0.0	16.0	8.26e-06	0.00304503	0.0046213	0.0	0.0	0.00016702
Saint Lawrence	0.0	51.889	143.889	0.0	0.0	0.0	0.0	0.00048024	0.00133173	0.0	0.0	0.0
Columbia	0.0	24.773	124.773	0.0	8.618	18.618	0.0	0.00041346	0.00208247	0.0	0.00014383	0.00031074
Madison	0.0	19.395	129.395	0.0	2.615	5.615	0.0	0.00027396	0.00182774	0.0	3.694e-05	7.931e-05
Ontario	0.801	212.738	274.738	0.009	3.769	3.769	7.29e-06	0.00193638	0.00250071	8e-08	3.431e-05	3.431e-05
Dutchess	4.426	2405.963	4453.963	0.068	23.531	41.531	1.507e-05	0.0081914	0.01516408	2.3e-07	8.011e-05	0.0001414
Schuyler	0.023	9.976	17.976	0.068	23.531	23.531	1.28e-06	0.00055695	0.00100357	3.8e-06	0.0013137	0.0013137
Herkimer	0.134	57.66	97.66	0.0	0.0	3.0	2.17e-06	0.00093251	0.00157942	0.0	0.0	4.852e-05
Cortland	0.043	18.517	41.517	0.0	0.0	0.0	9e-07	0.0003872	0.00086814	0.0	0.0	0.0
Unassigned	4.878	2095.69	2202.69	29.968	8416.208	8456.208	N/A	N/A	N/A	N/A	N/A	N/A
Essex	0.028	11.976	23.976	29.968	8416.208	8416.208	7.5e-07	0.00032107	0.00064279	0.00080343	0.2256356	0.2256356
Wyoming	0.0	11.941	53.941	0.0	37.451	40.451	0.0	0.00029789	0.00134567	0.0	0.00093429	0.00100913
Saratoga	0.523	199.416	426.416	0.0	0.0	4.0	2.27e-06	0.00086641	0.00185267	0.0	0.0	1.738e-05
Putnam	1.298	661.045	1295.045	0.0	0.0	7.0	1.313e-05	0.00668451	0.01309555	0.0	0.0	7.078e-05
Onondaga	1.051	451.402	1014.402	0.123	34.411	46.411	2.28e-06	0.00097746	0.00219658	2.7e-07	7.451e-05	0.0001005
Franklin	0.015	6.655	19.655	0.123	34.411	34.411	3e-07	0.00013232	0.00039081	2.45e-06	0.00068421	0.00068421
Tompkins	0.0	7.802	125.802	0.0	14.199	14.199	0.0	7.59e-05	0.00122384	0.0	0.00013813	0.00013813
Greene	9.361	1106.403	1179.403	0.123	34.411	34.411	0.00019711	0.02329711	0.02483424	2.59e-06	0.00072458	0.00072458
Orleans	0.0	17.773	50.773	0.0	26.689	26.689	0.0	0.00043763	0.0012502	0.0	0.00065717	0.00065717
Albany	6.24	1572.675	2120.675	1.998	271.054	291.054	2.032e-05	0.00512077	0.0069051	6.51e-06	0.00088258	0.0009477
Cattaraugus	0.136	58.211	90.211	1.998	271.054	271.054	1.77e-06	0.00075756	0.00117401	2.6e-05	0.00352751	0.00352751
Yates	0.0	0.0	6.0	1.998	271.054	271.054	0.0	0.0	0.00024154	8.043e-05	0.01091156	0.01091156
Otsego	0.115	52.107	96.107	0.058	24.948	27.948	1.92e-06	0.0008721	0.00160851	9.7e-07	0.00041755	0.00046776
Allegany	0.089	38.257	66.257	0.0	0.0	1.0	1.92e-06	0.00082397	0.00142703	0.0	0.0	2.154e-05
Warren	0.429	141.15	218.15	0.0	0.0	0.0	6.68e-06	0.00219637	0.00339454	0.0	0.0	0.0
Queens	0.0	0.0	0.0	0.0	0.0	0.0	0.0	0.0	0.0	0.0	0.0	0.0
Westchester	56.459	22315.769	43262.769	4.047	1543.187	2183.187	5.835e-05	0.02306272	0.04471086	4.18e-06	0.00159484	0.00225626
Sullivan	0.228	376.072	800.072	0.015	7.656	17.656	3.02e-06	0.00498122	0.01059726	2e-07	0.00010141	0.00023386
Clinton	0.0	10.868	55.868	0.0	0.0	3.0	0.0	0.00013468	0.00069234	0.0	0.0	3.718e-05
Suffolk	64.284	29021.661	52544.661	3.617	1379.169	2032.169	4.34e-05	0.01959476	0.03547695	2.44e-06	0.00093118	0.00137207
Schoharie	0.016	6.767	26.767	3.617	1379.169	1379.169	5.1e-07	0.00021761	0.00086076	0.00011631	0.04435055	0.04435055
Oswego	0.001	20.022	62.022	0.0	0.0	2.0	1e-08	0.00016982	0.00052606	0.0	0.0	1.696e-05
Rensselaer	0.307	132.06	272.06	0.0	0.0	6.0	1.93e-06	0.00082826	0.00170633	0.0	0.0	3.763e-05
Oneida	1.22	449.707	695.707	0.0	0.0	4.0	5.31e-06	0.00195885	0.00303039	0.0	0.0	1.742e-05
Genesee	0.406	174.53	250.53	0.058	24.948	26.948	7.06e-06	0.00303472	0.00435621	1.01e-06	0.0004338	0.00046857
Orange	2.109	5117.11	10947.11	0.724	311.248	489.248	5.52e-06	0.01339729	0.02866103	1.9e-06	0.00081489	0.00128092
