Name	Confirmed	Deaths	Recovered	Active	Confirmed_per_capita	Deaths_per_capita	IFR_0.30_expected	IFR_0.65_expected	IFR_1.0_expected	IFR_0.30_expected_per_capita	IFR_0.65_expected_per_capita	IFR_1.0_expected_per_capita	Date
Lake	0.0	0.0	0.0	0.0	0.0	0.0	0.0	0.0	0.0	0.0	0.0	0.0	2020-03-22
Lake	0	0	0	0	0	0	0	0	0	0	0	0	2020-03-23
Lake	0	0	0	0	0	0	0	0	0	0	0	0	2020-03-24
Lake	0	0	0	0	0	0	0	0	0	0	0	0	2020-03-25
Lake	0	0	0	0	0	0	0	0	0	0	0	0	2020-03-26
Lake	0	0	0	0	0	0	0	0	0	0	0	0	2020-03-27
Lake	0	0	0	0	0	0	0	0	0	0	0	0	2020-03-28
Lake	0.0	0.0	0.0	0.0	0.0	0.0	0.0	0.0	0.0	0.0	0.0	0.0	2020-03-29
Lake	0.0	0.0	0.0	0.0	0.0	0.0	0.0	0.0	0.0	0.0	0.0	0.0	2020-03-30
Lake	1.0	0.0	0.0	0.0	7.659e-05	0.0	5.0	2.0	1.25	0.00038295	0.00015318	9.57375e-05	2020-04-02
Lake	1.0	0.0	0.0	0.0	7.659e-05	0.0	5.0	2.0	1.25	0.00038295	0.00015318	9.57375e-05	2020-04-03
Lake	1.0	0.0	0.0	0.0	7.659e-05	0.0	5.0	2.0	1.25	0.00038295	0.00015318	9.57375e-05	2020-04-04
Lake	1.0	0.0	0.0	0.0	7.659e-05	0.0	5.0	2.0	1.25	0.00038295	0.00015318	9.57375e-05	2020-04-05
Lake	1.0	0.0	0.0	0.0	7.659e-05	0.0	5.0	2.0	1.25	0.00038295	0.00015318	9.57375e-05	2020-04-06
Lake	1.0	0.0	0.0	0.0	7.659e-05	0.0	5.0	2.0	1.25	0.00038295	0.00015318	9.57375e-05	2020-04-07
Lake	2.0	0.0	0.0	0.0	0.00015317	0.0	10.0	4.0	2.5	0.00076585	0.00030634	0.0001914625	2020-04-08
Lake	2.0	0.0	0.0	0.0	0.00015317	0.0	10.0	4.0	2.5	0.00076585	0.00030634	0.0001914625	2020-04-09
Lake	2.0	0.0	0.0	0.0	0.00015317	0.0	10.0	4.0	2.5	0.00076585	0.00030634	0.0001914625	2020-04-10
Lake	2.0	0.0	0.0	0.0	0.00015317	0.0	10.0	4.0	2.5	0.00076585	0.00030634	0.0001914625	2020-04-11
Lake	2.0	0.0	0.0	2.0	0.00015317	0.0	10.0	4.0	2.5	0.00076585	0.00030634	0.0001914625	2020-04-12
Lake	2.0	0.0	0.0	2.0	0.00015317	0.0	10.0	4.0	2.5	0.00076585	0.00030634	0.0001914625	2020-04-13
Lake	2.0	0.0	0.0	2.0	0.00015317	0.0	10.0	4.0	2.5	0.00076585	0.00030634	0.0001914625	2020-04-14
Lake	2.0	0.0	0.0	2.0	0.00015317	0.0	10.0	4.0	2.5	0.00076585	0.00030634	0.0001914625	2020-04-15
Lake	3.0	0.0	0.0	3.0	0.00022976	0.0	15.0	6.0	3.75	0.0011488	0.00045952	0.0002872	2020-04-16
Lake	3.0	0.0	0.0	3.0	0.00022976	0.0	15.0	6.0	3.75	0.0011488	0.00045952	0.0002872	2020-04-17
Lake	3.0	0.0	0.0	3.0	0.00022976	0.0	15.0	6.0	3.75	0.0011488	0.00045952	0.0002872	2020-04-18
Lake	3.0	0.0	0.0	3.0	0.00022976	0.0	15.0	6.0	3.75	0.0011488	0.00045952	0.0002872	2020-04-19
Lake	3.0	0.0	0.0	3.0	0.00022976	0.0	15.0	6.0	3.75	0.0011488	0.00045952	0.0002872	2020-04-20
Lake	3.0	0.0	0.0	3.0	0.00022976	0.0	15.0	6.0	3.75	0.0011488	0.00045952	0.0002872	2020-04-21
Lake	3.0	0.0	0.0	3.0	0.00022976	0.0	15.0	6.0	3.75	0.0011488	0.00045952	0.0002872	2020-04-22
Lake	3.0	0.0	0.0	3.0	0.00022976	0.0	15.0	6.0	3.75	0.0011488	0.00045952	0.0002872	2020-04-23
Lake	4.0	0.0	0.0	4.0	0.00030635	0.0	20.0	8.0	5.0	0.00153175	0.0006127	0.0003829375	2020-04-24
Lake	4.0	0.0	0.0	4.0	0.00030635	0.0	20.0	8.0	5.0	0.00153175	0.0006127	0.0003829375	2020-04-25
Lake	4.0	0.0	0.0	4.0	0.00030635	0.0	20.0	8.0	5.0	0.00153175	0.0006127	0.0003829375	2020-04-26
Lake	4.0	0.0	0.0	4.0	0.00030635	0.0	20.0	8.0	5.0	0.00153175	0.0006127	0.0003829375	2020-04-27
Lake	4.0	0.0	0.0	4.0	0.00030635	0.0	20.0	8.0	5.0	0.00153175	0.0006127	0.0003829375	2020-04-28
Lake	4.0	0.0	0.0	4.0	0.00030635	0.0	20.0	8.0	5.0	0.00153175	0.0006127	0.0003829375	2020-04-29
Lake	4.0	0.0	0.0	4.0	0.00030635	0.0	20.0	8.0	5.0	0.00153175	0.0006127	0.0003829375	2020-04-30
Lake	4.0	0.0	0.0	4.0	0.00030635	0.0	20.0	8.0	5.0	0.00153175	0.0006127	0.0003829375	2020-05-01
Lake	4.0	0.0	0.0	4.0	0.00030635	0.0	20.0	8.0	5.0	0.00153175	0.0006127	0.0003829375	2020-05-02
Lake	4.0	0.0	0.0	4.0	0.00030635	0.0	20.0	8.0	5.0	0.00153175	0.0006127	0.0003829375	2020-05-03
Lake	4.0	0.0	0.0	4.0	0.00030635	0.0	20.0	8.0	5.0	0.00153175	0.0006127	0.0003829375	2020-05-04
Lake	4.0	0.0	0.0	4.0	0.00030635	0.0	20.0	8.0	5.0	0.00153175	0.0006127	0.0003829375	2020-05-05
Lake	4.0	0.0	0.0	4.0	0.00030635	0.0	20.0	8.0	5.0	0.00153175	0.0006127	0.0003829375	2020-05-06
Lake	4.0	0.0	0.0	4.0	0.00030635	0.0	20.0	8.0	5.0	0.00153175	0.0006127	0.0003829375	2020-05-07
Lake	5.0	0.0	0.0	5.0	0.00038294	0.0	25.0	10.0	6.25	0.0019147	0.00076588	0.000478675	2020-05-08
Lake	5.0	0.0	0.0	5.0	0.00038294	0.0	25.0	10.0	6.25	0.0019147	0.00076588	0.000478675	2020-05-09
Lake	5.0	0.0	0.0	5.0	0.00038294	0.0	25.0	10.0	6.25	0.0019147	0.00076588	0.000478675	2020-05-10
Lake	5.0	0.0	0.0	5.0	0.00038294	0.0	25.0	10.0	6.25	0.0019147	0.00076588	0.000478675	2020-05-11
Lake	5.0	0.0	0.0	5.0	0.00038294	0.0	25.0	10.0	6.25	0.0019147	0.00076588	0.000478675	2020-05-12
Lake	5.0	0.0	0.0	5.0	0.00038294	0.0	25.0	10.0	6.25	0.0019147	0.00076588	0.000478675	2020-05-13
Lake	5.0	0.0	0.0	5.0	0.00038294	0.0	25.0	10.0	6.25	0.0019147	0.00076588	0.000478675	2020-05-14
Lake	5.0	0.0	0.0	5.0	0.00038294	0.0	25.0	10.0	6.25	0.0019147	0.00076588	0.000478675	2020-05-15
Lake	5.0	0.0	0.0	5.0	0.00038294	0.0	25.0	10.0	6.25	0.0019147	0.00076588	0.000478675	2020-05-16
Lake	5.0	0.0	0.0	5.0	0.00038294	0.0	25.0	10.0	6.25	0.0019147	0.00076588	0.000478675	2020-05-17
Lake	5.0	0.0	0.0	5.0	0.00038294	0.0	25.0	10.0	6.25	0.0019147	0.00076588	0.000478675	2020-05-18
Lake	5.0	0.0	0.0	5.0	0.00038294	0.0	25.0	10.0	6.25	0.0019147	0.00076588	0.000478675	2020-05-19
Lake	5.0	0.0	0.0	5.0	0.00038294	0.0	25.0	10.0	6.25	0.0019147	0.00076588	0.000478675	2020-05-20
Lake	5.0	0.0	0.0	5.0	0.00038294	0.0	25.0	10.0	6.25	0.0019147	0.00076588	0.000478675	2020-05-21
Lake	5.0	0.0	0.0	5.0	0.00038294	0.0	25.0	10.0	6.25	0.0019147	0.00076588	0.000478675	2020-05-22
Lake	5.0	0.0	0.0	5.0	0.00038294	0.0	25.0	10.0	6.25	0.0019147	0.00076588	0.000478675	2020-05-23
Lake	6.0	0.0	0.0	6.0	0.00045952	0.0	30.0	12.0	7.5	0.0022976	0.00091904	0.0005744	2020-05-24
Lake	6.0	0.0	0.0	6.0	0.00045952	0.0	30.0	12.0	7.5	0.0022976	0.00091904	0.0005744	2020-05-25
Lake	6.0	0.0	0.0	6.0	0.00045952	0.0	30.0	12.0	7.5	0.0022976	0.00091904	0.0005744	2020-05-26
Lake	6.0	0.0	0.0	6.0	0.00045952	0.0	30.0	12.0	7.5	0.0022976	0.00091904	0.0005744	2020-05-27
Lake	7.0	0.0	0.0	7.0	0.00053611	0.0	35.0	14.0	8.75	0.00268055	0.00107222	0.0006701375	2020-05-28
Lake	8.0	0.0	0.0	8.0	0.0006127	0.0	40.0	16.0	10.0	0.0030635	0.0012254	0.000765875	2020-05-29
Lake	8.0	0.0	0.0	8.0	0.0006127	0.0	40.0	16.0	10.0	0.0030635	0.0012254	0.000765875	2020-05-30
Lake	8.0	0.0	0.0	8.0	0.0006127	0.0	40.0	16.0	10.0	0.0030635	0.0012254	0.000765875	2020-05-31
Lake	8.0	0.0	0.0	8.0	0.0006127	0.0	40.0	16.0	10.0	0.0030635	0.0012254	0.000765875	2020-06-01
Lake	8.0	0.0	0.0	8.0	0.0006127	0.0	40.0	16.0	10.0	0.0030635	0.0012254	0.000765875	2020-06-02
Lake	10.0	0.0	0.0	10.0	0.00076587	0.0	50.0	20.0	12.5	0.00382935	0.00153174	0.0009573375	2020-06-03
Lake	12.0	0.0	0.0	12.0	0.00091905	0.0	60.0	24.0	15.0	0.00459525	0.0018381	0.0011488125	2020-06-04
Lake	12.0	0.0	0.0	12.0	0.00091905	0.0	60.0	24.0	15.0	0.00459525	0.0018381	0.0011488125	2020-06-05
Lake	13.0	0.0	0.0	13.0	0.00099563	0.0	65.0	26.0	16.25	0.00497815	0.00199126	0.0012445375	2020-06-06
Lake	13.0	0.0	0.0	13.0	0.00099563	0.0	65.0	26.0	16.25	0.00497815	0.00199126	0.0012445375	2020-06-07
Lake	13.0	0.0	0.0	13.0	0.00099563	0.0	65.0	26.0	16.25	0.00497815	0.00199126	0.0012445375	2020-06-08
Lake	13.0	1.0	0.0	12.0	0.00099563	7.659e-05	333.333333333	153.846153846	100.0	0.02553	0.0117830769231	0.007659	2020-06-09
Lake	13.0	1.0	0.0	12.0	0.00099563	7.659e-05	333.333333333	153.846153846	100.0	0.02553	0.0117830769231	0.007659	2020-06-10
Lake	13.0	1.0	0.0	12.0	0.00099563	7.659e-05	333.333333333	153.846153846	100.0	0.02553	0.0117830769231	0.007659	2020-06-11
Lake	14.0	1.0	0.0	13.0	0.00107222	7.659e-05	333.333333333	153.846153846	100.0	0.02553	0.0117830769231	0.007659	2020-06-12
Lake	14.0	1.0	0.0	13.0	0.00107222	7.659e-05	333.333333333	153.846153846	100.0	0.02553	0.0117830769231	0.007659	2020-06-13
Lake	14.0	1.0	0.0	13.0	0.00107222	7.659e-05	333.333333333	153.846153846	100.0	0.02553	0.0117830769231	0.007659	2020-06-14
Lake	15.0	1.0	0.0	14.0	0.00114881	7.659e-05	333.333333333	153.846153846	100.0	0.02553	0.0117830769231	0.007659	2020-06-15
Lake	16.0	1.0	0.0	15.0	0.0012254	7.659e-05	333.333333333	153.846153846	100.0	0.02553	0.0117830769231	0.007659	2020-06-16
Lake	17.0	1.0	0.0	16.0	0.00130198	7.659e-05	333.333333333	153.846153846	100.0	0.02553	0.0117830769231	0.007659	2020-06-17
Lake	17.0	1.0	0.0	16.0	0.00130198	7.659e-05	333.333333333	153.846153846	100.0	0.02553	0.0117830769231	0.007659	2020-06-18
Lake	17.0	1.0	0.0	16.0	0.00130198	7.659e-05	333.333333333	153.846153846	100.0	0.02553	0.0117830769231	0.007659	2020-06-19
Lake	17.0	1.0	0.0	16.0	0.00130198	7.659e-05	333.333333333	153.846153846	100.0	0.02553	0.0117830769231	0.007659	2020-06-20
Lake	17.0	1.0	0.0	16.0	0.00130198	7.659e-05	333.333333333	153.846153846	100.0	0.02553	0.0117830769231	0.007659	2020-06-21
Lake	17.0	1.0	0.0	16.0	0.00130198	7.659e-05	333.333333333	153.846153846	100.0	0.02553	0.0117830769231	0.007659	2020-06-22
Lake	18.0	1.0	0.0	17.0	0.00137857	7.659e-05	333.333333333	153.846153846	100.0	0.02553	0.0117830769231	0.007659	2020-06-23
Lake	18.0	1.0	0.0	17.0	0.00137857	7.659e-05	333.333333333	153.846153846	100.0	0.02553	0.0117830769231	0.007659	2020-06-24
Lake	18.0	1.0	0.0	17.0	0.00137857	7.659e-05	333.333333333	153.846153846	100.0	0.02553	0.0117830769231	0.007659	2020-06-25
Lake	19.0	1.0	0.0	18.0	0.00145516	7.659e-05	333.333333333	153.846153846	100.0	0.02553	0.0117830769231	0.007659	2020-06-26
Lake	19.0	1.0	0.0	18.0	0.00145516	7.659e-05	333.333333333	153.846153846	100.0	0.02553	0.0117830769231	0.007659	2020-06-27
Lake	20.0	1.0	0.0	19.0	0.00153175	7.659e-05	333.333333333	153.846153846	100.0	0.02553	0.0117830769231	0.007659	2020-06-28
Lake	21.0	1.0	0.0	20.0	0.00160833	7.659e-05	333.333333333	153.846153846	100.0	0.02553	0.0117830769231	0.007659	2020-06-29
Lake	21.0	1.0	0.0	20.0	0.00160833	7.659e-05	333.333333333	153.846153846	100.0	0.02553	0.0117830769231	0.007659	2020-06-30
Lake	21.0	1.0	0.0	20.0	0.00160833	7.659e-05	333.333333333	153.846153846	100.0	0.02553	0.0117830769231	0.007659	2020-07-01
Lake	22.0	1.0	0.0	21.0	0.00168492	7.659e-05	333.333333333	153.846153846	100.0	0.02553	0.0117830769231	0.007659	2020-07-02
Lake	0.467	0.863	21.863	0.0	0.0	1.0	3.577e-05	6.609e-05	0.00167443	0.0	0.0	7.659e-05	2020-07-03
Lake	0.552	1.415	22.415	0.0	0.0	1.0	4.228e-05	0.00010837	0.0017167	0.0	0.0	7.659e-05	2020-07-04
Lake	0.652	2.067	23.067	0.0	0.0	1.0	4.993e-05	0.00015831	0.00176664	0.0	0.0	7.659e-05	2020-07-05
Lake	0.509	0.509	1.161	0.007	0.007	2.074	3.898e-05	3.898e-05	8.892e-05	5.4e-07	5.4e-07	0.00015884	2020-07-06
Lake	0.419	0.928	1.58	0.007	0.014	2.081	3.209e-05	7.107e-05	0.00012101	5.4e-07	1.07e-06	0.00015938	2020-07-07
Lake	0.327	1.255	1.907	0.007	0.021	2.088	2.504e-05	9.612e-05	0.00014605	5.4e-07	1.61e-06	0.00015991	2020-07-08
Lake	2.965	2.965	3.292	0.028	0.028	1.283	0.00022708	0.00022708	0.00025213	2.14e-06	2.14e-06	9.826e-05	2020-07-09
Lake	3.659	6.624	6.951	0.032	0.06	1.315	0.00028023	0.00050731	0.00053236	2.45e-06	4.6e-06	0.00010071	2020-07-10
Lake	3.035	3.035	6.694	0.055	0.055	6.679	0.00023244	0.00023244	0.00051268	4.21e-06	4.21e-06	0.00051153	2020-07-11
Lake	3.007	6.042	9.701	0.059	0.114	6.738	0.0002303	0.00046274	0.00074297	4.52e-06	8.73e-06	0.00051605	2020-07-12
Lake	2.968	9.01	12.669	0.065	0.179	6.803	0.00022731	0.00069005	0.00097028	4.98e-06	1.371e-05	0.00052102	2020-07-13
Lake	0.62	0.62	3.588	0.353	0.353	9.363	4.748e-05	4.748e-05	0.0002748	2.704e-05	2.704e-05	0.00071709	2020-07-14
Lake	0.495	1.115	4.083	0.301	0.654	9.664	3.791e-05	8.539e-05	0.00031271	2.305e-05	5.009e-05	0.00074014	2020-07-15
Lake	0.393	1.508	4.476	0.248	0.902	9.912	3.01e-05	0.00011549	0.0003428	1.899e-05	6.908e-05	0.00075913	2020-07-16
Lake	0.307	1.815	4.783	0.193	1.095	10.105	2.351e-05	0.00013901	0.00036632	1.478e-05	8.386e-05	0.00077391	2020-07-17
Lake	49.0	1.0	0.0	48.0	0.00375278	7.659e-05	333.333333333	153.846153846	100.0	0.02553	0.0117830769231	0.007659	2020-07-18
Lake	48.0	1.0	0.0	47.0	0.00367619	7.659e-05	333.333333333	153.846153846	100.0	0.02553	0.0117830769231	0.007659	2020-07-19
