Name	Predicted_New_Cases	Total_Predicted_New_Cases	Total_Predicted_Cases	Predicted_New_Deaths	Total_Predicted_New_Deaths	Total_Predicted_Deaths	Predicted_New_per_capita	Predicted_Total_New_per_capita	Predicted_Total_Cases_per_capita	Predicted_New_Deaths_per_capita	Total_Predicted_New_Deaths_per_capita	Total_Predicted_Deaths_per_capita
Pima	3.399	5967.911	22442.911	0.066	143.35	605.35	3.27e-06	0.0057435	0.02159897	6e-08	0.00013796	0.00058259
Cochise	0.468	618.738	2141.738	0.257	143.191	192.191	3.69e-06	0.00488079	0.01689468	2.03e-06	0.00112953	0.00151606
Coconino	0.0	299.456	3263.456	0.01	21.604	138.604	0.0	0.00209624	0.02284469	7e-08	0.00015123	0.00097025
Yavapai	0.334	722.73	2500.73	0.0	3.843	63.843	1.44e-06	0.00311531	0.01077933	0.0	1.657e-05	0.00027519
Greenlee	0.613	269.38	324.38	0.0	0.0	1.0	6.464e-05	0.02840662	0.03420647	0.0	0.0	0.00010545
La Paz	0.0	49.921	521.921	0.0	2.089	12.089	0.0	0.00236615	0.02473794	0.0	9.901e-05	0.00057299
Graham	0.482	522.575	1000.575	0.058	28.635	37.635	1.266e-05	0.01372597	0.02628113	1.52e-06	0.00075213	0.00098852
Gila	0.236	510.623	1332.623	0.048	33.736	62.736	4.38e-06	0.00947546	0.02472904	8.9e-07	0.00062603	0.00116417
Yuma	1.618	3498.856	14576.856	0.01	98.495	352.495	N/A	N/A	N/A	N/A	N/A	N/A
Unassigned	0.082	177.218	185.218	0.0	0.0	1.0	N/A	N/A	N/A	N/A	N/A	N/A
Navajo	0.0	209.96	5464.96	0.032	70.214	258.214	0.0	0.00190104	0.04948128	2.9e-07	0.00063574	0.00233794
Mohave	0.0	916.77	3906.77	0.023	68.415	221.415	0.0	0.00437495	0.01864362	1.1e-07	0.00032649	0.00105662
Pinal	1.387	2999.934	11152.934	0.0	37.693	177.693	3.1e-06	0.00670919	0.02494293	0.0	8.43e-05	0.0003974
Maricopa	21.033	45477.357	164772.357	0.25	1092.261	3181.261	4.77e-06	0.0103104	0.03735637	6e-08	0.00024763	0.00072124
Apache	0.032	470.227	3524.227	0.023	49.963	184.963	4.5e-07	0.00654748	0.04907164	3.2e-07	0.00069569	0.00257544
