Name	Predicted_New_Cases	Total_Predicted_New_Cases	Total_Predicted_Cases	Predicted_New_Deaths	Total_Predicted_New_Deaths	Total_Predicted_Deaths	Predicted_New_per_capita	Predicted_Total_New_per_capita	Predicted_Total_Cases_per_capita	Predicted_New_Deaths_per_capita	Total_Predicted_New_Deaths_per_capita	Total_Predicted_Deaths_per_capita
Pima	176.801	1480.813	4634.813	2.775	32.113	237.113	0.00017015	0.00142513	0.00446053	2.67e-06	3.091e-05	0.0002282
Cochise	44.071	235.886	384.886	0.0	1.366	5.366	0.00034765	0.00186074	0.0030361	0.0	1.078e-05	4.233e-05
Coconino	16.01	198.11	1488.11	0.148	4.902	89.902	0.00011207	0.0013868	0.010417	1.04e-06	3.431e-05	0.00062933
Yavapai	6.978	53.683	383.683	0.0	0.0	6.0	3.008e-05	0.0002314	0.00165386	0.0	0.0	2.586e-05
Greenlee	0.553	6.883	16.883	0.0	0.0	0.0	5.831e-05	0.00072583	0.00178034	0.0	0.0	0.0
La Paz	68.497	366.626	549.626	0.0	0.0	1.0	0.00324661	0.01737729	0.02605109	0.0	0.0	4.74e-05
Graham	1.459	18.152	59.152	0.0	0.0	1.0	3.832e-05	0.00047678	0.00155369	0.0	0.0	2.627e-05
Gila	2.092	23.534	69.534	0.933	5.113	8.113	3.882e-05	0.00043671	0.00129032	1.731e-05	9.488e-05	0.00015055
Yuma	322.966	2406.732	4663.732	7.775	44.122	76.122	N/A	N/A	N/A	N/A	N/A	N/A
Unassigned	0.0	0.196	2.196	7.775	44.122	44.122	N/A	N/A	N/A	N/A	N/A	N/A
Navajo	37.541	475.272	2704.272	1.434	16.994	88.994	0.00033991	0.00430325	0.02448524	1.298e-05	0.00015387	0.00080578
Mohave	9.676	120.392	632.392	1.035	12.876	70.876	4.618e-05	0.00057453	0.00301786	4.94e-06	6.145e-05	0.00033823
Santa Cruz	34.352	397.513	1012.513	0.0	0.0	3.0	0.00073858	0.00854664	0.02176932	0.0	0.0	6.45e-05
Pinal	57.613	482.547	1609.547	1.282	7.802	48.802	0.00012885	0.00107919	0.00359966	2.87e-06	1.745e-05	0.00010914
Maricopa	843.357	7063.604	21066.604	7.694	94.282	585.282	0.0001912	0.00160143	0.00477612	1.74e-06	2.138e-05	0.00013269
Apache	11.382	250.092	1982.092	1.061	16.998	65.998	0.00015848	0.0034823	0.02759882	1.477e-05	0.00023668	0.00091896
