Name	Predicted_New_Cases	Total_Predicted_New_Cases	Total_Predicted_Cases	Predicted_New_Deaths	Total_Predicted_New_Deaths	Total_Predicted_Deaths	Predicted_New_per_capita	Predicted_Total_New_per_capita	Predicted_Total_Cases_per_capita	Predicted_New_Deaths_per_capita	Total_Predicted_New_Deaths_per_capita	Total_Predicted_Deaths_per_capita
Pima	6.533	6860.021	26441.021	0.145	152.37	683.37	6.29e-06	0.00660206	0.02544674	1.4e-07	0.00014664	0.00065767
Cochise	4.361	2124.083	3885.083	0.022	21.391	78.391	3.44e-05	0.01675541	0.03064671	1.7e-07	0.00016874	0.00061837
Coconino	0.031	308.394	3488.394	1.107	224.253	344.253	2.2e-07	0.00215881	0.0244193	7.75e-06	0.00156981	0.00240982
Yavapai	0.006	392.798	2538.798	0.011	19.232	92.232	3e-08	0.00169315	0.01094343	5e-08	8.29e-05	0.00039756
Greenlee	0.001	1.915	58.915	0.0	0.0	1.0	1.1e-07	0.00020194	0.0062127	0.0	0.0	0.00010545
La Paz	0.229	111.311	601.311	0.192	49.543	61.543	1.085e-05	0.0052759	0.02850085	9.1e-06	0.00234823	0.00291701
Graham	0.002	139.771	743.771	0.005	22.081	43.081	5e-08	0.00367123	0.01953591	1.3e-07	0.00057998	0.00113157
Gila	0.405	425.202	1427.202	0.137	66.496	108.496	7.52e-06	0.00789033	0.02648411	2.54e-06	0.00123394	0.00201332
Unassigned	0.0	0.0	1.0	0.0	0.0	1.0	N/A	N/A	N/A	N/A	N/A	N/A
Navajo	0.045	292.731	5744.731	0.0	12.241	220.241	4.1e-07	0.00265047	0.05201441	0.0	0.00011083	0.00199412
Mohave	0.379	640.739	4003.739	0.06	69.132	253.132	1.81e-06	0.00305769	0.01910637	2.9e-07	0.00032991	0.00120798
Santa Cruz	0.0	94.652	2798.652	0.006	10.57	65.57	0.0	0.00203505	0.06017183	1.3e-07	0.00022726	0.00140977
Pinal	10.186	4439.504	13149.504	0.0	24.534	193.534	2.278e-05	0.00992871	0.02940816	0.0	5.487e-05	0.00043283
Maricopa	0.0	2757.93	132142.93	0.517	872.426	3468.426	0.0	0.00062526	0.02995879	1.2e-07	0.00019779	0.00078634
