Name	Predicted_New_Cases	Total_Predicted_New_Cases	Total_Predicted_Cases	Predicted_New_Deaths	Total_Predicted_New_Deaths	Total_Predicted_Deaths	Predicted_New_per_capita	Predicted_Total_New_per_capita	Predicted_Total_Cases_per_capita	Predicted_New_Deaths_per_capita	Total_Predicted_New_Deaths_per_capita	Total_Predicted_Deaths_per_capita
Pima	17.325	6370.984	23111.984	0.508	180.924	642.924	1.667e-05	0.00613141	0.02224289	4.9e-07	0.00017412	0.00061875
Cochise	1.651	607.111	2164.111	0.0	11.387	61.387	1.302e-05	0.00478907	0.01707116	0.0	8.982e-05	0.00048424
Coconino	0.009	289.885	3286.885	0.054	21.239	137.239	6e-08	0.00202924	0.0230087	3.8e-07	0.00014868	0.00096069
Yavapai	2.485	885.427	2743.427	0.063	24.89	86.89	1.071e-05	0.00381661	0.01182547	2.7e-07	0.00010729	0.00037454
Greenlee	0.121	48.008	105.008	0.0	0.0	1.0	1.276e-05	0.00506253	0.01107329	0.0	0.0	0.00010545
Graham	1.034	408.759	898.759	0.079	20.662	29.662	2.716e-05	0.01073647	0.02360682	2.08e-06	0.00054271	0.0007791
Gila	1.26	498.14	1339.14	0.211	54.959	83.959	2.338e-05	0.00924382	0.02484997	3.92e-06	0.00101986	0.001558
Yuma	7.719	3183.146	14386.146	0.323	127.663	390.663	N/A	N/A	N/A	N/A	N/A	N/A
Unassigned	0.441	174.232	182.232	0.0	0.0	1.0	N/A	N/A	N/A	N/A	N/A	N/A
Navajo	1.252	609.843	5893.843	0.005	40.085	228.085	1.134e-05	0.00552169	0.05336451	5e-08	0.00036294	0.00206515
Mohave	0.231	811.42	3851.42	0.179	70.686	223.686	1.1e-06	0.0038722	0.01837948	8.5e-07	0.00033732	0.00106746
Pinal	3.645	2316.319	10617.319	0.153	60.289	201.289	8.15e-06	0.00518032	0.02374506	3.4e-07	0.00013483	0.00045017
Maricopa	79.325	38626.422	159586.422	2.885	1140.212	3248.212	1.798e-05	0.00875719	0.03618064	6.5e-07	0.0002585	0.00073642
Apache	0.021	301.984	3385.984	0.0	5.728	141.728	2.9e-07	0.00420485	0.04714673	0.0	7.976e-05	0.00197343
