Name	Predicted_New_Cases	Total_Predicted_New_Cases	Total_Predicted_Cases	Predicted_New_Deaths	Total_Predicted_New_Deaths	Total_Predicted_Deaths	Predicted_New_per_capita	Predicted_Total_New_per_capita	Predicted_Total_Cases_per_capita	Predicted_New_Deaths_per_capita	Total_Predicted_New_Deaths_per_capita	Total_Predicted_Deaths_per_capita
Pima	0.196	890.509	1868.109	0.052	81.4	142.173	1.9e-07	0.00085702	0.00179786	5e-08	7.834e-05	0.00013683
Cochise	0.016	29.92	59.0	0.052	81.4	84.173	1.3e-07	0.00023602	0.00046541	4.1e-07	0.00064211	0.00066398
Coconino	36.43	8866.413	9213.657	0.0	4.553	37.242	0.00025502	0.06206626	0.06449702	0.0	3.187e-05	0.0002607
Yavapai	0.0	19.859	91.992	0.0	0.0	1.0	0.0	8.56e-05	0.00039653	0.0	0.0	4.31e-06
Greenlee	0.0	0.54	2.62	0.0	0.0	0.0	0.0	5.694e-05	0.00027628	0.0	0.0	0.0
La Paz	0.001	4.109	9.278	0.0	0.0	1.0	5e-08	0.00019476	0.00043976	0.0	0.0	4.74e-05
Graham	0.0	0.0	2.0	0.0	0.0	0.0	0.0	0.0	5.253e-05	0.0	0.0	0.0
Gila	1.17	284.649	292.978	0.0	0.0	0.0	2.171e-05	0.00528214	0.00543669	0.0	0.0	0.0
Yuma	0.106	82.101	114.528	0.0	0.0	1.0	N/A	N/A	N/A	N/A	N/A	N/A
Unassigned	0.0	1.243	2.763	0.0	0.0	0.0	N/A	N/A	N/A	N/A	N/A	N/A
Navajo	58.699	14286.278	14775.785	0.0	1.797	13.464	0.00053148	0.12935197	0.1337841	0.0	1.627e-05	0.00012191
Mohave	0.018	82.943	142.352	0.0	0.0	1.0	9e-08	0.00039581	0.00067932	0.0	0.0	4.77e-06
Santa Cruz	0.081	62.661	83.75	0.0	0.0	0.0	1.74e-06	0.00134723	0.00180065	0.0	0.0	0.0
Pinal	0.192	298.603	564.776	0.0	0.0	7.0	4.3e-07	0.00066781	0.00126309	0.0	0.0	1.566e-05
Maricopa	0.453	2061.865	4782.607	0.07	108.273	186.962	1e-07	0.00046746	0.00108429	2e-08	2.455e-05	4.239e-05
Apache	18.533	5450.53	5664.006	0.0	0.0	4.0	0.00025806	0.07589365	0.07886611	0.0	0.0	5.57e-05
