Name	Predicted_New_Cases	Total_Predicted_New_Cases	Total_Predicted_Cases	Predicted_New_Deaths	Total_Predicted_New_Deaths	Total_Predicted_Deaths	Predicted_New_per_capita	Predicted_Total_New_per_capita	Predicted_Total_Cases_per_capita	Predicted_New_Deaths_per_capita	Total_Predicted_New_Deaths_per_capita	Total_Predicted_Deaths_per_capita
Pima	0.051	1061.67	2722.67	0.004	182.338	326.338	5e-08	0.00102175	0.00262029	0.0	0.00017548	0.00031407
Cochise	0.017	23.917	66.917	0.0	0.0	1.0	1.3e-07	0.00018866	0.00052786	0.0	0.0	7.89e-06
Coconino	0.053	744.303	1516.303	0.026	73.538	131.538	3.7e-07	0.00521024	0.01061435	1.8e-07	0.00051478	0.00092079
Yavapai	0.008	320.188	547.188	0.013	24.071	28.071	3e-08	0.00138016	0.00235864	6e-08	0.00010376	0.000121
Greenlee	0.0	0.0	2.0	0.013	24.071	24.071	0.0	0.0	0.0002109	1.37e-06	0.00253833	0.00253833
La Paz	0.001	32.841	57.841	0.0	0.0	1.0	5e-08	0.00155659	0.00274154	0.0	0.0	4.74e-05
Graham	0.0	0.69	21.69	0.0	0.0	0.0	0.0	1.812e-05	0.00056971	0.0	0.0	0.0
Gila	0.003	26.133	45.133	0.0	0.0	1.0	6e-08	0.00048494	0.00083752	0.0	0.0	1.856e-05
Yuma	0.044	403.499	686.499	0.022	22.996	26.996	N/A	N/A	N/A	N/A	N/A	N/A
Unassigned	0.009	83.923	84.923	0.022	22.996	22.996	N/A	N/A	N/A	N/A	N/A	N/A
Navajo	0.017	725.511	1824.511	0.063	117.259	159.259	1.5e-07	0.00656898	0.01651963	5.7e-07	0.0010617	0.00144198
Mohave	0.017	237.793	450.793	0.11	126.077	152.077	8e-08	0.00113478	0.00215124	5.2e-07	0.00060166	0.00072573
Santa Cruz	0.254	194.467	244.467	0.11	126.077	126.077	5.46e-06	0.0041811	0.00525611	2.37e-06	0.00271069	0.00271069
Pinal	0.047	665.537	1308.537	0.063	72.894	92.894	1.1e-07	0.00148844	0.00292647	1.4e-07	0.00016302	0.00020775
Maricopa	0.089	4517.165	10858.165	0.051	471.159	752.159	2e-08	0.00102411	0.00246171	1e-08	0.00010682	0.00017053
Apache	0.016	687.11	1504.11	0.017	31.375	43.375	2.2e-07	0.00956738	0.02094336	2.4e-07	0.00043687	0.00060396
