Name	Predicted_New_Cases	Total_Predicted_New_Cases	Total_Predicted_Cases	Predicted_New_Deaths	Total_Predicted_New_Deaths	Total_Predicted_Deaths	Predicted_New_per_capita	Predicted_Total_New_per_capita	Predicted_Total_Cases_per_capita	Predicted_New_Deaths_per_capita	Total_Predicted_New_Deaths_per_capita	Total_Predicted_Deaths_per_capita
Coconino	0.008	728.25	3598.25	0.0	18.919	130.919	6e-08	0.00509786	0.0251883	0.0	0.00013244	0.00091645
Yavapai	0.0	658.809	2257.809	0.001	81.992	135.992	0.0	0.00283978	0.00973223	0.0	0.00035342	0.00058619
La Paz	0.001	98.208	561.208	0.003	12.985	21.985	5e-08	0.00465485	0.02660006	1.4e-07	0.00061546	0.00104204
Graham	0.004	325.044	721.044	0.004	14.88	20.88	1.1e-07	0.00853761	0.01893896	1.1e-07	0.00039084	0.00054843
Gila	0.004	448.216	1151.216	0.006	37.549	58.549	7e-08	0.00831739	0.02136273	1.1e-07	0.00069678	0.00108647
Yuma	0.039	3425.686	13859.686	0.002	165.225	386.225	N/A	N/A	N/A	N/A	N/A	N/A
Unassigned	0.002	177.385	185.385	0.0	0.0	1.0	N/A	N/A	N/A	N/A	N/A	N/A
Navajo	0.0	487.396	5566.396	0.002	74.98	252.98	0.0	0.00441302	0.05039971	2e-08	0.00067889	0.00229055
Mohave	0.018	1555.275	4280.275	0.001	82.328	218.328	9e-08	0.00742198	0.02042603	0.0	0.00039288	0.00104189
Santa Cruz	0.03	909.35	3426.35	0.108	160.081	209.081	6.5e-07	0.01955129	0.07366752	2.32e-06	0.00344179	0.0044953
Pinal	0.024	2746.079	10307.079	0.001	69.381	191.381	5e-08	0.00614146	0.02305123	0.0	0.00015517	0.00042801
Maricopa	0.0	42385.841	152373.841	0.014	1216.492	3023.492	0.0	0.00960951	0.03454544	0.0	0.0002758	0.00068547
Apache	0.007	623.508	3553.508	0.073	141.863	269.863	1e-07	0.00868178	0.04947935	1.02e-06	0.00197531	0.0037576
