Name	Predicted_New_Cases	Total_Predicted_New_Cases	Total_Predicted_Cases	Predicted_New_Deaths	Total_Predicted_New_Deaths	Total_Predicted_Deaths	Predicted_New_per_capita	Predicted_Total_New_per_capita	Predicted_Total_Cases_per_capita	Predicted_New_Deaths_per_capita	Total_Predicted_New_Deaths_per_capita	Total_Predicted_Deaths_per_capita
Pima	41.986	6369.494	25950.494	0.933	141.473	672.473	4.041e-05	0.00612998	0.02497466	9e-07	0.00013615	0.00064719
Cochise	20.684	1877.909	3638.909	0.136	19.799	76.799	0.00016316	0.01481351	0.02870481	1.07e-06	0.00015618	0.00060581
Coconino	1.521	293.446	3473.446	4.26	166.075	286.075	1.065e-05	0.00205417	0.02431466	2.982e-05	0.00116255	0.00200257
Yavapai	1.662	381.562	2527.562	0.108	18.055	91.055	7.16e-06	0.00164471	0.01089499	4.7e-07	7.783e-05	0.00039249
Greenlee	0.011	1.799	58.799	0.0	0.0	1.0	1.16e-06	0.00018971	0.00620046	0.0	0.0	0.00010545
La Paz	1.084	98.408	588.408	0.781	39.333	51.333	5.138e-05	0.00466433	0.02788928	3.702e-05	0.0018643	0.00243307
Graham	0.591	135.772	739.772	0.115	20.9	41.9	1.552e-05	0.00356619	0.01943087	3.02e-06	0.00054896	0.00110055
Gila	2.602	394.797	1396.797	0.647	58.788	100.788	4.828e-05	0.00732611	0.02591989	1.201e-05	0.00109091	0.00187029
Unassigned	0.0	0.0	1.0	0.0	0.0	1.0	N/A	N/A	N/A	N/A	N/A	N/A
Navajo	1.484	277.814	5729.814	0.0	12.241	220.241	1.344e-05	0.00251541	0.05187934	0.0	0.00011083	0.00199412
Mohave	3.595	601.593	3964.593	0.411	64.377	248.377	1.716e-05	0.00287088	0.01891956	1.96e-06	0.00030722	0.00118529
Santa Cruz	0.039	94.558	2798.558	0.059	9.926	64.926	8.4e-07	0.00203302	0.06016981	1.27e-06	0.00021341	0.00139593
Pinal	47.408	3864.006	12574.006	0.0	24.534	193.534	0.00010603	0.00864164	0.02812109	0.0	5.487e-05	0.00043283
Maricopa	0.0	2757.93	132142.93	4.896	819.124	3415.124	0.0	0.00062526	0.02995879	1.11e-06	0.00018571	0.00077426
Apache	0.175	189.272	3430.272	0.0	2.095	144.095	2.44e-06	0.00263544	0.0477634	0.0	2.917e-05	0.00200639
