Name	Predicted_New_Cases	Total_Predicted_New_Cases	Total_Predicted_Cases	Predicted_New_Deaths	Total_Predicted_New_Deaths	Total_Predicted_Deaths	Predicted_New_per_capita	Predicted_Total_New_per_capita	Predicted_Total_Cases_per_capita	Predicted_New_Deaths_per_capita	Total_Predicted_New_Deaths_per_capita	Total_Predicted_Deaths_per_capita
Pima	0.345	6113.057	20256.057	0.016	198.532	603.532	3.3e-07	0.00588318	0.01949435	2e-08	0.00019107	0.00058084
Cochise	0.018	640.923	1951.923	0.015	24.915	55.915	1.4e-07	0.00505579	0.01539736	1.2e-07	0.00019654	0.00044107
Yavapai	0.116	929.141	2407.141	0.272	243.815	294.815	5e-07	0.00400504	0.01037592	1.17e-06	0.00105096	0.00127079
Graham	0.947	847.396	1175.396	0.229	96.65	101.65	2.487e-05	0.02225772	0.03087298	6.01e-06	0.00253861	0.00266994
Gila	0.477	709.64	1331.64	0.119	69.141	90.141	8.85e-06	0.01316855	0.02471079	2.21e-06	0.00128303	0.00167272
Yuma	0.087	3071.44	12865.44	0.011	130.844	340.844	N/A	N/A	N/A	N/A	N/A	N/A
Unassigned	0.0	0.0	1.0	0.0	0.0	1.0	N/A	N/A	N/A	N/A	N/A	N/A
Navajo	0.131	1598.218	6590.218	0.019	65.106	230.106	1.19e-06	0.01447071	0.05966968	1.7e-07	0.00058949	0.00208344
Mohave	0.089	1581.677	4106.677	1.023	518.547	647.547	4.2e-07	0.00754797	0.0195976	4.88e-06	0.00247457	0.00309018
Santa Cruz	0.043	520.127	2944.127	0.072	78.119	122.119	9.2e-07	0.01118288	0.06329959	1.55e-06	0.00167958	0.00262559
Pinal	0.193	3423.179	10397.179	0.165	162.196	276.196	4.3e-07	0.00765576	0.02325273	3.7e-07	0.00036274	0.0006177
Maricopa	4.518	55063.372	157310.372	0.103	1261.076	2912.076	1.02e-06	0.01248369	0.03566462	2e-08	0.0002859	0.00066021
Apache	0.05	606.495	3447.495	0.069	68.322	185.322	7e-07	0.00844489	0.04800322	9.6e-07	0.00095132	0.00258044
