Name	Confirmed	Deaths	Recovered	Active	Confirmed_per_capita	Deaths_per_capita	IFR_0.30_expected	IFR_0.65_expected	IFR_1.0_expected	IFR_0.30_expected_per_capita	IFR_0.65_expected_per_capita	IFR_1.0_expected_per_capita	Date
Warren	0.0	0.0	0.0	0.0	0.0	0.0	0.0	0.0	0.0	0.0	0.0	0.0	2020-03-22
Warren	0	0	0	0	0.0	0.0	0	0	0	0.0	0.0	0.0	0	0	2020-03-23
Warren	0	0	0	0	0.0	0.0	0	0	0	0.0	0.0	0.0	0	0	0	0	2020-03-24
Warren	0	0	0	0	0.0	0.0	0	0	0	0.0	0.0	0.0	0	0	100	0	2020-03-25
Warren	1	0	0	0	2.5e-05	0.0	5	2	1.25	0.000125	5e-05	3.125e-05	1	0	100	0	2020-03-26
Warren	2	0	0	0	5e-05	0.0	10	4	2.5	0.00025	0.0001	6.25e-05	1	0	0	0	2020-03-27
Warren	2	0	0	0	5e-05	0.0	10	4	2.5	0.00025	0.0001	6.25e-05	0	0	-100	0	2020-03-28
Warren	2	0	0	0	5e-05	0.0	10	4	2.5	0.00025	0.0001	6.25e-05	0	0	100	0	2020-03-29
Warren	2	0	0	0	5e-05	0.0	10	4	2.5	0.00025	0.0001	6.25e-05	0	0	0	0	2020-03-30
Warren	3	0	0	0	7.499e-05	0.0	15	6	3.75	0.00037495	0.00014998	9.37375e-05	1	0	100	0	2020-03-31
Warren	3	0	0	0	7.499e-05	0.0	15	6	3.75	0.00037495	0.00014998	9.37375e-05	0	0	-100	0	2020-04-01
Warren	3	0	0	0	7.499e-05	0.0	15	6	3.75	0.00037495	0.00014998	9.37375e-05	0	0	100	0	2020-04-02
Warren	4	0	0	0	9.999e-05	0.0	20	8	5	0.00049995	0.00019998	0.0001249875	1	0	100	0	2020-04-03
Warren	4	0	0	0	9.999e-05	0.0	20	8	5	0.00049995	0.00019998	0.0001249875	0	0	-100	0	2020-04-04
Warren	4.0	0.0	0.0	0.0	9.999e-05	0.0	20.0	8.0	5.0	0.00049995	0.00019998	0.0001249875	2020-04-05
Warren	5.0	0.0	0.0	0.0	0.00012499	0.0	25.0	10.0	6.25	0.00062495	0.00024998	0.0001562375	2020-04-06
