Name	Confirmed	Deaths	Recovered	Active	Confirmed_per_capita	Deaths_per_capita	IFR_0.30_expected	IFR_0.65_expected	IFR_1.0_expected	IFR_0.30_expected_per_capita	IFR_0.65_expected_per_capita	IFR_1.0_expected_per_capita	Date
Florida	15.0	2.0	0.0	N/A	7e-07	9e-08	666.666666667	307.692307692	200.0	3e-05	1.38461538462e-05	9e-06	2020-03-10
Florida	28.0	2.0	0.0	N/A	1.3e-06	9e-08	666.666666667	307.692307692	200.0	3e-05	1.38461538462e-05	9e-06	2020-03-11
Florida	35.0	2.0	0.0	N/A	1.63e-06	9e-08	666.666666667	307.692307692	200.0	3e-05	1.38461538462e-05	9e-06	2020-03-12
Florida	50.0	2.0	0.0	N/A	2.33e-06	9e-08	666.666666667	307.692307692	200.0	3e-05	1.38461538462e-05	9e-06	2020-03-13
Florida	76.0	3.0	0.0	N/A	3.54e-06	1.4e-07	1000.0	461.538461538	300.0	4.66666666667e-05	2.15384615385e-05	1.4e-05	2020-03-14
Florida	115	4	0	N/A	5.35e-06	1.9e-07	1333.33333333	615.384615385	400	6.33333333333e-05	2.92307692308e-05	1.9e-05	2020-03-15
Florida	155	5	0	N/A	7.22e-06	2.3e-07	1666.66666667	769.230769231	500	7.66666666667e-05	3.53846153846e-05	2.3e-05	2020-03-16
Florida	216	6	0	N/A	1.006e-05	2.8e-07	2000	923.076923077	600	9.33333333333e-05	4.30769230769e-05	2.8e-05	2020-03-17
Florida	314	7	0	N/A	1.462e-05	3.3e-07	2333.33333333	1076.92307692	700	0.00011	5.07692307692e-05	3.3e-05	2020-03-18
Florida	417	9	0	N/A	1.942e-05	4.2e-07	3000	1384.61538462	900	0.00014	6.46153846154e-05	4.2e-05	2020-03-19
Florida	563	10	0	N/A	2.621e-05	4.7e-07	3333.33333333	1538.46153846	1000	0.000156666666667	7.23076923077e-05	4.7e-05	2020-03-20
Florida	659	13	0	N/A	3.068e-05	6.1e-07	4333.33333333	2000	1300	0.000203333333333	9.38461538462e-05	6.1e-05	2020-03-21
Florida	1004	13	0	0	4.675e-05	6.1e-07	4333.33333333	2000	1300	0.000203333333333	9.38461538462e-05	6.1e-05	2020-03-22
Florida	1227	18	0	0	5.713e-05	8.4e-07	6000	2769.23076923	1800	0.00028	0.000129230769231	8.4e-05	2020-03-23
Florida	1412	18	0	0	6.574e-05	8.4e-07	6000	2769.23076923	1800	0.00028	0.000129230769231	8.4e-05	2020-03-24
Florida	1682	23	0	0	7.831e-05	1.07e-06	7666.66666667	3538.46153846	2300	0.000356666666667	0.000164615384615	0.000107	2020-03-25
Florida	2357	29	0	0	0.00010974	1.35e-06	9666.66666667	4461.53846154	2900	0.00045	0.000207692307692	0.000135	2020-03-26
Florida	2900	35	0	0	0.00013502	1.63e-06	11666.6666667	5384.61538462	3500	0.000543333333333	0.000250769230769	0.000163	2020-03-27
Florida	3763	54	0	0	0.0001752	2.51e-06	18000	8307.69230769	5400	0.000836666666667	0.000386153846154	0.000251	2020-03-28
Florida	4246	56	0	0	0.00019769	2.61e-06	18666.6666667	8615.38461538	5600.0	0.00087	0.000401538461538	0.000261	2020-03-29
Florida	5473	63	0	0	0.00025482	2.93e-06	21000.0	9692.30769231	6300.0	0.000976666666667	0.000450769230769	0.000293	2020-03-30
Florida	6741	85	0	0	0.00031386	3.96e-06	28333.3333333	13076.9230769	8500.0	0.00132	0.000609230769231	0.000396	2020-03-31
Florida	6956	87	0	0	0.00032387	4.05e-06	29000.0	13384.6153846	8700.0	0.00135	0.000623076923077	0.000405	2020-04-01
Florida	9008	164	0	0	0.00041941	7.64e-06	54666.6666667	25230.7692308	16400.0	0.00254666666667	0.00117538461538	0.000764	2020-04-02
Florida	10268	170	0	0	0.00047808	7.92e-06	56666.6666667	26153.8461538	17000.0	0.00264	0.00121846153846	0.000792	2020-04-03
Florida	11545	195	0	0	0.00053753	9.08e-06	65000.0	30000.0	19500.0	0.00302666666667	0.00139692307692	0.000908	2020-04-04
Florida	12350	221	0	0	0.00057501	1.029e-05	73666.6666667	34000.0	22100.0	0.00343	0.00158307692308	0.001029	2020-04-05
Florida	13324	236	0	0	0.00062036	1.099e-05	78666.6666667	36307.6923077	23600.0	0.00366333333333	0.00169076923077	0.001099	2020-04-06
Florida	14545	283	0	0	0.00067721	1.318e-05	94333.3333333	43538.4615385	28300.0	0.00439333333333	0.00202769230769	0.001318	2020-04-07
Florida	15456	309	0	0	0.00071963	1.439e-05	103000.0	47538.4615385	30900.0	0.00479666666667	0.00221384615385	0.001439	2020-04-08
Florida	16364	354	0	0	0.00076191	1.648e-05	118000.0	54461.5384615	35400.0	0.00549333333333	0.00253538461538	0.001648	2020-04-09
Florida	17531	390	0	0	0.00081624	1.816e-05	130000.0	60000.0	39000.0	0.00605333333333	0.00279384615385	0.001816	2020-04-10
Florida	18494	438	0	0	0.00086108	2.039e-05	146000.0	67384.6153846	43800.0	0.00679666666667	0.00313692307692	0.002039	2020-04-11
Florida	19895	461	0	19434	0.00092631	2.146e-05	153666.666667	70923.0769231	46100.0	0.00715333333333	0.00330153846154	0.002146	2020-04-12
Florida	21019	499	0	122520	0.00097864	2.323e-05	166333.333333	76769.2307692	49900.0	0.00774333333333	0.00357384615385	0.002323	2020-04-13
Florida	21628	571	0	21057	0.001007	2.659e-05	190333.333333	87846.1538462	57100.0	0.00886333333333	0.00409076923077	0.002659	2020-04-14
Florida	22511	596	0	21915	0.00104811	2.775e-05	198666.666667	91692.3076923	59600.0	0.00925	0.00426923076923	0.002775	2020-04-15
Florida	23343	668	0	22675	0.00108685	3.11e-05	222666.666667	102769.230769	66800.0	0.0103666666667	0.00478461538462	0.00311	2020-04-16
Florida	24759	725	0	24034	0.00115278	3.376e-05	241666.666667	111538.461538	72500.0	0.0112533333333	0.00519384615385	0.003376	2020-04-17
Florida	25492	748	0	24744	0.0011869	3.483e-05	249333.333333	115076.923077	74800.0	0.01161	0.00535846153846	0.003483	2020-04-18
Florida	26314	774	0	25540	0.00122518	3.604e-05	258000.0	119076.923077	77400.0	0.0120133333333	0.00554461538462	0.003604	2020-04-19
