Name	Confirmed	Deaths	Recovered	Active	Confirmed_per_capita	Deaths_per_capita	IFR_0.30_expected	IFR_0.65_expected	IFR_1.0_expected	IFR_0.30_expected_per_capita	IFR_0.65_expected_per_capita	IFR_1.0_expected_per_capita	Date
Australia	297	3	23	N/A	1.188e-05	1.2e-07	1000.0	461.538461538	300.0	4e-05	1.84615384615e-05	1.2e-05	2020-03-15
Australia	377	3	23	N/A	1.508e-05	1.2e-07	1000.0	461.538461538	300.0	4e-05	1.84615384615e-05	1.2e-05	2020-03-16
Australia	452	5	23	N/A	1.809e-05	2e-07	1666.66666667	769.230769231	500.0	6.66666666667e-05	3.07692307692e-05	2e-05	2020-03-17
Australia	568	6	23	N/A	2.273e-05	2.4e-07	2000.0	923.076923077	600.0	8e-05	3.69230769231e-05	2.4e-05	2020-03-18
Australia	681	6	26	N/A	2.725e-05	2.4e-07	2000.0	923.076923077	600.0	8e-05	3.69230769231e-05	2.4e-05	2020-03-19
Australia	791	7	26	N/A	3.165e-05	2.8e-07	2333.33333333	1076.92307692	700.0	9.33333333333e-05	4.30769230769e-05	2.8e-05	2020-03-20
Australia	1071	7	26	N/A	4.285e-05	2.8e-07	2333.33333333	1076.92307692	700.0	9.33333333333e-05	4.30769230769e-05	2.8e-05	2020-03-21
Australia	1490	7	92	1391	5.962e-05	2.8e-07	2333.33333333	1076.92307692	700.0	9.33333333333e-05	4.30769230769e-05	2.8e-05	2020-03-22
Australia	1682	7	119	1556	6.73e-05	2.8e-07	2333.33333333	1076.92307692	700.0	9.33333333333e-05	4.30769230769e-05	2.8e-05	2020-03-23
Australia	2044	8	119	1917	8.178e-05	3.2e-07	2666.66666667	1230.76923077	800.0	0.000106666666667	4.92307692308e-05	3.2e-05	2020-03-24
Australia	2364	8	119	2237	9.459e-05	3.2e-07	2666.66666667	1230.76923077	800.0	0.000106666666667	4.92307692308e-05	3.2e-05	2020-03-25
Australia	2810	13	172	2625	0.00011243	5.2e-07	4333.33333333	2000.0	1300.0	0.000173333333333	8e-05	5.2e-05	2020-03-26
Australia	3143	13	194	2936	0.00012576	5.2e-07	4333.33333333	2000.0	1300.0	0.000173333333333	8e-05	5.2e-05	2020-03-27
Australia	3640	14	244	3382	0.00014564	5.6e-07	4666.66666667	2153.84615385	1400.0	0.000186666666667	8.61538461538e-05	5.6e-05	2020-03-28
Australia	3984	16	244	3724	0.00015941	6.4e-07	5333.33333333	2461.53846154	1600.0	0.000213333333333	9.84615384615e-05	6.4e-05	2020-03-29
Australia	4361	17	257	4087	0.00017449	6.8e-07	5666.66666667	2615.38461538	1700.0	0.000226666666667	0.000104615384615	6.8e-05	2020-03-30
Australia	4559	18	358	4183	0.00018242	7.2e-07	6000.0	2769.23076923	1800.0	0.00024	0.000110769230769	7.2e-05	2020-03-31
Australia	4862	20	422	4420	0.00019454	8e-07	6666.66666667	3076.92307692	2000.0	0.000266666666667	0.000123076923077	8e-05	2020-04-01
Australia	5116	24	520	4572	0.0002047	9.6e-07	8000.0	3692.30769231	2400.0	0.00032	0.000147692307692	9.6e-05	2020-04-02
Australia	5330	28	649	4653	0.00021327	1.12e-06	9333.33333333	4307.69230769	2800.0	0.000373333333333	0.000172307692308	0.000112	2020-04-03
Australia	5550	30	701	4819	0.00022207	1.2e-06	10000.0	4615.38461538	3000.0	0.0004	0.000184615384615	0.00012	2020-04-04
Australia	5687	35	757	4895	0.00022755	1.4e-06	11666.6666667	5384.61538462	3500.0	0.000466666666667	0.000215384615385	0.00014	2020-04-05
