Name	Predicted_New_Cases	Total_Predicted_New_Cases	Total_Predicted_Cases	Predicted_New_Deaths	Total_Predicted_New_Deaths	Total_Predicted_Deaths	Predicted_New_per_capita	Predicted_Total_New_per_capita	Predicted_Total_Cases_per_capita	Predicted_New_Deaths_per_capita	Total_Predicted_New_Deaths_per_capita	Total_Predicted_Deaths_per_capita
Burnett	0.0	0.0	1.0	0.0	0.0	1.0	0.0	0.0	6.497e-05	0.0	0.0	6.497e-05
Brown	0.0	81.463	2442.463	0.0	8.251	46.251	0.0	0.0003093	0.0092736	0.0	3.133e-05	0.00017561
Wood	0.0	3.827	14.827	0.0	0.0	1.0	0.0	5.239e-05	0.00020296	0.0	0.0	1.369e-05
Forest	0.003	55.515	84.515	0.0	0.0	2.0	3.3e-07	0.00617451	0.00939996	0.0	0.0	0.00022244
Richland	0.0	0.0	14.0	0.0	0.0	4.0	0.0	0.0	0.00080566	0.0	0.0	0.00023019
Green	0.003	48.537	118.537	0.0	0.0	0.0	8e-08	0.00131433	0.00320986	0.0	0.0	0.0
Manitowoc	0.001	23.761	61.761	0.0	0.0	1.0	1e-08	0.00030049	0.00078105	0.0	0.0	1.265e-05
Green Lake	0.01	26.266	48.266	0.0	0.0	0.0	5.3e-07	0.00138841	0.00255133	0.0	0.0	0.0
Pierce	0.0	1.042	50.042	0.0	0.0	0.0	0.0	2.449e-05	0.00117594	0.0	0.0	0.0
Lincoln	0.001	10.131	17.131	0.0	0.0	0.0	4e-08	0.00036589	0.00061869	0.0	0.0	0.0
Fond du Lac	0.008	147.861	372.861	0.002	2.356	7.356	8e-08	0.00143462	0.00361769	2e-08	2.286e-05	7.137e-05
Ozaukee	0.005	97.525	271.525	0.006	7.301	20.301	6e-08	0.00109398	0.00304581	7e-08	8.19e-05	0.00022772
Washington	0.011	201.239	467.239	0.023	27.791	36.791	8e-08	0.00148305	0.00344335	1.7e-07	0.00020481	0.00027113
Langlade	0.001	25.335	29.335	0.023	27.791	27.791	5e-08	0.00131487	0.00152247	1.19e-06	0.00144234	0.00144234
Jefferson	0.0	60.859	176.859	0.0	0.0	3.0	0.0	0.0007149	0.00207754	0.0	0.0	3.524e-05
Trempealeau	0.0	4.348	34.348	0.0	0.0	0.0	0.0	0.00014768	0.00116663	0.0	0.0	0.0
Monroe	0.487	144.043	162.043	0.0	0.0	1.0	1.058e-05	0.0031279	0.00351877	0.0	0.0	2.172e-05
Chippewa	0.0	2.245	60.245	0.0	0.0	0.0	0.0	3.5e-05	0.00093935	0.0	0.0	0.0
Douglas	0.0	0.224	19.224	0.0	0.0	0.0	0.0	5.18e-06	0.00044492	0.0	0.0	0.0
Walworth	0.01	184.458	608.458	0.024	28.965	45.965	1e-07	0.00177846	0.00586646	2.3e-07	0.00027927	0.00044317
Waukesha	0.028	525.677	1290.677	0.028	33.912	64.912	7e-08	0.00130418	0.0032021	7e-08	8.413e-05	0.00016104
Winnebago	0.092	325.354	634.354	0.084	68.973	75.973	5.4e-07	0.00190243	0.00370924	4.9e-07	0.0004033	0.00044423
Marathon	0.008	42.133	97.133	0.0	0.0	1.0	6e-08	0.00031111	0.00071723	0.0	0.0	7.38e-06
Iowa	0.001	16.778	32.778	0.0	0.0	0.0	4e-08	0.00070582	0.00137891	0.0	0.0	0.0
Ashland	0.0	0.0	2.0	0.0	0.0	0.0	0.0	0.0	0.00012821	0.0	0.0	0.0
Marquette	0.5	147.938	152.938	0.0	0.0	1.0	3.24e-05	0.0095852	0.00990916	0.0	0.0	6.479e-05
Columbia	0.001	22.861	66.861	0.0	0.0	1.0	2e-08	0.00039857	0.00116568	0.0	0.0	1.743e-05
Bayfield	0.0	0.0	3.0	0.0	0.0	1.0	0.0	0.0	0.00019944	0.0	0.0	6.648e-05
Sheboygan	0.002	35.699	136.699	0.0	0.0	3.0	2e-08	0.0003092	0.00118399	0.0	0.0	2.598e-05
Dane	0.026	477.25	1266.25	0.018	22.374	51.374	5e-08	0.00087994	0.00233469	3e-08	4.125e-05	9.472e-05
Pepin	0.0	0.0	1.0	0.018	22.374	22.374	0.0	0.0	0.00013719	2.47e-06	0.00306956	0.00306956
Florence	0.0	0.0	2.0	0.018	22.374	22.374	0.0	0.0	0.00046286	4.17e-06	0.00517797	0.00517797
Dodge	0.444	600.651	986.651	0.5	147.938	150.938	5.05e-06	0.00683747	0.01123147	5.69e-06	0.00168404	0.00171819
Price	0.0	0.0	2.0	0.5	147.938	147.938	0.0	0.0	0.00014929	3.732e-05	0.01104262	0.01104262
Unassigned	0.0	0.0	1.0	0.0	0.0	4.0	N/A	N/A	N/A	N/A	N/A	N/A
Kewaunee	0.003	8.916	44.916	0.0	0.0	1.0	1.5e-07	0.00043742	0.0022036	0.0	0.0	4.906e-05
Waupaca	0.219	199.102	246.102	0.0	0.0	1.0	4.28e-06	0.00389419	0.00481345	0.0	0.0	1.956e-05
Eau Claire	0.003	54.5	170.5	0.0	0.0	0.0	3e-08	0.00052136	0.00163105	0.0	0.0	0.0
Adams	0.0	0.0	4.0	0.0	0.0	1.0	0.0	0.0	0.00019658	0.0	0.0	4.914e-05
Shawano	0.008	42.262	95.262	0.0	0.0	0.0	2e-07	0.00103593	0.00233508	0.0	0.0	0.0
Buffalo	0.447	132.366	138.366	0.0	0.0	1.0	3.406e-05	0.01008503	0.01054217	0.0	0.0	7.619e-05
Dunn	0.0	0.677	26.677	0.0	0.0	0.0	0.0	1.5e-05	0.0005911	0.0	0.0	0.0
Saint Croix	0.028	96.97	196.97	0.0	0.0	0.0	3.1e-07	0.00108112	0.00219602	0.0	0.0	0.0
Kenosha	0.056	712.48	1958.48	0.062	68.901	101.901	3.3e-07	0.00420864	0.01156879	3.7e-07	0.000407	0.00060193
Rock	0.0	78.674	749.674	0.0	4.301	24.301	0.0	0.00048228	0.00459559	0.0	2.637e-05	0.00014897
Sawyer	0.0	3.827	11.827	0.0	4.302	4.302	0.0	0.00023209	0.00071727	0.0	0.0002609	0.0002609
Iron	0.0	0.0	2.0	0.0	0.0	1.0	0.0	0.0	0.00035236	0.0	0.0	0.00017618
Lafayette	0.0	3.201	31.201	0.0	0.0	0.0	0.0	0.00019208	0.00187225	0.0	0.0	0.0
Washburn	0.0	0.0	2.0	0.0	0.0	0.0	0.0	0.0	0.00012596	0.0	0.0	0.0
Marinette	0.0	0.271	33.271	0.0	0.0	2.0	0.0	6.7e-06	0.00082285	0.0	0.0	4.946e-05
Clark	0.001	17.456	54.456	0.0	0.0	4.0	3e-08	0.00050292	0.00156893	0.0	0.0	0.00011524
Oconto	0.001	12.499	51.499	0.0	0.0	0.0	3e-08	0.0003304	0.00136133	0.0	0.0	0.0
Sauk	0.003	6.531	87.531	0.0	0.0	3.0	5e-08	0.00010165	0.00136237	0.0	0.0	4.669e-05
La Crosse	0.001	18.016	82.016	0.0	0.0	0.0	1e-08	0.00015238	0.0006937	0.0	0.0	0.0
Racine	0.048	1198.421	3036.421	0.075	102.16	146.16	2.4e-07	0.00609623	0.01544592	3.8e-07	0.00051968	0.0007435
Rusk	0.0	3.041	8.041	0.075	102.16	102.16	0.0	0.00021496	0.00056839	5.3e-06	0.00722132	0.00722132
Barron	0.077	69.962	89.962	0.075	102.16	102.16	1.7e-06	0.00154907	0.0019919	1.66e-06	0.00226198	0.00226198
Juneau	0.0	3.041	25.041	0.0	0.0	1.0	0.0	0.00011425	0.00094079	0.0	0.0	3.757e-05
Milwaukee	0.306	5642.996	14030.996	0.088	154.051	470.051	3.2e-07	0.00595127	0.01479749	9e-08	0.00016247	0.00049573
Vilas	0.005	9.023	17.023	0.088	154.051	154.051	2.3e-07	0.0004113	0.00077596	4.01e-06	0.00702211	0.00702211
Vernon	0.0	12.186	33.186	0.088	154.051	154.051	0.0	0.00039584	0.00107799	2.86e-06	0.00500409	0.00500409
Taylor	0.0	0.0	2.0	0.088	154.051	154.051	0.0	0.0	9.798e-05	4.31e-06	0.00754708	0.00754708
Crawford	0.0	0.165	26.165	0.088	154.051	154.051	0.0	1.013e-05	0.0016061	5.4e-06	0.0094562	0.0094562
Menominee	0.0	0.067	3.067	0.088	154.051	154.051	0.0	1.438e-05	0.00065844	1.889e-05	0.03307235	0.03307235
Calumet	0.0	4.076	83.076	0.0	0.0	1.0	0.0	8.126e-05	0.00165625	0.0	0.0	1.994e-05
Outagamie	0.008	146.85	392.85	0.006	7.534	15.534	4e-08	0.00078376	0.00209671	3e-08	4.021e-05	8.291e-05
Waushara	0.0	0.036	9.036	0.006	7.534	7.534	0.0	1.48e-06	0.00037242	2.5e-07	0.00031051	0.00031051
Polk	0.001	15.652	43.652	0.0	0.0	1.0	2e-08	0.00035901	0.00100124	0.0	0.0	2.294e-05
Portage	0.0	8.676	22.676	0.0	0.0	0.0	0.0	0.0001223	0.00031964	0.0	0.0	0.0
Oneida	0.0	7.776	18.776	0.0	0.0	0.0	0.0	0.00021923	0.00052935	0.0	0.0	0.0
Grant	0.0	29.395	127.395	0.0	2.404	14.404	0.0	0.00057018	0.0024711	0.0	4.663e-05	0.0002794
Door	0.0	0.257	40.257	0.0	0.0	3.0	0.0	9.31e-06	0.00145806	0.0	0.0	0.00010866
Jackson	1.25	369.85	388.85	0.0	0.0	1.0	6.104e-05	0.01806085	0.01898867	0.0	0.0	4.883e-05
