Name	Predicted_New_Cases	Total_Predicted_New_Cases	Total_Predicted_Cases	Predicted_New_Deaths	Total_Predicted_New_Deaths	Total_Predicted_Deaths	Predicted_New_per_capita	Predicted_Total_New_per_capita	Predicted_Total_Cases_per_capita	Predicted_New_Deaths_per_capita	Total_Predicted_New_Deaths_per_capita	Total_Predicted_Deaths_per_capita
Wood	0.0	200.944	209.079	0.001	6.382	31.146	0.0	0.00275059	0.00286194	1e-08	8.736e-05	0.00042634
Green	0.0	129.462	135.931	0.081	839.108	855.895	0.0	0.0035057	0.00368087	2.19e-06	0.0227222	0.02317677
Manitowoc	0.0	99.342	104.411	0.075	773.523	789.076	0.0	0.00125632	0.00132042	9.5e-07	0.00978227	0.00997896
Green Lake	0.0	8.506	9.036	0.075	773.523	773.523	0.0	0.00044962	0.00047764	3.96e-06	0.0408882	0.0408882
Pierce	0.0	125.688	133.672	0.0	0.0	22.171	0.0	0.00295354	0.00314116	0.0	0.0	0.000521
Lincoln	0.0	3.316	3.921	0.0	0.0	0.0	0.0	0.00011976	0.00014161	0.0	0.0	0.0
Fond du Lac	0.0	317.606	331.506	0.001	10.63	51.667	0.0	0.00308158	0.00321644	1e-08	0.00010314	0.0005013
Jefferson	0.0	189.366	200.708	0.0	0.0	33.067	0.0	0.00222446	0.00235769	0.0	0.0	0.00038843
Walworth	0.0	183.825	193.945	0.001	12.988	47.87	0.0	0.00177235	0.00186993	1e-08	0.00012522	0.00046154
Marathon	0.0	147.177	156.826	0.0	13.899	43.602	0.0	0.00108675	0.001158	0.0	0.00010263	0.00032196
Iowa	0.0	52.596	55.588	0.0	13.899	13.899	0.0	0.00221261	0.00233848	0.0	0.0005847	0.0005847
Columbia	0.0	85.101	88.66	0.001	6.382	17.254	0.0	0.00148368	0.00154573	2e-08	0.00011127	0.00030081
Florence	0.0	7.144	7.261	0.0	3.041	3.041	0.0	0.00165332	0.0016804	0.0	0.00070377	0.00070377
Unassigned	0.0	0.0	1.0	0.0	0.0	4.0	N/A	N/A	N/A	N/A	N/A	N/A
Kewaunee	0.0	49.428	53.28	0.0	0.0	10.519	0.0	0.00242496	0.00261394	0.0	0.0	0.00051607
Waupaca	0.0	215.964	227.878	0.0	2.13	37.873	0.0	0.00422399	0.00445701	0.0	4.166e-05	0.00074075
Eau Claire	0.0	209.765	221.918	0.0	2.13	38.838	0.0	0.00200667	0.00212293	0.0	2.038e-05	0.00037153
Saint Croix	0.0	115.402	122.034	0.002	15.824	35.857	0.0	0.00128662	0.00136056	2e-08	0.00017642	0.00039977
Rock	0.0	71.831	81.597	0.0	0.0	29.499	0.0	0.00044033	0.0005002	0.0	0.0	0.00018083
Sawyer	0.0	110.185	114.46	0.0	0.0	0.0	0.0	0.00668233	0.0069416	0.0	0.0	0.0
Marinette	0.0	259.203	270.589	0.001	8.742	43.792	0.0	0.00641052	0.00669212	2e-08	0.0002162	0.00108305
Clark	0.0	16.709	18.042	0.001	5.495	9.757	0.0	0.0004814	0.00051981	3e-08	0.00015832	0.00028111
Oconto	0.0	191.001	201.825	0.149	1537.474	1567.4	0.0	0.00504893	0.00533505	3.94e-06	0.04064166	0.04143273
Sauk	0.0	132.716	139.26	0.0	0.0	22.257	0.0	0.00206565	0.0021675	0.0	0.0	0.00034642
Calumet	0.0	198.699	208.909	0.0	0.0	29.767	0.0	0.00396138	0.00416494	0.0	0.0	0.00059345
Polk	0.0	28.545	29.978	0.0	0.0	4.803	0.0	0.00065473	0.0006876	0.0	0.0	0.00011017
Portage	0.0	174.506	184.887	0.0	0.0	0.0	0.0	0.00245984	0.00260617	0.0	0.0	0.0
Oneida	0.0	191.335	200.17	0.0	0.0	0.0	0.0	0.00539428	0.00564336	0.0	0.0	0.0
Grant	0.0	72.555	76.754	0.001	7.969	20.715	0.0	0.00140736	0.00148881	2e-08	0.00015458	0.00040181
Jackson	0.0	22.487	24.119	0.019	192.199	196.815	0.0	0.00109811	0.0011778	9.3e-07	0.00938563	0.00961105
