Name	Predicted_New_Cases	Total_Predicted_New_Cases	Total_Predicted_Cases	Predicted_New_Deaths	Total_Predicted_New_Deaths	Total_Predicted_Deaths	Predicted_New_per_capita	Predicted_Total_New_per_capita	Predicted_Total_Cases_per_capita	Predicted_New_Deaths_per_capita	Total_Predicted_New_Deaths_per_capita	Total_Predicted_Deaths_per_capita
Burnett	0.0	0.0	0.0	0.0	0.0	0.0	0.0	0.0	0.0	0.0	0.0	0.0
Brown	4.711	4.711	81.711	0.0	0.0	1.0	1.789e-05	1.789e-05	0.00031024	0.0	0.0	3.8e-06
Wood	0.0	0.0	2.0	0.0	0.0	0.0	0.0	0.0	2.738e-05	0.0	0.0	0.0
Forest	0.0	0.0	0.0	0.0	0.0	0.0	0.0	0.0	0.0	0.0	0.0	0.0
Richland	0.4	0.4	5.4	0.0	0.0	0.0	2.302e-05	2.302e-05	0.00031076	0.0	0.0	0.0
Green	0.169	0.169	9.169	0.0	0.0	0.0	4.58e-06	4.58e-06	0.00024829	0.0	0.0	0.0
Manitowoc	0.0	0.0	3.0	0.0	0.0	0.0	0.0	0.0	3.794e-05	0.0	0.0	0.0
Green Lake	0.0	0.0	0.0	0.0	0.0	0.0	0.0	0.0	0.0	0.0	0.0	0.0
Pierce	0.0	0.0	7.0	0.0	0.0	0.0	0.0	0.0	0.00016449	0.0	0.0	0.0
Lincoln	0.0	0.0	0.0	0.0	0.0	0.0	0.0	0.0	0.0	0.0	0.0	0.0
Fond du Lac	2.769	2.769	59.769	0.0	0.0	2.0	2.687e-05	2.687e-05	0.00057991	0.0	0.0	1.941e-05
Ozaukee	3.218	3.218	75.218	0.484	0.484	9.484	3.61e-05	3.61e-05	0.00084375	5.43e-06	5.43e-06	0.00010639
Washington	2.351	2.351	75.351	0.0	0.0	3.0	1.733e-05	1.733e-05	0.0005553	0.0	0.0	2.211e-05
Langlade	0.0	0.0	0.0	0.0	0.0	0.0	0.0	0.0	0.0	0.0	0.0	0.0
Jefferson	1.036	1.036	25.036	0.0	0.0	0.0	1.217e-05	1.217e-05	0.00029409	0.0	0.0	0.0
Trempealeau	0.0	0.0	1.0	0.0	0.0	0.0	0.0	0.0	3.397e-05	0.0	0.0	0.0
Monroe	0.467	0.467	8.467	0.0	0.0	0.0	1.014e-05	1.014e-05	0.00018386	0.0	0.0	0.0
Chippewa	0.636	0.636	20.636	0.0	0.0	0.0	9.92e-06	9.92e-06	0.00032176	0.0	0.0	0.0
Douglas	0.004	0.004	7.004	0.0	0.0	0.0	9e-08	9e-08	0.0001621	0.0	0.0	0.0
Walworth	2.28	2.28	40.28	0.0	0.0	0.0	2.198e-05	2.198e-05	0.00038836	0.0	0.0	0.0
Waukesha	8.022	8.022	226.022	0.0	0.0	7.0	1.99e-05	1.99e-05	0.00056075	0.0	0.0	1.737e-05
Winnebago	0.28	0.28	27.28	0.0	0.0	1.0	1.64e-06	1.64e-06	0.00015951	0.0	0.0	5.85e-06
Marathon	0.511	0.511	14.511	0.0	0.0	1.0	3.77e-06	3.77e-06	0.00010715	0.0	0.0	7.38e-06
Iowa	0.2	0.2	5.2	0.0	0.0	0.0	8.41e-06	8.41e-06	0.00021875	0.0	0.0	0.0
Ashland	0.0	0.0	2.0	0.0	0.0	0.0	0.0	0.0	0.00012821	0.0	0.0	0.0
Marquette	0.0	0.0	2.0	0.0	0.0	0.0	0.0	0.0	0.00012958	0.0	0.0	0.0
Columbia	1.022	1.022	26.022	0.0	0.0	1.0	1.782e-05	1.782e-05	0.00045368	0.0	0.0	1.743e-05
Bayfield	0.004	0.004	3.004	0.0	0.0	0.0	2.7e-07	2.7e-07	0.00019971	0.0	0.0	0.0
Sheboygan	2.249	2.249	38.249	0.0	0.0	2.0	1.948e-05	1.948e-05	0.00033129	0.0	0.0	1.732e-05
Dane	8.924	8.924	348.924	0.333	0.333	12.333	1.645e-05	1.645e-05	0.00064334	6.1e-07	6.1e-07	2.274e-05
Pepin	0.0	0.0	7.0	0.0	0.0	0.0	0.0	0.0	0.00096035	0.0	0.0	0.0
Florence	0.0	0.0	2.0	0.333	0.333	0.333	0.0	0.0	0.00046286	7.707e-05	7.707e-05	7.707e-05
Dodge	0.507	0.507	19.507	0.333	0.333	0.333	5.77e-06	5.77e-06	0.00022206	3.79e-06	3.79e-06	3.79e-06
Price	0.0	0.0	1.0	0.0	0.0	0.0	0.0	0.0	7.464e-05	0.0	0.0	0.0
Unassigned	0.0	0.0	4.0	0.333	0.333	0.333	N/A	N/A	N/A	N/A	N/A	N/A
Kewaunee	0.0	0.0	4.0	0.333	0.333	0.333	0.0	0.0	0.00019624	1.634e-05	1.634e-05	1.634e-05
Waupaca	0.2	0.2	4.2	0.0	0.0	1.0	3.91e-06	3.91e-06	8.215e-05	0.0	0.0	1.956e-05
Eau Claire	0.729	0.729	21.729	0.0	0.0	0.0	6.97e-06	6.97e-06	0.00020787	0.0	0.0	0.0
Adams	0.0	0.0	3.0	0.0	0.0	0.0	0.0	0.0	0.00014743	0.0	0.0	0.0
Shawano	0.0	0.0	5.0	0.0	0.0	0.0	0.0	0.0	0.00012256	0.0	0.0	0.0
Buffalo	0.0	0.0	3.0	0.0	0.0	1.0	0.0	0.0	0.00022857	0.0	0.0	7.619e-05
Dunn	0.453	0.453	9.453	0.0	0.0	0.0	1.004e-05	1.004e-05	0.00020946	0.0	0.0	0.0
Saint Croix	0.111	0.111	10.111	0.0	0.0	0.0	1.24e-06	1.24e-06	0.00011273	0.0	0.0	0.0
Kenosha	10.267	10.267	192.267	0.0	0.0	4.0	6.065e-05	6.065e-05	0.00113573	0.0	0.0	2.363e-05
Rock	4.107	4.107	64.107	0.0	0.0	3.0	2.518e-05	2.518e-05	0.00039298	0.0	0.0	1.839e-05
Sawyer	0.0	0.0	1.0	0.0	0.0	0.0	0.0	0.0	6.065e-05	0.0	0.0	0.0
Iron	0.2	0.2	2.2	0.0	0.0	1.0	3.524e-05	3.524e-05	0.0003876	0.0	0.0	0.00017618
Lafayette	0.0	0.0	3.0	0.0	0.0	0.0	0.0	0.0	0.00018002	0.0	0.0	0.0
Washburn	0.0	0.0	0.0	0.0	0.0	0.0	0.0	0.0	0.0	0.0	0.0	0.0
Marinette	0.0	0.0	3.0	0.0	0.0	0.0	0.0	0.0	7.419e-05	0.0	0.0	0.0
Clark	0.133	0.133	8.133	0.0	0.0	0.0	3.83e-06	3.83e-06	0.00023432	0.0	0.0	0.0
Oconto	0.0	0.0	3.0	0.0	0.0	0.0	0.0	0.0	7.93e-05	0.0	0.0	0.0
Sauk	0.916	0.916	26.916	0.0	0.0	2.0	1.426e-05	1.426e-05	0.00041893	0.0	0.0	3.113e-05
La Crosse	0.671	0.671	25.671	0.0	0.0	0.0	5.68e-06	5.68e-06	0.00021713	0.0	0.0	0.0
Racine	7.769	7.769	124.769	0.0	0.0	4.0	3.952e-05	3.952e-05	0.00063469	0.0	0.0	2.035e-05
Rusk	0.0	0.0	3.0	0.0	0.0	0.0	0.0	0.0	0.00021206	0.0	0.0	0.0
Barron	0.0	0.0	6.0	0.0	0.0	0.0	0.0	0.0	0.00013285	0.0	0.0	0.0
Juneau	0.067	0.067	7.067	0.0	0.0	0.0	2.52e-06	2.52e-06	0.00026551	0.0	0.0	0.0
Milwaukee	83.742	83.742	1826.742	7.369	7.369	101.369	8.832e-05	8.832e-05	0.00192653	7.77e-06	7.77e-06	0.00010691
Vilas	0.0	0.0	4.0	7.369	7.369	7.369	0.0	0.0	0.00018233	0.0003359	0.0003359	0.0003359
Vernon	0.0	0.0	0.0	0.0	0.0	0.0	0.0	0.0	0.0	0.0	0.0	0.0
Taylor	0.0	0.0	0.0	0.0	0.0	0.0	0.0	0.0	0.0	0.0	0.0	0.0
Crawford	0.0	0.0	3.0	7.369	7.369	7.369	0.0	0.0	0.00018415	0.00045234	0.00045234	0.00045234
Menominee	0.0	0.0	1.0	0.0	0.0	0.0	0.0	0.0	0.00021468	0.0	0.0	0.0
Calumet	0.142	0.142	5.142	7.369	7.369	7.369	2.83e-06	2.83e-06	0.00010251	0.00014691	0.00014691	0.00014691
Outagamie	1.502	1.502	30.502	0.0	0.0	2.0	8.02e-06	8.02e-06	0.00016279	0.0	0.0	1.067e-05
Waushara	0.0	0.0	2.0	0.0	0.0	0.0	0.0	0.0	8.243e-05	0.0	0.0	0.0
Polk	0.0	0.0	3.0	0.0	0.0	0.0	0.0	0.0	6.881e-05	0.0	0.0	0.0
Portage	0.067	0.067	4.067	0.0	0.0	0.0	9.4e-07	9.4e-07	5.733e-05	0.0	0.0	0.0
Oneida	0.267	0.267	6.267	0.0	0.0	0.0	7.53e-06	7.53e-06	0.00017668	0.0	0.0	0.0
Grant	0.4	0.4	6.4	0.0	0.0	1.0	7.76e-06	7.76e-06	0.00012414	0.0	0.0	1.94e-05
Door	0.0	0.0	9.0	0.0	0.0	0.0	0.0	0.0	0.00032597	0.0	0.0	0.0
Jackson	0.0	0.0	10.0	0.0	0.0	0.0	0.0	0.0	0.00048833	0.0	0.0	0.0
