Name	Predicted_New_Cases	Total_Predicted_New_Cases	Total_Predicted_Cases	Predicted_New_Deaths	Total_Predicted_New_Deaths	Total_Predicted_Deaths	Predicted_New_per_capita	Predicted_Total_New_per_capita	Predicted_Total_Cases_per_capita	Predicted_New_Deaths_per_capita	Total_Predicted_New_Deaths_per_capita	Total_Predicted_Deaths_per_capita
Burnett	0.0	0.0	0.0	0.0	0.0	0.0	0.0	0.0	0.0	0.0	0.0	0.0
Brown	16.478	3191.954	3886.132	0.0	0.0	2.0	6.256e-05	0.01211929	0.01475496	0.0	0.0	7.59e-06
Wood	0.0	0.0	2.0	0.0	0.0	0.0	0.0	0.0	2.738e-05	0.0	0.0	0.0
Forest	0.0	0.0	0.0	0.0	0.0	0.0	0.0	0.0	0.0	0.0	0.0	0.0
Richland	0.001	4.62	16.694	0.0	0.0	1.0	6e-08	0.00026587	0.0009607	0.0	0.0	5.755e-05
Green	0.0	0.0	10.0	0.0	0.0	0.0	0.0	0.0	0.00027079	0.0	0.0	0.0
Manitowoc	0.018	6.397	15.329	0.0	0.0	0.0	2.3e-07	8.09e-05	0.00019386	0.0	0.0	0.0
Green Lake	0.0	0.0	1.0	0.0	0.0	0.0	0.0	0.0	5.286e-05	0.0	0.0	0.0
Pierce	0.363	34.936	43.393	0.0	0.0	0.0	8.53e-06	0.00082096	0.00101969	0.0	0.0	0.0
Lincoln	0.0	0.0	0.0	0.0	0.0	0.0	0.0	0.0	0.0	0.0	0.0	0.0
Fond du Lac	0.0	3.145	74.145	0.006	2.305	6.001	0.0	3.051e-05	0.00071939	6e-08	2.236e-05	5.822e-05
Ozaukee	0.051	18.43	103.997	0.0	0.0	9.0	5.7e-07	0.00020674	0.00116658	0.0	0.0	0.00010096
Washington	0.04	26.554	126.65	0.001	0.356	4.461	2.9e-07	0.00019569	0.00093336	1e-08	2.62e-06	3.288e-05
Langlade	0.0	0.0	0.0	0.0	0.0	0.0	0.0	0.0	0.0	0.0	0.0	0.0
Jefferson	0.092	28.674	73.154	0.001	0.356	0.461	1.08e-06	0.00033683	0.00085933	1e-08	4.18e-06	5.42e-06
Trempealeau	0.0	0.0	1.0	0.001	0.356	0.461	0.0	0.0	3.397e-05	3e-08	1.209e-05	1.566e-05
Monroe	0.038	13.571	31.67	0.0	0.0	1.0	8.3e-07	0.0002947	0.00068772	0.0	0.0	2.172e-05
Chippewa	0.0	0.014	20.113	0.0	0.0	0.0	0.0	2.2e-07	0.0003136	0.0	0.0	0.0
Douglas	1.233	118.782	129.34	0.0	0.0	0.0	2.854e-05	0.00274907	0.00299343	0.0	0.0	0.0
Walworth	0.39	140.819	283.343	0.0	0.0	7.0	3.76e-06	0.00135771	0.00273186	0.0	0.0	6.749e-05
Waukesha	0.053	96.352	416.537	0.022	9.331	26.376	1.3e-07	0.00023904	0.00103341	5e-08	2.315e-05	6.544e-05
Winnebago	0.145	45.267	103.078	0.0	0.0	1.0	8.5e-07	0.00026469	0.00060272	0.0	0.0	5.85e-06
Marathon	0.033	11.103	31.246	0.0	0.0	1.0	2.4e-07	8.198e-05	0.00023072	0.0	0.0	7.38e-06
Iowa	0.016	5.031	13.401	0.0	0.0	0.0	6.7e-07	0.00021164	0.00056375	0.0	0.0	0.0
Ashland	0.0	0.007	2.067	0.0	0.0	0.0	0.0	4.5e-07	0.0001325	0.0	0.0	0.0
Marquette	0.006	2.305	6.001	0.0	0.0	1.0	3.9e-07	0.00014935	0.00038882	0.0	0.0	6.479e-05
Columbia	0.001	3.543	32.078	0.0	0.0	1.0	2e-08	6.177e-05	0.00055926	0.0	0.0	1.743e-05
Bayfield	0.0	0.0	3.0	0.0	0.0	1.0	0.0	0.0	0.00019944	0.0	0.0	6.648e-05
Sheboygan	0.057	19.034	68.422	0.0	0.0	2.0	4.9e-07	0.00016486	0.00059262	0.0	0.0	1.732e-05
Dane	0.013	52.978	462.928	0.035	16.781	43.525	2e-08	9.768e-05	0.00085354	6e-08	3.094e-05	8.025e-05
Pepin	0.0	0.0	7.0	0.035	16.781	22.525	0.0	0.0	0.00096035	4.8e-06	0.00230224	0.00309027
Florence	0.0	0.0	2.0	0.035	16.781	22.525	0.0	0.0	0.00046286	8.1e-06	0.00388359	0.00521291
Dodge	0.0	0.014	20.113	0.0	0.0	1.0	0.0	1.6e-07	0.00022895	0.0	0.0	1.138e-05
Price	0.0	0.0	1.0	0.0	0.0	0.0	0.0	0.0	7.464e-05	0.0	0.0	0.0
Unassigned	0.0	0.0	1.0	0.0	0.0	4.0	N/A	N/A	N/A	N/A	N/A	N/A
Kewaunee	0.0	0.045	10.451	0.0	0.0	1.0	0.0	2.21e-06	0.00051273	0.0	0.0	4.906e-05
Waupaca	0.0	0.0	6.036	0.0	0.0	1.0	0.0	0.0	0.00011806	0.0	0.0	1.956e-05
Eau Claire	0.009	3.242	27.222	0.0	0.0	0.0	9e-08	3.101e-05	0.00026041	0.0	0.0	0.0
Adams	0.011	4.01	9.221	0.0	0.0	1.0	5.4e-07	0.00019707	0.00045316	0.0	0.0	4.914e-05
Shawano	0.0	0.0	6.0	0.0	0.0	0.0	0.0	0.0	0.00014707	0.0	0.0	0.0
Buffalo	0.0	0.0	4.272	0.0	0.0	1.0	0.0	0.0	0.00032549	0.0	0.0	7.619e-05
Dunn	0.0	0.002	9.014	0.0	0.0	0.0	0.0	4e-08	0.00019973	0.0	0.0	0.0
Saint Croix	0.0	0.094	13.896	0.0	0.0	0.0	0.0	1.05e-06	0.00015493	0.0	0.0	0.0
Kenosha	0.627	216.731	574.202	0.04	9.893	17.382	3.7e-06	0.00128024	0.00339182	2.4e-07	5.844e-05	0.00010268
Rock	0.149	53.94	169.228	0.008	2.157	6.517	9.1e-07	0.00033066	0.00103739	5e-08	1.322e-05	3.995e-05
Sawyer	0.0	0.0	2.0	0.008	2.157	2.517	0.0	0.0	0.00012129	4.9e-07	0.00013081	0.00015265
Iron	0.0	0.002	2.014	0.0	0.0	1.0	0.0	3.5e-07	0.00035483	0.0	0.0	0.00017618
Lafayette	0.007	2.559	7.331	0.0	0.0	0.0	4.2e-07	0.00015356	0.0004399	0.0	0.0	0.0
Washburn	0.0	0.0	1.0	0.0	0.0	0.0	0.0	0.0	6.298e-05	0.0	0.0	0.0
Marinette	0.026	7.753	17.563	0.0	0.0	1.0	6.4e-07	0.00019174	0.00043436	0.0	0.0	2.473e-05
Clark	0.339	77.382	104.759	0.0	0.0	1.0	9.77e-06	0.00222945	0.00301821	0.0	0.0	2.881e-05
Oconto	0.004	2.435	8.334	0.0	0.0	0.0	1.1e-07	6.437e-05	0.0002203	0.0	0.0	0.0
Sauk	0.0	8.049	49.729	0.0	0.002	3.033	0.0	0.00012528	0.000774	0.0	3e-08	4.721e-05
La Crosse	0.0	0.0	25.0	0.0	0.002	0.033	0.0	0.0	0.00021145	0.0	2e-08	2.8e-07
Racine	0.348	140.315	400.003	0.066	18.661	32.417	1.77e-06	0.00071377	0.00203477	3.4e-07	9.493e-05	0.0001649
Rusk	0.007	2.559	7.331	0.066	18.661	22.417	4.9e-07	0.00018089	0.0005182	4.67e-06	0.00131908	0.00158458
Barron	0.0	0.0	6.0	0.066	18.661	22.417	0.0	0.0	0.00013285	1.46e-06	0.00041318	0.00049635
Juneau	0.09	23.511	38.435	0.0	0.0	1.0	3.38e-06	0.00088331	0.001444	0.0	0.0	3.757e-05
Milwaukee	3.348	1209.195	3956.341	0.008	63.639	242.213	3.53e-06	0.00127525	0.00417247	1e-08	6.712e-05	0.00025544
Vilas	0.0	0.0	4.0	0.008	63.639	92.213	0.0	0.0	0.00018233	3.6e-07	0.00290086	0.00420335
Vernon	0.0	0.0	0.0	0.0	0.0	0.0	0.0	0.0	0.0	0.0	0.0	0.0
Taylor	0.0	0.0	0.0	0.0	0.0	0.0	0.0	0.0	0.0	0.0	0.0	0.0
Crawford	0.0	0.0	3.0	0.008	63.639	92.213	0.0	0.0	0.00018415	4.9e-07	0.00390639	0.00566036
Menominee	0.0	0.0	1.0	0.008	63.639	92.213	0.0	0.0	0.00021468	1.72e-06	0.0136623	0.01979669
Calumet	0.009	3.159	10.112	0.008	63.639	92.213	1.8e-07	6.298e-05	0.0002016	1.6e-07	0.00126875	0.00183841
Outagamie	0.163	40.449	84.539	0.0	0.0	2.0	8.7e-07	0.00021588	0.0004512	0.0	0.0	1.067e-05
Waushara	0.0	0.0	2.0	0.0	0.0	0.0	0.0	0.0	8.243e-05	0.0	0.0	0.0
Polk	0.0	0.0	4.0	0.0	0.0	0.0	0.0	0.0	9.175e-05	0.0	0.0	0.0
Portage	0.0	0.0	4.0	0.0	0.0	0.0	0.0	0.0	5.638e-05	0.0	0.0	0.0
Oneida	0.0	0.007	6.067	0.0	0.0	0.0	0.0	2e-07	0.00017105	0.0	0.0	0.0
Grant	0.998	201.831	245.039	0.0	0.0	3.0	1.936e-05	0.00391494	0.00475306	0.0	0.0	5.819e-05
Door	0.0	0.002	9.014	0.0	0.0	1.0	0.0	7e-08	0.00032648	0.0	0.0	3.622e-05
Jackson	0.014	5.209	18.781	0.0	0.0	1.0	6.8e-07	0.00025437	0.00091713	0.0	0.0	4.883e-05
