Name	Predicted_New_Cases	Total_Predicted_New_Cases	Total_Predicted_Cases	Predicted_New_Deaths	Total_Predicted_New_Deaths	Total_Predicted_Deaths	Predicted_New_per_capita	Predicted_Total_New_per_capita	Predicted_Total_Cases_per_capita	Predicted_New_Deaths_per_capita	Total_Predicted_New_Deaths_per_capita	Total_Predicted_Deaths_per_capita
Burnett	0.0	0.0	1.0	0.0	0.0	1.0	0.0	0.0	6.497e-05	0.0	0.0	6.497e-05
Brown	0.571	180.266	2276.266	0.155	9.28	31.28	2.17e-06	0.00068444	0.00864258	5.9e-07	3.523e-05	0.00011876
Wood	5.081	31.243	37.243	0.155	9.28	9.28	6.955e-05	0.00042766	0.00050979	2.12e-06	0.00012703	0.00012703
Forest	0.0	0.0	9.0	0.155	9.28	9.28	0.0	0.0	0.001001	1.724e-05	0.00103214	0.00103214
Richland	0.013	0.233	14.233	0.013	0.233	3.233	7.5e-07	1.341e-05	0.00081907	7.5e-07	1.341e-05	0.00018605
Green	1.494	27.299	71.299	0.013	0.233	0.233	4.046e-05	0.00073923	0.0019307	3.5e-07	6.31e-06	6.31e-06
Manitowoc	0.007	2.154	24.154	0.0	0.0	1.0	9e-08	2.724e-05	0.00030546	0.0	0.0	1.265e-05
Green Lake	0.423	7.726	18.726	0.0	0.0	0.0	2.236e-05	0.00040839	0.00098985	0.0	0.0	0.0
Pierce	0.493	8.207	28.207	0.0	0.0	0.0	1.159e-05	0.00019286	0.00066284	0.0	0.0	0.0
Lincoln	3.379	21.877	24.877	0.0	0.0	0.0	0.00012203	0.0007901	0.00089844	0.0	0.0	0.0
Fond du Lac	7.209	103.259	242.259	0.0	0.0	3.0	6.995e-05	0.00100187	0.00235052	0.0	0.0	2.911e-05
Ozaukee	1.585	28.181	150.181	0.309	4.032	15.032	1.778e-05	0.00031612	0.00168464	3.47e-06	4.523e-05	0.00016862
Washington	1.468	26.833	174.833	0.0	0.0	4.0	1.082e-05	0.00019775	0.00128845	0.0	0.0	2.948e-05
Langlade	0.0	0.0	0.0	0.0	0.0	0.0	0.0	0.0	0.0	0.0	0.0	0.0
Jefferson	0.802	13.896	73.896	0.0	0.0	2.0	9.42e-06	0.00016323	0.00086805	0.0	0.0	2.349e-05
Trempealeau	0.178	3.255	13.255	0.0	0.0	0.0	6.05e-06	0.00011056	0.00045021	0.0	0.0	0.0
Monroe	0.196	3.053	18.053	0.0	0.0	1.0	4.26e-06	6.63e-05	0.00039202	0.0	0.0	2.172e-05
Chippewa	0.864	14.731	53.731	0.0	0.0	0.0	1.347e-05	0.00022969	0.00083778	0.0	0.0	0.0
Douglas	0.096	2.3	14.3	0.0	0.0	0.0	2.22e-06	5.323e-05	0.00033096	0.0	0.0	0.0
Walworth	3.369	61.568	341.568	0.394	5.644	17.644	3.248e-05	0.00059361	0.00329324	3.8e-06	5.442e-05	0.00017012
Waukesha	8.799	142.266	618.266	0.535	5.254	28.254	2.183e-05	0.00035295	0.00153388	1.33e-06	1.303e-05	7.01e-05
Winnebago	0.685	23.873	146.873	0.0	0.0	1.0	4.01e-06	0.00013959	0.00085881	0.0	0.0	5.85e-06
Marathon	1.708	23.359	56.359	0.0	0.0	1.0	1.261e-05	0.00017248	0.00041615	0.0	0.0	7.38e-06
Iowa	0.0	0.231	11.231	0.0	0.0	0.0	0.0	9.72e-06	0.00047247	0.0	0.0	0.0
Ashland	0.0	0.0	2.0	0.0	0.0	0.0	0.0	0.0	0.00012821	0.0	0.0	0.0
Marquette	0.0	0.0	3.0	0.0	0.0	1.0	0.0	0.0	0.00019438	0.0	0.0	6.479e-05
Columbia	0.248	4.529	40.529	0.0	0.0	1.0	4.32e-06	7.896e-05	0.0007066	0.0	0.0	1.743e-05
Bayfield	0.0	0.0	3.0	0.0	0.0	1.0	0.0	0.0	0.00019944	0.0	0.0	6.648e-05
Sheboygan	0.0	1.08	70.08	1.217	7.877	10.877	0.0	9.35e-06	0.00060698	1.054e-05	6.823e-05	9.421e-05
Dane	5.81	99.048	636.048	0.353	3.902	28.902	1.071e-05	0.00018262	0.00117273	6.5e-07	7.19e-06	5.329e-05
Pepin	0.0	0.0	1.0	0.353	3.902	3.902	0.0	0.0	0.00013719	4.843e-05	0.00053533	0.00053533
Florence	0.0	0.0	2.0	0.353	3.902	3.902	0.0	0.0	0.00046286	8.169e-05	0.00090303	0.00090303
Dodge	3.789	69.236	174.236	0.0	0.0	1.0	4.313e-05	0.00078814	0.0019834	0.0	0.0	1.138e-05
Price	0.0	0.0	1.0	0.0	0.0	0.0	0.0	0.0	7.464e-05	0.0	0.0	0.0
Unassigned	0.0	0.0	1.0	0.0	0.0	4.0	N/A	N/A	N/A	N/A	N/A	N/A
Kewaunee	0.0	1.929	31.929	0.0	0.0	1.0	0.0	9.464e-05	0.00156645	0.0	0.0	4.906e-05
Waupaca	0.465	8.171	25.171	0.0	0.0	1.0	9.09e-06	0.00015981	0.00049231	0.0	0.0	1.956e-05
Eau Claire	1.081	23.907	89.907	0.0	0.0	0.0	1.034e-05	0.0002287	0.00086007	0.0	0.0	0.0
Adams	0.0	0.0	4.0	0.0	0.0	1.0	0.0	0.0	0.00019658	0.0	0.0	4.914e-05
Shawano	1.208	20.939	51.939	0.0	0.0	0.0	2.961e-05	0.00051326	0.00127314	0.0	0.0	0.0
Buffalo	0.029	0.525	5.525	0.0	0.0	1.0	2.21e-06	4e-05	0.00042095	0.0	0.0	7.619e-05
Dunn	1.741	20.345	41.345	0.0	0.0	0.0	3.858e-05	0.0004508	0.00091611	0.0	0.0	0.0
Saint Croix	1.565	26.68	70.68	0.0	0.0	0.0	1.745e-05	0.00029746	0.00078801	0.0	0.0	0.0
Kenosha	16.133	290.658	1128.658	0.628	8.586	26.586	9.53e-05	0.00171692	0.00666701	3.71e-06	5.072e-05	0.00015704
Rock	6.038	117.215	546.215	0.307	5.112	19.112	3.701e-05	0.00071854	0.00334836	1.88e-06	3.134e-05	0.00011716
Sawyer	0.0	0.0	4.0	0.307	5.112	5.112	0.0	0.0	0.00024259	1.862e-05	0.00031002	0.00031002
Iron	0.0	0.0	2.0	0.0	0.0	1.0	0.0	0.0	0.00035236	0.0	0.0	0.00017618
Lafayette	0.542	10.22	26.22	0.0	0.0	0.0	3.252e-05	0.00061326	0.00157336	0.0	0.0	0.0
Washburn	0.0	0.0	1.0	0.0	0.0	0.0	0.0	0.0	6.298e-05	0.0	0.0	0.0
Marinette	0.839	15.334	39.334	0.811	5.25	7.25	2.075e-05	0.00037924	0.0009728	2.006e-05	0.00012984	0.0001793
Clark	0.004	1.18	29.18	0.0	0.0	4.0	1.2e-07	3.4e-05	0.0008407	0.0	0.0	0.00011524
Oconto	0.0	1.848	31.848	0.0	0.0	0.0	0.0	4.885e-05	0.00084187	0.0	0.0	0.0
Sauk	0.559	10.221	87.221	0.0	0.0	3.0	8.7e-06	0.00015908	0.00135755	0.0	0.0	4.669e-05
La Crosse	2.167	23.928	68.928	0.0	0.0	0.0	1.833e-05	0.00020239	0.000583	0.0	0.0	0.0
Racine	25.631	468.382	1485.382	0.361	5.172	23.172	0.00013038	0.0023826	0.00755597	1.84e-06	2.631e-05	0.00011787
Rusk	0.0	0.0	4.0	0.361	5.172	5.172	0.0	0.0	0.00028275	2.552e-05	0.00036559	0.00036559
Barron	0.244	4.813	15.813	0.361	5.172	5.172	5.4e-06	0.00010657	0.00035012	7.99e-06	0.00011452	0.00011452
Juneau	0.0	0.459	21.459	0.0	0.0	1.0	0.0	1.724e-05	0.00080621	0.0	0.0	3.757e-05
Milwaukee	81.359	1465.797	6410.797	2.524	51.743	303.743	8.58e-05	0.00154587	0.00676101	2.66e-06	5.457e-05	0.00032034
Vilas	0.0	0.0	4.0	2.524	51.743	51.743	0.0	0.0	0.00018233	0.00011505	0.0023586	0.0023586
Vernon	5.248	36.337	47.337	2.524	51.743	51.743	0.00017047	0.00118035	0.00153766	8.199e-05	0.00168079	0.00168079
Taylor	0.0	0.0	0.0	0.0	0.0	0.0	0.0	0.0	0.0	0.0	0.0	0.0
Crawford	0.0	2.356	24.356	2.524	51.743	51.743	0.0	0.00014462	0.00149506	0.00015493	0.00317617	0.00317617
Menominee	0.0	0.124	2.124	2.524	51.743	51.743	0.0	2.662e-05	0.00045599	0.00054186	0.01110842	0.01110842
Calumet	2.212	40.425	97.425	0.0	0.0	1.0	4.41e-05	0.00080594	0.00194232	0.0	0.0	1.994e-05
Outagamie	0.185	29.705	168.705	0.049	1.513	5.513	9.9e-07	0.00015854	0.00090041	2.6e-07	8.08e-06	2.942e-05
Waushara	0.038	0.696	5.696	0.049	1.513	1.513	1.57e-06	2.869e-05	0.00023476	2.02e-06	6.236e-05	6.236e-05
Polk	0.07	1.277	7.277	0.049	1.513	1.513	1.61e-06	2.929e-05	0.00016691	1.12e-06	3.47e-05	3.47e-05
Portage	0.0	0.0	7.0	0.049	1.513	1.513	0.0	0.0	9.867e-05	6.9e-07	2.133e-05	2.133e-05
Oneida	0.007	0.605	7.605	0.049	1.513	1.513	2e-07	1.706e-05	0.00021441	1.38e-06	4.266e-05	4.266e-05
Grant	0.0	3.772	75.772	0.006	1.743	11.743	0.0	7.317e-05	0.00146976	1.2e-07	3.381e-05	0.00022778
Door	0.821	14.411	47.411	0.0	0.0	3.0	2.974e-05	0.00052195	0.00171717	0.0	0.0	0.00010866
Jackson	0.306	5.363	20.363	0.0	0.0	1.0	1.494e-05	0.00026189	0.00099438	0.0	0.0	4.883e-05
