Name	Predicted_New_Cases	Total_Predicted_New_Cases	Total_Predicted_Cases	Predicted_New_Deaths	Total_Predicted_New_Deaths	Total_Predicted_Deaths	Predicted_New_per_capita	Predicted_Total_New_per_capita	Predicted_Total_Cases_per_capita	Predicted_New_Deaths_per_capita	Total_Predicted_New_Deaths_per_capita	Total_Predicted_Deaths_per_capita
Burnett	0.256	8.457	35.457	0.0	0.0	1.0	1.663e-05	0.00054944	0.0023036	0.0	0.0	6.497e-05
Brown	11.364	476.702	4981.702	0.14	4.809	59.809	4.315e-05	0.00180995	0.01891465	5.3e-07	1.826e-05	0.00022708
Wood	7.5	219.451	598.451	2.916	26.019	28.019	0.00010266	0.00300391	0.00819179	3.992e-05	0.00035616	0.00038353
Forest	2.916	26.019	87.019	0.0	0.0	4.0	0.00032432	0.00289389	0.00967846	0.0	0.0	0.00044489
Green	4.147	124.792	338.792	0.0	0.0	1.0	0.0001123	0.00337924	0.00917414	0.0	0.0	2.708e-05
Manitowoc	3.791	117.052	516.052	0.0	0.0	1.0	4.794e-05	0.00148028	0.00652619	0.0	0.0	1.265e-05
Green Lake	0.463	13.937	75.937	0.0	0.0	0.0	2.447e-05	0.00073671	0.00401401	0.0	0.0	0.0
Pierce	1.546	69.257	313.257	0.0	0.0	4.0	3.633e-05	0.00162747	0.00736123	0.0	0.0	9.4e-05
Lincoln	0.361	11.92	84.92	0.0	0.0	0.0	1.304e-05	0.0004305	0.00306692	0.0	0.0	0.0
Fond du Lac	10.155	313.516	1076.516	0.354	7.765	15.765	9.853e-05	0.0030419	0.01044492	3.43e-06	7.534e-05	0.00015296
Ozaukee	7.072	251.791	1034.791	0.094	2.676	20.676	7.933e-05	0.00282445	0.01160769	1.05e-06	3.002e-05	0.00023193
Washington	12.771	430.002	1689.002	0.049	1.254	24.254	9.412e-05	0.00316893	0.01244723	3.6e-07	9.24e-06	0.00017874
Langlade	0.009	10.503	84.503	0.0	0.0	1.0	4.7e-07	0.0005451	0.00438567	0.0	0.0	5.19e-05
Jefferson	5.609	185.08	903.08	0.0	0.0	5.0	6.589e-05	0.00217411	0.01060837	0.0	0.0	5.873e-05
Trempealeau	2.333	76.971	447.971	0.0	0.0	2.0	7.924e-05	0.00261433	0.01521537	0.0	0.0	6.793e-05
Chippewa	3.422	100.129	374.129	0.0	0.067	0.067	5.336e-05	0.00156122	0.00583346	0.0	1.04e-06	1.04e-06
Douglas	3.982	131.413	354.413	0.0	0.067	0.067	9.216e-05	0.0030414	0.00820249	0.0	1.55e-06	1.55e-06
Walworth	9.725	300.238	1799.238	0.393	8.628	33.628	9.376e-05	0.00289475	0.0173474	3.79e-06	8.319e-05	0.00032423
Waukesha	40.908	1377.346	6187.346	0.282	9.307	74.307	0.00010149	0.00341712	0.01535047	7e-07	2.309e-05	0.00018435
Winnebago	9.027	297.885	1577.885	0.055	1.357	20.357	5.278e-05	0.00174181	0.00922632	3.2e-07	7.93e-06	0.00011903
Marathon	4.027	143.37	840.37	0.269	7.632	19.632	2.974e-05	0.00105864	0.00620529	1.99e-06	5.635e-05	0.00014496
Iowa	1.314	43.369	143.369	0.269	7.632	7.632	5.528e-05	0.00182445	0.00603126	1.132e-05	0.00032106	0.00032106
Ashland	0.445	14.686	44.686	0.0	0.0	1.0	2.853e-05	0.00094141	0.00286449	0.0	0.0	6.41e-05
Columbia	4.561	125.202	413.202	2.916	26.019	28.019	7.952e-05	0.00218282	0.00720391	5.084e-05	0.00045362	0.00048849
Bayfield	0.678	22.379	56.379	0.0	0.0	1.0	4.507e-05	0.00148777	0.00374811	0.0	0.0	6.648e-05
Sheboygan	0.095	98.705	940.705	0.007	0.728	8.728	8.2e-07	0.00085491	0.00814774	6e-08	6.31e-06	7.56e-05
Dane	13.272	570.563	5419.563	0.043	1.558	40.558	2.447e-05	0.00105199	0.00999248	8e-08	2.87e-06	7.478e-05
Pepin	0.044	1.462	47.462	0.043	1.558	1.558	6.04e-06	0.00020058	0.00651146	5.9e-06	0.00021375	0.00021375
Florence	9.347	83.415	99.415	0.043	1.558	1.558	0.00216316	0.01930456	0.02300741	9.95e-06	0.00036056	0.00036056
Dodge	7.079	256.315	1186.315	0.0	0.0	5.0	8.058e-05	0.00291774	0.01350433	0.0	0.0	5.692e-05
Price	0.0	4.601	37.601	0.0	0.0	0.0	0.0	0.00034344	0.00280667	0.0	0.0	0.0
Unassigned	0.0	0.0	1.0	0.0	0.0	4.0	N/A	N/A	N/A	N/A	N/A	N/A
Kewaunee	0.244	24.608	167.608	0.0	0.0	2.0	1.197e-05	0.00120728	0.00822293	0.0	0.0	9.812e-05
Waupaca	4.781	173.117	699.117	0.057	1.67	17.67	9.351e-05	0.00338595	0.01367386	1.11e-06	3.266e-05	0.0003456
Eau Claire	4.32	168.548	826.548	0.009	0.308	4.308	4.133e-05	0.00161237	0.00790698	9e-08	2.95e-06	4.121e-05
Adams	0.45	18.877	112.877	0.0	0.0	2.0	2.212e-05	0.00092771	0.00554733	0.0	0.0	9.829e-05
Shawano	2.524	83.276	300.276	0.0	0.0	0.0	6.187e-05	0.00204128	0.00736043	0.0	0.0	0.0
Buffalo	0.265	7.974	54.974	0.0	0.0	2.0	2.019e-05	0.00060754	0.0041885	0.0	0.0	0.00015238
Dunn	1.447	47.752	186.752	0.0	0.0	0.0	3.206e-05	0.00105808	0.004138	0.0	0.0	0.0
Saint Croix	3.63	119.799	655.799	0.263	6.506	12.506	4.047e-05	0.00133564	0.00731151	2.93e-06	7.254e-05	0.00013943
Kenosha	0.108	128.893	2908.893	0.0	0.222	60.222	6.4e-07	0.00076137	0.0171829	0.0	1.31e-06	0.00035573
Rock	4.094	143.16	1627.16	0.0	0.0	26.0	2.51e-05	0.00087759	0.00997468	0.0	0.0	0.00015938
Sawyer	3.657	106.99	216.99	0.0	0.0	0.0	0.00022178	0.00648857	0.01315968	0.0	0.0	0.0
Iron	0.282	8.928	88.928	0.0	0.0	1.0	4.968e-05	0.00157294	0.01566737	0.0	0.0	0.00017618
Lafayette	3.349	105.895	276.895	0.0	0.0	0.0	0.00020096	0.00635434	0.01661536	0.0	0.0	0.0
Washburn	0.0	4.339	54.339	0.0	0.0	0.0	0.0	0.00027327	0.00342228	0.0	0.0	0.0
Marinette	8.078	249.402	744.402	0.409	8.974	13.974	0.00019978	0.00616813	0.0184103	1.012e-05	0.00022194	0.0003456
Clark	0.95	30.024	227.024	0.235	5.387	13.387	2.737e-05	0.00086502	0.00654078	6.77e-06	0.0001552	0.00038569
Oconto	3.594	123.368	399.368	0.0	0.0	1.0	9.5e-05	0.00326112	0.01055691	0.0	0.0	2.643e-05
Sauk	4.542	149.867	661.867	0.0	0.0	3.0	7.069e-05	0.0023326	0.01030159	0.0	0.0	4.669e-05
La Crosse	0.08	74.969	1041.969	0.0	0.0	1.0	6.8e-07	0.00063409	0.00881307	0.0	0.0	8.46e-06
Racine	0.246	229.965	3905.965	0.04	1.311	82.311	1.25e-06	0.00116981	0.01986919	2e-07	6.67e-06	0.00041871
Rusk	0.308	10.15	32.15	0.0	0.0	1.0	2.177e-05	0.00071747	0.00227257	0.0	0.0	7.069e-05
Barron	2.586	85.349	411.349	0.0	0.0	3.0	5.726e-05	0.00188976	0.0091079	0.0	0.0	6.642e-05
Juneau	0.722	23.837	175.837	0.0	0.0	1.0	2.713e-05	0.00089556	0.00660619	0.0	0.0	3.757e-05
Milwaukee	63.729	2524.151	24736.151	0.543	21.175	487.175	6.721e-05	0.00266204	0.02608746	5.7e-07	2.233e-05	0.00051379
Vilas	1.87	57.728	131.728	0.543	21.175	21.175	8.524e-05	0.00263142	0.00600456	2.475e-05	0.00096522	0.00096522
Vernon	0.909	26.609	100.609	0.543	21.175	21.175	2.953e-05	0.00086435	0.00326812	1.764e-05	0.00068783	0.00068783
Taylor	0.414	20.686	98.686	0.0	0.0	2.0	2.028e-05	0.00101342	0.00483471	0.0	0.0	9.798e-05
Crawford	0.67	23.846	109.846	0.0	0.0	0.0	4.113e-05	0.00146375	0.00674274	0.0	0.0	0.0
Menominee	1.002	24.804	50.804	0.0	0.0	0.0	0.00021511	0.00532503	0.01090683	0.0	0.0	0.0
Calumet	5.073	167.398	570.398	0.0	0.0	2.0	0.00010114	0.00333735	0.0113718	0.0	0.0	3.987e-05
Outagamie	10.614	357.354	1745.354	0.049	1.254	15.254	5.665e-05	0.00190726	0.00931526	2.6e-07	6.69e-06	8.141e-05
Waushara	0.483	19.82	147.82	0.0	0.0	1.0	1.991e-05	0.00081688	0.0060924	0.0	0.0	4.122e-05
Polk	0.92	30.37	173.37	0.0	0.0	2.0	2.11e-05	0.00069659	0.00397656	0.0	0.0	4.587e-05
Portage	4.423	145.943	612.943	0.0	0.0	0.0	6.235e-05	0.00205722	0.00864006	0.0	0.0	0.0
Oneida	4.336	143.099	319.099	0.0	0.0	0.0	0.00012224	0.00403437	0.00899631	0.0	0.0	0.0
Grant	3.035	93.693	489.693	0.283	6.213	22.213	5.887e-05	0.00181738	0.00949864	5.49e-06	0.00012051	0.00043087
Door	0.0	4.536	118.536	0.0	0.0	3.0	0.0	0.00016429	0.00429323	0.0	0.0	0.00010866
Jackson	0.221	11.063	73.063	0.0	0.0	1.0	1.079e-05	0.00054024	0.00356788	0.0	0.0	4.883e-05
