Name	Predicted_New_Cases	Total_Predicted_New_Cases	Total_Predicted_Cases	Predicted_New_Deaths	Total_Predicted_New_Deaths	Total_Predicted_Deaths	Predicted_New_per_capita	Predicted_Total_New_per_capita	Predicted_Total_Cases_per_capita	Predicted_New_Deaths_per_capita	Total_Predicted_New_Deaths_per_capita	Total_Predicted_Deaths_per_capita
Burnett	0.0	0.0	0.0	0.0	0.0	0.0	0.0	0.0	0.0	0.0	0.0	0.0
Brown	111.979	663.221	997.461	0.788	9.846	12.846	0.00042516	0.00251813	0.00378718	2.99e-06	3.738e-05	4.877e-05
Wood	0.0	0.0	2.0	0.788	9.846	10.846	0.0	0.0	2.738e-05	1.079e-05	0.00013478	0.00014846
Forest	0.0	0.0	0.0	0.0	0.0	0.0	0.0	0.0	0.0	0.0	0.0	0.0
Richland	0.392	4.899	13.397	0.0	0.0	1.0	2.256e-05	0.00028192	0.00077096	0.0	0.0	5.755e-05
Green	0.0	0.0	9.0	0.0	0.0	0.0	0.0	0.0	0.00024371	0.0	0.0	0.0
Manitowoc	0.368	4.594	12.061	0.0	0.0	0.0	4.65e-06	5.81e-05	0.00015253	0.0	0.0	0.0
Green Lake	0.0	0.0	1.0	0.0	0.0	0.0	0.0	0.0	5.286e-05	0.0	0.0	0.0
Pierce	0.0	0.0	8.0	0.0	0.0	0.0	0.0	0.0	0.00018799	0.0	0.0	0.0
Lincoln	0.0	0.0	0.0	0.0	0.0	0.0	0.0	0.0	0.0	0.0	0.0	0.0
Fond du Lac	0.219	7.259	73.53	0.21	2.286	5.45	2.12e-06	7.043e-05	0.00071343	2.04e-06	2.218e-05	5.288e-05
Ozaukee	0.847	10.59	91.666	0.034	0.346	9.368	9.5e-06	0.00011879	0.00102826	3.8e-07	3.88e-06	0.00010508
Washington	1.387	17.922	106.829	0.0	0.0	3.0	1.022e-05	0.00013208	0.00078728	0.0	0.0	2.211e-05
Langlade	0.0	0.0	0.0	0.0	0.0	0.0	0.0	0.0	0.0	0.0	0.0	0.0
Jefferson	0.693	8.664	41.544	0.0	0.0	0.0	8.14e-06	0.00010177	0.00048801	0.0	0.0	0.0
Trempealeau	0.0	0.0	1.0	0.0	0.0	0.0	0.0	0.0	3.397e-05	0.0	0.0	0.0
Monroe	1.114	11.717	25.508	0.0	0.0	1.0	2.419e-05	0.00025444	0.00055391	0.0	0.0	2.172e-05
Chippewa	0.0	0.407	20.589	0.0	0.0	0.0	0.0	6.35e-06	0.00032103	0.0	0.0	0.0
Douglas	0.542	3.019	11.099	0.0	0.0	0.0	1.254e-05	6.987e-05	0.00025687	0.0	0.0	0.0
Walworth	17.995	143.806	240.868	0.0	0.0	7.0	0.0001735	0.00138651	0.00232234	0.0	0.0	6.749e-05
Waukesha	6.65	83.106	365.546	1.088	10.987	24.689	1.65e-05	0.00020618	0.0009069	2.7e-06	2.726e-05	6.125e-05
Winnebago	5.424	39.418	82.058	0.0	0.0	1.0	3.172e-05	0.00023049	0.00047982	0.0	0.0	5.85e-06
Marathon	0.909	8.385	25.869	0.0	0.0	1.0	6.71e-06	6.191e-05	0.00019102	0.0	0.0	7.38e-06
Iowa	0.158	1.971	9.171	0.0	0.0	0.0	6.65e-06	8.292e-05	0.00038581	0.0	0.0	0.0
Ashland	0.021	0.491	2.571	0.0	0.0	0.0	1.35e-06	3.147e-05	0.00016481	0.0	0.0	0.0
Marquette	0.21	2.286	5.45	0.0	0.0	1.0	1.361e-05	0.00014811	0.00035312	0.0	0.0	6.479e-05
Columbia	0.357	4.463	31.916	0.0	0.0	1.0	6.22e-06	7.781e-05	0.00055644	0.0	0.0	1.743e-05
Bayfield	0.0	0.0	3.0	0.0	0.0	1.0	0.0	0.0	0.00019944	0.0	0.0	6.648e-05
Sheboygan	0.606	7.572	51.341	0.0	0.0	2.0	5.25e-06	6.558e-05	0.00044468	0.0	0.0	1.732e-05
Dane	0.84	27.844	414.72	0.364	6.269	27.113	1.55e-06	5.134e-05	0.00076465	6.7e-07	1.156e-05	4.999e-05
Pepin	0.0	0.0	7.0	0.364	6.269	7.113	0.0	0.0	0.00096035	4.994e-05	0.00086006	0.00097585
Florence	0.0	0.0	2.0	0.364	6.269	7.113	0.0	0.0	0.00046286	8.424e-05	0.00145082	0.00164615
Dodge	0.0	0.0	19.12	0.0	0.0	1.0	0.0	0.0	0.00021765	0.0	0.0	1.138e-05
Price	0.0	0.0	1.0	0.0	0.0	0.0	0.0	0.0	7.464e-05	0.0	0.0	0.0
Unassigned	0.0	0.0	1.0	0.0	0.0	4.0	N/A	N/A	N/A	N/A	N/A	N/A
Kewaunee	0.267	4.46	13.06	0.0	0.0	1.0	1.31e-05	0.00021881	0.00064073	0.0	0.0	4.906e-05
Waupaca	0.0	0.188	4.272	0.0	0.0	1.0	0.0	3.68e-06	8.355e-05	0.0	0.0	1.956e-05
Eau Claire	1.025	5.702	27.853	0.0	0.0	0.0	9.81e-06	5.455e-05	0.00026645	0.0	0.0	0.0
Adams	0.158	1.971	6.171	0.0	0.0	1.0	7.76e-06	9.686e-05	0.00030327	0.0	0.0	4.914e-05
Shawano	0.0	0.0	6.0	0.0	0.0	0.0	0.0	0.0	0.00014707	0.0	0.0	0.0
Buffalo	0.154	1.925	6.121	0.0	0.0	1.0	1.173e-05	0.00014667	0.00046636	0.0	0.0	7.619e-05
Dunn	0.0	0.191	9.262	0.0	0.0	0.0	0.0	4.23e-06	0.00020522	0.0	0.0	0.0
Saint Croix	0.312	3.896	15.292	0.0	0.0	0.0	3.48e-06	4.344e-05	0.00017049	0.0	0.0	0.0
Kenosha	8.149	101.837	376.179	0.207	2.088	8.221	4.814e-05	0.00060155	0.0022221	1.22e-06	1.233e-05	4.856e-05
Rock	1.497	20.271	105.48	0.0	0.0	4.0	9.18e-06	0.00012426	0.0006466	0.0	0.0	2.452e-05
Sawyer	0.0	0.0	2.0	0.0	0.0	0.0	0.0	0.0	0.00012129	0.0	0.0	0.0
Iron	0.0	0.08	2.124	0.0	0.0	1.0	0.0	1.409e-05	0.00037421	0.0	0.0	0.00017618
Lafayette	0.0	0.0	3.0	0.0	0.0	0.0	0.0	0.0	0.00018002	0.0	0.0	0.0
Washburn	0.0	0.0	1.0	0.0	0.0	0.0	0.0	0.0	6.298e-05	0.0	0.0	0.0
Marinette	0.434	4.001	10.232	0.0	0.0	1.0	1.073e-05	9.895e-05	0.00025305	0.0	0.0	2.473e-05
Clark	5.997	33.383	51.267	0.0	0.0	1.0	0.00017278	0.0009618	0.00147705	0.0	0.0	2.881e-05
Oconto	0.005	0.56	5.738	0.0	0.0	0.0	1.3e-07	1.48e-05	0.00015168	0.0	0.0	0.0
Sauk	0.677	9.514	44.607	0.119	1.489	4.64	1.054e-05	0.00014808	0.00069428	1.85e-06	2.318e-05	7.222e-05
La Crosse	0.0	0.097	26.137	0.119	1.489	1.64	0.0	8.2e-07	0.00022107	1.01e-06	1.259e-05	1.387e-05
Racine	4.689	67.408	260.448	0.562	7.436	18.236	2.385e-05	0.0003429	0.00132487	2.86e-06	3.783e-05	9.276e-05
Rusk	0.105	1.312	5.445	0.562	7.436	8.236	7.42e-06	9.274e-05	0.00038489	3.973e-05	0.00052562	0.00058217
Barron	0.0	0.0	6.0	0.562	7.436	8.236	0.0	0.0	0.00013285	1.244e-05	0.00016464	0.00018236
Juneau	0.561	6.114	16.554	0.0	0.0	1.0	2.108e-05	0.0002297	0.00062193	0.0	0.0	3.757e-05
Milwaukee	49.104	613.642	2909.962	2.819	43.681	188.463	5.179e-05	0.00064716	0.00306893	2.97e-06	4.607e-05	0.00019876
Vilas	0.0	0.0	4.0	2.819	43.681	49.463	0.0	0.0	0.00018233	0.0001285	0.00199111	0.00225467
Vernon	0.0	0.0	0.0	0.0	0.0	0.0	0.0	0.0	0.0	0.0	0.0	0.0
Taylor	0.0	0.0	0.0	0.0	0.0	0.0	0.0	0.0	0.0	0.0	0.0	0.0
Crawford	0.0	0.0	3.0	2.819	43.681	49.463	0.0	0.0	0.00018415	0.00017304	0.0026813	0.00303622
Menominee	0.0	0.0	1.0	2.819	43.681	49.463	0.0	0.0	0.00021468	0.0006052	0.00937763	0.01061894
Calumet	0.13	1.62	7.784	2.819	43.681	49.463	2.59e-06	3.23e-05	0.00015519	5.62e-05	0.00087085	0.00098612
Outagamie	0.501	6.26	41.896	0.0	0.0	2.0	2.67e-06	3.341e-05	0.00022361	0.0	0.0	1.067e-05
Waushara	0.0	0.0	2.0	0.0	0.0	0.0	0.0	0.0	8.243e-05	0.0	0.0	0.0
Polk	0.0	0.0	4.0	0.0	0.0	0.0	0.0	0.0	9.175e-05	0.0	0.0	0.0
Portage	0.0	0.0	4.0	0.0	0.0	0.0	0.0	0.0	5.638e-05	0.0	0.0	0.0
Oneida	0.0	0.18	6.26	0.0	0.0	0.0	0.0	5.07e-06	0.00017649	0.0	0.0	0.0
Grant	11.204	60.615	85.091	0.0	0.0	3.0	0.00021733	0.00117576	0.00165052	0.0	0.0	5.819e-05
Door	0.0	0.119	9.168	0.0	0.0	1.0	0.0	4.31e-06	0.00033205	0.0	0.0	3.622e-05
Jackson	0.0	0.586	12.848	0.0	0.0	1.0	0.0	2.862e-05	0.00062741	0.0	0.0	4.883e-05
