Name	Predicted_New_Cases	Total_Predicted_New_Cases	Total_Predicted_Cases	Predicted_New_Deaths	Total_Predicted_New_Deaths	Total_Predicted_Deaths	Predicted_New_per_capita	Predicted_Total_New_per_capita	Predicted_Total_Cases_per_capita	Predicted_New_Deaths_per_capita	Total_Predicted_New_Deaths_per_capita	Total_Predicted_Deaths_per_capita
Logan	2.71	50.296	144.296	0.0	0.0	1.0	5.975e-05	0.00110887	0.00318127	0.0	0.0	2.205e-05
Licking	14.069	315.84	1144.84	0.812	13.002	32.002	8.004e-05	0.0017969	0.00651332	4.62e-06	7.397e-05	0.00018207
Brown	1.537	28.53	104.53	0.0	0.0	1.0	3.525e-05	0.00065433	0.00239737	0.0	0.0	2.293e-05
Wood	23.132	410.437	1076.437	6.09	42.014	96.014	0.00017699	0.00314039	0.00823619	4.66e-05	0.00032146	0.00073464
Pike	1.475	30.328	73.328	6.09	42.014	42.014	5.255e-05	0.00108056	0.00261261	0.00021698	0.00149692	0.00149692
Richland	4.815	114.755	579.755	0.395	7.332	15.332	3.976e-05	0.00094761	0.00478745	3.26e-06	6.055e-05	0.00012661
Wayne	3.887	81.865	502.865	0.0	0.34	57.34	3.352e-05	0.00070593	0.00433628	0.0	2.93e-06	0.00049445
Sandusky	5.533	124.223	378.223	0.0	0.0	15.0	9.41e-05	0.00211267	0.00643247	0.0	0.0	0.00025511
Fulton	9.758	131.814	236.814	0.0	0.0	0.0	0.00023082	0.00311794	0.00560162	0.0	0.0	0.0
Seneca	59.897	447.086	543.086	0.0	0.0	2.0	0.00108495	0.00809836	0.00983727	0.0	0.0	3.623e-05
Montgomery	37.752	947.385	4230.385	1.142	25.625	76.625	7.092e-05	0.00177969	0.00794691	2.15e-06	4.814e-05	0.00014394
Fairfield	18.793	439.48	1427.48	0.184	3.262	21.262	0.00012064	0.00282112	0.00916332	1.18e-06	2.094e-05	0.00013649
Coshocton	0.347	23.436	192.436	0.005	0.195	4.195	9.47e-06	0.00063982	0.00525365	1.4e-07	5.32e-06	0.00011453
Wyandot	0.676	16.115	100.115	0.0	0.0	5.0	3.082e-05	0.00073467	0.00456417	0.0	0.0	0.00022795
Hamilton	64.446	1720.342	9923.342	5.068	64.256	288.256	7.891e-05	0.0021065	0.01215077	6.21e-06	7.868e-05	0.00035296
Cuyahoga	117.924	2862.099	14068.099	3.032	65.296	500.296	9.481e-05	0.00230099	0.01131006	2.44e-06	5.249e-05	0.00040221
Washington	1.737	41.394	218.394	0.164	3.046	24.046	2.888e-05	0.00068812	0.00363052	2.73e-06	5.064e-05	0.00039973
Pickaway	4.36	99.959	2397.959	0.077	1.295	43.295	7.506e-05	0.00172088	0.04128291	1.33e-06	2.229e-05	0.00074536
Noble	0.21	4.705	20.705	0.077	1.295	1.295	1.463e-05	0.00032778	0.00144246	5.36e-06	9.022e-05	9.022e-05
Hardin	1.645	35.423	176.423	0.0	0.0	12.0	5.226e-05	0.00112525	0.00560429	0.0	0.0	0.00038119
Erie	6.84	163.034	563.034	0.0	0.0	22.0	9.167e-05	0.002185	0.00754586	0.0	0.0	0.00029485
Fayette	0.373	8.895	72.895	0.0	0.0	0.0	1.301e-05	0.0003103	0.00254291	0.0	0.0	0.0
Morrow	0.25	12.998	154.998	0.0	0.0	1.0	7.12e-06	0.00037019	0.00441439	0.0	0.0	2.848e-05
Jefferson	1.049	47.641	211.641	0.0	0.0	2.0	1.595e-05	0.00072439	0.00321804	0.0	0.0	3.041e-05
Guernsey	0.657	15.648	110.648	0.28	5.189	11.189	1.684e-05	0.000401	0.00283553	7.18e-06	0.00013298	0.00028674
Monroe	0.0	0.0	89.0	0.0	0.0	17.0	0.0	0.0	0.00645395	0.0	0.0	0.00123278
Summit	22.443	534.916	3305.916	0.202	4.814	216.814	4.141e-05	0.00098708	0.0061004	3.7e-07	8.88e-06	0.00040009
Belmont	0.0	2.291	580.291	0.003	1.271	27.271	0.0	3.394e-05	0.00859627	4e-08	1.883e-05	0.00040398
Lawrence	16.223	259.883	423.883	0.0	0.0	1.0	0.00027099	0.00434108	0.00708053	0.0	0.0	1.67e-05
Marion	3.283	73.694	2880.694	0.122	1.958	42.958	5.031e-05	0.00112931	0.04414451	1.87e-06	3e-05	0.0006583
Delaware	16.697	397.962	1388.962	0.0	0.0	16.0	8.152e-05	0.00194293	0.00678118	0.0	0.0	7.812e-05
Mercer	91.632	712.831	1094.831	0.0	0.569	11.569	0.00223716	0.01740353	0.02672993	0.0	1.389e-05	0.00028245
Hocking	0.915	21.801	119.801	0.0	0.0	9.0	3.224e-05	0.00076805	0.00422057	0.0	0.0	0.00031707
Ashland	2.64	62.927	169.927	0.328	6.09	10.09	4.912e-05	0.00117084	0.00316173	6.1e-06	0.00011331	0.00018774
Henry	57.124	426.391	511.391	0.328	6.09	6.09	0.00210899	0.01574212	0.01888027	1.211e-05	0.00022484	0.00022484
Madison	1.614	46.748	308.748	0.0	0.0	9.0	3.634e-05	0.00105257	0.00695175	0.0	0.0	0.00020264
Darke	0.374	10.724	282.724	0.0	0.0	26.0	7.29e-06	0.00020895	0.00550872	0.0	0.0	0.0005066
Muskingum	0.699	23.408	157.408	0.0	0.0	1.0	8.11e-06	0.00027161	0.00182644	0.0	0.0	1.16e-05
Defiance	6.624	106.106	202.106	0.359	3.208	7.208	0.00017356	0.00278019	0.00529558	9.41e-06	8.406e-05	0.00018886
Scioto	1.715	49.191	164.191	0.359	3.208	3.208	2.271e-05	0.00065152	0.00217466	4.75e-06	4.249e-05	4.249e-05
Clermont	9.684	243.011	932.011	0.198	4.074	13.074	4.713e-05	0.00118273	0.00453608	9.6e-07	1.983e-05	6.363e-05
Mahoning	13.535	322.595	2510.595	8.073	60.257	301.257	5.894e-05	0.00140477	0.01093265	3.515e-05	0.0002624	0.00131185
Trumbull	14.071	296.355	1538.355	0.67	14.422	105.422	7.084e-05	0.00149202	0.00774494	3.37e-06	7.261e-05	0.00053075
Gallia	5.756	68.523	107.523	0.0	0.0	1.0	0.000192	0.0022857	0.00358661	0.0	0.0	3.336e-05
Williams	1.761	38.732	135.732	2.095	15.637	18.637	4.785e-05	0.00105239	0.00368797	5.692e-05	0.00042487	0.00050639
Lorain	13.096	328.648	1732.648	0.575	11.504	86.504	4.232e-05	0.001062	0.00559892	1.86e-06	3.717e-05	0.00027953
Lake	21.626	465.698	1316.698	0.621	8.908	34.908	9.382e-05	0.00202026	0.00571201	2.69e-06	3.864e-05	0.00015144
Unassigned	5.173	74.224	90.224	0.621	8.908	8.908	N/A	N/A	N/A	N/A	N/A	N/A
Geauga	2.999	71.487	553.487	0.0	0.0	43.0	3.189e-05	0.00076025	0.00588622	0.0	0.0	0.0004573
Auglaize	44.122	329.335	480.335	0.0	0.443	5.443	0.00096328	0.00719009	0.01048675	0.0	9.67e-06	0.00011883
Tuscarawas	5.965	142.171	848.171	0.109	2.028	13.028	6.471e-05	0.00154239	0.00920165	1.18e-06	2.2e-05	0.00014134
Adams	0.894	19.253	59.253	0.0	0.124	2.124	3.225e-05	0.00069445	0.00213725	0.0	4.47e-06	7.661e-05
Paulding	0.4	13.477	58.477	0.0	0.0	1.0	2.132e-05	0.00071839	0.00311711	0.0	0.0	5.33e-05
Highland	1.844	41.406	128.406	0.0	0.0	1.0	4.283e-05	0.00096163	0.00298216	0.0	0.0	2.322e-05
Shelby	1.006	22.586	125.586	0.0	0.0	4.0	2.069e-05	0.00046447	0.00258264	0.0	0.0	8.226e-05
Allen	9.459	208.035	709.035	0.0	0.0	41.0	9.214e-05	0.00202639	0.00690643	0.0	0.0	0.00039936
Vinton	0.171	4.081	30.081	0.0	0.0	2.0	1.301e-05	0.0003106	0.00228944	0.0	0.0	0.00015222
Putnam	1.616	38.518	206.518	0.207	3.836	19.836	4.784e-05	0.00114026	0.00611362	6.13e-06	0.00011356	0.00058721
Franklin	176.054	4196.144	19189.144	6.135	98.277	582.277	0.00013436	0.00320243	0.01464485	4.68e-06	7.5e-05	0.00044438
Butler	15.502	448.874	2717.874	1.428	21.665	74.665	4.054e-05	0.0011739	0.00710782	3.73e-06	5.666e-05	0.00019526
Greene	10.174	242.483	749.483	0.207	3.836	13.836	6.056e-05	0.00144339	0.00446134	1.23e-06	2.283e-05	8.236e-05
Hancock	14.634	209.973	386.973	1.664	12.421	14.421	0.00019273	0.00276535	0.00509644	2.191e-05	0.00016358	0.00018992
Union	2.787	72.179	235.179	0.0	0.0	1.0	4.819e-05	0.00124802	0.00406638	0.0	0.0	1.729e-05
Ashtabula	5.732	101.703	598.703	0.0	0.0	44.0	5.879e-05	0.00104318	0.00614098	0.0	0.0	0.00045131
Perry	1.056	26.506	92.506	0.0	0.0	1.0	2.931e-05	0.0007356	0.00256726	0.0	0.0	2.775e-05
Preble	0.356	20.611	133.611	0.011	0.268	2.268	8.68e-06	0.00050274	0.00325904	2.7e-07	6.54e-06	5.532e-05
Clark	11.337	238.771	1202.771	0.453	6.122	17.122	8.424e-05	0.00177413	0.00893689	3.37e-06	4.549e-05	0.00012722
Miami	6.513	149.338	765.338	0.107	1.814	35.814	6.131e-05	0.0014059	0.00720508	1.01e-06	1.708e-05	0.00033716
Columbiana	5.688	145.052	1628.052	3.204	23.92	83.92	5.54e-05	0.00141287	0.01585791	3.121e-05	0.00023299	0.00081742
Carroll	1.939	41.761	134.761	0.31	4.452	8.452	7.16e-05	0.00154208	0.00497622	1.145e-05	0.0001644	0.0003121
Morgan	0.21	5.012	21.012	0.31	4.452	4.452	1.438e-05	0.00034319	0.00143878	2.123e-05	0.00030485	0.00030485
Holmes	3.322	76.178	376.178	0.0	0.0	5.0	7.569e-05	0.00173558	0.00857054	0.0	0.0	0.00011392
Knox	6.885	110.301	213.301	1.109	8.279	10.279	0.00011124	0.00178212	0.00344629	1.792e-05	0.00013376	0.00016608
Meigs	0.603	14.377	36.377	1.109	8.279	8.279	2.61e-05	0.00062222	0.00157435	4.8e-05	0.00035831	0.00035831
Medina	7.89	188.048	907.048	0.0	0.0	32.0	4.404e-05	0.00104969	0.00506318	0.0	0.0	0.00017863
Warren	20.061	478.142	1804.142	0.359	6.653	34.653	8.641e-05	0.00205942	0.00777068	1.55e-06	2.866e-05	0.00014926
Lucas	70.72	1454.264	5307.264	0.098	2.341	312.341	0.0001645	0.0033828	0.01234537	2.3e-07	5.45e-06	0.00072655
Harrison	0.233	5.549	20.549	0.0	0.0	1.0	1.536e-05	0.00036569	0.00135422	0.0	0.0	6.59e-05
Ottawa	1.991	86.551	374.551	0.0	0.0	24.0	4.884e-05	0.00212296	0.00918715	0.0	0.0	0.00058868
Huron	3.748	89.341	406.341	0.002	0.615	3.615	6.406e-05	0.00152709	0.00694553	3e-08	1.051e-05	6.179e-05
Clinton	1.426	36.359	156.359	0.072	1.517	5.517	3.391e-05	0.00086452	0.00371779	1.71e-06	3.607e-05	0.00013118
Crawford	1.291	29.604	182.604	0.0	0.0	5.0	3.107e-05	0.00071249	0.0043948	0.0	0.0	0.00012034
Stark	14.204	318.881	1767.881	0.572	12.057	134.057	3.823e-05	0.00085819	0.00475782	1.54e-06	3.245e-05	0.00036078
Champaign	1.058	26.985	103.985	0.0	0.0	1.0	2.73e-05	0.00069632	0.00268321	0.0	0.0	2.58e-05
Athens	0.205	91.096	394.096	0.0	0.0	1.0	3.11e-06	0.00138406	0.00598766	0.0	0.0	1.519e-05
Portage	7.764	167.199	775.199	0.23	3.888	62.888	4.765e-05	0.00102622	0.00475795	1.41e-06	2.386e-05	0.00038599
Ross	10.174	171.787	389.787	1.188	11.105	16.105	0.00013225	0.002233	0.00506671	1.544e-05	0.00014435	0.00020934
Van Wert	0.368	10.558	68.558	0.0	0.0	1.0	1.301e-05	0.00037332	0.00242417	0.0	0.0	3.536e-05
Jackson	1.465	30.856	81.856	0.0	0.0	0.0	4.524e-05	0.00095282	0.00252767	0.0	0.0	0.0
