Name	Predicted_New_Cases	Total_Predicted_New_Cases	Total_Predicted_Cases	Predicted_New_Deaths	Total_Predicted_New_Deaths	Total_Predicted_Deaths	Predicted_New_per_capita	Predicted_Total_New_per_capita	Predicted_Total_Cases_per_capita	Predicted_New_Deaths_per_capita	Total_Predicted_New_Deaths_per_capita	Total_Predicted_Deaths_per_capita
Fulton	0.0	43.605	84.605	0.0	14.149	14.149	0.0	0.00103144	0.00200125	0.0	0.00033468	0.00033468
Coshocton	0.348	1604.15	1644.15	0.0	9.548	9.548	9.5e-06	0.04379453	0.04488657	0.0	0.00026067	0.00026067
Washington	0.0	17.834	135.834	0.001	71.109	90.109	0.0	0.00029647	0.00225807	2e-08	0.0011821	0.00149795
Noble	0.009	40.306	46.306	0.0	5.585	5.585	6.3e-07	0.002808	0.003226	0.0	0.00038909	0.00038909
Jefferson	0.0	68.853	135.853	0.0	0.0	2.0	0.0	0.00104692	0.00206567	0.0	0.0	3.041e-05
Adams	0.009	40.306	50.306	0.0	0.0	1.0	3.2e-07	0.00145383	0.00181453	0.0	0.0	3.607e-05
Preble	0.073	334.53	371.53	0.0	0.0	1.0	1.78e-06	0.00815987	0.00906237	0.0	0.0	2.439e-05
Carroll	0.0	7.163	38.163	0.024	108.826	111.826	0.0	0.0002645	0.00140922	8.9e-07	0.00401854	0.00412932
Morgan	0.0	0.0	5.0	0.024	108.826	108.826	0.0	0.0	0.00034237	1.64e-06	0.00745179	0.00745179
Jackson	0.049	225.706	239.706	0.0	3.041	3.041	1.51e-06	0.00696968	0.00740199	0.0	9.39e-05	9.39e-05
