Name	Predicted_New_Cases	Total_Predicted_New_Cases	Total_Predicted_Cases	Predicted_New_Deaths	Total_Predicted_New_Deaths	Total_Predicted_Deaths	Predicted_New_per_capita	Predicted_Total_New_per_capita	Predicted_Total_Cases_per_capita	Predicted_New_Deaths_per_capita	Total_Predicted_New_Deaths_per_capita	Total_Predicted_Deaths_per_capita
Licking	0.0	503.637	1208.637	0.001	17.101	32.101	0.0	0.00286533	0.00687628	1e-08	9.729e-05	0.00018263
Wood	0.0	229.873	822.873	0.091	72.033	125.033	0.0	0.00175884	0.00629608	7e-07	0.00055115	0.00095667
Pike	0.0	24.541	61.541	0.091	72.033	72.033	0.0	0.00087437	0.00219265	3.24e-06	0.00256647	0.00256647
Richland	0.0	230.665	658.665	0.001	24.268	32.268	0.0	0.00190476	0.00543906	1e-08	0.0002004	0.00026646
Wayne	0.003	149.088	549.088	0.0	13.63	69.63	3e-08	0.00128561	0.00473486	0.0	0.00011753	0.00060043
Sandusky	0.0	184.169	405.169	0.0	2.924	17.924	0.0	0.00313218	0.00689075	0.0	4.973e-05	0.00030484
Fulton	0.001	67.252	153.252	0.0	2.924	2.924	2e-08	0.00159078	0.00362504	0.0	6.916e-05	6.916e-05
Seneca	0.0	60.175	126.175	0.0	0.0	2.0	0.0	0.00108999	0.00228549	0.0	0.0	3.623e-05
Montgomery	0.0	1701.053	4688.053	0.001	45.157	91.157	0.0	0.00319548	0.00880665	0.0	8.483e-05	0.00017124
Fairfield	0.0	779.163	1676.163	0.0	1.493	19.493	0.0	0.00500162	0.01075967	0.0	9.58e-06	0.00012513
Wyandot	0.001	66.154	138.154	0.0	0.936	5.936	5e-08	0.00301591	0.00629834	0.0	4.267e-05	0.00027062
Washington	0.0	54.178	219.178	0.0	0.0	21.0	0.0	0.00090064	0.00364355	0.0	0.0	0.0003491
Pickaway	0.0	173.097	2441.097	0.001	13.809	55.809	0.0	0.00298001	0.04202557	2e-08	0.00023773	0.0009608
Noble	0.0	1.697	17.697	0.001	13.809	13.809	0.0	0.00011822	0.0012329	7e-08	0.00096203	0.00096203
Hardin	1.049	828.321	964.321	0.0	0.0	12.0	3.332e-05	0.02631261	0.03063281	0.0	0.0	0.00038119
Erie	0.0	328.22	691.22	0.0	0.0	22.0	0.0	0.00439885	0.00926382	0.0	0.0	0.00029485
Fayette	0.0	13.682	72.682	0.0	0.0	0.0	0.0	0.00047729	0.00253548	0.0	0.0	0.0
Morrow	0.001	72.106	205.106	0.0	0.0	1.0	3e-08	0.0020536	0.00584148	0.0	0.0	2.848e-05
Monroe	0.0	0.0	89.0	0.0	0.0	17.0	0.0	0.0	0.00645395	0.0	0.0	0.00123278
Lawrence	0.004	216.901	354.901	0.0	0.0	1.0	7e-08	0.00362311	0.00592826	0.0	0.0	1.67e-05
Marion	0.0	122.576	2899.576	0.0	0.428	39.428	0.0	0.00187839	0.04443386	0.0	6.56e-06	0.0006042
Delaware	0.0	749.337	1665.337	0.0	0.0	15.0	0.0	0.00365841	0.0081305	0.0	0.0	7.323e-05
Mercer	0.0	75.916	420.916	0.0	6.611	17.611	0.0	0.00185346	0.01027652	0.0	0.00016141	0.00042997
Hocking	0.507	617.91	709.91	0.0	0.2	8.2	1.786e-05	0.02176889	0.02501004	0.0	7.05e-06	0.00028888
Ashland	2.406	2348.231	2449.231	0.0	0.716	4.716	4.477e-05	0.04369208	0.04557133	0.0	1.332e-05	8.775e-05
Henry	0.007	117.973	176.973	0.0	0.716	0.716	2.6e-07	0.0043555	0.00653374	0.0	2.643e-05	2.643e-05
Madison	0.0	109.138	354.138	0.0	0.235	9.235	0.0	0.00245734	0.00797375	0.0	5.29e-06	0.00020793
Darke	0.0	33.338	298.338	0.0	0.235	26.235	0.0	0.00064957	0.00581295	0.0	4.58e-06	0.00051117
Defiance	2.931	1920.124	1995.124	0.0	0.0	3.0	7.68e-05	0.05031112	0.05227627	0.0	0.0	7.861e-05
Clermont	0.0	556.198	1174.198	0.0	1.493	9.493	0.0	0.00270701	0.0057148	0.0	7.27e-06	4.62e-05
Williams	0.003	90.328	180.328	0.0	0.449	3.449	8e-08	0.0024543	0.00489968	0.0	1.22e-05	9.371e-05
Lake	0.0	557.026	1346.026	0.0	11.84	35.84	0.0	0.00241645	0.00583924	0.0	5.136e-05	0.00015548
Unassigned	0.006	147.972	163.972	0.0	11.84	11.84	N/A	N/A	N/A	N/A	N/A	N/A
Geauga	0.0	132.832	597.832	0.001	9.707	52.707	0.0	0.00141264	0.00635782	1e-08	0.00010323	0.00056053
Auglaize	0.002	74.247	200.247	0.0	0.0	5.0	4e-08	0.00162097	0.00437182	0.0	0.0	0.00010916
Tuscarawas	0.0	223.341	905.341	0.0	8.036	19.036	0.0	0.00242298	0.00982187	0.0	8.718e-05	0.00020652
Adams	0.0	31.449	65.449	0.0	7.112	9.112	0.0	0.00113436	0.00236073	0.0	0.00025653	0.00032867
Paulding	0.0	43.579	84.579	0.0	7.112	7.112	0.0	0.00232297	0.00450848	0.0	0.0003791	0.0003791
Allen	0.0	322.825	773.825	0.0	0.0	41.0	0.0	0.00314451	0.00753753	0.0	0.0	0.00039936
Putnam	0.0	83.11	244.11	0.0	1.493	17.493	0.0	0.00246033	0.00722647	0.0	4.42e-05	0.00051785
Greene	0.0	393.934	854.934	0.0	1.048	11.048	0.0	0.00234492	0.00508904	0.0	6.24e-06	6.576e-05
Hancock	0.19	475.651	591.651	0.0	25.338	27.338	2.5e-06	0.00626434	0.00779206	0.0	0.0003337	0.00036004
Union	0.016	427.144	569.144	0.0	0.0	1.0	2.8e-07	0.00738556	0.00984082	0.0	0.0	1.729e-05
Ashtabula	0.0	62.846	535.846	0.0	0.0	44.0	0.0	0.00064462	0.00549625	0.0	0.0	0.00045131
Clark	0.0	312.097	1207.097	0.001	11.98	22.98	0.0	0.00231896	0.00896903	1e-08	8.901e-05	0.00017075
Miami	0.0	203.924	777.924	0.0	0.0	31.0	0.0	0.00191979	0.00732357	0.0	0.0	0.00029184
Carroll	0.0	48.095	134.095	0.0	0.0	4.0	0.0	0.00177597	0.00495163	0.0	0.0	0.00014771
Morgan	0.411	324.123	338.123	0.0	0.0	0.0	2.814e-05	0.02219412	0.02315277	0.0	0.0	0.0
Holmes	0.0	87.738	380.738	0.0	6.611	11.611	0.0	0.00199895	0.00867443	0.0	0.00015062	0.00026454
Knox	2.084	1644.649	1718.649	0.0	0.0	1.0	3.367e-05	0.02657246	0.02776807	0.0	0.0	1.616e-05
Meigs	0.664	524.206	543.206	0.0	0.0	0.0	2.874e-05	0.02268701	0.0235093	0.0	0.0	0.0
Medina	0.0	389.176	1070.176	0.0	0.0	32.0	0.0	0.0021724	0.00597376	0.0	0.0	0.00017863
Warren	0.0	966.363	2194.363	0.003	36.371	64.371	0.0	0.00416225	0.00945141	1e-08	0.00015665	0.00027725
Harrison	0.411	324.123	340.123	0.0	0.0	1.0	2.709e-05	0.02136042	0.02241485	0.0	0.0	6.59e-05
Ottawa	0.0	345.663	609.663	0.0	0.371	24.371	0.0	0.00847857	0.01495408	0.0	9.1e-06	0.00059778
Huron	0.0	176.139	466.139	0.172	136.051	139.051	0.0	0.00301072	0.00796764	2.94e-06	0.0023255	0.00237678
Crawford	0.002	71.032	224.032	0.0	0.0	5.0	5e-08	0.00170955	0.00539187	0.0	0.0	0.00012034
Ross	0.0	102.007	284.007	0.0	0.0	4.0	0.0	0.00132595	0.00369171	0.0	0.0	5.199e-05
