Name	Predicted_New_Cases	Total_Predicted_New_Cases	Total_Predicted_Cases	Predicted_New_Deaths	Total_Predicted_New_Deaths	Total_Predicted_Deaths	Predicted_New_per_capita	Predicted_Total_New_per_capita	Predicted_Total_Cases_per_capita	Predicted_New_Deaths_per_capita	Total_Predicted_New_Deaths_per_capita	Total_Predicted_Deaths_per_capita
Logan	0.005	26.223	45.949	0.031	712.176	870.367	1.1e-07	0.00057813	0.00101303	6.8e-07	0.01570122	0.01918883
Licking	0.001	46.291	161.322	0.0	0.0	4.0	1e-08	0.00026336	0.00091781	0.0	0.0	2.276e-05
Brown	0.0	10.913	24.514	0.0	0.0	1.0	0.0	0.00025029	0.00056222	0.0	0.0	2.293e-05
Wood	0.016	120.796	249.035	0.117	113.312	136.382	1.2e-07	0.00092425	0.00190545	9e-07	0.00086699	0.00104351
Pike	0.191	70.077	72.698	0.117	113.312	121.382	6.81e-06	0.00249678	0.00259016	4.17e-06	0.0040372	0.00432472
Richland	0.008	90.38	178.762	0.0	0.0	1.0	7e-08	0.00074633	0.00147616	0.0	0.0	8.26e-06
Wayne	0.003	89.218	198.48	0.0	0.0	18.0	3e-08	0.00076934	0.00171152	0.0	0.0	0.00015522
Sandusky	0.0	7.272	30.686	0.0	0.0	2.0	0.0	0.00012368	0.00052188	0.0	0.0	3.401e-05
Fulton	0.005	37.384	62.575	0.0	0.0	0.0	1.2e-07	0.00088428	0.00148015	0.0	0.0	0.0
Seneca	0.0	0.377	12.505	0.0	0.0	1.0	0.0	6.83e-06	0.00022651	0.0	0.0	1.811e-05
Montgomery	0.0	8.539	279.239	0.0	1.057	13.97	0.0	1.604e-05	0.00052456	0.0	1.99e-06	2.624e-05
Fairfield	0.0	1.505	117.604	0.0	0.0	2.0	0.0	9.66e-06	0.00075493	0.0	0.0	1.284e-05
Coshocton	0.0	0.011	16.056	0.0	0.0	0.0	0.0	3e-07	0.00043834	0.0	0.0	0.0
Wyandot	0.001	18.373	43.752	0.0	0.0	2.0	5e-08	0.00083761	0.00199462	0.0	0.0	9.118e-05
Hamilton	0.095	732.931	1741.935	0.197	190.846	251.435	1.2e-07	0.00089745	0.00213294	2.4e-07	0.00023368	0.00030787
Cuyahoga	0.074	1253.792	3289.053	0.006	106.009	211.607	6e-08	0.00100799	0.00264424	0.0	8.523e-05	0.00017012
Washington	0.005	82.743	175.381	0.0	0.0	8.0	8e-08	0.0013755	0.00291548	0.0	0.0	0.00013299
Pickaway	315.033	115628.753	118313.535	0.0	0.0	5.0	0.00542356	1.99064754	2.03686835	0.0	0.0	8.608e-05
Noble	0.0	0.0	3.0	0.0	0.0	0.0	0.0	0.0	0.000209	0.0	0.0	0.0
Hardin	0.001	28.284	55.025	0.0	0.0	0.0	3e-08	0.00089848	0.00174794	0.0	0.0	0.0
Erie	0.244	259.559	323.422	0.392	144.036	148.311	3.27e-06	0.00347864	0.00433454	5.25e-06	0.00193039	0.00198768
Fayette	0.0	0.0	14.124	0.392	144.036	145.311	0.0	0.0	0.00049271	1.367e-05	0.00502463	0.00506911
Morrow	0.006	49.555	84.09	0.392	144.036	145.311	1.7e-07	0.00141134	0.00239491	1.116e-05	0.00410219	0.0041385
Jefferson	0.0	15.912	52.706	0.0	0.0	1.0	0.0	0.00024195	0.0008014	0.0	0.0	1.521e-05
Guernsey	0.0	9.872	28.166	0.0	0.0	0.0	0.0	0.00025299	0.0007218	0.0	0.0	0.0
Monroe	0.0	0.0	2.0	0.0	0.0	0.0	0.0	0.0	0.00014503	0.0	0.0	0.0
Summit	0.032	379.71	903.931	0.102	108.09	148.779	6e-08	0.00070068	0.00166802	1.9e-07	0.00019946	0.00027454
Belmont	0.002	66.21	176.988	0.017	28.302	37.85	3e-08	0.00098082	0.00262185	2.5e-07	0.00041926	0.0005607
Lawrence	0.0	14.185	39.566	0.017	28.302	31.85	0.0	0.00023695	0.00066091	2.8e-07	0.00047276	0.00053202
Marion	619.352	227325.613	231499.365	0.0	0.0	3.0	0.00949111	3.48359711	3.54755678	0.0	0.0	4.597e-05
Delaware	0.002	79.125	229.981	0.0	2.456	6.041	1e-08	0.0003863	0.00112281	0.0	1.199e-05	2.949e-05
Mercer	0.0	0.0	16.036	0.0	0.0	1.0	0.0	0.0	0.00039151	0.0	0.0	2.441e-05
Hocking	0.0	0.0	5.0	0.0	0.0	1.0	0.0	0.0	0.00017615	0.0	0.0	3.523e-05
Ashland	0.0	0.0	5.0	0.0	0.0	0.0	0.0	0.0	9.303e-05	0.0	0.0	0.0
Henry	0.0	5.457	10.758	0.0	0.0	0.0	0.0	0.00020147	0.00039718	0.0	0.0	0.0
Madison	0.001	20.008	62.777	0.0	0.003	3.014	2e-08	0.0004505	0.00141348	0.0	7e-08	6.786e-05
Darke	0.0	3.081	70.447	0.0	1.219	14.142	0.0	6.003e-05	0.00137262	0.0	2.375e-05	0.00027555
Muskingum	0.0	1.634	12.024	0.0	1.219	2.142	0.0	1.896e-05	0.00013952	0.0	1.414e-05	2.485e-05
Defiance	0.002	12.176	31.519	0.0	1.219	2.142	5e-08	0.00031904	0.00082586	0.0	3.194e-05	5.612e-05
Scioto	0.0	0.0	6.116	0.0	1.219	2.142	0.0	0.0	8.1e-05	0.0	1.615e-05	2.837e-05
Clermont	0.003	90.949	188.622	0.0	2.726	5.375	1e-08	0.00044265	0.00091802	0.0	1.327e-05	2.616e-05
Mahoning	0.007	439.175	1218.927	0.001	49.473	123.264	3e-08	0.00191243	0.00530794	0.0	0.00021544	0.00053677
Trumbull	0.006	206.276	527.431	0.036	60.375	89.942	3e-08	0.00103851	0.00265538	1.8e-07	0.00030396	0.00045282
Gallia	0.0	3.089	9.827	0.0	0.0	1.0	0.0	0.00010304	0.0003278	0.0	0.0	3.336e-05
Williams	0.0	15.008	41.584	0.0	0.0	1.0	0.0	0.00040778	0.00112988	0.0	0.0	2.717e-05
Lorain	0.065	502.419	943.077	0.166	160.623	191.061	2.1e-07	0.00162353	0.00304748	5.4e-07	0.00051904	0.0006174
Lake	0.0	35.135	195.307	0.0	0.075	6.095	0.0	0.00015242	0.00084727	0.0	3.3e-07	2.644e-05
Unassigned	0.0	34.892	60.377	0.0	0.075	0.095	N/A	N/A	N/A	N/A	N/A	N/A
Geauga	0.003	115.602	262.149	0.028	47.166	62.077	3e-08	0.0012294	0.0027879	3e-07	0.0005016	0.00066018
Auglaize	0.0	24.06	59.133	0.0	0.0	3.0	0.0	0.00052528	0.001291	0.0	0.0	6.55e-05
Tuscarawas	0.017	32.943	79.521	0.0	0.0	0.0	1.8e-07	0.00035739	0.00086271	0.0	0.0	0.0
Adams	0.0	0.0	4.0	0.0	0.0	0.0	0.0	0.0	0.00014428	0.0	0.0	0.0
Paulding	0.0	5.457	13.758	0.0	0.0	0.0	0.0	0.00029088	0.00073337	0.0	0.0	0.0
Highland	0.0	0.0	8.175	0.0	0.0	0.0	0.0	0.0	0.00018986	0.0	0.0	0.0
Shelby	0.0	0.063	30.812	0.0	0.0	0.0	0.0	1.3e-06	0.00063364	0.0	0.0	0.0
Allen	0.005	135.898	267.218	0.024	35.263	53.234	5e-08	0.00132373	0.00260287	2.3e-07	0.00034348	0.00051853
Vinton	0.0	0.0	0.0	0.0	0.0	0.0	0.0	0.0	0.0	0.0	0.0	0.0
Putnam	0.0	0.0	47.0	0.001	20.461	28.338	0.0	0.0	0.00139136	3e-08	0.00060571	0.0008389
Franklin	0.075	1702.611	3753.802	0.117	152.032	213.37	6e-08	0.00129941	0.00286484	9e-08	0.00011603	0.00016284
Butler	0.017	199.175	440.68	0.0	0.0	4.0	4e-08	0.00052089	0.00115247	0.0	0.0	1.046e-05
Greene	0.0	19.335	65.911	0.0	1.231	4.785	0.0	0.00011509	0.00039234	0.0	7.33e-06	2.848e-05
Hancock	0.001	30.015	69.167	0.0	0.0	1.0	1e-08	0.0003953	0.00091093	0.0	0.0	1.317e-05
Union	0.0	8.638	26.697	0.0	0.0	0.0	0.0	0.00014936	0.00046161	0.0	0.0	0.0
Ashtabula	0.013	147.975	276.068	0.0	0.0	7.0	1.3e-07	0.0015178	0.00283167	0.0	0.0	7.18e-05
Perry	0.0	4.459	16.522	0.0	0.0	0.0	0.0	0.00012375	0.00045852	0.0	0.0	0.0
Preble	0.0	1.645	30.627	0.0	0.0	1.0	0.0	4.012e-05	0.00074705	0.0	0.0	2.439e-05
Clark	0.0	13.163	46.806	0.0	0.0	0.0	0.0	9.78e-05	0.00034778	0.0	0.0	0.0
Miami	0.0	3.584	143.829	0.0	4.175	30.336	0.0	3.374e-05	0.00135404	0.0	3.93e-05	0.00028559
Columbiana	0.021	248.353	506.86	0.073	77.456	99.682	2e-07	0.00241906	0.00493703	7.1e-07	0.00075445	0.00097094
Carroll	0.0	1.31	20.829	0.073	77.456	83.682	0.0	4.837e-05	0.00076914	2.7e-06	0.00286016	0.00309006
Morgan	0.0	2.726	7.375	0.073	77.456	83.682	0.0	0.00018666	0.000505	5e-06	0.00530375	0.00573007
Holmes	0.191	70.077	75.698	0.0	0.0	1.0	4.35e-06	0.00159658	0.00172464	0.0	0.0	2.278e-05
Knox	0.0	6.728	22.333	0.0	0.0	1.0	0.0	0.0001087	0.00036083	0.0	0.0	1.616e-05
Meigs	0.0	0.0	2.0	0.0	0.0	0.0	0.0	0.0	8.656e-05	0.0	0.0	0.0
Medina	0.002	73.576	239.11	0.01	16.561	31.636	1e-08	0.0004107	0.00133472	6e-08	9.244e-05	0.00017659
Warren	0.02	153.064	306.511	0.0	0.0	10.0	9e-08	0.00065927	0.00132018	0.0	0.0	4.307e-05
Lucas	0.09	1057.843	2208.976	0.001	34.195	97.345	2.1e-07	0.00246068	0.00513836	0.0	7.954e-05	0.00022644
Harrison	0.0	0.0	2.0	0.001	34.195	42.345	0.0	0.0	0.0001318	7e-08	0.00225353	0.00279063
Ottawa	0.079	131.243	181.691	0.001	34.195	42.345	1.94e-06	0.00321919	0.0044566	2e-08	0.00083875	0.00103866
Huron	0.0	16.189	44.047	0.001	20.461	26.338	0.0	0.00027672	0.00075289	2e-08	0.00034974	0.00045019
Clinton	0.001	26.558	59.887	0.0	0.0	1.0	2e-08	0.00063148	0.00142395	0.0	0.0	2.378e-05
Crawford	0.002	58.208	109.079	0.0	0.0	0.0	5e-08	0.00140091	0.00262525	0.0	0.0	0.0
Stark	0.007	226.644	570.655	0.049	80.715	120.831	2e-08	0.00060996	0.00153578	1.3e-07	0.00021722	0.00032519
Champaign	0.954	302.423	312.228	0.0	0.0	1.0	2.462e-05	0.00780366	0.00805667	0.0	0.0	2.58e-05
Athens	0.0	0.0	4.0	0.0	0.0	1.0	0.0	0.0	6.077e-05	0.0	0.0	1.519e-05
Portage	0.0	92.737	323.945	0.004	32.145	69.329	0.0	0.00056919	0.00198828	2e-08	0.0001973	0.00042552
Ross	0.001	40.199	79.778	0.0	0.0	1.0	1e-08	0.00052253	0.00103701	0.0	0.0	1.3e-05
Van Wert	0.286	105.109	109.04	0.0	0.0	0.0	1.011e-05	0.00371659	0.00385559	0.0	0.0	0.0
Jackson	0.0	2.726	7.375	0.0	0.0	0.0	0.0	8.418e-05	0.00022774	0.0	0.0	0.0
