Name	Confirmed	Deaths	Recovered	Active	Confirmed_per_capita	Deaths_per_capita	IFR_0.30_expected	IFR_0.65_expected	IFR_1.0_expected	IFR_0.30_expected_per_capita	IFR_0.65_expected_per_capita	IFR_1.0_expected_per_capita	Date
Stevens	0.0	0.0	0.0	0.0	0.0	0.0	0.0	0.0	0.0	0.0	0.0	0.0	2020-03-22
Stevens	0	0	0	0	0	0	0	0	0	0	0	0	2020-03-23
Stevens	0	0	0	0	0	0	0	0	0	0	0	0	2020-03-24
Stevens	0	0	0	0	0	0	0	0	0	0	0	0	2020-03-25
Stevens	0	0	0	0	0	0	0	0	0	0	0	0	2020-03-26
Stevens	0	0	0	0	0	0	0	0	0	0	0	0	2020-03-27
Stevens	0	0	0	0	0	0	0	0	0	0	0	0	2020-03-28
Stevens	1.0	0.0	0.0	0.0	0.00017989	0.0	5.0	2.0	1.25	0.00089945	0.00035978	0.0002248625	2020-03-29
Stevens	2.0	0.0	0.0	0.0	0.00035978	0.0	10.0	4.0	2.5	0.0017989	0.00071956	0.000449725	2020-03-30
Stevens	2.0	0.0	0.0	0.0	0.00035978	0.0	10.0	4.0	2.5	0.0017989	0.00071956	0.000449725	2020-03-31
Stevens	1.0	0.0	0.0	0.0	0.00017989	0.0	5.0	2.0	1.25	0.00089945	0.00035978	0.0002248625	2020-04-01
Stevens	2.0	0.0	0.0	0.0	0.00035978	0.0	10.0	4.0	2.5	0.0017989	0.00071956	0.000449725	2020-04-02
Stevens	1.0	0.0	0.0	0.0	0.00017989	0.0	5.0	2.0	1.25	0.00089945	0.00035978	0.0002248625	2020-04-03
Stevens	1.0	0.0	0.0	0.0	0.00017989	0.0	5.0	2.0	1.25	0.00089945	0.00035978	0.0002248625	2020-04-04
Stevens	1.0	0.0	0.0	0.0	0.00017989	0.0	5.0	2.0	1.25	0.00089945	0.00035978	0.0002248625	2020-04-05
Stevens	1.0	0.0	0.0	0.0	0.00017989	0.0	5.0	2.0	1.25	0.00089945	0.00035978	0.0002248625	2020-04-06
Stevens	1.0	0.0	0.0	0.0	0.00017989	0.0	5.0	2.0	1.25	0.00089945	0.00035978	0.0002248625	2020-04-07
Stevens	1.0	0.0	0.0	0.0	0.00017989	0.0	5.0	2.0	1.25	0.00089945	0.00035978	0.0002248625	2020-04-08
Stevens	1.0	0.0	0.0	0.0	0.00017989	0.0	5.0	2.0	1.25	0.00089945	0.00035978	0.0002248625	2020-04-09
Stevens	1.0	0.0	0.0	0.0	0.00017989	0.0	5.0	2.0	1.25	0.00089945	0.00035978	0.0002248625	2020-04-10
Stevens	2.0	0.0	0.0	0.0	0.00035978	0.0	10.0	4.0	2.5	0.0017989	0.00071956	0.000449725	2020-04-11
Stevens	2.0	0.0	0.0	2.0	0.00035978	0.0	10.0	4.0	2.5	0.0017989	0.00071956	0.000449725	2020-04-12
Stevens	2.0	0.0	0.0	2.0	0.00035978	0.0	10.0	4.0	2.5	0.0017989	0.00071956	0.000449725	2020-04-13
Stevens	2.0	0.0	0.0	2.0	0.00035978	0.0	10.0	4.0	2.5	0.0017989	0.00071956	0.000449725	2020-04-14
Stevens	2.0	0.0	0.0	2.0	0.00035978	0.0	10.0	4.0	2.5	0.0017989	0.00071956	0.000449725	2020-04-15
Stevens	3.0	0.0	0.0	3.0	0.00053967	0.0	15.0	6.0	3.75	0.00269835	0.00107934	0.0006745875	2020-04-16
Stevens	3.0	0.0	0.0	3.0	0.00053967	0.0	15.0	6.0	3.75	0.00269835	0.00107934	0.0006745875	2020-04-17
Stevens	3.0	0.0	0.0	3.0	0.00053967	0.0	15.0	6.0	3.75	0.00269835	0.00107934	0.0006745875	2020-04-18
Stevens	3.0	0.0	0.0	3.0	0.00053967	0.0	15.0	6.0	3.75	0.00269835	0.00107934	0.0006745875	2020-04-19
Stevens	4.0	0.0	0.0	4.0	0.00071955	0.0	20.0	8.0	5.0	0.00359775	0.0014391	0.0008994375	2020-04-20
Stevens	4.0	0.0	0.0	4.0	0.00071955	0.0	20.0	8.0	5.0	0.00359775	0.0014391	0.0008994375	2020-04-21
Stevens	4.0	0.0	0.0	4.0	0.00071955	0.0	20.0	8.0	5.0	0.00359775	0.0014391	0.0008994375	2020-04-22
Stevens	6.0	0.0	0.0	6.0	0.00107933	0.0	30.0	12.0	7.5	0.00539665	0.00215866	0.0013491625	2020-04-23
Stevens	6.0	0.0	0.0	6.0	0.00107933	0.0	30.0	12.0	7.5	0.00539665	0.00215866	0.0013491625	2020-04-24
Stevens	6.0	0.0	0.0	6.0	0.00107933	0.0	30.0	12.0	7.5	0.00539665	0.00215866	0.0013491625	2020-04-25
Stevens	6.0	0.0	0.0	6.0	0.00107933	0.0	30.0	12.0	7.5	0.00539665	0.00215866	0.0013491625	2020-04-26
Stevens	7.0	0.0	0.0	7.0	0.00125922	0.0	35.0	14.0	8.75	0.0062961	0.00251844	0.001574025	2020-04-27
Stevens	8.0	0.0	0.0	8.0	0.00143911	0.0	40.0	16.0	10.0	0.00719555	0.00287822	0.0017988875	2020-04-28
Stevens	8.0	0.0	0.0	8.0	0.00143911	0.0	40.0	16.0	10.0	0.00719555	0.00287822	0.0017988875	2020-04-29
Stevens	9.0	0.0	0.0	9.0	0.001619	0.0	45.0	18.0	11.25	0.008095	0.003238	0.00202375	2020-04-30
Stevens	9.0	0.0	0.0	9.0	0.001619	0.0	45.0	18.0	11.25	0.008095	0.003238	0.00202375	2020-05-01
Stevens	10.0	0.0	0.0	10.0	0.00179888	0.0	50.0	20.0	12.5	0.0089944	0.00359776	0.0022486	2020-05-02
Stevens	11.0	0.0	0.0	11.0	0.00197877	0.0	55.0	22.0	13.75	0.00989385	0.00395754	0.0024734625	2020-05-03
Stevens	12.0	0.0	0.0	12.0	0.00215866	0.0	60.0	24.0	15.0	0.0107933	0.00431732	0.002698325	2020-05-04
Stevens	12.0	0.0	0.0	12.0	0.00215866	0.0	60.0	24.0	15.0	0.0107933	0.00431732	0.002698325	2020-05-05
Stevens	14.0	0.0	0.0	14.0	0.00251844	0.0	70.0	28.0	17.5	0.0125922	0.00503688	0.00314805	2020-05-06
Stevens	14.0	0.0	0.0	14.0	0.00251844	0.0	70.0	28.0	17.5	0.0125922	0.00503688	0.00314805	2020-05-07
Stevens	14.0	0.0	0.0	14.0	0.00251844	0.0	70.0	28.0	17.5	0.0125922	0.00503688	0.00314805	2020-05-08
Stevens	17.0	0.0	0.0	17.0	0.0030581	0.0	85.0	34.0	21.25	0.0152905	0.0061162	0.003822625	2020-05-09
Stevens	17.0	0.0	0.0	17.0	0.0030581	0.0	85.0	34.0	21.25	0.0152905	0.0061162	0.003822625	2020-05-10
Stevens	18.0	0.0	0.0	18.0	0.00323799	0.0	90.0	36.0	22.5	0.01618995	0.00647598	0.0040474875	2020-05-11
Stevens	18.0	0.0	0.0	18.0	0.00323799	0.0	90.0	36.0	22.5	0.01618995	0.00647598	0.0040474875	2020-05-12
Stevens	18.0	0.0	0.0	18.0	0.00323799	0.0	90.0	36.0	22.5	0.01618995	0.00647598	0.0040474875	2020-05-13
Stevens	26.0	0.0	0.0	26.0	0.0046771	0.0	130.0	52.0	32.5	0.0233855	0.0093542	0.005846375	2020-05-14
Stevens	26.0	0.0	0.0	26.0	0.0046771	0.0	130.0	52.0	32.5	0.0233855	0.0093542	0.005846375	2020-05-15
Stevens	26.0	0.0	0.0	26.0	0.0046771	0.0	130.0	52.0	32.5	0.0233855	0.0093542	0.005846375	2020-05-16
Stevens	26.0	0.0	0.0	26.0	0.0046771	0.0	130.0	52.0	32.5	0.0233855	0.0093542	0.005846375	2020-05-17
Stevens	26.0	0.0	0.0	26.0	0.0046771	0.0	130.0	52.0	32.5	0.0233855	0.0093542	0.005846375	2020-05-18
Stevens	26.0	0.0	0.0	26.0	0.0046771	0.0	130.0	52.0	32.5	0.0233855	0.0093542	0.005846375	2020-05-19
Stevens	26.0	0.0	0.0	26.0	0.0046771	0.0	130.0	52.0	32.5	0.0233855	0.0093542	0.005846375	2020-05-20
Stevens	26.0	0.0	0.0	26.0	0.0046771	0.0	130.0	52.0	32.5	0.0233855	0.0093542	0.005846375	2020-05-21
Stevens	26.0	0.0	0.0	26.0	0.0046771	0.0	130.0	52.0	32.5	0.0233855	0.0093542	0.005846375	2020-05-22
Stevens	27.0	0.0	0.0	27.0	0.00485699	0.0	135.0	54.0	33.75	0.02428495	0.00971398	0.0060712375	2020-05-23
Stevens	27.0	0.0	0.0	27.0	0.00485699	0.0	135.0	54.0	33.75	0.02428495	0.00971398	0.0060712375	2020-05-24
Stevens	27.0	0.0	0.0	27.0	0.00485699	0.0	135.0	54.0	33.75	0.02428495	0.00971398	0.0060712375	2020-05-25
Stevens	27.0	0.0	0.0	27.0	0.00485699	0.0	135.0	54.0	33.75	0.02428495	0.00971398	0.0060712375	2020-05-26
Stevens	27.0	0.0	0.0	27.0	0.00485699	0.0	135.0	54.0	33.75	0.02428495	0.00971398	0.0060712375	2020-05-27
Stevens	27.0	0.0	0.0	27.0	0.00485699	0.0	135.0	54.0	33.75	0.02428495	0.00971398	0.0060712375	2020-05-28
Stevens	29.0	0.0	0.0	29.0	0.00521677	0.0	145.0	58.0	36.25	0.02608385	0.01043354	0.0065209625	2020-05-29
Stevens	30.0	0.0	0.0	30.0	0.00539665	0.0	150.0	60.0	37.5	0.02698325	0.0107933	0.0067458125	2020-05-30
Stevens	30.0	0.0	0.0	30.0	0.00539665	0.0	150.0	60.0	37.5	0.02698325	0.0107933	0.0067458125	2020-05-31
Stevens	30.0	0.0	0.0	30.0	0.00539665	0.0	150.0	60.0	37.5	0.02698325	0.0107933	0.0067458125	2020-06-01
Stevens	30.0	0.0	0.0	30.0	0.00539665	0.0	150.0	60.0	37.5	0.02698325	0.0107933	0.0067458125	2020-06-02
Stevens	30.0	0.0	0.0	30.0	0.00539665	0.0	150.0	60.0	37.5	0.02698325	0.0107933	0.0067458125	2020-06-03
Stevens	30.0	0.0	0.0	30.0	0.00539665	0.0	150.0	60.0	37.5	0.02698325	0.0107933	0.0067458125	2020-06-04
Stevens	30.0	0.0	0.0	30.0	0.00539665	0.0	150.0	60.0	37.5	0.02698325	0.0107933	0.0067458125	2020-06-05
Stevens	30.0	0.0	0.0	30.0	0.00539665	0.0	150.0	60.0	37.5	0.02698325	0.0107933	0.0067458125	2020-06-06
Stevens	30.0	0.0	0.0	30.0	0.00539665	0.0	150.0	60.0	37.5	0.02698325	0.0107933	0.0067458125	2020-06-07
Stevens	30.0	0.0	0.0	30.0	0.00539665	0.0	150.0	60.0	37.5	0.02698325	0.0107933	0.0067458125	2020-06-08
Stevens	30.0	0.0	0.0	30.0	0.00539665	0.0	150.0	60.0	37.5	0.02698325	0.0107933	0.0067458125	2020-06-09
Stevens	31.0	0.0	0.0	31.0	0.00557654	0.0	155.0	62.0	38.75	0.0278827	0.01115308	0.006970675	2020-06-10
Stevens	31.0	0.0	0.0	31.0	0.00557654	0.0	155.0	62.0	38.75	0.0278827	0.01115308	0.006970675	2020-06-11
Stevens	31.0	0.0	0.0	31.0	0.00557654	0.0	155.0	62.0	38.75	0.0278827	0.01115308	0.006970675	2020-06-12
Stevens	31.0	0.0	0.0	31.0	0.00557654	0.0	155.0	62.0	38.75	0.0278827	0.01115308	0.006970675	2020-06-13
Stevens	31.0	0.0	0.0	31.0	0.00557654	0.0	155.0	62.0	38.75	0.0278827	0.01115308	0.006970675	2020-06-14
Stevens	30.0	0.0	0.0	30.0	0.00539665	0.0	150.0	60.0	37.5	0.02698325	0.0107933	0.0067458125	2020-06-15
Stevens	30.0	0.0	0.0	30.0	0.00539665	0.0	150.0	60.0	37.5	0.02698325	0.0107933	0.0067458125	2020-06-16
Stevens	30.0	0.0	0.0	30.0	0.00539665	0.0	150.0	60.0	37.5	0.02698325	0.0107933	0.0067458125	2020-06-17
Stevens	30.0	0.0	0.0	30.0	0.00539665	0.0	150.0	60.0	37.5	0.02698325	0.0107933	0.0067458125	2020-06-18
Stevens	30.0	0.0	0.0	30.0	0.00539665	0.0	150.0	60.0	37.5	0.02698325	0.0107933	0.0067458125	2020-06-19
Stevens	30.0	0.0	0.0	30.0	0.00539665	0.0	150.0	60.0	37.5	0.02698325	0.0107933	0.0067458125	2020-06-20
Stevens	30.0	0.0	0.0	30.0	0.00539665	0.0	150.0	60.0	37.5	0.02698325	0.0107933	0.0067458125	2020-06-21
Stevens	30.0	0.0	0.0	30.0	0.00539665	0.0	150.0	60.0	37.5	0.02698325	0.0107933	0.0067458125	2020-06-22
Stevens	30.0	0.0	0.0	30.0	0.00539665	0.0	150.0	60.0	37.5	0.02698325	0.0107933	0.0067458125	2020-06-23
Stevens	30.0	0.0	0.0	30.0	0.00539665	0.0	150.0	60.0	37.5	0.02698325	0.0107933	0.0067458125	2020-06-24
Stevens	30.0	0.0	0.0	30.0	0.00539665	0.0	150.0	60.0	37.5	0.02698325	0.0107933	0.0067458125	2020-06-25
Stevens	31.0	0.0	0.0	31.0	0.00557654	0.0	155.0	62.0	38.75	0.0278827	0.01115308	0.006970675	2020-06-26
Stevens	31.0	0.0	0.0	31.0	0.00557654	0.0	155.0	62.0	38.75	0.0278827	0.01115308	0.006970675	2020-06-27
Stevens	31.0	0.0	0.0	31.0	0.00557654	0.0	155.0	62.0	38.75	0.0278827	0.01115308	0.006970675	2020-06-28
Stevens	31.0	0.0	0.0	31.0	0.00557654	0.0	155.0	62.0	38.75	0.0278827	0.01115308	0.006970675	2020-06-29
Stevens	31.0	0.0	0.0	31.0	0.00557654	0.0	155.0	62.0	38.75	0.0278827	0.01115308	0.006970675	2020-06-30
Stevens	32.0	0.0	0.0	32.0	0.00575643	0.0	160.0	64.0	40.0	0.02878215	0.01151286	0.0071955375	2020-07-01
Stevens	32.0	0.0	0.0	32.0	0.00575643	0.0	160.0	64.0	40.0	0.02878215	0.01151286	0.0071955375	2020-07-02
Stevens	0.186	0.337	32.337	0.0	0.0	0.0	3.346e-05	6.062e-05	0.00581705	0.0	0.0	0.0	2020-07-03
Stevens	0.229	0.566	32.566	0.0	0.0	0.0	4.119e-05	0.00010182	0.00585825	0.0	0.0	0.0	2020-07-04
Stevens	0.277	0.843	32.843	0.0	0.0	0.0	4.983e-05	0.00015165	0.00590808	0.0	0.0	0.0	2020-07-05
Stevens	1.212	1.212	1.489	0.0	0.0	0.843	0.00021802	0.00021802	0.00026785	0.0	0.0	0.00015165	2020-07-06
Stevens	1.201	2.413	2.69	0.0	0.0	0.843	0.00021605	0.00043407	0.0004839	0.0	0.0	0.00015165	2020-07-07
Stevens	1.185	3.598	3.875	0.0	0.0	0.843	0.00021317	0.00064724	0.00069707	0.0	0.0	0.00015165	2020-07-08
Stevens	4.601	4.601	5.786	0.0	0.0	3.598	0.00082767	0.00082767	0.00104083	0.0	0.0	0.00064724	2020-07-09
Stevens	5.678	10.279	11.464	0.0	0.0	3.598	0.00102141	0.00184907	0.00206224	0.0	0.0	0.00064724	2020-07-10
Stevens	4.542	4.542	10.22	0.0	0.0	10.279	0.00081705	0.00081705	0.00183846	0.0	0.0	0.00184907	2020-07-11
Stevens	4.501	9.043	14.721	0.0	0.0	10.279	0.00080968	0.00162673	0.00264814	0.0	0.0	0.00184907	2020-07-12
Stevens	4.442	13.485	19.163	0.0	0.0	10.279	0.00079906	0.0024258	0.0034472	0.0	0.0	0.00184907	2020-07-13
Stevens	0.858	0.858	5.3	0.0	0.0	13.485	0.00015434	0.00015434	0.00095341	0.0	0.0	0.0024258	2020-07-14
Stevens	0.632	1.49	5.932	0.0	0.0	13.485	0.00011369	0.00026803	0.0010671	0.0	0.0	0.0024258	2020-07-15
Stevens	0.0	1.49	5.932	0.0	0.0	13.485	0.0	0.00026803	0.0010671	0.0	0.0	0.0024258	2020-07-16
Stevens	0.0	1.49	5.932	0.0	0.0	13.485	0.0	0.00026803	0.0010671	0.0	0.0	0.0024258	2020-07-17
Stevens	39.0	0.0	0.0	39.0	0.00701565	0.0	195.0	78.0	48.75	0.03507825	0.0140313	0.0087695625	2020-07-18
Stevens	39.0	0.0	0.0	39.0	0.00701565	0.0	195.0	78.0	48.75	0.03507825	0.0140313	0.0087695625	2020-07-19
