Name	Predicted_New_Cases	Total_Predicted_New_Cases	Predicted_New_per_capita	Predicted_Total_per_capita
Cumberland	5.267	126.679	3.489e-05	0.00083909
Atlantic	9.248	222.422	3.484e-05	0.00083797
Somerset	53.058	1276.128	0.00016022	0.00385346
Hunterdon	9.935	238.957	7.966e-05	0.00191604
Hudson	240.096	5774.712	0.00035514	0.0085417
Ocean	104.752	2519.453	0.00017411	0.00418756
Camden	44.043	1059.306	8.686e-05	0.00208904
Sussex	14.825	356.569	0.00010529	0.00253247
Middlesex	199.313	4793.814	0.00024023	0.00577787
Gloucester	16.411	394.706	5.632e-05	0.00135448
Morris	97.145	2336.501	0.00019656	0.00472758
Mercer	51.128	1229.723	0.00013826	0.00332528
Unassigned	-271.254	-6524.121	N/A	N/A
Bergen	118.936	3642.952	0.00012697	0.00388917
Essex	243.411	5854.453	0.00030435	0.0073202
Burlington	39.375	947.028	8.841e-05	0.00212632
Salem	1.342	32.27	2.143e-05	0.00051544
Passaic	171.459	4123.88	0.00034066	0.00819352
Union	220.126	5294.397	0.00039444	0.00948703
Cape May	4.591	110.411	4.96e-05	0.00119286
Warren	13.672	328.833	0.00012925	0.00310868
Monmouth	112.879	2714.939	0.00018167	0.00436939
