Name	Predicted_New_Cases	Total_Predicted_New_Cases	Total_Predicted_Cases	Predicted_New_Deaths	Total_Predicted_New_Deaths	Total_Predicted_Deaths	Predicted_New_per_capita	Predicted_Total_New_per_capita	Predicted_Total_Cases_per_capita	Predicted_New_Deaths_per_capita	Total_Predicted_New_Deaths_per_capita	Total_Predicted_Deaths_per_capita
Cumberland	1.389	413.764	3158.764	0.215	63.981	181.981	9.2e-06	0.00274067	0.02092285	1.42e-06	0.00042379	0.0012054
Atlantic	0.555	334.964	2887.964	19.388	1279.651	1463.651	2.09e-06	0.00126197	0.01088036	7.304e-05	0.00482107	0.00551428
Somerset	1.412	382.394	5162.394	0.118	35.216	473.216	4.26e-06	0.0011547	0.01558863	3.6e-07	0.00010634	0.00142895
Hunterdon	0.063	42.21	1091.21	0.0	2.968	69.968	5.1e-07	0.00033845	0.0087497	0.0	2.38e-05	0.00056103
Hudson	2.789	831.03	20069.03	0.009	85.443	1375.443	4.13e-06	0.00122922	0.02968524	1e-08	0.00012638	0.0020345
Ocean	2.797	833.218	10139.218	0.503	149.734	977.734	4.65e-06	0.00138489	0.01685232	8.4e-07	0.00024887	0.00162508
Camden	0.795	533.558	7580.558	0.473	140.875	557.875	1.57e-06	0.00105222	0.01494949	9.3e-07	0.00027782	0.00110018
Sussex	0.0	13.394	1216.394	43.063	2842.203	3025.203	0.0	9.513e-05	0.00863922	0.00030585	0.02018624	0.02148597
Middlesex	2.585	770.215	17283.215	0.0	76.937	1170.937	3.12e-06	0.00092832	0.02083106	0.0	9.273e-05	0.0014113
Gloucester	1.217	329.652	2757.652	0.107	27.704	193.704	4.18e-06	0.00113124	0.0094632	3.7e-07	9.507e-05	0.00066472
Morris	0.18	53.704	6680.704	0.226	53.837	693.837	3.6e-07	0.00010866	0.01351745	4.6e-07	0.00010893	0.00140388
Mercer	2.162	644.002	8037.002	0.0	23.248	546.248	5.85e-06	0.00174144	0.02173273	0.0	6.286e-05	0.0014771
Unassigned	0.031	343.266	467.266	0.0	0.51	233.51	N/A	N/A	N/A	N/A	N/A	N/A
Bergen	3.961	1148.324	20076.324	0.684	185.221	1866.221	4.23e-06	0.00122594	0.02143322	7.3e-07	0.00019774	0.00199235
Essex	1.036	695.285	19116.285	0.413	123.156	1878.156	1.3e-06	0.00086936	0.02390232	5.2e-07	0.00015399	0.00234838
Burlington	1.153	343.545	5278.545	0.438	130.379	494.379	2.59e-06	0.00077135	0.01185167	9.8e-07	0.00029273	0.00111001
Salem	0.156	80.974	803.974	0.0	2.545	62.545	2.49e-06	0.00129337	0.0128416	0.0	4.065e-05	0.00099901
Passaic	0.793	478.594	17161.594	0.263	87.567	1094.567	1.58e-06	0.00095089	0.03409746	5.2e-07	0.00017398	0.00217474
Union	0.0	70.437	16385.437	0.543	129.155	1260.155	0.0	0.00012622	0.02936106	9.7e-07	0.00023143	0.00225807
Cape May	0.245	81.652	763.652	0.166	39.471	100.471	2.65e-06	0.00088215	0.00825035	1.79e-06	0.00042644	0.00108547
Warren	0.107	37.046	1243.046	0.062	18.594	158.594	1.01e-06	0.00035022	0.01175135	5.9e-07	0.00017578	0.0014993
Monmouth	4.326	1124.416	9928.416	0.398	118.559	806.559	6.96e-06	0.00180962	0.01597868	6.4e-07	0.00019081	0.00129807
