Name	Predicted_New_Cases	Total_Predicted_New_Cases	Predicted_New_per_capita	Predicted_Total_per_capita
Cumberland	27.979	715.149	0.00018533	0.00473696
Atlantic	199.3	3461.26	0.00075086	0.01304025
Somerset	98.256	3364.44	0.0002967	0.01015944
Hunterdon	19.086	716.56	0.00015304	0.00574563
Hudson	1380.252	37116.272	0.00204161	0.05490077
Ocean	256.679	9210.518	0.00042662	0.01530874
Camden	211.407	5684.93	0.00041691	0.01121115
Sussex	23.752	931.204	0.00016869	0.00661371
Middlesex	523.746	17082.039	0.00063126	0.02058858
Gloucester	64.123	1899.185	0.00022005	0.00651727
Morris	274.508	8953.123	0.00055543	0.01811537
Mercer	145.211	4512.898	0.00039266	0.01220326
Bergen	926.094	30204.664	0.00098869	0.0322461
Essex	697.172	22738.341	0.00087172	0.02843121
Burlington	239.595	6442.92	0.00053795	0.01446599
Passaic	922.016	27308.294	0.0018319	0.0542574
Union	920.726	25987.814	0.00164985	0.04656755
Cape May	205.289	2670.24	0.0022179	0.02884875
Warren	88.834	2147.491	0.00083981	0.02030168
Monmouth	195.618	7989.704	0.00031483	0.01285854
