Name	Predicted_New_Cases	Total_Predicted_New_Cases	Predicted_New_per_capita	Predicted_Total_per_capita
Cumberland	6.048	6.048	4.006e-05	4.006e-05
Atlantic	15.031	15.031	5.663e-05	5.663e-05
Somerset	72.041	72.041	0.00021754	0.00021754
Hunterdon	15.989	15.989	0.00012821	0.00012821
Hudson	414.88	414.88	0.00061367	0.00061367
Ocean	198.996	198.996	0.00033075	0.00033075
Camden	57.789	57.789	0.00011396	0.00011396
Sussex	22.876	22.876	0.00016247	0.00016247
Middlesex	293.314	293.314	0.00035352	0.00035352
Gloucester	22.397	22.397	7.686e-05	7.686e-05
Morris	170.491	170.491	0.00034496	0.00034496
Mercer	67.669	67.669	0.00018298	0.00018298
Unassigned	-45.991	-45.991	N/A	N/A
Bergen	563.453	563.453	0.00060154	0.00060154
Essex	376.614	376.614	0.0004709	0.0004709
Burlington	61.501	61.501	0.00013809	0.00013809
Salem	1.976	1.976	3.157e-05	3.157e-05
Passaic	356.912	356.912	0.00070913	0.00070913
Union	329.185	329.185	0.00058987	0.00058987
Cape May	10.12	10.12	0.00010934	0.00010934
Warren	20.181	20.181	0.00019079	0.00019079
Monmouth	209.177	209.177	0.00033665	0.00033665
