Name	Confirmed	Deaths	Recovered	Active	Confirmed_per_capita	Deaths_per_capita	IFR_0.30_expected	IFR_0.65_expected	IFR_1.0_expected	IFR_0.30_expected_per_capita	IFR_0.65_expected_per_capita	IFR_1.0_expected_per_capita
Middlesex	1766.0	48.0	0.0	0.0	0.00212852	5.785e-05	16000.0	7384.61538462	4800.0	0.0192833333333	0.0089	0.005785
Cumberland	31.0	1.0	0.0	0.0	0.00020534	6.62e-06	333.333333333	153.846153846	100.0	0.00220666666667	0.00101846153846	0.000662
Union	2010.0	34.0	0.0	0.0	0.00360172	6.092e-05	11333.3333333	5230.76923077	3400.0	0.0203066666667	0.00937230769231	0.006092
Hudson	2270.0	44.0	0.0	0.0	0.00335769	6.508e-05	14666.6666667	6769.23076923	4400.0	0.0216933333333	0.0100123076923	0.006508
Burlington	294.0	8.0	0.0	0.0	0.0006601	1.796e-05	2666.66666667	1230.76923077	800.0	0.00598666666667	0.00276307692308	0.001796
Somerset	549.0	17.0	0.0	0.0	0.00165779	5.133e-05	5666.66666667	2615.38461538	1700.0	0.01711	0.00789692307692	0.005133
Passaic	1750.0	22.0	0.0	0.0	0.00347698	4.371e-05	7333.33333333	3384.61538462	2200.0	0.01457	0.00672461538462	0.004371
Sussex	179.0	7.0	0.0	0.0	0.00127132	4.972e-05	2333.33333333	1076.92307692	700.0	0.0165733333333	0.00764923076923	0.004972
Unassigned	4866.0	4.0	0.0	0.0	N/A	N/A	1333.33333333	615.384615385	400.0	N/A	N/A	N/A
Atlantic	50.0	1.0	0.0	0.0	0.00018837	3.77e-06	333.333333333	153.846153846	100.0	0.00125666666667	0.00058	0.000377
Hunterdon	130.0	0.0	0.0	0.0	0.00104238	0.0	650.0	260.0	162.5	0.0052119	0.00208476	0.001302975
Ocean	1371.0	38.0	0.0	0.0	0.00227873	6.316e-05	12666.6666667	5846.15384615	3800.0	0.0210533333333	0.00971692307692	0.006316
Morris	1082.0	40.0	0.0	0.0	0.00218927	8.093e-05	13333.3333333	6153.84615385	4000.0	0.0269766666667	0.0124507692308	0.008093
Cape May	34.0	0.0	0.0	0.0	0.00036733	0.0	170.0	68.0	42.5	0.00183665	0.00073466	0.0004591625
Gloucester	169.0	2.0	0.0	0.0	0.00057994	6.86e-06	666.666666667	307.692307692	200.0	0.00228666666667	0.00105538461538	0.000686
Monmouth	1458.0	38.0	0.0	0.0	0.00234649	6.116e-05	12666.6666667	5846.15384615	3800.0	0.0203866666667	0.00940923076923	0.006116
Essex	2617.0	99.0	0.0	0.0	0.0032722	0.00012379	33000.0	15230.7692308	9900.0	0.0412633333333	0.0190446153846	0.012379
Salem	20.0	1.0	0.0	0.0	0.00031945	1.597e-05	333.333333333	153.846153846	100.0	0.00532333333333	0.00245692307692	0.001597
Camden	343.0	6.0	0.0	0.0	0.00067642	1.183e-05	2000.0	923.076923077	600.0	0.00394333333333	0.00182	0.001183
Mercer	386.0	4.0	0.0	0.0	0.00104378	1.082e-05	1333.33333333	615.384615385	400.0	0.00360666666667	0.00166461538462	0.001082
Bergen	4099.0	120.0	0.0	0.0	0.00437604	0.00012811	40000.0	18461.5384615	12000.0	0.0427033333333	0.0197092307692	0.012811
Warren	116.0	3.0	0.0	0.0	0.00109663	2.836e-05	1000.0	461.538461538	300.0	0.00945333333333	0.00436307692308	0.002836
