Name	Predicted_New_Cases	Total_Predicted_New_Cases	Total_Predicted_Cases	Predicted_New_Deaths	Total_Predicted_New_Deaths	Total_Predicted_Deaths	Predicted_New_per_capita	Predicted_Total_New_per_capita	Predicted_Total_Cases_per_capita	Predicted_New_Deaths_per_capita	Total_Predicted_New_Deaths_per_capita	Total_Predicted_Deaths_per_capita
Cumberland	0.0	67.797	2764.797	0.132	71.42	179.42	0.0	0.00044907	0.01831331	8.7e-07	0.00047307	0.00118843
Atlantic	0.789	488.426	2985.426	0.047	26.992	206.992	2.97e-06	0.00184014	0.01124755	1.8e-07	0.00010169	0.00077984
Somerset	0.547	315.622	5079.622	0.092	42.18	479.18	1.65e-06	0.00095307	0.01533869	2.8e-07	0.00012737	0.00144696
Hunterdon	0.0	13.611	1054.611	0.0	7.333	73.333	0.0	0.00010914	0.00845624	0.0	5.88e-05	0.00058801
Hudson	2.198	1006.658	20201.658	0.268	154.688	1410.688	3.25e-06	0.001489	0.02988141	4e-07	0.00022881	0.00208663
Ocean	1.362	842.515	10100.515	0.357	171.809	991.809	2.26e-06	0.00140034	0.016788	5.9e-07	0.00028556	0.00164848
Camden	0.026	561.123	7586.123	0.275	158.815	574.815	5e-08	0.00110658	0.01496047	5.4e-07	0.0003132	0.00113358
Sussex	0.0	32.862	1222.862	10.374	1153.964	1334.964	0.0	0.0002334	0.00868516	7.368e-05	0.00819583	0.00948135
Middlesex	0.317	612.915	17070.915	0.297	171.749	1254.749	3.8e-07	0.00073873	0.02057518	3.6e-07	0.00020701	0.00151232
Gloucester	0.472	272.459	2688.459	0.028	15.951	178.951	1.62e-06	0.00093497	0.00922576	1e-07	5.474e-05	0.00061409
Morris	0.0	7.546	6595.546	0.049	28.551	667.551	0.0	1.527e-05	0.01334515	1e-07	5.777e-05	0.00135069
Mercer	0.273	527.008	7898.008	0.0	12.108	529.108	7.4e-07	0.00142507	0.02135688	0.0	3.274e-05	0.00143075
Unassigned	1.308	755.485	941.485	0.0	0.51	233.51	N/A	N/A	N/A	N/A	N/A	N/A
Bergen	2.808	1286.064	20134.064	0.271	156.471	1820.471	3e-06	0.00137298	0.02149486	2.9e-07	0.00016705	0.00194351
Essex	0.0	574.915	18949.915	0.033	93.209	1844.209	0.0	0.00071885	0.02369429	4e-08	0.00011655	0.00230593
Burlington	0.0	112.824	5006.824	0.28	151.392	515.392	0.0	0.00025332	0.01124159	6.3e-07	0.00033991	0.00115719
Salem	0.0	66.056	774.056	0.0	3.708	60.708	0.0	0.00105509	0.01236373	0.0	5.923e-05	0.00096967
Passaic	0.0	391.218	17040.218	0.0	21.967	1022.967	0.0	0.00077729	0.03385631	0.0	4.365e-05	0.00203248
Union	0.181	795.47	17103.47	0.124	71.603	1199.603	3.2e-07	0.0014254	0.0306477	2.2e-07	0.00012831	0.00214957
Cape May	0.18	103.946	775.946	2.479	365.695	426.695	1.94e-06	0.00112301	0.00838317	2.678e-05	0.0039509	0.00460993
Warren	0.0	18.501	1220.501	0.157	49.271	187.271	0.0	0.0001749	0.01153822	1.48e-06	0.00046579	0.0017704
Monmouth	1.501	866.675	9627.675	0.125	103.584	781.584	2.42e-06	0.00139482	0.01549467	2e-07	0.00016671	0.00125787
