Name	Confirmed	Deaths	Recovered	Active	Confirmed_per_capita	Deaths_per_capita	IFR_0.30_expected	IFR_0.65_expected	IFR_1.0_expected	IFR_0.30_expected_per_capita	IFR_0.65_expected_per_capita	IFR_1.0_expected_per_capita	Date
Suffolk	126.0	1.0	0.0	0.0	0.00015609	1.24e-06	333.333333333	153.846153846	100.0	0.000413333333333	0.000190769230769	0.000124	2020-03-22
Suffolk	154	1	0	0	0.00019077	1.24e-06	333.333333333	153.846153846	100	0.000413333333333	0.000190769230769	0.000124	2020-03-23
Suffolk	234	1	0	0	0.00028987	1.24e-06	333.333333333	153.846153846	100	0.000413333333333	0.000190769230769	0.000124	2020-03-24
Suffolk	342	1	0	0	0.00042366	1.24e-06	333.333333333	153.846153846	100	0.000413333333333	0.000190769230769	0.000124	2020-03-25
Suffolk	448	2	0	0	0.00055497	2.48e-06	666.666666667	307.692307692	200	0.000826666666667	0.000381538461538	0.000248	2020-03-26
Suffolk	631	2	0	0	0.00078166	2.48e-06	666.666666667	307.692307692	200	0.000826666666667	0.000381538461538	0.000248	2020-03-27
Suffolk	843	3	0	0	0.00104428	3.72e-06	1000	461.538461538	300	0.00124	0.000572307692308	0.000372	2020-03-28
Suffolk	940.0	3.0	0.0	0.0	0.00116444	3.72e-06	1000.0	461.538461538	300.0	0.00124	0.000572307692308	0.000372	2020-03-29
Suffolk	1115.0	5.0	0.0	0.0	0.00138123	6.19e-06	1666.66666667	769.230769231	500.0	0.00206333333333	0.000952307692308	0.000619	2020-03-30
Suffolk	1373.0	6.0	0.0	0.0	0.00170083	7.43e-06	2000.0	923.076923077	600.0	0.00247666666667	0.00114307692308	0.000743	2020-03-31
Suffolk	1624.0	13.0	0.0	0.0	0.00201176	1.61e-05	4333.33333333	2000.0	1300.0	0.00536666666667	0.00247692307692	0.00161	2020-04-01
Suffolk	1896.0	19.0	0.0	0.0	0.00234871	2.354e-05	6333.33333333	2923.07692308	1900.0	0.00784666666667	0.00362153846154	0.002354	2020-04-02
Suffolk	2183.0	21.0	0.0	0.0	0.00270424	2.601e-05	7000.0	3230.76923077	2100.0	0.00867	0.00400153846154	0.002601	2020-04-03
Suffolk	2429.0	26.0	0.0	0.0	0.00300897	3.221e-05	8666.66666667	4000.0	2600.0	0.0107366666667	0.00495538461538	0.003221	2020-04-04
Suffolk	2658.0	27.0	0.0	0.0	0.00329265	3.345e-05	9000.0	4153.84615385	2700.0	0.01115	0.00514615384615	0.003345	2020-04-05
Suffolk	2929.0	31.0	0.0	0.0	0.00362836	3.84e-05	10333.3333333	4769.23076923	3100.0	0.0128	0.00590769230769	0.00384	2020-04-06
Suffolk	3245.0	40.0	0.0	0.0	0.00401981	4.955e-05	13333.3333333	6153.84615385	4000.0	0.0165166666667	0.00762307692308	0.004955	2020-04-07
Suffolk	3600.0	48.0	0.0	0.0	0.00445957	5.946e-05	16000.0	7384.61538462	4800.0	0.01982	0.00914769230769	0.005946	2020-04-08
Suffolk	4041.0	48.0	0.0	0.0	0.00500587	5.946e-05	16000.0	7384.61538462	4800.0	0.01982	0.00914769230769	0.005946	2020-04-09
Suffolk	4534.0	48.0	0.0	0.0	0.00561659	5.946e-05	16000.0	7384.61538462	4800.0	0.01982	0.00914769230769	0.005946	2020-04-10
Suffolk	4926.0	79.0	0.0	0.0	0.00610218	9.786e-05	26333.3333333	12153.8461538	7900.0	0.03262	0.0150553846154	0.009786	2020-04-11
Suffolk	5359.0	86.0	0.0	5273.0	0.00663857	0.00010653	28666.6666667	13230.7692308	8600.0	0.03551	0.0163892307692	0.010653	2020-04-12
Suffolk	5579.0	86.0	0.0	5493.0	0.0069111	0.00010653	28666.6666667	13230.7692308	8600.0	0.03551	0.0163892307692	0.010653	2020-04-13
Suffolk	5872.0	86.0	0.0	5786.0	0.00727406	0.00010653	28666.6666667	13230.7692308	8600.0	0.03551	0.0163892307692	0.010653	2020-04-14
Suffolk	6279.0	145.0	0.0	6134.0	0.00777824	0.00017962	48333.3333333	22307.6923077	14500.0	0.0598733333333	0.0276338461538	0.017962	2020-04-15
Suffolk	6820.0	145.0	0.0	6675.0	0.00844842	0.00017962	48333.3333333	22307.6923077	14500.0	0.0598733333333	0.0276338461538	0.017962	2020-04-16
Suffolk	7272.0	164.0	0.0	7108.0	0.00900834	0.00020316	54666.6666667	25230.7692308	16400.0	0.06772	0.0312553846154	0.020316	2020-04-17
Suffolk	7696.0	188.0	0.0	7508.0	0.00953358	0.00023289	62666.6666667	28923.0769231	18800.0	0.07763	0.0358292307692	0.023289	2020-04-18
Suffolk	8074.0	236.0	0.0	7838.0	0.01000183	0.00029235	78666.6666667	36307.6923077	23600.0	0.09745	0.0449769230769	0.029235	2020-04-19
Suffolk	8074.0	236.0	0.0	7838.0	0.01000183	0.00029235	78666.6666667	36307.6923077	23600.0	0.09745	0.0449769230769	0.029235	2020-04-20
Suffolk	8669.0	285.0	0.0	8384.0	0.0107389	0.00035305	95000.0	43846.1538462	28500.0	0.117683333333	0.0543153846154	0.035305	2020-04-21
Suffolk	9060.0	285.0	0.0	8775.0	0.01122326	0.00035305	95000.0	43846.1538462	28500.0	0.117683333333	0.0543153846154	0.035305	2020-04-22
Suffolk	9739.0	285.0	0.0	9454.0	0.01206439	0.00035305	95000.0	43846.1538462	28500.0	0.117683333333	0.0543153846154	0.035305	2020-04-23
Suffolk	10724.0	285.0	0.0	10439.0	0.01328458	0.00035305	95000.0	43846.1538462	28500.0	0.117683333333	0.0543153846154	0.035305	2020-04-24
Suffolk	11218.0	391.0	0.0	10827.0	0.01389653	0.00048436	130333.333333	60153.8461538	39100.0	0.161453333333	0.0745169230769	0.048436	2020-04-25
Suffolk	11543.0	391.0	0.0	11152.0	0.01429913	0.00048436	130333.333333	60153.8461538	39100.0	0.161453333333	0.0745169230769	0.048436	2020-04-26
Suffolk	11883.0	448.0	0.0	11435.0	0.01472031	0.00055497	149333.333333	68923.0769231	44800.0	0.18499	0.08538	0.055497	2020-04-27
Suffolk	12140.0	469.0	0.0	11671.0	0.01503867	0.00058098	156333.333333	72153.8461538	46900.0	0.19366	0.0893815384615	0.058098	2020-04-28
Suffolk	12539.0	504.0	0.0	12035.0	0.01553294	0.00062434	168000.0	77538.4615385	50400.0	0.208113333333	0.0960523076923	0.062434	2020-04-29
Suffolk	12890.0	524.0	0.0	12366.0	0.01596775	0.00064912	174666.666667	80615.3846154	52400.0	0.216373333333	0.0998646153846	0.064912	2020-04-30
Suffolk	13295.0	550.0	0.0	12745.0	0.01646945	0.00068132	183333.333333	84615.3846154	55000.0	0.227106666667	0.104818461538	0.068132	2020-05-01
Suffolk	13606.0	569.0	0.0	13037.0	0.01685471	0.00070486	189666.666667	87538.4615385	56900.0	0.234953333333	0.10844	0.070486	2020-05-02
Suffolk	13777.0	588.0	0.0	13189.0	0.01706654	0.0007284	196000.0	90461.5384615	58800.0	0.2428	0.112061538462	0.07284	2020-05-03
Suffolk	13941.0	596.0	0.0	13345.0	0.0172697	0.00073831	198666.666667	91692.3076923	59600.0	0.246103333333	0.113586153846	0.073831	2020-05-04
Suffolk	14173.0	609.0	0.0	13564.0	0.01755709	0.00075441	203000.0	93692.3076923	60900.0	0.25147	0.116063076923	0.075441	2020-05-05
Suffolk	14476.0	642.0	0.0	13834.0	0.01793244	0.00079529	214000.0	98769.2307692	64200.0	0.265096666667	0.122352307692	0.079529	2020-05-06
Suffolk	14732.0	663.0	0.0	14069.0	0.01824957	0.0008213	221000.0	102000.0	66300.0	0.273766666667	0.126353846154	0.08213	2020-05-07
Suffolk	14944.0	683.0	0.0	14261.0	0.01851219	0.00084608	227666.666667	105076.923077	68300.0	0.282026666667	0.130166153846	0.084608	2020-05-08
Suffolk	15119.0	703.0	0.0	14416.0	0.01872897	0.00087086	234333.333333	108153.846154	70300.0	0.290286666667	0.133978461538	0.087086	2020-05-09
Suffolk	15279.0	718.0	0.0	14561.0	0.01892718	0.00088944	239333.333333	110461.538462	71800.0	0.29648	0.136836923077	0.088944	2020-05-10
Suffolk	15356.0	731.0	0.0	14625.0	0.01902256	0.00090554	243666.666667	112461.538462	73100.0	0.301846666667	0.139313846154	0.090554	2020-05-11
Suffolk	15454.0	732.0	0.0	14722.0	0.01914396	0.00090678	244000.0	112615.384615	73200.0	0.30226	0.139504615385	0.090678	2020-05-12
Suffolk	15587.0	749.0	0.0	14838.0	0.01930872	0.00092784	249666.666667	115230.769231	74900.0	0.30928	0.142744615385	0.092784	2020-05-13
Suffolk	15881.0	759.0	0.0	15122.0	0.01967292	0.00094023	253000.0	116769.230769	75900.0	0.31341	0.144650769231	0.094023	2020-05-14
Suffolk	15996.0	768.0	0.0	15228.0	0.01981537	0.00095138	256000.0	118153.846154	76800.0	0.317126666667	0.146366153846	0.095138	2020-05-15
Suffolk	16346.0	778.0	0.0	15568.0	0.02024894	0.00096376	259333.333333	119692.307692	77800.0	0.321253333333	0.148270769231	0.096376	2020-05-16
Suffolk	16479.0	787.0	0.0	15692.0	0.0204137	0.00097491	262333.333333	121076.923077	78700.0	0.32497	0.149986153846	0.097491	2020-05-17
Suffolk	16671.0	793.0	0.0	15878.0	0.02065154	0.00098235	264333.333333	122000.0	79300.0	0.32745	0.151130769231	0.098235	2020-05-18
Suffolk	16825.0	797.0	0.0	16028.0	0.02084231	0.0009873	265666.666667	122615.384615	79700.0	0.3291	0.151892307692	0.09873	2020-05-19
Suffolk	16962.0	807.0	0.0	16155.0	0.02101203	0.00099969	269000.0	124153.846154	80700.0	0.33323	0.153798461538	0.099969	2020-05-20
Suffolk	17089.0	813.0	0.0	16276.0	0.02116935	0.00100712	271000.0	125076.923077	81300.0	0.335706666667	0.154941538462	0.100712	2020-05-21
Suffolk	17180.0	818.0	0.0	16362.0	0.02128208	0.00101331	272666.666667	125846.153846	81800.0	0.33777	0.155893846154	0.101331	2020-05-22
Suffolk	17291.0	827.0	0.0	16464.0	0.02141958	0.00102446	275666.666667	127230.769231	82700.0	0.341486666667	0.157609230769	0.102446	2020-05-23
Suffolk	17417.0	838.0	0.0	16579.0	0.02157567	0.00103809	279333.333333	128923.076923	83800.0	0.34603	0.159706153846	0.103809	2020-05-24
Suffolk	17480.0	839.0	0.0	16641.0	0.02165371	0.00103933	279666.666667	129076.923077	83900.0	0.346443333333	0.159896923077	0.103933	2020-05-25
Suffolk	17533.0	844.0	0.0	16689.0	0.02171936	0.00104552	281333.333333	129846.153846	84400.0	0.348506666667	0.160849230769	0.104552	2020-05-26
Suffolk	17596.0	850.0	0.0	16746.0	0.02179741	0.00105295	283333.333333	130769.230769	85000.0	0.350983333333	0.161992307692	0.105295	2020-05-27
Suffolk	17698.0	852.0	0.0	16846.0	0.02192376	0.00105543	284000.0	131076.923077	85200.0	0.35181	0.162373846154	0.105543	2020-05-28
Suffolk	17786.0	861.0	0.0	16925.0	0.02203277	0.00106658	287000.0	132461.538462	86100.0	0.355526666667	0.164089230769	0.106658	2020-05-29
Suffolk	17873.0	868.0	0.0	17005.0	0.02214055	0.00107525	289333.333333	133538.461538	86800.0	0.358416666667	0.165423076923	0.107525	2020-05-30
Suffolk	17936.0	871.0	0.0	17065.0	0.02221859	0.00107897	290333.333333	134000.0	87100.0	0.359656666667	0.165995384615	0.107897	2020-05-31
Suffolk	18581.0	896.0	0.0	17685.0	0.0230176	0.00110994	298666.666667	137846.153846	89600.0	0.36998	0.17076	0.110994	2020-06-01
Suffolk	18636.0	902.0	0.0	17734.0	0.02308573	0.00111737	300666.666667	138769.230769	90200.0	0.372456666667	0.171903076923	0.111737	2020-06-02
Suffolk	18733.0	908.0	0.0	17825.0	0.02320589	0.0011248	302666.666667	139692.307692	90800.0	0.374933333333	0.173046153846	0.11248	2020-06-03
Suffolk	18790.0	913.0	0.0	17877.0	0.0232765	0.001131	304333.333333	140461.538462	91300.0	0.377	0.174	0.1131	2020-06-04
Suffolk	18858.0	922.0	0.0	17936.0	0.02336073	0.00114215	307333.333333	141846.153846	92200.0	0.380716666667	0.175715384615	0.114215	2020-06-05
Suffolk	18955.0	923.0	0.0	18032.0	0.0234809	0.00114339	307666.666667	142000.0	92300.0	0.38113	0.175906153846	0.114339	2020-06-06
Suffolk	19001.0	924.0	0.0	18077.0	0.02353788	0.00114462	308000.0	142153.846154	92400.0	0.38154	0.176095384615	0.114462	2020-06-07
