Name	Predicted_New_Cases	Total_Predicted_New_Cases	Total_Predicted_Cases	Predicted_New_Deaths	Total_Predicted_New_Deaths	Total_Predicted_Deaths	Predicted_New_per_capita	Predicted_Total_New_per_capita	Predicted_Total_Cases_per_capita	Predicted_New_Deaths_per_capita	Total_Predicted_New_Deaths_per_capita	Total_Predicted_Deaths_per_capita
Tolland	1.015	359.296	658.296	0.313	72.777	99.777	6.73e-06	0.00238069	0.00436186	2.07e-06	0.00048222	0.00066112
Fairfield	10.392	5871.354	14191.354	2.896	936.418	1448.418	1.101e-05	0.00622082	0.01503603	3.07e-06	0.00099215	0.00153463
Middlesex	0.513	468.456	952.456	0.141	58.356	103.356	3.15e-06	0.00287958	0.00585471	8.7e-07	0.00035871	0.00063533
Windham	0.319	120.886	228.886	0.014	4.969	6.969	2.73e-06	0.00103298	0.00195584	1.2e-07	4.246e-05	5.955e-05
Unassigned	0.0	70.652	584.652	0.0	0.0	4.0	N/A	N/A	N/A	N/A	N/A	N/A
New London	0.673	380.182	736.182	0.041	14.253	27.253	2.52e-06	0.00142506	0.00275947	1.5e-07	5.343e-05	0.00010215
Hartford	13.572	4964.425	8787.425	6.148	1428.813	1797.813	1.52e-05	0.00556115	0.00984368	6.89e-06	0.00160056	0.00201391
New Haven	19.474	7123.325	12395.325	2.234	666.122	967.122	2.271e-05	0.00830592	0.01445317	2.6e-06	0.00077671	0.00112768
Litchfield	2.053	751.006	1390.006	0.414	128.774	186.774	1.134e-05	0.00414666	0.00767488	2.29e-06	0.00071102	0.00103127
