Name	Confirmed	Deaths	Recovered	Active	Confirmed_per_capita	Deaths_per_capita	IFR_0.30_expected	IFR_0.65_expected	IFR_1.0_expected	IFR_0.30_expected_per_capita	IFR_0.65_expected_per_capita	IFR_1.0_expected_per_capita	Date
Bath	0.0	0.0	0.0	0.0	0.0	0.0	0.0	0.0	0.0	0.0	0.0	0.0	2020-03-22
Bath	0	0	0	0	0.0	0.0	0	0	0	0.0	0.0	0.0	2020-03-23
Bath	0	0	0	0	0.0	0.0	0	0	0	0.0	0.0	0.0	2020-03-24
Bath	0	0	0	0	0.0	0.0	0	0	0	0.0	0.0	0.0	2020-03-25
Bath	0	0	0	0	0.0	0.0	0	0	0	0.0	0.0	0.0	2020-03-26
Bath	0	0	0	0	0.0	0.0	0	0	0	0.0	0.0	0.0	2020-03-27
Bath	0	0	0	0	0.0	0.0	0	0	0	0.0	0.0	0.0	2020-03-28
Bath	0.0	0.0	0.0	0.0	0.0	0.0	0.0	0.0	0.0	0.0	0.0	0.0	2020-03-29
Bath	0.0	0.0	0.0	0.0	0.0	0.0	0.0	0.0	0.0	0.0	0.0	0.0	2020-03-30
Bath	1.0	0.0	0.0	0.0	8.076e-05	0.0	5.0	2.0	1.25	0.0004038	0.00016152	0.00010095	2020-04-04
Bath	1.0	0.0	0.0	0.0	8.076e-05	0.0	5.0	2.0	1.25	0.0004038	0.00016152	0.00010095	2020-04-05
Bath	1.0	0.0	0.0	0.0	8.076e-05	0.0	5.0	2.0	1.25	0.0004038	0.00016152	0.00010095	2020-04-06
Bath	1.0	0.0	0.0	0.0	8.076e-05	0.0	5.0	2.0	1.25	0.0004038	0.00016152	0.00010095	2020-04-07
Bath	1.0	0.0	0.0	0.0	8.076e-05	0.0	5.0	2.0	1.25	0.0004038	0.00016152	0.00010095	2020-04-08
Bath	1.0	0.0	0.0	0.0	8.076e-05	0.0	5.0	2.0	1.25	0.0004038	0.00016152	0.00010095	2020-04-09
Bath	1.0	0.0	0.0	0.0	8.076e-05	0.0	5.0	2.0	1.25	0.0004038	0.00016152	0.00010095	2020-04-10
Bath	1.0	0.0	0.0	0.0	8.076e-05	0.0	5.0	2.0	1.25	0.0004038	0.00016152	0.00010095	2020-04-11
Bath	2.0	0.0	0.0	2.0	0.00016151	0.0	10.0	4.0	2.5	0.00080755	0.00032302	0.0002018875	2020-04-12
Bath	2.0	0.0	0.0	2.0	0.00016151	0.0	10.0	4.0	2.5	0.00080755	0.00032302	0.0002018875	2020-04-13
Bath	3.0	0.0	0.0	3.0	0.00024227	0.0	15.0	6.0	3.75	0.00121135	0.00048454	0.0003028375	2020-04-14
Bath	3.0	0.0	0.0	3.0	0.00024227	0.0	15.0	6.0	3.75	0.00121135	0.00048454	0.0003028375	2020-04-15
Bath	3.0	0.0	0.0	3.0	0.00024227	0.0	15.0	6.0	3.75	0.00121135	0.00048454	0.0003028375	2020-04-16
Bath	3.0	0.0	0.0	3.0	0.00024227	0.0	15.0	6.0	3.75	0.00121135	0.00048454	0.0003028375	2020-04-17
Bath	3.0	0.0	0.0	3.0	0.00024227	0.0	15.0	6.0	3.75	0.00121135	0.00048454	0.0003028375	2020-04-18
Bath	3.0	0.0	0.0	3.0	0.00024227	0.0	15.0	6.0	3.75	0.00121135	0.00048454	0.0003028375	2020-04-19
Bath	3.0	0.0	0.0	3.0	0.00024227	0.0	15.0	6.0	3.75	0.00121135	0.00048454	0.0003028375	2020-04-20
Bath	3.0	0.0	0.0	3.0	0.00024227	0.0	15.0	6.0	3.75	0.00121135	0.00048454	0.0003028375	2020-04-21
Bath	3.0	0.0	0.0	3.0	0.00024227	0.0	15.0	6.0	3.75	0.00121135	0.00048454	0.0003028375	2020-04-22
Bath	3.0	0.0	0.0	3.0	0.00024227	0.0	15.0	6.0	3.75	0.00121135	0.00048454	0.0003028375	2020-04-23
Bath	3.0	0.0	0.0	3.0	0.00024227	0.0	15.0	6.0	3.75	0.00121135	0.00048454	0.0003028375	2020-04-24
Bath	4.0	0.0	0.0	4.0	0.00032302	0.0	20.0	8.0	5.0	0.0016151	0.00064604	0.000403775	2020-04-25
Bath	4.0	0.0	0.0	4.0	0.00032302	0.0	20.0	8.0	5.0	0.0016151	0.00064604	0.000403775	2020-04-26
Bath	4.0	0.0	0.0	4.0	0.00032302	0.0	20.0	8.0	5.0	0.0016151	0.00064604	0.000403775	2020-04-27
Bath	4.0	0.0	0.0	4.0	0.00032302	0.0	20.0	8.0	5.0	0.0016151	0.00064604	0.000403775	2020-04-28
Bath	4.0	0.0	0.0	4.0	0.00032302	0.0	20.0	8.0	5.0	0.0016151	0.00064604	0.000403775	2020-04-29
Bath	4.0	1.0	0.0	3.0	0.00032302	8.076e-05	333.333333333	153.846153846	100.0	0.02692	0.0124246153846	0.008076	2020-04-30
Bath	4.0	1.0	0.0	3.0	0.00032302	8.076e-05	333.333333333	153.846153846	100.0	0.02692	0.0124246153846	0.008076	2020-05-01
Bath	4.0	1.0	0.0	3.0	0.00032302	8.076e-05	333.333333333	153.846153846	100.0	0.02692	0.0124246153846	0.008076	2020-05-02
Bath	4.0	1.0	0.0	3.0	0.00032302	8.076e-05	333.333333333	153.846153846	100.0	0.02692	0.0124246153846	0.008076	2020-05-03
Bath	4.0	1.0	0.0	3.0	0.00032302	8.076e-05	333.333333333	153.846153846	100.0	0.02692	0.0124246153846	0.008076	2020-05-04
Bath	4.0	1.0	0.0	3.0	0.00032302	8.076e-05	333.333333333	153.846153846	100.0	0.02692	0.0124246153846	0.008076	2020-05-05
Bath	4.0	1.0	0.0	3.0	0.00032302	8.076e-05	333.333333333	153.846153846	100.0	0.02692	0.0124246153846	0.008076	2020-05-06
Bath	4.0	1.0	0.0	3.0	0.00032302	8.076e-05	333.333333333	153.846153846	100.0	0.02692	0.0124246153846	0.008076	2020-05-07
Bath	4.0	1.0	0.0	3.0	0.00032302	8.076e-05	333.333333333	153.846153846	100.0	0.02692	0.0124246153846	0.008076	2020-05-08
Bath	5.0	1.0	0.0	4.0	0.00040378	8.076e-05	333.333333333	153.846153846	100.0	0.02692	0.0124246153846	0.008076	2020-05-09
Bath	5.0	1.0	0.0	4.0	0.00040378	8.076e-05	333.333333333	153.846153846	100.0	0.02692	0.0124246153846	0.008076	2020-05-10
Bath	6.0	1.0	0.0	5.0	0.00048454	8.076e-05	333.333333333	153.846153846	100.0	0.02692	0.0124246153846	0.008076	2020-05-11
Bath	7.0	1.0	0.0	6.0	0.00056529	8.076e-05	333.333333333	153.846153846	100.0	0.02692	0.0124246153846	0.008076	2020-05-12
Bath	7.0	1.0	0.0	6.0	0.00056529	8.076e-05	333.333333333	153.846153846	100.0	0.02692	0.0124246153846	0.008076	2020-05-13
Bath	7.0	1.0	0.0	6.0	0.00056529	8.076e-05	333.333333333	153.846153846	100.0	0.02692	0.0124246153846	0.008076	2020-05-14
Bath	7.0	1.0	0.0	6.0	0.00056529	8.076e-05	333.333333333	153.846153846	100.0	0.02692	0.0124246153846	0.008076	2020-05-15
Bath	7.0	1.0	0.0	6.0	0.00056529	8.076e-05	333.333333333	153.846153846	100.0	0.02692	0.0124246153846	0.008076	2020-05-16
Bath	7.0	1.0	0.0	6.0	0.00056529	8.076e-05	333.333333333	153.846153846	100.0	0.02692	0.0124246153846	0.008076	2020-05-17
Bath	7.0	1.0	0.0	6.0	0.00056529	8.076e-05	333.333333333	153.846153846	100.0	0.02692	0.0124246153846	0.008076	2020-05-18
Bath	7.0	1.0	0.0	6.0	0.00056529	8.076e-05	333.333333333	153.846153846	100.0	0.02692	0.0124246153846	0.008076	2020-05-19
Bath	7.0	1.0	0.0	6.0	0.00056529	8.076e-05	333.333333333	153.846153846	100.0	0.02692	0.0124246153846	0.008076	2020-05-20
Bath	8.0	1.0	0.0	7.0	0.00064605	8.076e-05	333.333333333	153.846153846	100.0	0.02692	0.0124246153846	0.008076	2020-05-21
Bath	8.0	1.0	0.0	7.0	0.00064605	8.076e-05	333.333333333	153.846153846	100.0	0.02692	0.0124246153846	0.008076	2020-05-22
Bath	8.0	1.0	0.0	7.0	0.00064605	8.076e-05	333.333333333	153.846153846	100.0	0.02692	0.0124246153846	0.008076	2020-05-23
Bath	8.0	1.0	0.0	7.0	0.00064605	8.076e-05	333.333333333	153.846153846	100.0	0.02692	0.0124246153846	0.008076	2020-05-24
Bath	8.0	1.0	0.0	7.0	0.00064605	8.076e-05	333.333333333	153.846153846	100.0	0.02692	0.0124246153846	0.008076	2020-05-25
Bath	8.0	1.0	0.0	7.0	0.00064605	8.076e-05	333.333333333	153.846153846	100.0	0.02692	0.0124246153846	0.008076	2020-05-26
Bath	8.0	1.0	0.0	7.0	0.00064605	8.076e-05	333.333333333	153.846153846	100.0	0.02692	0.0124246153846	0.008076	2020-05-27
Bath	8.0	1.0	0.0	7.0	0.00064605	8.076e-05	333.333333333	153.846153846	100.0	0.02692	0.0124246153846	0.008076	2020-05-28
Bath	9.0	1.0	0.0	8.0	0.0007268	8.076e-05	333.333333333	153.846153846	100.0	0.02692	0.0124246153846	0.008076	2020-05-29
Bath	9.0	1.0	0.0	8.0	0.0007268	8.076e-05	333.333333333	153.846153846	100.0	0.02692	0.0124246153846	0.008076	2020-05-30
Bath	9.0	1.0	0.0	8.0	0.0007268	8.076e-05	333.333333333	153.846153846	100.0	0.02692	0.0124246153846	0.008076	2020-05-31
Bath	9.0	1.0	0.0	8.0	0.0007268	8.076e-05	333.333333333	153.846153846	100.0	0.02692	0.0124246153846	0.008076	2020-06-01
Bath	9.0	1.0	0.0	8.0	0.0007268	8.076e-05	333.333333333	153.846153846	100.0	0.02692	0.0124246153846	0.008076	2020-06-02
Bath	9.0	1.0	0.0	8.0	0.0007268	8.076e-05	333.333333333	153.846153846	100.0	0.02692	0.0124246153846	0.008076	2020-06-03
Bath	9.0	1.0	0.0	8.0	0.0007268	8.076e-05	333.333333333	153.846153846	100.0	0.02692	0.0124246153846	0.008076	2020-06-04
Bath	9.0	1.0	0.0	8.0	0.0007268	8.076e-05	333.333333333	153.846153846	100.0	0.02692	0.0124246153846	0.008076	2020-06-05
Bath	9.0	1.0	0.0	8.0	0.0007268	8.076e-05	333.333333333	153.846153846	100.0	0.02692	0.0124246153846	0.008076	2020-06-06
Bath	9.0	1.0	0.0	8.0	0.0007268	8.076e-05	333.333333333	153.846153846	100.0	0.02692	0.0124246153846	0.008076	2020-06-07
Bath	9.0	1.0	0.0	8.0	0.0007268	8.076e-05	333.333333333	153.846153846	100.0	0.02692	0.0124246153846	0.008076	2020-06-08
Bath	9.0	1.0	0.0	8.0	0.0007268	8.076e-05	333.333333333	153.846153846	100.0	0.02692	0.0124246153846	0.008076	2020-06-09
Bath	9.0	1.0	0.0	8.0	0.0007268	8.076e-05	333.333333333	153.846153846	100.0	0.02692	0.0124246153846	0.008076	2020-06-10
Bath	9.0	1.0	0.0	8.0	0.0007268	8.076e-05	333.333333333	153.846153846	100.0	0.02692	0.0124246153846	0.008076	2020-06-11
Bath	10.0	1.0	0.0	9.0	0.00080756	8.076e-05	333.333333333	153.846153846	100.0	0.02692	0.0124246153846	0.008076	2020-06-12
Bath	10.0	1.0	0.0	9.0	0.00080756	8.076e-05	333.333333333	153.846153846	100.0	0.02692	0.0124246153846	0.008076	2020-06-13
Bath	10.0	1.0	0.0	9.0	0.00080756	8.076e-05	333.333333333	153.846153846	100.0	0.02692	0.0124246153846	0.008076	2020-06-14
Bath	10.0	1.0	0.0	9.0	0.00080756	8.076e-05	333.333333333	153.846153846	100.0	0.02692	0.0124246153846	0.008076	2020-06-15
Bath	10.0	1.0	0.0	9.0	0.00080756	8.076e-05	333.333333333	153.846153846	100.0	0.02692	0.0124246153846	0.008076	2020-06-16
Bath	10.0	1.0	0.0	9.0	0.00080756	8.076e-05	333.333333333	153.846153846	100.0	0.02692	0.0124246153846	0.008076	2020-06-17
Bath	10.0	1.0	0.0	9.0	0.00080756	8.076e-05	333.333333333	153.846153846	100.0	0.02692	0.0124246153846	0.008076	2020-06-18
Bath	10.0	1.0	0.0	9.0	0.00080756	8.076e-05	333.333333333	153.846153846	100.0	0.02692	0.0124246153846	0.008076	2020-06-19
Bath	10.0	1.0	0.0	9.0	0.00080756	8.076e-05	333.333333333	153.846153846	100.0	0.02692	0.0124246153846	0.008076	2020-06-20
Bath	10.0	1.0	0.0	9.0	0.00080756	8.076e-05	333.333333333	153.846153846	100.0	0.02692	0.0124246153846	0.008076	2020-06-21
Bath	10.0	1.0	0.0	9.0	0.00080756	8.076e-05	333.333333333	153.846153846	100.0	0.02692	0.0124246153846	0.008076	2020-06-22
Bath	11.0	1.0	0.0	10.0	0.00088831	8.076e-05	333.333333333	153.846153846	100.0	0.02692	0.0124246153846	0.008076	2020-06-23
Bath	11.0	1.0	0.0	10.0	0.00088831	8.076e-05	333.333333333	153.846153846	100.0	0.02692	0.0124246153846	0.008076	2020-06-24
Bath	11.0	1.0	0.0	10.0	0.00088831	8.076e-05	333.333333333	153.846153846	100.0	0.02692	0.0124246153846	0.008076	2020-06-25
Bath	12.0	1.0	0.0	11.0	0.00096907	8.076e-05	333.333333333	153.846153846	100.0	0.02692	0.0124246153846	0.008076	2020-06-26
Bath	13.0	1.0	0.0	12.0	0.00104983	8.076e-05	333.333333333	153.846153846	100.0	0.02692	0.0124246153846	0.008076	2020-06-27
Bath	13.0	1.0	0.0	12.0	0.00104983	8.076e-05	333.333333333	153.846153846	100.0	0.02692	0.0124246153846	0.008076	2020-06-28
Bath	13.0	1.0	0.0	12.0	0.00104983	8.076e-05	333.333333333	153.846153846	100.0	0.02692	0.0124246153846	0.008076	2020-06-29
Bath	15.0	1.0	0.0	14.0	0.00121134	8.076e-05	333.333333333	153.846153846	100.0	0.02692	0.0124246153846	0.008076	2020-06-30
Bath	15.0	1.0	0.0	14.0	0.00121134	8.076e-05	333.333333333	153.846153846	100.0	0.02692	0.0124246153846	0.008076	2020-07-01
Bath	15.0	1.0	0.0	14.0	0.00121134	8.076e-05	333.333333333	153.846153846	100.0	0.02692	0.0124246153846	0.008076	2020-07-02
Bath	0.504	0.931	15.931	0.0	0.0	1.0	4.07e-05	7.518e-05	0.00128652	0.0	0.0	8.076e-05	2020-07-03
Bath	0.595	1.526	16.526	0.0	0.0	1.0	4.805e-05	0.00012323	0.00133457	0.0	0.0	8.076e-05	2020-07-04
Bath	0.703	2.229	17.229	0.0	0.0	1.0	5.677e-05	0.00018	0.00139134	0.0	0.0	8.076e-05	2020-07-05
Bath	0.134	0.134	0.837	0.009	0.009	2.238	1.082e-05	1.082e-05	6.759e-05	7.3e-07	7.3e-07	0.00018073	2020-07-06
Bath	0.126	0.26	0.963	0.009	0.018	2.247	1.018e-05	2.1e-05	7.777e-05	7.3e-07	1.45e-06	0.00018146	2020-07-07
Bath	0.12	0.38	1.083	0.009	0.027	2.256	9.69e-06	3.069e-05	8.746e-05	7.3e-07	2.18e-06	0.00018219	2020-07-08
Bath	1.935	1.935	2.055	0.007	0.007	0.387	0.00015626	0.00015626	0.00016595	5.7e-07	5.7e-07	3.125e-05	2020-07-09
Bath	2.388	4.323	4.443	0.007	0.014	0.394	0.00019285	0.00034911	0.0003588	5.7e-07	1.13e-06	3.182e-05	2020-07-10
Bath	2.112	2.112	4.5	0.032	0.032	4.355	0.00017056	0.00017056	0.0003634	2.58e-06	2.58e-06	0.00035169	2020-07-11
Bath	2.092	4.204	6.592	0.035	0.067	4.39	0.00016894	0.0003395	0.00053234	2.83e-06	5.41e-06	0.00035452	2020-07-12
Bath	2.065	6.269	8.657	0.038	0.105	4.428	0.00016676	0.00050626	0.0006991	3.07e-06	8.48e-06	0.00035759	2020-07-13
Bath	0.48	0.48	2.545	0.163	0.163	6.432	3.876e-05	3.876e-05	0.00020552	1.316e-05	1.316e-05	0.00051942	2020-07-14
Bath	0.375	0.855	2.92	0.127	0.29	6.559	3.028e-05	6.905e-05	0.00023581	1.026e-05	2.342e-05	0.00052968	2020-07-15
Bath	0.285	1.14	3.205	0.09	0.38	6.649	2.302e-05	9.206e-05	0.00025882	7.27e-06	3.069e-05	0.00053695	2020-07-16
Bath	0.21	1.35	3.415	0.058	0.438	6.707	1.696e-05	0.00010902	0.00027578	4.68e-06	3.537e-05	0.00054163	2020-07-17
Bath	23.0	1.0	0.0	22.0	0.00185739	8.076e-05	333.333333333	153.846153846	100.0	0.02692	0.0124246153846	0.008076	2020-07-18
Bath	23.0	1.0	0.0	22.0	0.00185739	8.076e-05	333.333333333	153.846153846	100.0	0.02692	0.0124246153846	0.008076	2020-07-19
